3.668000000000000000e+03 9.979999999999999982e-01
3.851400000000000091e+03 9.979999999999999982e-01
4.034800000000000182e+03 9.979999999999999982e-01
4.218199999999999818e+03 9.979999999999999982e-01
4.401599999999999454e+03 9.979999999999999982e-01
4.585000000000000000e+03 9.979999999999999982e-01
4.768400000000000546e+03 9.979999999999999982e-01
4.951800000000000182e+03 9.979999999999999982e-01
5.135199999999999818e+03 9.979999999999999982e-01
5.318599999999999454e+03 9.979999999999999982e-01
5.502000000000000000e+03 9.979999999999999982e-01
5.685399999999999636e+03 9.979999999999999982e-01
5.868800000000000182e+03 9.979999999999999982e-01
6.052199999999999818e+03 9.979999999999999982e-01
6.235600000000000364e+03 9.979999999999999982e-01
6.419000000000000000e+03 9.979999999999999982e-01
6.602400000000000546e+03 9.979999999999999982e-01
6.785800000000000182e+03 9.979999999999999982e-01
6.969200000000001637e+03 9.979999999999999982e-01
7.152600000000000364e+03 9.979999999999999982e-01
7.336000000000000000e+03 9.979999999999999982e-01
7.519400000000000546e+03 9.979999999999999982e-01
7.702800000000002001e+03 9.979999999999999982e-01
7.886200000000001637e+03 9.979999999999999982e-01
7.977900000000000546e+03 9.878403946475863284e-01
8.023750000000000000e+03 9.750263060306629814e-01
8.046675000000002001e+03 9.673132948532202624e-01
8.069600000000000364e+03 9.575625452324897369e-01
8.072465625000001637e+03 9.560409882655761526e-01
8.073898437500001819e+03 9.551032816344714460e-01
8.073987988281252001e+03 9.551185504867090170e-01
8.074032763671876637e+03 9.551262181633314308e-01
8.074055151367189865e+03 9.551300603522067112e-01
8.074066345214845569e+03 9.551319835390578161e-01
8.074071942138673876e+03 9.551329456561882258e-01
8.074074740600587575e+03 9.551334268457478682e-01
8.074076139831545333e+03 9.551336674732912035e-01
8.074077539062500364e+03 9.551339080992906627e-01
8.074077539083852571e+03 9.551339081029622813e-01
8.074077539094526401e+03 9.551339081047961477e-01
8.074077539099865135e+03 9.551339081057115266e-01
8.074077539102532683e+03 9.551339081061706038e-01
8.074077539103868730e+03 9.551339081064016412e-01
8.074077539104534480e+03 9.551339081065134407e-01
8.074077539104869174e+03 9.551339081065727266e-01
8.074077539105034703e+03 9.551339081065990388e-01
8.074077539105119286e+03 9.551339081066141379e-01
8.074077539105160213e+03 9.551339081066220205e-01
