3.668000000000000000e+03 1.197034251639633240e+01
3.851400000000000091e+03 1.084886889223426820e+01
4.034800000000000182e+03 9.711664681128779009e+00
4.218199999999999818e+03 8.557429194915801673e+00
4.401599999999999454e+03 7.385523373107920619e+00
4.585000000000000000e+03 6.193433090658588824e+00
4.768400000000000546e+03 4.979100347941407989e+00
4.951800000000000182e+03 3.740021419519864221e+00
5.135199999999999818e+03 2.477229739397171837e+00
5.318599999999999454e+03 1.170849625791573922e+00
5.502000000000000000e+03 -1.713978959507578559e-01
5.685399999999999636e+03 -1.563417202515001270e+00
5.868800000000000182e+03 -2.997532612466953239e+00
6.052199999999999818e+03 -4.477502540070856796e+00
6.235600000000000364e+03 -6.005932216175406069e+00
6.419000000000000000e+03 -7.605962434901442748e+00
6.602400000000000546e+03 -9.281486345080466549e+00
6.785800000000000182e+03 -1.103250102951397160e+01
6.969200000000001637e+03 -1.289062644992072215e+01
7.152600000000000364e+03 -1.488211731219935707e+01
7.336000000000000000e+03 -1.702146198455884019e+01
7.519400000000000546e+03 -1.930891515143077442e+01
7.702800000000002001e+03 -2.188662547160145166e+01
7.886200000000001637e+03 -2.499401198214378894e+01
7.977900000000000546e+03 -2.735060080909635616e+01
8.023750000000000000e+03 -2.965366489274013873e+01
8.046675000000002001e+03 -3.113846652048555441e+01
8.069600000000000364e+03 -3.321287998181320944e+01
8.072465625000001637e+03 -3.356533003108826563e+01
8.073898437500001819e+03 -3.379813012415630169e+01
8.073987988281252001e+03 -3.378888866654052237e+01
8.074032763671876637e+03 -3.378425817638684236e+01
8.074055151367189865e+03 -3.378194047968393932e+01
8.074066345214845569e+03 -3.378078101700555180e+01
8.074071942138673876e+03 -3.378020113190546425e+01
8.074074740600587575e+03 -3.377991115089348995e+01
8.074076139831545333e+03 -3.377976615076932632e+01
8.074077539062500364e+03 -3.377962115133514232e+01
8.074077539083852571e+03 -3.377962114912296698e+01
8.074077539094526401e+03 -3.377962114801766091e+01
8.074077539099865135e+03 -3.377962114746463129e+01
8.074077539102532683e+03 -3.377962114718775410e+01
8.074077539103868730e+03 -3.377962114704930485e+01
8.074077539104534480e+03 -3.377962114698038221e+01
8.074077539104869174e+03 -3.377962114694579299e+01
8.074077539105034703e+03 -3.377962114692862627e+01
8.074077539105119286e+03 -3.377962114692027740e+01
8.074077539105160213e+03 -3.377962114691612072e+01
