3.668000000000000000e+03 9.668103282214101091e-01
3.851400000000000091e+03 9.662419181031437487e-01
4.034800000000000182e+03 9.659621246198845101e-01
4.218199999999999818e+03 9.658369640851791615e-01
4.401599999999999454e+03 9.657116254928337362e-01
4.585000000000000000e+03 9.655861088416241023e-01
4.768400000000000546e+03 9.654604141205221923e-01
4.951800000000000182e+03 9.653211678564017628e-01
5.135199999999999818e+03 9.648945606369715433e-01
5.318599999999999454e+03 9.629904253781006451e-01
5.502000000000000000e+03 9.598367117682652383e-01
5.685399999999999636e+03 9.566240846274213228e-01
5.868800000000000182e+03 9.533496186048839860e-01
6.052199999999999818e+03 9.500101047120687037e-01
6.235600000000000364e+03 9.466020243997147476e-01
6.419000000000000000e+03 9.428353759686853852e-01
6.602400000000000546e+03 9.388148713965580594e-01
6.785800000000000182e+03 9.346789963444197546e-01
6.969200000000001637e+03 9.304167467460412455e-01
7.152600000000000364e+03 9.260157450000034984e-01
7.336000000000000000e+03 9.214614089826429488e-01
7.519400000000000546e+03 9.167366565225116837e-01
7.702800000000002001e+03 9.118134286110941567e-01
7.886200000000001637e+03 9.066326838724541037e-01
7.977900000000000546e+03 9.037724139006992896e-01
8.023750000000000000e+03 9.017682192646683248e-01
8.046675000000002001e+03 9.006278594528043246e-01
8.069600000000000364e+03 8.986699453811256566e-01
8.072465625000001637e+03 8.982970772235414625e-01
8.073898437500001819e+03 8.980652133147736249e-01
8.073987988281252001e+03 8.980689319883736754e-01
8.074032763671876637e+03 8.980707983270483918e-01
8.074055151367189865e+03 8.980717332548727727e-01
8.074066345214845569e+03 8.980722011594155507e-01
8.074071942138673876e+03 8.980724352219718876e-01
8.074074740600587575e+03 8.980725522808362671e-01
8.074076139831545333e+03 8.980726108171673827e-01
8.074077539062500364e+03 8.980726693536134064e-01
8.074077539083852571e+03 8.980726693545061368e-01
8.074077539094526401e+03 8.980726693549523354e-01
8.074077539099865135e+03 8.980726693551758233e-01
8.074077539102532683e+03 8.980726693552874007e-01
8.074077539103868730e+03 8.980726693553438000e-01
8.074077539104534480e+03 8.980726693553710005e-01
8.074077539104869174e+03 8.980726693553849893e-01
8.074077539105034703e+03 8.980726693553920947e-01
8.074077539105119286e+03 8.980726693553948703e-01
8.074077539105160213e+03 8.980726693553969797e-01
