3.668000000000000000e+03 9.908101238050588400e-01
3.851400000000000091e+03 9.893723632814021007e-01
4.034800000000000182e+03 9.877466730949771012e-01
4.218199999999999818e+03 9.858908322327786244e-01
4.401599999999999454e+03 9.840106587671856309e-01
4.585000000000000000e+03 9.821060283339920760e-01
4.768400000000000546e+03 9.800527135949999025e-01
4.951800000000000182e+03 9.776978708978435462e-01
5.135199999999999818e+03 9.749330435410126228e-01
5.318599999999999454e+03 9.712405580052652088e-01
5.502000000000000000e+03 9.672150119660875012e-01
5.685399999999999636e+03 9.631050933054989827e-01
5.868800000000000182e+03 9.589076158989032761e-01
6.052199999999999818e+03 9.546190159911176476e-01
6.235600000000000364e+03 9.502354354866792141e-01
6.419000000000000000e+03 9.445991660255176336e-01
6.602400000000000546e+03 9.381720858401403351e-01
6.785800000000000182e+03 9.315375613322427473e-01
6.969200000000001637e+03 9.246742197888021542e-01
7.152600000000000364e+03 9.175589269739120590e-01
7.336000000000000000e+03 9.101643391686990991e-01
7.519400000000000546e+03 9.024588891119882383e-01
7.702800000000002001e+03 8.943758550262317364e-01
7.886200000000001637e+03 8.857403489406107111e-01
7.977900000000000546e+03 8.805640868015069955e-01
8.023750000000000000e+03 8.758037182251141584e-01
8.046675000000002001e+03 8.729128087009148107e-01
8.069600000000000364e+03 8.681817908756173097e-01
8.072465625000001637e+03 8.672976857437370013e-01
8.073898437500001819e+03 8.667335204064154919e-01
8.073987988281252001e+03 8.667473386467903218e-01
8.074032763671876637e+03 8.667542665868420704e-01
8.074055151367189865e+03 8.667577352834147097e-01
8.074066345214845569e+03 8.667594708160538675e-01
8.074071942138673876e+03 8.667603388788046592e-01
8.074074740600587575e+03 8.667607729843276321e-01
8.074076139831545333e+03 8.667609900556326741e-01
8.074077539062500364e+03 8.667612071271618701e-01
8.074077539083852571e+03 8.667612071304729993e-01
8.074077539094526401e+03 8.667612071321280087e-01
8.074077539099865135e+03 8.667612071329550139e-01
8.074077539102532683e+03 8.667612071333709034e-01
8.074077539103868730e+03 8.667612071335776269e-01
8.074077539104534480e+03 8.667612071336806556e-01
8.074077539104869174e+03 8.667612071337331692e-01
8.074077539105034703e+03 8.667612071337581492e-01
8.074077539105119286e+03 8.667612071337696955e-01
8.074077539105160213e+03 8.667612071337772450e-01
