3.668000000000000000e+03 8.674625928543585829e+00
3.851400000000000091e+03 7.751422863009742592e+00
4.034800000000000182e+03 6.814958972777901636e+00
4.218199999999999818e+03 5.864294193168686498e+00
4.401599999999999454e+03 4.898956039291483933e+00
4.585000000000000000e+03 3.917134309090816835e+00
4.768400000000000546e+03 2.917160841101896995e+00
4.951800000000000182e+03 1.891312692842781917e+00
5.135199999999999818e+03 8.436070089163477670e-01
5.318599999999999454e+03 -2.746039503489332012e-01
5.502000000000000000e+03 -1.425124007291199923e+00
5.685399999999999636e+03 -2.632866432326127271e+00
5.868800000000000182e+03 -3.880691430183728752e+00
6.052199999999999818e+03 -5.173408439324436614e+00
6.235600000000000364e+03 -6.509097717083186296e+00
6.419000000000000000e+03 -7.904935663550188174e+00
6.602400000000000546e+03 -9.365217293748344218e+00
6.785800000000000182e+03 -1.089197289311082706e+01
6.969200000000001637e+03 -1.251332307653372666e+01
7.152600000000000364e+03 -1.426177938601399120e+01
7.336000000000000000e+03 -1.614848221317603461e+01
7.519400000000000546e+03 -1.816727472050231640e+01
7.702800000000002001e+03 -2.050330019602927933e+01
7.886200000000001637e+03 -2.343378149653064568e+01
7.977900000000000546e+03 -2.574681836596904105e+01
8.023750000000000000e+03 -2.806433427187984009e+01
8.046675000000002001e+03 -2.956828915273705860e+01
8.069600000000000364e+03 -3.168429704167358096e+01
8.072465625000001637e+03 -3.204561085436772316e+01
8.073898437500001819e+03 -3.228719031227270619e+01
8.073987988281252001e+03 -3.227637172970597845e+01
8.074032763671876637e+03 -3.227095165083417783e+01
8.074055151367189865e+03 -3.226823890195677791e+01
8.074066345214845569e+03 -3.226688184857948016e+01
8.074071942138673876e+03 -3.226620315195695099e+01
8.074074740600587575e+03 -3.226586376113822752e+01
8.074076139831545333e+03 -3.226569405509880539e+01
8.074077539062500364e+03 -3.226552435001642749e+01
8.074077539083852571e+03 -3.226552434742736608e+01
8.074077539094526401e+03 -3.226552434613363829e+01
8.074077539099865135e+03 -3.226552434548637649e+01
8.074077539102532683e+03 -3.226552434516231926e+01
8.074077539103868730e+03 -3.226552434500030131e+01
8.074077539104534480e+03 -3.226552434491958365e+01
8.074077539104869174e+03 -3.226552434487911114e+01
8.074077539105034703e+03 -3.226552434485899568e+01
8.074077539105119286e+03 -3.226552434484921861e+01
8.074077539105160213e+03 -3.226552434484435139e+01
