3.668000000000000000e+03 -1.500544357226172210e+01
3.851400000000000091e+03 -1.402971823795130391e+01
4.034800000000000182e+03 -1.296830853594969035e+01
4.218199999999999818e+03 -1.182110246203597193e+01
4.401599999999999454e+03 -1.058772523040090974e+01
4.585000000000000000e+03 -9.267804217135129363e+00
4.768400000000000546e+03 -6.759133582030376175e+00
4.951800000000000182e+03 -1.355445402084907158e+00
5.135199999999999818e+03 4.207594821155712594e+00
5.318599999999999454e+03 1.078841861744635366e+01
5.502000000000000000e+03 2.052422531448210918e+01
5.685399999999999636e+03 3.262415978682256679e+01
5.868800000000000182e+03 4.501585518413007492e+01
6.052199999999999818e+03 5.771048317626468815e+01
6.235600000000000364e+03 7.072659521320889553e+01
6.419000000000000000e+03 8.412257219402766850e+01
6.602400000000000546e+03 9.790222320693715119e+01
6.785800000000000182e+03 1.141178288179597899e+02
6.969200000000001637e+03 1.404326486346216996e+02
7.152600000000000364e+03 1.679484741436883724e+02
7.336000000000000000e+03 1.967476425377683427e+02
7.519400000000000546e+03 2.268582691469184738e+02
7.702800000000002001e+03 2.587786408275255781e+02
7.886200000000001637e+03 2.934116026246941829e+02
7.977900000000000546e+03 3.000000000000019327e+02
8.023750000000000000e+03 3.000000000000027853e+02
8.046675000000002001e+03 2.999999999999984652e+02
8.069600000000000364e+03 3.000000000000015348e+02
8.072465625000001637e+03 3.000000000000000000e+02
8.073898437500001819e+03 3.000000000000005684e+02
8.073987988281252001e+03 3.000000000000014211e+02
8.074032763671876637e+03 3.000000000000017053e+02
8.074055151367189865e+03 3.000000000000004547e+02
8.074066345214845569e+03 3.000000000000003411e+02
8.074071942138673876e+03 2.999999999999996589e+02
8.074074740600587575e+03 3.000000000000000568e+02
8.074076139831545333e+03 2.999999999999985221e+02
8.074077539062500364e+03 2.999999999998039470e+02
8.074077539083852571e+03 2.999999999998068461e+02
8.074077539094526401e+03 2.999999999998056524e+02
8.074077539099865135e+03 2.999999999998074145e+02
8.074077539102532683e+03 2.999999999998062776e+02
8.074077539103868730e+03 2.999999999998064482e+02
8.074077539104534480e+03 2.999999999998065618e+02
8.074077539104869174e+03 2.999999999998079829e+02
8.074077539105034703e+03 2.999999999998062208e+02
8.074077539105119286e+03 2.999999999998050271e+02
8.074077539105160213e+03 2.999999999998044586e+02
