3.668000000000000000e+03 9.874578959495442509e-01
3.851400000000000091e+03 9.868082074917472468e-01
4.034800000000000182e+03 9.861443327117634938e-01
4.218199999999999818e+03 9.854656595075912406e-01
4.401599999999999454e+03 9.847733779994332082e-01
4.585000000000000000e+03 9.840674132394714446e-01
4.768400000000000546e+03 9.833475706120284876e-01
4.951800000000000182e+03 9.814868394559389531e-01
5.135199999999999818e+03 9.794782463357043500e-01
5.318599999999999454e+03 9.773799051032777685e-01
5.502000000000000000e+03 9.752225342327923707e-01
5.685399999999999636e+03 9.730181962295889608e-01
5.868800000000000182e+03 9.707657035116272759e-01
6.052199999999999818e+03 9.684637182264093092e-01
6.235600000000000364e+03 9.661108643741422863e-01
6.419000000000000000e+03 9.634182161164566160e-01
6.602400000000000546e+03 9.604980812214779506e-01
6.785800000000000182e+03 9.574943885921807230e-01
6.969200000000001637e+03 9.544006091946477532e-01
7.152600000000000364e+03 9.512096521284797435e-01
7.336000000000000000e+03 9.479131394061997007e-01
7.519400000000000546e+03 9.445013576244046805e-01
7.702800000000002001e+03 9.409547830410971425e-01
7.886200000000001637e+03 9.372211138014588938e-01
7.977900000000000546e+03 9.350766251626895231e-01
8.023750000000000000e+03 9.332998015109003065e-01
8.046675000000002001e+03 9.322459342022005879e-01
8.069600000000000364e+03 9.307616965912873797e-01
8.072465625000001637e+03 9.305066355855753368e-01
8.073898437500001819e+03 9.303463451621242220e-01
8.073987988281252001e+03 9.303494644312401141e-01
8.074032763671876637e+03 9.303510290647861725e-01
8.074055151367189865e+03 9.303518126370378116e-01
8.074066345214845569e+03 9.303522047377547066e-01
8.074071942138673876e+03 9.303524008668521139e-01
8.074074740600587575e+03 9.303524989510962850e-01
8.074076139831545333e+03 9.303525479981435975e-01
8.074077539062500364e+03 9.303525970452685145e-01
8.074077539083852571e+03 9.303525970460165828e-01
8.074077539094526401e+03 9.303525970463902839e-01
8.074077539099865135e+03 9.303525970465769124e-01
8.074077539102532683e+03 9.303525970466711703e-01
8.074077539103868730e+03 9.303525970467179107e-01
8.074077539104534480e+03 9.303525970467410033e-01
8.074077539104869174e+03 9.303525970467528827e-01
8.074077539105034703e+03 9.303525970467588779e-01
8.074077539105119286e+03 9.303525970467613204e-01
8.074077539105160213e+03 9.303525970467627637e-01
