3.668000000000000000e+03 1.023509575790523041e+00
3.851400000000000091e+03 1.022975134727474478e+00
4.034800000000000182e+03 1.022437997932575504e+00
4.218199999999999818e+03 1.021898206090785965e+00
4.401599999999999454e+03 1.021355868688429647e+00
4.585000000000000000e+03 1.020811031797203228e+00
4.768400000000000546e+03 1.020263715985831432e+00
4.951800000000000182e+03 1.019714071175829684e+00
5.135199999999999818e+03 1.018903097166701244e+00
5.318599999999999454e+03 1.017446027191727165e+00
5.502000000000000000e+03 1.015776170662566313e+00
5.685399999999999636e+03 1.014075435618583931e+00
5.868800000000000182e+03 1.012342642154080208e+00
6.052199999999999818e+03 1.010576488345442225e+00
6.235600000000000364e+03 1.008775543382461448e+00
6.419000000000000000e+03 1.004571432119866214e+00
6.602400000000000546e+03 9.989547003107412948e-01
6.785800000000000182e+03 9.931446642067274233e-01
6.969200000000001637e+03 9.871163282634023428e-01
7.152600000000000364e+03 9.808442289449444962e-01
7.336000000000000000e+03 9.742979635219488621e-01
7.519400000000000546e+03 9.674430907294524484e-01
7.702800000000002001e+03 9.601882447838446799e-01
7.886200000000001637e+03 9.522680624318499154e-01
7.977900000000000546e+03 9.470550102471531062e-01
8.023750000000000000e+03 9.411487979635644319e-01
8.046675000000002001e+03 9.374293086133975716e-01
8.069600000000000364e+03 9.313170652636091340e-01
8.072465625000001637e+03 9.301700786057832682e-01
8.073898437500001819e+03 9.294262903935488485e-01
8.073987988281252001e+03 9.294485043513227573e-01
8.074032763671876637e+03 9.294596378578430240e-01
8.074055151367189865e+03 9.294652112734727023e-01
8.074066345214845569e+03 9.294679996507129172e-01
8.074071942138673876e+03 9.294693942571738976e-01
8.074074740600587575e+03 9.294700916649212274e-01
8.074076139831545333e+03 9.294704403949332061e-01
8.074077539062500364e+03 9.294707891251013931e-01
8.074077539083852571e+03 9.294707891304214709e-01
8.074077539094526401e+03 9.294707891330798999e-01
8.074077539099865135e+03 9.294707891344087258e-01
8.074077539102532683e+03 9.294707891350765250e-01
8.074077539103868730e+03 9.294707891354084817e-01
8.074077539104534480e+03 9.294707891355746820e-01
8.074077539104869174e+03 9.294707891356586149e-01
8.074077539105034703e+03 9.294707891356989160e-01
8.074077539105119286e+03 9.294707891357176788e-01
8.074077539105160213e+03 9.294707891357292251e-01
