3.668000000000000000e+03 -8.238299941985590635e+01
3.851400000000000091e+03 -8.512984701365320461e+01
4.034800000000000182e+03 -8.768621780337167593e+01
4.218199999999999818e+03 -9.004286192260617838e+01
4.401599999999999454e+03 -9.196075303103576459e+01
4.585000000000000000e+03 -9.217388791776727430e+01
4.768400000000000546e+03 -8.714822661770760703e+01
4.951800000000000182e+03 -8.003701549767288270e+01
5.135199999999999818e+03 -7.241413537632737984e+01
5.318599999999999454e+03 -6.421235260345910945e+01
5.502000000000000000e+03 -5.544408116817485421e+01
5.685399999999999636e+03 -4.513033307720353093e+01
5.868800000000000182e+03 -3.402831987950090564e+01
6.052199999999999818e+03 -2.215842493446745820e+01
6.235600000000000364e+03 -9.474588329804973341e+00
6.419000000000000000e+03 8.552694266017441649e+00
6.602400000000000546e+03 3.031856167581814532e+01
6.785800000000000182e+03 5.362428467738764937e+01
6.969200000000001637e+03 7.875920574591891921e+01
7.152600000000000364e+03 1.070752223931431928e+02
7.336000000000000000e+03 1.386318228379111019e+02
7.519400000000000546e+03 1.731114875718514838e+02
7.702800000000002001e+03 2.139780990858938878e+02
7.886200000000001637e+03 2.667203903308366080e+02
7.977900000000000546e+03 2.999999999999997158e+02
8.023750000000000000e+03 2.999999999999995453e+02
8.046675000000002001e+03 3.000000000000004547e+02
8.069600000000000364e+03 3.000000000000002842e+02
8.072465625000001637e+03 3.000000000000002274e+02
8.073898437500001819e+03 2.999999999999998863e+02
8.073987988281252001e+03 2.999999999999997158e+02
8.074032763671876637e+03 3.000000000000009095e+02
8.074055151367189865e+03 3.000000000000010800e+02
8.074066345214845569e+03 3.000000000000004547e+02
8.074071942138673876e+03 3.000000000000001705e+02
8.074074740600587575e+03 3.000000000000003979e+02
8.074076139831545333e+03 3.000000000000003979e+02
8.074077539062500364e+03 3.000000000036018264e+02
8.074077539083852571e+03 3.000000000036034749e+02
8.074077539094526401e+03 3.000000000036027927e+02
8.074077539099865135e+03 3.000000000036021675e+02
8.074077539102532683e+03 3.000000000036026790e+02
8.074077539103868730e+03 3.000000000036024517e+02
8.074077539104534480e+03 3.000000000036035885e+02
8.074077539104869174e+03 3.000000000036034180e+02
8.074077539105034703e+03 3.000000000036025654e+02
8.074077539105119286e+03 3.000000000036015990e+02
8.074077539105160213e+03 3.000000000036031338e+02
