3.668000000000000000e+03 3.335337276485718405e+01
3.851400000000000091e+03 3.372362180306706847e+01
4.034800000000000182e+03 3.408747999814880103e+01
4.218199999999999818e+03 3.444554479822611626e+01
4.401599999999999454e+03 3.479509637118174226e+01
4.585000000000000000e+03 3.513549138612583533e+01
4.768400000000000546e+03 3.546331659341173292e+01
4.951800000000000182e+03 3.580057643920479649e+01
5.135199999999999818e+03 3.613478747457655516e+01
5.318599999999999454e+03 3.646796416208263025e+01
5.502000000000000000e+03 3.679273281018178920e+01
5.685399999999999636e+03 3.710724075943683431e+01
5.868800000000000182e+03 3.741155446976225818e+01
6.052199999999999818e+03 3.770525566978486154e+01
6.235600000000000364e+03 3.798714484790681922e+01
6.419000000000000000e+03 3.825977661870577862e+01
6.602400000000000546e+03 3.852030845573576556e+01
6.785800000000000182e+03 3.876504591366629882e+01
6.969200000000001637e+03 3.899044267954196386e+01
7.152600000000000364e+03 3.919206701444733909e+01
7.336000000000000000e+03 3.936648093361695544e+01
7.519400000000000546e+03 3.951109076657613883e+01
7.702800000000002001e+03 3.960996094110325316e+01
7.886200000000001637e+03 3.964085157984571595e+01
7.977900000000000546e+03 3.952091296466874581e+01
8.023750000000000000e+03 3.910388228256300636e+01
8.046675000000002001e+03 3.880382979822341838e+01
8.069600000000000364e+03 3.833330984846187306e+01
8.072465625000001637e+03 3.824648225671248269e+01
8.073898437500001819e+03 3.818782777382179461e+01
8.073987988281252001e+03 3.819026375813147922e+01
8.074032763671876637e+03 3.819148394711665873e+01
8.074055151367189865e+03 3.819209459334241785e+01
8.074066345214845569e+03 3.819240005470627608e+01
8.074071942138673876e+03 3.819255281999104312e+01
8.074074740600587575e+03 3.819262921128902377e+01
8.074076139831545333e+03 3.819266740910249780e+01
8.074077539062500364e+03 3.819270560692697813e+01
8.074077539083852571e+03 3.819270560750976529e+01
8.074077539094526401e+03 3.819270560780100254e+01
8.074077539099865135e+03 3.819270560794665670e+01
8.074077539102532683e+03 3.819270560801961523e+01
8.074077539103868730e+03 3.819270560805608028e+01
8.074077539104534480e+03 3.819270560807417780e+01
8.074077539104869174e+03 3.819270560808340775e+01
8.074077539105034703e+03 3.819270560808782733e+01
8.074077539105119286e+03 3.819270560809001580e+01
8.074077539105160213e+03 3.819270560809117399e+01
