3.668000000000000000e+03 2.846584251671749755e+01
3.851400000000000091e+03 2.838791228856141657e+01
4.034800000000000182e+03 2.830376942169236187e+01
4.218199999999999818e+03 2.821348007595594609e+01
4.401599999999999454e+03 2.811506256787870583e+01
4.585000000000000000e+03 2.800783508731625560e+01
4.768400000000000546e+03 2.789475605646002165e+01
4.951800000000000182e+03 2.778650774434488469e+01
5.135199999999999818e+03 2.767107647418553640e+01
5.318599999999999454e+03 2.754818581897022156e+01
5.502000000000000000e+03 2.741322676932216496e+01
5.685399999999999636e+03 2.726491749197910153e+01
5.868800000000000182e+03 2.710314525779216410e+01
6.052199999999999818e+03 2.692730849267438131e+01
6.235600000000000364e+03 2.673606074391804199e+01
6.419000000000000000e+03 2.653570384181242048e+01
6.602400000000000546e+03 2.631986909107824602e+01
6.785800000000000182e+03 2.608210388353624865e+01
6.969200000000001637e+03 2.581848035993371937e+01
7.152600000000000364e+03 2.552416053312752098e+01
7.336000000000000000e+03 2.519517943272916227e+01
7.519400000000000546e+03 2.482828300015221856e+01
7.702800000000002001e+03 2.440711229458089804e+01
7.886200000000001637e+03 2.390857273846905073e+01
7.977900000000000546e+03 2.351983361264500871e+01
8.023750000000000000e+03 2.296437738596262790e+01
8.046675000000002001e+03 2.259381234008215245e+01
8.069600000000000364e+03 2.204367381476665244e+01
8.072465625000001637e+03 2.194549284453306370e+01
8.073898437500001819e+03 2.188073889741498945e+01
8.073987988281252001e+03 2.188295803390590066e+01
8.074032763671876637e+03 2.188406986582175051e+01
8.074055151367189865e+03 2.188462635029742032e+01
8.074066345214845569e+03 2.188490473499178890e+01
8.074071942138673876e+03 2.188504396299438071e+01
8.074074740600587575e+03 2.188511358591454936e+01
8.074076139831545333e+03 2.188514839960497582e+01
8.074077539062500364e+03 2.188518321331223149e+01
8.074077539083852571e+03 2.188518321384334797e+01
8.074077539094526401e+03 2.188518321410877476e+01
8.074077539099865135e+03 2.188518321424149349e+01
8.074077539102532683e+03 2.188518321430802516e+01
8.074077539103868730e+03 2.188518321434125369e+01
8.074077539104534480e+03 2.188518321435776315e+01
8.074077539104869174e+03 2.188518321436616176e+01
8.074077539105034703e+03 2.188518321437020120e+01
8.074077539105119286e+03 2.188518321437216940e+01
8.074077539105160213e+03 2.188518321437323166e+01
