3.668000000000000000e+03 2.080516332737651197e+01
3.851400000000000091e+03 2.016737935573421581e+01
4.034800000000000182e+03 1.952068982169541300e+01
4.218199999999999818e+03 1.886456259139814051e+01
4.401599999999999454e+03 1.819872486354423202e+01
4.585000000000000000e+03 1.752216184462224291e+01
4.768400000000000546e+03 1.683386867314180790e+01
4.951800000000000182e+03 1.613204984820174914e+01
5.135199999999999818e+03 1.541731883019037141e+01
5.318599999999999454e+03 1.467768934018445037e+01
5.502000000000000000e+03 1.392128380650919972e+01
5.685399999999999636e+03 1.314969499187447965e+01
5.868800000000000182e+03 1.235638402525535184e+01
6.052199999999999818e+03 1.153418298132259423e+01
6.235600000000000364e+03 1.068831879085552217e+01
6.419000000000000000e+03 9.814241923842489612e+00
6.602400000000000546e+03 8.908222605698071561e+00
6.785800000000000182e+03 7.967681360475181940e+00
6.969200000000001637e+03 6.982022492117512691e+00
7.152600000000000364e+03 5.975820546435698155e+00
7.336000000000000000e+03 4.934252328014815170e+00
7.519400000000000546e+03 3.834003130923981928e+00
7.702800000000002001e+03 2.620697353904323901e+00
7.886200000000001637e+03 1.162755724157375825e+00
7.977900000000000546e+03 6.148709662670531761e-02
8.023750000000000000e+03 -1.106095736817073627e+00
8.046675000000002001e+03 -1.863569306105242962e+00
8.069600000000000364e+03 -2.937620904744319361e+00
8.072465625000001637e+03 -3.122466425517410382e+00
8.073898437500001819e+03 -3.246539982083865628e+00
8.073987988281252001e+03 -3.240852546549601421e+00
8.074032763671876637e+03 -3.238003324471106836e+00
8.074055151367189865e+03 -3.236577330926947660e+00
8.074066345214845569e+03 -3.235863987720059676e+00
8.074071942138673876e+03 -3.235507229405857110e+00
8.074074740600587575e+03 -3.235328828558685199e+00
8.074076139831545333e+03 -3.235239622711015173e+00
8.074077539062500364e+03 -3.235150417362099073e+00
8.074077539083852571e+03 -3.235150416001183249e+00
8.074077539094526401e+03 -3.235150415321095263e+00
8.074077539099865135e+03 -3.235150414980890510e+00
8.074077539102532683e+03 -3.235150414810493924e+00
8.074077539103868730e+03 -3.235150414725350920e+00
8.074077539104534480e+03 -3.235150414682923969e+00
8.074077539104869174e+03 -3.235150414661632112e+00
8.074077539105034703e+03 -3.235150414651087214e+00
8.074077539105119286e+03 -3.235150414645938888e+00
8.074077539105160213e+03 -3.235150414643344963e+00
