3.668000000000000000e+03 2.808269804695228089e+01
3.851400000000000091e+03 2.810050759843366208e+01
4.034800000000000182e+03 2.810883023395519942e+01
4.218199999999999818e+03 2.810664257931158261e+01
4.401599999999999454e+03 2.809521574530068833e+01
4.585000000000000000e+03 2.807385992106863881e+01
4.768400000000000546e+03 2.803872955060291972e+01
4.951800000000000182e+03 2.799737172661986051e+01
5.135199999999999818e+03 2.795478522129340249e+01
5.318599999999999454e+03 2.792061540797558905e+01
5.502000000000000000e+03 2.787746450500035778e+01
5.685399999999999636e+03 2.782007535801460918e+01
5.868800000000000182e+03 2.774829481243951435e+01
6.052199999999999818e+03 2.766146742693839400e+01
6.235600000000000364e+03 2.755811402867572824e+01
6.419000000000000000e+03 2.743746575800811627e+01
6.602400000000000546e+03 2.729638523319915677e+01
6.785800000000000182e+03 2.713195907518987937e+01
6.969200000000001637e+03 2.693997879468736656e+01
7.152600000000000364e+03 2.671524195389352840e+01
7.336000000000000000e+03 2.645345230363270517e+01
7.519400000000000546e+03 2.615104495622724556e+01
7.702800000000002001e+03 2.579057404336539605e+01
7.886200000000001637e+03 2.534738158992922763e+01
7.977900000000000546e+03 2.497940769190051569e+01
8.023750000000000000e+03 2.442097271885840470e+01
8.046675000000002001e+03 2.404574500524648428e+01
8.069600000000000364e+03 2.349294599961127972e+01
8.072465625000001637e+03 2.339466149544285400e+01
8.073898437500001819e+03 2.332962876139321651e+01
8.073987988281252001e+03 2.333192383609349818e+01
8.074032763671876637e+03 2.333307367077516759e+01
8.074055151367189865e+03 2.333364916508860887e+01
8.074066345214845569e+03 2.333393705682054176e+01
8.074071942138673876e+03 2.333408103887221330e+01
8.074074740600587575e+03 2.333415303894956594e+01
8.074076139831545333e+03 2.333418904125176141e+01
8.074077539062500364e+03 2.333422504356803984e+01
8.074077539083852571e+03 2.333422504411728227e+01
8.074077539094526401e+03 2.333422504439178624e+01
8.074077539099865135e+03 2.333422504452903823e+01
8.074077539102532683e+03 2.333422504459782587e+01
8.074077539103868730e+03 2.333422504463218417e+01
8.074077539104534480e+03 2.333422504464924430e+01
8.074077539104869174e+03 2.333422504465793779e+01
8.074077539105034703e+03 2.333422504466211933e+01
8.074077539105119286e+03 2.333422504466415148e+01
8.074077539105160213e+03 2.333422504466525993e+01
