3.668000000000000000e+03 2.111170307634966292e+01
3.851400000000000091e+03 2.052556023457868761e+01
4.034800000000000182e+03 1.992901473267427903e+01
4.218199999999999818e+03 1.932178946622829585e+01
4.401599999999999454e+03 1.870291650817234341e+01
4.585000000000000000e+03 1.806526073900993978e+01
4.768400000000000546e+03 1.739866823227363213e+01
4.951800000000000182e+03 1.670879925889246209e+01
5.135199999999999818e+03 1.599991709114540583e+01
5.318599999999999454e+03 1.526145754027479917e+01
5.502000000000000000e+03 1.449829634665809763e+01
5.685399999999999636e+03 1.370432276842473485e+01
5.868800000000000182e+03 1.288131738975750373e+01
6.052199999999999818e+03 1.202689462329066927e+01
6.235600000000000364e+03 1.114022291219193228e+01
6.419000000000000000e+03 1.019324944245968290e+01
6.602400000000000546e+03 9.186216119082802223e+00
6.785800000000000182e+03 8.124946586889839395e+00
6.969200000000001637e+03 6.993035972149742818e+00
7.152600000000000364e+03 5.774975361393650530e+00
7.336000000000000000e+03 4.459071610647177941e+00
7.519400000000000546e+03 3.038022107337935651e+00
7.702800000000002001e+03 1.442142482391502334e+00
7.886200000000001637e+03 -4.654637905958829980e-01
7.977900000000000546e+03 -1.959287138696778952e+00
8.023750000000000000e+03 -3.713232157567324165e+00
8.046675000000002001e+03 -4.876779321598848860e+00
8.069600000000000364e+03 -6.581790624992629013e+00
8.072465625000001637e+03 -6.882577954914022023e+00
8.073898437500001819e+03 -7.081309956980357256e+00
8.073987988281252001e+03 -7.074113427724132208e+00
8.074032763671876637e+03 -7.070507739499292121e+00
8.074055151367189865e+03 -7.068703030957620648e+00
8.074066345214845569e+03 -7.067800209506181375e+00
8.074071942138673876e+03 -7.067348681849892955e+00
8.074074740600587575e+03 -7.067122888772743750e+00
8.074076139831545333e+03 -7.067009984919865317e+00
8.074077539062500364e+03 -7.066897081174152717e+00
8.074077539083852571e+03 -7.066897079451591068e+00
8.074077539094526401e+03 -7.066897078590936410e+00
8.074077539099865135e+03 -7.066897078160427448e+00
8.074077539102532683e+03 -7.066897077944740424e+00
8.074077539103868730e+03 -7.066897077836941321e+00
8.074077539104534480e+03 -7.066897077783277581e+00
8.074077539104869174e+03 -7.066897077756323142e+00
8.074077539105034703e+03 -7.066897077742988031e+00
8.074077539105119286e+03 -7.066897077736572719e+00
8.074077539105160213e+03 -7.066897077733230503e+00
