3.668000000000000000e+03 2.124883048527381035e+01
3.851400000000000091e+03 2.040618448560521969e+01
4.034800000000000182e+03 1.954725104764814247e+01
4.218199999999999818e+03 1.867202889133550769e+01
4.401599999999999454e+03 1.777972159902644123e+01
4.585000000000000000e+03 1.686567196904332278e+01
4.768400000000000546e+03 1.592768804416243889e+01
4.951800000000000182e+03 1.496223578614703520e+01
5.135199999999999818e+03 1.397231500071220189e+01
5.318599999999999454e+03 1.294310116837454316e+01
5.502000000000000000e+03 1.188196942264158018e+01
5.685399999999999636e+03 1.077806150982968880e+01
5.868800000000000182e+03 9.635400295189191056e+00
6.052199999999999818e+03 8.450879362478923795e+00
6.235600000000000364e+03 7.226633163390244086e+00
6.419000000000000000e+03 5.935098206543054644e+00
6.602400000000000546e+03 4.571869704224388542e+00
6.785800000000000182e+03 3.139946482216444235e+00
6.969200000000001637e+03 1.615586118954794648e+00
7.152600000000000364e+03 -2.304728155771801346e-02
7.336000000000000000e+03 -1.789629559145330173e+00
7.519400000000000546e+03 -3.689092680430118953e+00
7.702800000000002001e+03 -5.824738505216223494e+00
7.886200000000001637e+03 -8.381523164985420493e+00
7.977900000000000546e+03 -1.032818636485154151e+01
8.023750000000000000e+03 -1.234559363338934723e+01
8.046675000000002001e+03 -1.366061456918207284e+01
8.069600000000000364e+03 -1.553243392071965268e+01
8.072465625000001637e+03 -1.585529010023965668e+01
8.073898437500001819e+03 -1.606815338180622632e+01
8.073987988281252001e+03 -1.606019428736839316e+01
8.074032763671876637e+03 -1.605620630570463447e+01
8.074055151367189865e+03 -1.605421019654039938e+01
8.074066345214845569e+03 -1.605321161115202244e+01
8.074071942138673876e+03 -1.605271218560210400e+01
8.074074740600587575e+03 -1.605246243959441088e+01
8.074076139831545333e+03 -1.605233755828017550e+01
8.074077539062500364e+03 -1.605221267734154722e+01
8.074077539083852571e+03 -1.605221267543625530e+01
8.074077539094526401e+03 -1.605221267448431277e+01
8.074077539099865135e+03 -1.605221267400807506e+01
8.074077539102532683e+03 -1.605221267376959915e+01
8.074077539103868730e+03 -1.605221267365032389e+01
8.074077539104534480e+03 -1.605221267359099357e+01
8.074077539104869174e+03 -1.605221267356119697e+01
8.074077539105034703e+03 -1.605221267354642833e+01
8.074077539105119286e+03 -1.605221267353926606e+01
8.074077539105160213e+03 -1.605221267353564230e+01
