3.668000000000000000e+03 9.849999999999999867e-01
3.851400000000000091e+03 9.849999999999999867e-01
4.034800000000000182e+03 9.849999999999999867e-01
4.218199999999999818e+03 9.849999999999999867e-01
4.401599999999999454e+03 9.849999999999999867e-01
4.585000000000000000e+03 9.849999999999999867e-01
4.768400000000000546e+03 9.849999999999999867e-01
4.951800000000000182e+03 9.822478761102640954e-01
5.135199999999999818e+03 9.791718324240916704e-01
5.318599999999999454e+03 9.759194804159663228e-01
5.502000000000000000e+03 9.725614985317496686e-01
5.685399999999999636e+03 9.691261286576200451e-01
5.868800000000000182e+03 9.656110828673278856e-01
6.052199999999999818e+03 9.620137416722808199e-01
6.235600000000000364e+03 9.583313842565026608e-01
6.419000000000000000e+03 9.538710787718194251e-01
6.602400000000000546e+03 9.489049181517922316e-01
6.785800000000000182e+03 9.437797812007189258e-01
6.969200000000001637e+03 9.384810877906542004e-01
7.152600000000000364e+03 9.329929786222717070e-01
7.336000000000000000e+03 9.272966908255686480e-01
7.519400000000000546e+03 9.213704674992736487e-01
7.702800000000002001e+03 9.151689171127725952e-01
7.886200000000001637e+03 9.085689369190006470e-01
7.977900000000000546e+03 9.046250382852663030e-01
8.023750000000000000e+03 9.009791823233812558e-01
8.046675000000002001e+03 8.987637234159880917e-01
8.069600000000000364e+03 8.955347610765822530e-01
8.072465625000001637e+03 8.949672410033386871e-01
8.073898437500001819e+03 8.946058810371398939e-01
8.073987988281252001e+03 8.946144232803009411e-01
8.074032763671876637e+03 8.946187062448488492e-01
8.074055151367189865e+03 8.946208507014417055e-01
8.074066345214845569e+03 8.946219236750269088e-01
8.074071942138673876e+03 8.946224603483575732e-01
8.074074740600587575e+03 8.946227287316826926e-01
8.074076139831545333e+03 8.946228629350139183e-01
8.074077539062500364e+03 8.946229971385233348e-01
8.074077539083852571e+03 8.946229971405703640e-01
8.074077539094526401e+03 8.946229971415932125e-01
8.074077539099865135e+03 8.946229971421044702e-01
8.074077539102532683e+03 8.946229971423615979e-01
8.074077539103868730e+03 8.946229971424893845e-01
8.074077539104534480e+03 8.946229971425531113e-01
8.074077539104869174e+03 8.946229971425854188e-01
8.074077539105034703e+03 8.946229971426014060e-01
8.074077539105119286e+03 8.946229971426084004e-01
8.074077539105160213e+03 8.946229971426126193e-01
