3.668000000000000000e+03 2.868817078292739353e+01
3.851400000000000091e+03 2.868339924703920474e+01
4.034800000000000182e+03 2.867191451873081220e+01
4.218199999999999818e+03 2.865337905713972333e+01
4.401599999999999454e+03 2.862601161801137195e+01
4.585000000000000000e+03 2.858912197629105734e+01
4.768400000000000546e+03 2.854050465350306709e+01
4.951800000000000182e+03 2.848949453272108201e+01
5.135199999999999818e+03 2.843401433452497074e+01
5.318599999999999454e+03 2.837808915438590418e+01
5.502000000000000000e+03 2.831146462288780086e+01
5.685399999999999636e+03 2.823120851633363770e+01
5.868800000000000182e+03 2.813720273813281381e+01
6.052199999999999818e+03 2.802883238795527276e+01
6.235600000000000364e+03 2.790467794255128808e+01
6.419000000000000000e+03 2.777066980804641361e+01
6.602400000000000546e+03 2.762097597471895938e+01
6.785800000000000182e+03 2.744936108894854598e+01
6.969200000000001637e+03 2.725180951657736017e+01
7.152600000000000364e+03 2.702334387443837471e+01
7.336000000000000000e+03 2.675991498529435475e+01
7.519400000000000546e+03 2.645823232332133657e+01
7.702800000000002001e+03 2.610144968671697185e+01
7.886200000000001637e+03 2.566609593603891781e+01
7.977900000000000546e+03 2.530731762506479399e+01
8.023750000000000000e+03 2.476518151461475625e+01
8.046675000000002001e+03 2.440090913857772392e+01
8.069600000000000364e+03 2.386032281226363594e+01
8.072465625000001637e+03 2.376382748566633651e+01
8.073898437500001819e+03 2.370000463637747501e+01
8.073987988281252001e+03 2.370224894093424695e+01
8.074032763671876637e+03 2.370337334266353579e+01
8.074055151367189865e+03 2.370393610847570898e+01
8.074066345214845569e+03 2.370421763294383766e+01
8.074071942138673876e+03 2.370435843060943881e+01
8.074074740600587575e+03 2.370442883830511249e+01
8.074076139831545333e+03 2.370446404436929200e+01
8.074077539062500364e+03 2.370449925044709616e+01
8.074077539083852571e+03 2.370449925098420252e+01
8.074077539094526401e+03 2.370449925125262070e+01
8.074077539099865135e+03 2.370449925138684932e+01
8.074077539102532683e+03 2.370449925145411285e+01
8.074077539103868730e+03 2.370449925148771797e+01
8.074077539104534480e+03 2.370449925150440151e+01
8.074077539104869174e+03 2.370449925151289605e+01
8.074077539105034703e+03 2.370449925151697812e+01
8.074077539105119286e+03 2.370449925151897119e+01
8.074077539105160213e+03 2.370449925152005122e+01
