3.668000000000000000e+03 4.499999999999998863e+02
3.851400000000000091e+03 4.666710600000000682e+02
4.034800000000000182e+03 4.833421199999999089e+02
4.218199999999999818e+03 5.000131800000000908e+02
4.401599999999999454e+03 5.166842400000002726e+02
4.585000000000000000e+03 5.333553000000000566e+02
4.768400000000000546e+03 5.500263599999998405e+02
4.951800000000000182e+03 5.666974200000000792e+02
5.135199999999999818e+03 5.833684800000000905e+02
5.318599999999999454e+03 6.000395400000001018e+02
5.502000000000000000e+03 6.167106000000003405e+02
5.685399999999999636e+03 6.333816600000000108e+02
5.868800000000000182e+03 6.500527199999999084e+02
6.052199999999999818e+03 6.667237800000000334e+02
6.235600000000000364e+03 6.833948400000001584e+02
6.419000000000000000e+03 7.000659000000000560e+02
6.602400000000000546e+03 7.167369600000005221e+02
6.785800000000000182e+03 7.334080200000000787e+02
6.969200000000001637e+03 7.500790800000003173e+02
7.152600000000000364e+03 7.667501400000004423e+02
7.336000000000000000e+03 7.834212000000001126e+02
7.519400000000000546e+03 8.000922600000002376e+02
7.702800000000002001e+03 8.167633200000001352e+02
7.886200000000001637e+03 8.334343800000001465e+02
7.977900000000000546e+03 8.417699100000002090e+02
8.023750000000000000e+03 8.459376750000002403e+02
8.046675000000002001e+03 8.480215575000001991e+02
8.069600000000000364e+03 8.501054400000004989e+02
8.072465625000001637e+03 8.503659253125000532e+02
8.073898437500001819e+03 8.504961679687502283e+02
8.073987988281252001e+03 8.505043081347656653e+02
8.074032763671876637e+03 8.505083782177734975e+02
8.074055151367189865e+03 8.505104132592779251e+02
8.074066345214845569e+03 8.505114307800296274e+02
8.074071942138673876e+03 8.505119395404057059e+02
8.074074740600587575e+03 8.505121939205932904e+02
8.074076139831545333e+03 8.505123211106879353e+02
8.074077539062500364e+03 8.505124483006978835e+02
8.074077539083852571e+03 8.505124483026390863e+02
8.074077539094526401e+03 8.505124483036092897e+02
8.074077539099865135e+03 8.505124483040942778e+02
8.074077539102532683e+03 8.505124483043367718e+02
8.074077539103868730e+03 8.505124483044580757e+02
8.074077539104534480e+03 8.505124483045184434e+02
8.074077539104869174e+03 8.505124483045492525e+02
8.074077539105034703e+03 8.505124483045639181e+02
8.074077539105119286e+03 8.505124483045721036e+02
8.074077539105160213e+03 8.505124483045755142e+02
