3.668000000000000000e+03 1.164206956735967857e+01
3.851400000000000091e+03 1.024110191965439398e+01
4.034800000000000182e+03 8.821338545837482670e+00
4.218199999999999818e+03 7.381278905565221038e+00
4.401599999999999454e+03 5.920172647685650880e+00
4.585000000000000000e+03 4.434790795974374866e+00
4.768400000000000546e+03 2.925501056895332130e+00
4.951800000000000182e+03 1.391916352617453612e+00
5.135199999999999818e+03 -1.711827755098291326e-01
5.318599999999999454e+03 -1.794754224937036291e+00
5.502000000000000000e+03 -3.460602009993460904e+00
5.685399999999999636e+03 -5.180756765712737355e+00
5.868800000000000182e+03 -6.950793285847019831e+00
6.052199999999999818e+03 -8.774607444729321415e+00
6.235600000000000364e+03 -1.065683299396891748e+01
6.419000000000000000e+03 -1.262327993466337972e+01
6.602400000000000546e+03 -1.467733177477611406e+01
6.785800000000000182e+03 -1.682166739660474164e+01
6.969200000000001637e+03 -1.910271129117299438e+01
7.152600000000000364e+03 -2.153176821482366066e+01
7.336000000000000000e+03 -2.412549886188026704e+01
7.519400000000000546e+03 -2.688867378419865162e+01
7.702800000000002001e+03 -2.995193370430100188e+01
7.886200000000001637e+03 -3.354344760780293200e+01
7.977900000000000546e+03 -3.630756689656299585e+01
8.023750000000000000e+03 -3.899858283654562996e+01
8.046675000000002001e+03 -4.071744409881456761e+01
8.069600000000000364e+03 -4.308767430382858521e+01
8.072465625000001637e+03 -4.348615922788059862e+01
8.073898437500001819e+03 -4.374577830957483116e+01
8.073987988281252001e+03 -4.373683385332218876e+01
8.074032763671876637e+03 -4.373235128648967418e+01
8.074055151367189865e+03 -4.373010740649293382e+01
8.074066345214845569e+03 -4.372898481585170316e+01
8.074071942138673876e+03 -4.372842335768159217e+01
8.074074740600587575e+03 -4.372814258786130637e+01
8.074076139831545333e+03 -4.372800219276442846e+01
8.074077539062500364e+03 -4.372786179824160513e+01
8.074077539083852571e+03 -4.372786179609963142e+01
8.074077539094526401e+03 -4.372786179502946879e+01
8.074077539099865135e+03 -4.372786179449405353e+01
8.074077539102532683e+03 -4.372786179422602970e+01
8.074077539103868730e+03 -4.372786179409191476e+01
8.074077539104534480e+03 -4.372786179402528006e+01
8.074077539104869174e+03 -4.372786179399173534e+01
8.074077539105034703e+03 -4.372786179397519390e+01
8.074077539105119286e+03 -4.372786179396705109e+01
8.074077539105160213e+03 -4.372786179396299389e+01
