3.668000000000000000e+03 1.091489181254551966e+02
3.851400000000000091e+03 1.136980253728317649e+02
4.034800000000000182e+03 1.187188187803393618e+02
4.218199999999999818e+03 1.245098604651243477e+02
4.401599999999999454e+03 1.304145979019927779e+02
4.585000000000000000e+03 1.364336136979125911e+02
4.768400000000000546e+03 1.428049969190860224e+02
4.951800000000000182e+03 1.501316380980583460e+02
5.135199999999999818e+03 1.550000000000011937e+02
5.318599999999999454e+03 1.550000000000000853e+02
5.502000000000000000e+03 1.550000000000002558e+02
5.685399999999999636e+03 1.550000000000000568e+02
5.868800000000000182e+03 1.550000000000006253e+02
6.052199999999999818e+03 1.550000000000003126e+02
6.235600000000000364e+03 1.550000000000010800e+02
6.419000000000000000e+03 1.550000000000001137e+02
6.602400000000000546e+03 1.549999999999977263e+02
6.785800000000000182e+03 1.550000000000005116e+02
6.969200000000001637e+03 1.550000000000017053e+02
7.152600000000000364e+03 1.550000000000011653e+02
7.336000000000000000e+03 1.550000000000007958e+02
7.519400000000000546e+03 1.550000000000000568e+02
7.702800000000002001e+03 1.550000000000007958e+02
7.886200000000001637e+03 1.549999999999994316e+02
7.977900000000000546e+03 1.549999999999987494e+02
8.023750000000000000e+03 1.550000000000001705e+02
8.046675000000002001e+03 1.550000000000002274e+02
8.069600000000000364e+03 1.550000000000011937e+02
8.072465625000001637e+03 1.550000000000012506e+02
8.073898437500001819e+03 1.549999999999996874e+02
8.073987988281252001e+03 1.549999999999997158e+02
8.074032763671876637e+03 1.550000000000005684e+02
8.074055151367189865e+03 1.550000000000005684e+02
8.074066345214845569e+03 1.550000000000000853e+02
8.074071942138673876e+03 1.550000000000007958e+02
8.074074740600587575e+03 1.549999999999994884e+02
8.074076139831545333e+03 1.549999999999996305e+02
8.074077539062500364e+03 1.550000000000265175e+02
8.074077539083852571e+03 1.550000000000262617e+02
8.074077539094526401e+03 1.550000000000275975e+02
8.074077539099865135e+03 1.550000000000262332e+02
8.074077539102532683e+03 1.550000000000260627e+02
8.074077539103868730e+03 1.550000000000283080e+02
8.074077539104534480e+03 1.550000000000275691e+02
8.074077539104869174e+03 1.550000000000272280e+02
8.074077539105034703e+03 1.550000000000254659e+02
8.074077539105119286e+03 1.550000000000263185e+02
8.074077539105160213e+03 1.550000000000279101e+02
