3.668000000000000000e+03 1.561373261275520541e+01
3.851400000000000091e+03 1.441734217435123888e+01
4.034800000000000182e+03 1.320239612613297453e+01
4.218199999999999818e+03 1.196807832243637293e+01
4.401599999999999454e+03 1.071357277726390222e+01
4.585000000000000000e+03 9.434863356472410700e+00
4.768400000000000546e+03 8.129532296522945956e+00
4.951800000000000182e+03 6.792968689528446014e+00
5.135199999999999818e+03 5.428321565607204136e+00
5.318599999999999454e+03 4.008400120417665136e+00
5.502000000000000000e+03 2.548324885501396242e+00
5.685399999999999636e+03 1.038310188313108062e+00
5.868800000000000182e+03 -5.167579924204881436e-01
6.052199999999999818e+03 -2.120405554716334517e+00
6.235600000000000364e+03 -3.778261037789013788e+00
6.419000000000000000e+03 -5.515473406911889143e+00
6.602400000000000546e+03 -7.333911349522159284e+00
6.785800000000000182e+03 -9.232522590393113404e+00
6.969200000000001637e+03 -1.124235371030899877e+01
7.152600000000000364e+03 -1.338375494810882493e+01
7.336000000000000000e+03 -1.567188074515255103e+01
7.519400000000000546e+03 -1.811162214790006786e+01
7.702800000000002001e+03 -2.081961803387016374e+01
7.886200000000001637e+03 -2.400198445049179341e+01
7.977900000000000546e+03 -2.636286111603751081e+01
8.023750000000000000e+03 -2.867969361413744878e+01
8.046675000000002001e+03 -3.016686598862664681e+01
8.069600000000000364e+03 -3.224161521136373665e+01
8.072465625000001637e+03 -3.259412152036981070e+01
8.073898437500001819e+03 -3.282505134011049819e+01
8.073987988281252001e+03 -3.281675907402597403e+01
8.074032763671876637e+03 -3.281260377132518613e+01
8.074055151367189865e+03 -3.281052381698854958e+01
8.074066345214845569e+03 -3.280948326274349824e+01
8.074071942138673876e+03 -3.280896284118419715e+01
8.074074740600587575e+03 -3.280870259427488378e+01
8.074076139831545333e+03 -3.280857246178543107e+01
8.074077539062500364e+03 -3.280844232977383257e+01
8.074077539083852571e+03 -3.280844232778842695e+01
8.074077539094526401e+03 -3.280844232679646666e+01
8.074077539099865135e+03 -3.280844232630022361e+01
8.074077539102532683e+03 -3.280844232605173971e+01
8.074077539103868730e+03 -3.280844232592743737e+01
8.074077539104534480e+03 -3.280844232586562015e+01
8.074077539104869174e+03 -3.280844232583458364e+01
8.074077539105034703e+03 -3.280844232581917197e+01
8.074077539105119286e+03 -3.280844232581169706e+01
8.074077539105160213e+03 -3.280844232580795250e+01
