3.668000000000000000e+03 1.577670376612954151e+01
3.851400000000000091e+03 1.486272027789607009e+01
4.034800000000000182e+03 1.393722775579990270e+01
4.218199999999999818e+03 1.299951003742395272e+01
4.401599999999999454e+03 1.204920433913579281e+01
4.585000000000000000e+03 1.108495365903007546e+01
4.768400000000000546e+03 1.010546212806421629e+01
4.951800000000000182e+03 9.109262769106534208e+00
5.135199999999999818e+03 8.096734808174186782e+00
5.318599999999999454e+03 7.054965746194089782e+00
5.502000000000000000e+03 5.991320795176697800e+00
5.685399999999999636e+03 4.887620865136338644e+00
5.868800000000000182e+03 3.752608779934231809e+00
6.052199999999999818e+03 2.580160058876297402e+00
6.235600000000000364e+03 1.375050390809996026e+00
6.419000000000000000e+03 1.291830245849309444e-01
6.602400000000000546e+03 -1.161775763192293365e+00
6.785800000000000182e+03 -2.500460473669217532e+00
6.969200000000001637e+03 -3.902061506285616765e+00
7.152600000000000364e+03 -5.374379234866911048e+00
7.336000000000000000e+03 -6.934285469220027309e+00
7.519400000000000546e+03 -8.591124714188435263e+00
7.702800000000002001e+03 -1.048731293744487481e+01
7.886200000000001637e+03 -1.285519249249240481e+01
7.977900000000000546e+03 -1.467922192751142774e+01
8.023750000000000000e+03 -1.651169086260959062e+01
8.046675000000002001e+03 -1.770465521178667601e+01
8.069600000000000364e+03 -1.939457307788002893e+01
8.072465625000001637e+03 -1.968488388790545329e+01
8.073898437500001819e+03 -1.988037864021515233e+01
8.073987988281252001e+03 -1.987111323486183423e+01
8.074032763671876637e+03 -1.986647177458385016e+01
8.074055151367189865e+03 -1.986414884478211818e+01
8.074066345214845569e+03 -1.986298682867443333e+01
8.074071942138673876e+03 -1.986240568265590767e+01
8.074074740600587575e+03 -1.986211507513576535e+01
8.074076139831545333e+03 -1.986196976274539949e+01
8.074077539062500364e+03 -1.986182445124750018e+01
8.074077539083852571e+03 -1.986182444903061750e+01
8.074077539094526401e+03 -1.986182444792279966e+01
8.074077539099865135e+03 -1.986182444736857988e+01
8.074077539102532683e+03 -1.986182444709107742e+01
8.074077539103868730e+03 -1.986182444695234395e+01
8.074077539104534480e+03 -1.986182444688324011e+01
8.074077539104869174e+03 -1.986182444684857984e+01
8.074077539105034703e+03 -1.986182444683135984e+01
8.074077539105119286e+03 -1.986182444682298609e+01
8.074077539105160213e+03 -1.986182444681878323e+01
