3.668000000000000000e+03 2.727662164071185913e+01
3.851400000000000091e+03 2.713665418955637776e+01
4.034800000000000182e+03 2.698997877966345627e+01
4.218199999999999818e+03 2.683639088329192290e+01
4.401599999999999454e+03 2.667472040508758724e+01
4.585000000000000000e+03 2.650427748396475636e+01
4.768400000000000546e+03 2.632940160228146098e+01
4.951800000000000182e+03 2.615430186345825092e+01
5.135199999999999818e+03 2.597081135797304086e+01
5.318599999999999454e+03 2.577814446620257272e+01
5.502000000000000000e+03 2.557263342046220345e+01
5.685399999999999636e+03 2.535329643163424862e+01
5.868800000000000182e+03 2.511999621362673096e+01
6.052199999999999818e+03 2.487210599088081864e+01
6.235600000000000364e+03 2.460826174373097430e+01
6.419000000000000000e+03 2.433371901556670025e+01
6.602400000000000546e+03 2.404192411797674467e+01
6.785800000000000182e+03 2.372673823373864010e+01
6.969200000000001637e+03 2.338411475472282319e+01
7.152600000000000364e+03 2.300908473863192683e+01
7.336000000000000000e+03 2.259751561124640062e+01
7.519400000000000546e+03 2.214594476134483969e+01
7.702800000000002001e+03 2.163776644946648986e+01
7.886200000000001637e+03 2.104926728883675935e+01
7.977900000000000546e+03 2.061258254196663486e+01
8.023750000000000000e+03 2.002646056690203125e+01
8.046675000000002001e+03 1.963887440482406888e+01
8.069600000000000364e+03 1.906577394933041703e+01
8.072465625000001637e+03 1.896377742570613023e+01
8.073898437500001819e+03 1.889673358170096051e+01
8.073987988281252001e+03 1.889896129552321824e+01
8.074032763671876637e+03 1.890007747519057801e+01
8.074055151367189865e+03 1.890063614838032890e+01
8.074066345214845569e+03 1.890091563114974704e+01
8.074071942138673876e+03 1.890105540912042770e+01
8.074074740600587575e+03 1.890112530725739859e+01
8.074076139831545333e+03 1.890116025861443916e+01
8.074077539062500364e+03 1.890119520999073188e+01
8.074077539083852571e+03 1.890119521052394447e+01
8.074077539094526401e+03 1.890119521079041931e+01
8.074077539099865135e+03 1.890119521092365673e+01
8.074077539102532683e+03 1.890119521099045841e+01
8.074077539103868730e+03 1.890119521102381484e+01
8.074077539104534480e+03 1.890119521104039180e+01
8.074077539104869174e+03 1.890119521104881883e+01
8.074077539105034703e+03 1.890119521105287959e+01
8.074077539105119286e+03 1.890119521105485134e+01
8.074077539105160213e+03 1.890119521105592426e+01
