3.668000000000000000e+03 -8.499999999999994316e+01
3.851400000000000091e+03 -8.184551999999993654e+01
4.034800000000000182e+03 -7.869103999999984467e+01
4.218199999999999818e+03 -7.553655999999995174e+01
4.401599999999999454e+03 -7.238208000000005882e+01
4.585000000000000000e+03 -6.922760000000019431e+01
4.768400000000000546e+03 -6.607311999999981822e+01
4.951800000000000182e+03 -6.291863999999986845e+01
5.135199999999999818e+03 -5.976416000000023132e+01
5.318599999999999454e+03 -5.660967999999996891e+01
5.502000000000000000e+03 -5.345520000000010441e+01
5.685399999999999636e+03 -5.030071999999994148e+01
5.868800000000000182e+03 -4.714624000000023329e+01
6.052199999999999818e+03 -4.399175999999988562e+01
6.235600000000000364e+03 -4.083728000000030534e+01
6.419000000000000000e+03 -3.768280000000004293e+01
6.602400000000000546e+03 -3.452832000000003632e+01
6.785800000000000182e+03 -3.137383999999988760e+01
6.969200000000001637e+03 -2.821936000000010836e+01
7.152600000000000364e+03 -2.506488000000004490e+01
7.336000000000000000e+03 -2.191039999999992460e+01
7.519400000000000546e+03 -1.875591999999991799e+01
7.702800000000002001e+03 -1.560143999999991138e+01
7.886200000000001637e+03 -1.244696000000013214e+01
7.977900000000000546e+03 -1.086972000000011462e+01
8.023750000000000000e+03 -1.008110000000010587e+01
8.046675000000002001e+03 -9.686789999999831480e+00
8.069600000000000364e+03 -9.292479999999926576e+00
8.072465625000001637e+03 -9.243191249999938464e+00
8.073898437500001819e+03 -9.218546874999930196e+00
8.073987988281252001e+03 -9.217006601562616197e+00
8.074032763671876637e+03 -9.216236464843746035e+00
8.074055151367189865e+03 -9.215851396484481484e+00
8.074066345214845569e+03 -9.215658862304650256e+00
8.074071942138673876e+03 -9.215562595214663588e+00
8.074074740600587575e+03 -9.215514461670125002e+00
8.074076139831545333e+03 -9.215490394897386750e+00
8.074077539062500364e+03 -9.215466328125103246e+00
8.074077539083852571e+03 -9.215466327757724230e+00
8.074077539094526401e+03 -9.215466327574119987e+00
8.074077539099865135e+03 -9.215466327482403130e+00
8.074077539102532683e+03 -9.215466327436558913e+00
8.074077539103868730e+03 -9.215466327413253111e+00
8.074077539104534480e+03 -9.215466327402197066e+00
8.074077539104869174e+03 -9.215466327396285351e+00
8.074077539105034703e+03 -9.215466327393500023e+00
8.074077539105119286e+03 -9.215466327392107360e+00
8.074077539105160213e+03 -9.215466327391311552e+00
