3.668000000000000000e+03 -8.999999999999943157e+00
3.851400000000000091e+03 -8.669880000000318887e+00
4.034800000000000182e+03 -8.339760000000076445e+00
4.218199999999999818e+03 -8.009640000000139537e+00
4.401599999999999454e+03 -7.679519999999236290e+00
4.585000000000000000e+03 -7.349400000000230193e+00
4.768400000000000546e+03 -7.019279999999682218e+00
4.951800000000000182e+03 -6.689159999999873207e+00
5.135199999999999818e+03 -6.359040000000298676e+00
5.318599999999999454e+03 -6.028920000000056234e+00
5.502000000000000000e+03 -5.698800000000211696e+00
5.685399999999999636e+03 -5.368679999999571351e+00
5.868800000000000182e+03 -5.038559999999947081e+00
6.052199999999999818e+03 -4.708439999999654901e+00
6.235600000000000364e+03 -4.378319999999675360e+00
6.419000000000000000e+03 -4.048199999999972931e+00
6.602400000000000546e+03 -3.718079999999808649e+00
6.785800000000000182e+03 -3.387960000000504124e+00
6.969200000000001637e+03 -3.057840000000162206e+00
7.152600000000000364e+03 -2.727719999999834499e+00
7.336000000000000000e+03 -2.397600000000707610e+00
7.519400000000000546e+03 -2.067480000000145424e+00
7.702800000000002001e+03 -1.737359999999938509e+00
7.886200000000001637e+03 -1.407239999999916336e+00
7.977900000000000546e+03 -1.242179999999621032e+00
8.023750000000000000e+03 -1.159649999999800229e+00
8.046675000000002001e+03 -1.118385000000131413e+00
8.069600000000000364e+03 -1.077120000001315248e+00
8.072465625000001637e+03 -1.071961875000212672e+00
8.073898437500001819e+03 -1.069382812500464297e+00
8.073987988281252001e+03 -1.069221621094527563e+00
8.074032763671876637e+03 -1.069141025390393906e+00
8.074055151367189865e+03 -1.069100727539066042e+00
8.074066345214845569e+03 -1.069080578612656041e+00
8.074071942138673876e+03 -1.069070504149976841e+00
8.074074740600587575e+03 -1.069065466918900142e+00
8.074076139831545333e+03 -1.069062948302743621e+00
8.074077539062500364e+03 -1.069060429513740473e+00
8.074077539083852571e+03 -1.069060429474276930e+00
8.074077539094526401e+03 -1.069060429455191752e+00
8.074077539099865135e+03 -1.069060429444377291e+00
8.074077539102532683e+03 -1.069060429440057192e+00
8.074077539103868730e+03 -1.069060429437300286e+00
8.074077539104534480e+03 -1.069060429437570292e+00
8.074077539104869174e+03 -1.069060429436845538e+00
8.074077539105034703e+03 -1.069060429436959225e+00
8.074077539105119286e+03 -1.069060429436660797e+00
8.074077539105160213e+03 -1.069060429435964465e+00
