3.668000000000000000e+03 9.837393847871308550e-01
3.851400000000000091e+03 9.834474726120772115e-01
4.034800000000000182e+03 9.831414015032589049e-01
4.218199999999999818e+03 9.828209472192589446e-01
4.401599999999999454e+03 9.824858739083530690e-01
4.585000000000000000e+03 9.821358957680418333e-01
4.768400000000000546e+03 9.817707875372717607e-01
4.951800000000000182e+03 9.813898131635764299e-01
5.135199999999999818e+03 9.809929757856357124e-01
5.318599999999999454e+03 9.805762240055382328e-01
5.502000000000000000e+03 9.801420824312726543e-01
5.685399999999999636e+03 9.796828499891127029e-01
5.868800000000000182e+03 9.790673607551373392e-01
6.052199999999999818e+03 9.780766140942480646e-01
6.235600000000000364e+03 9.770523931862988842e-01
6.419000000000000000e+03 9.755987479415276775e-01
6.602400000000000546e+03 9.738126508755021726e-01
6.785800000000000182e+03 9.719349489280401100e-01
6.969200000000001637e+03 9.699339429480422492e-01
7.152600000000000364e+03 9.677943048918566937e-01
7.336000000000000000e+03 9.655040606917429935e-01
7.519400000000000546e+03 9.630638052545960059e-01
7.702800000000002001e+03 9.593564972424772908e-01
7.886200000000001637e+03 9.537054852065843802e-01
7.977900000000000546e+03 9.488918586873967831e-01
8.023750000000000000e+03 9.444084022772770703e-01
8.046675000000002001e+03 9.415651347702105323e-01
8.069600000000000364e+03 9.376491094026647710e-01
8.072465625000001637e+03 9.369904409350486851e-01
8.073898437500001819e+03 9.364400024350907348e-01
8.073987988281252001e+03 9.365157428806485385e-01
8.074032763671876637e+03 9.365536857469987098e-01
8.074055151367189865e+03 9.365726754266308074e-01
8.074066345214845569e+03 9.365821748388251100e-01
8.074071942138673876e+03 9.365869256893739614e-01
8.074074740600587575e+03 9.365893014009275541e-01
8.074076139831545333e+03 9.365904893282960275e-01
8.074077539062500364e+03 9.365916772454843109e-01
8.074077539083852571e+03 9.365916772636058152e-01
8.074077539094526401e+03 9.365916772726637918e-01
8.074077539099865135e+03 9.365916772771951671e-01
8.074077539102532683e+03 9.365916772794633527e-01
8.074077539103868730e+03 9.365916772805980006e-01
8.074077539104534480e+03 9.365916772811629931e-01
8.074077539104869174e+03 9.365916772814459890e-01
8.074077539105034703e+03 9.365916772815877644e-01
8.074077539105119286e+03 9.365916772816572644e-01
8.074077539105160213e+03 9.365916772816907931e-01
