3.668000000000000000e+03 -6.000000000000170530e+00
3.851400000000000091e+03 -5.779920000000142721e+00
4.034800000000000182e+03 -5.559839999999938165e+00
4.218199999999999818e+03 -5.339759999999910356e+00
4.401599999999999454e+03 -5.119680000000058406e+00
4.585000000000000000e+03 -4.899599999999853850e+00
4.768400000000000546e+03 -4.679520000000001900e+00
4.951800000000000182e+03 -4.459439999999974091e+00
5.135199999999999818e+03 -4.239359999999947171e+00
5.318599999999999454e+03 -4.019280000000095221e+00
5.502000000000000000e+03 -3.799200000000243271e+00
5.685399999999999636e+03 -3.579120000000039159e+00
5.868800000000000182e+03 -3.359040000000187209e+00
6.052199999999999818e+03 -3.138959999999806794e+00
6.235600000000000364e+03 -2.918880000000131592e+00
6.419000000000000000e+03 -2.698799999999927035e+00
6.602400000000000546e+03 -2.478719999999899226e+00
6.785800000000000182e+03 -2.258640000000047277e+00
6.969200000000001637e+03 -2.038560000000019468e+00
7.152600000000000364e+03 -1.818479999999638830e+00
7.336000000000000000e+03 -1.598399999999963850e+00
7.519400000000000546e+03 -1.378320000000288426e+00
7.702800000000002001e+03 -1.158239999999907788e+00
7.886200000000001637e+03 -9.381600000000560602e-01
7.977900000000000546e+03 -8.281200000000604744e-01
8.023750000000000000e+03 -7.730999999999803585e-01
8.046675000000002001e+03 -7.455900000002205763e-01
8.069600000000000364e+03 -7.180800000000585603e-01
8.072465625000001637e+03 -7.146412499999241774e-01
8.073898437500001819e+03 -7.129218750000789750e-01
8.073987988281252001e+03 -7.128144140624924630e-01
8.074032763671876637e+03 -7.127606835935582641e-01
8.074055151367189865e+03 -7.127338183593125986e-01
8.074066345214845569e+03 -7.127203857421245958e-01
8.074071942138673876e+03 -7.127136694334540445e-01
8.074074740600587575e+03 -7.127103112795664108e-01
8.074076139831545333e+03 -7.127086322022915255e-01
8.074077539062500364e+03 -7.127069531056607898e-01
8.074077539083852571e+03 -7.127069530795911989e-01
8.074077539094526401e+03 -7.127069530674148279e-01
8.074077539099865135e+03 -7.127069530608962644e-01
8.074077539102532683e+03 -7.127069530578097334e-01
8.074077539103868730e+03 -7.127069530559229094e-01
8.074077539104534480e+03 -7.127069530554944743e-01
8.074077539104869174e+03 -7.127069530546792375e-01
8.074077539105034703e+03 -7.127069530548725274e-01
8.074077539105119286e+03 -7.127069530543679310e-01
8.074077539105160213e+03 -7.127069530545451226e-01
