3.668000000000000000e+03 9.866746055553701211e-01
3.851400000000000091e+03 9.842667585251400064e-01
4.034800000000000182e+03 9.818279043935014272e-01
4.218199999999999818e+03 9.793568229495510646e-01
4.401599999999999454e+03 9.768524515890023574e-01
4.585000000000000000e+03 9.743130035202605121e-01
4.768400000000000546e+03 9.717367580490872125e-01
4.951800000000000182e+03 9.690270272425098863e-01
5.135199999999999818e+03 9.662372951305243651e-01
5.318599999999999454e+03 9.628849995953696617e-01
5.502000000000000000e+03 9.594148678357916626e-01
5.685399999999999636e+03 9.551094256047631958e-01
5.868800000000000182e+03 9.505980018595802106e-01
6.052199999999999818e+03 9.459396408586577820e-01
6.235600000000000364e+03 9.411306216762284071e-01
6.419000000000000000e+03 9.361026191293817522e-01
6.602400000000000546e+03 9.308509680833423339e-01
6.785800000000000182e+03 9.253700686815220511e-01
6.969200000000001637e+03 9.195467775363524998e-01
7.152600000000000364e+03 9.098148330153545960e-01
7.336000000000000000e+03 8.969557698585706174e-01
7.519400000000000546e+03 8.831449461625835440e-01
7.702800000000002001e+03 8.644608009749190636e-01
7.886200000000001637e+03 8.377467081163989526e-01
7.977900000000000546e+03 8.152541874629695151e-01
8.023750000000000000e+03 7.936686518879523256e-01
8.046675000000002001e+03 7.798195752062890840e-01
8.069600000000000364e+03 7.605849196221134978e-01
8.072465625000001637e+03 7.573317570839809276e-01
8.073898437500001819e+03 7.551171126936050415e-01
8.073987988281252001e+03 7.552364482662418110e-01
8.074032763671876637e+03 7.552962328286555449e-01
8.074055151367189865e+03 7.553261544408095274e-01
8.074066345214845569e+03 7.553411225968499343e-01
8.074071942138673876e+03 7.553486085145366680e-01
8.074074740600587575e+03 7.553523519335562098e-01
8.074076139831545333e+03 7.553542237581485352e-01
8.074077539062500364e+03 7.553560955694741397e-01
8.074077539083852571e+03 7.553560955980300751e-01
8.074077539094526401e+03 7.553560956123003267e-01
8.074077539099865135e+03 7.553560956194406151e-01
8.074077539102532683e+03 7.553560956230134238e-01
8.074077539103868730e+03 7.553560956248014380e-01
8.074077539104534480e+03 7.553560956256917258e-01
8.074077539104869174e+03 7.553560956261375914e-01
8.074077539105034703e+03 7.553560956263611903e-01
8.074077539105119286e+03 7.553560956264685489e-01
8.074077539105160213e+03 7.553560956265216175e-01
