3.668000000000000000e+03 1.400496159352087311e+01
3.851400000000000091e+03 1.278422792515006279e+01
4.034800000000000182e+03 1.154520136632545757e+01
4.218199999999999818e+03 1.028668294143472117e+01
4.401599999999999454e+03 9.007906075940347534e+00
4.585000000000000000e+03 7.705465363344146112e+00
4.768400000000000546e+03 6.376488965553329002e+00
4.951800000000000182e+03 5.014141352560632647e+00
5.135199999999999818e+03 3.622917024123164520e+00
5.318599999999999454e+03 2.160186368311304950e+00
5.502000000000000000e+03 6.518184909028681417e-01
5.685399999999999636e+03 -9.104681058665499149e-01
5.868800000000000182e+03 -2.520493661790750295e+00
6.052199999999999818e+03 -4.182055008523803075e+00
6.235600000000000364e+03 -5.900807545974828372e+00
6.419000000000000000e+03 -7.702722297553648900e+00
6.602400000000000546e+03 -9.590329059764751918e+00
6.785800000000000182e+03 -1.156515745843988086e+01
6.969200000000001637e+03 -1.366984660717618816e+01
7.152600000000000364e+03 -1.591771117085843379e+01
7.336000000000000000e+03 -1.832493275512580411e+01
7.519400000000000546e+03 -2.089587551040580493e+01
7.702800000000002001e+03 -2.375945165012476679e+01
7.886200000000001637e+03 -2.714164972724824310e+01
7.977900000000000546e+03 -2.967294047412372393e+01
8.023750000000000000e+03 -3.206532011868926446e+01
8.046675000000002001e+03 -3.360084883471346018e+01
8.069600000000000364e+03 -3.573739897661088349e+01
8.072465625000001637e+03 -3.609941504900861986e+01
8.073898437500001819e+03 -3.633667317391764584e+01
8.073987988281252001e+03 -3.632804145256268669e+01
8.074032763671876637e+03 -3.632371603672662275e+01
8.074055151367189865e+03 -3.632155092900059401e+01
8.074066345214845569e+03 -3.632046777379922986e+01
8.074071942138673876e+03 -3.631992604568922900e+01
8.074074740600587575e+03 -3.631965514398564920e+01
8.074076139831545333e+03 -3.631951968371912187e+01
8.074077539062500364e+03 -3.631938422399741029e+01
8.074077539083852571e+03 -3.631938422193071858e+01
8.074077539094526401e+03 -3.631938422089816498e+01
8.074077539099865135e+03 -3.631938422038157199e+01
8.074077539102532683e+03 -3.631938422012292733e+01
8.074077539103868730e+03 -3.631938421999353750e+01
8.074077539104534480e+03 -3.631938421992919785e+01
8.074077539104869174e+03 -3.631938421989686816e+01
8.074077539105034703e+03 -3.631938421988086674e+01
8.074077539105119286e+03 -3.631938421987305787e+01
8.074077539105160213e+03 -3.631938421986915699e+01
