3.668000000000000000e+03 1.049027985970322732e+02
3.851400000000000091e+03 1.076334440731985609e+02
4.034800000000000182e+03 1.105148741862908821e+02
4.218199999999999818e+03 1.135722154833284776e+02
4.401599999999999454e+03 1.166820133661800725e+02
4.585000000000000000e+03 1.198437476344741270e+02
4.768400000000000546e+03 1.294723879304101786e+02
4.951800000000000182e+03 1.444008723655304891e+02
5.135199999999999818e+03 1.602368709374600826e+02
5.318599999999999454e+03 1.777401065233631243e+02
5.502000000000000000e+03 1.959915444026672162e+02
5.685399999999999636e+03 2.146257157787438814e+02
5.868800000000000182e+03 2.336581246080139636e+02
6.052199999999999818e+03 2.531099929561308670e+02
6.235600000000000364e+03 2.730070418561709857e+02
6.419000000000000000e+03 2.799999999999995453e+02
6.602400000000000546e+03 2.799999999999985789e+02
6.785800000000000182e+03 2.799999999999989200e+02
6.969200000000001637e+03 2.800000000000004547e+02
7.152600000000000364e+03 2.800000000000000000e+02
7.336000000000000000e+03 2.800000000000000568e+02
7.519400000000000546e+03 2.799999999999986926e+02
7.702800000000002001e+03 2.799999999999996589e+02
7.886200000000001637e+03 2.800000000000001137e+02
7.977900000000000546e+03 2.800000000000001705e+02
8.023750000000000000e+03 2.799999999999993179e+02
8.046675000000002001e+03 2.799999999999997158e+02
8.069600000000000364e+03 2.800000000000000568e+02
8.072465625000001637e+03 2.799999999999985221e+02
8.073898437500001819e+03 2.800000000000009663e+02
8.073987988281252001e+03 2.800000000000003411e+02
8.074032763671876637e+03 2.799999999999982379e+02
8.074055151367189865e+03 2.799999999999987494e+02
8.074066345214845569e+03 2.799999999999991473e+02
8.074071942138673876e+03 2.799999999999980105e+02
8.074074740600587575e+03 2.799999999999988631e+02
8.074076139831545333e+03 2.799999999999993179e+02
8.074077539062500364e+03 2.800000000000781029e+02
8.074077539083852571e+03 2.800000000000766249e+02
8.074077539094526401e+03 2.800000000000781597e+02
8.074077539099865135e+03 2.800000000000774207e+02
8.074077539102532683e+03 2.800000000000787850e+02
8.074077539103868730e+03 2.800000000000785008e+02
8.074077539104534480e+03 2.800000000000778755e+02
8.074077539104869174e+03 2.800000000000791260e+02
8.074077539105034703e+03 2.800000000000776481e+02
8.074077539105119286e+03 2.800000000000769091e+02
8.074077539105160213e+03 2.800000000000791829e+02
