3.668000000000000000e+03 9.888055882784124728e-01
3.851400000000000091e+03 9.870281885659532017e-01
4.034800000000000182e+03 9.851901699643379473e-01
4.218199999999999818e+03 9.832796375891609264e-01
4.401599999999999454e+03 9.813518546367031581e-01
4.585000000000000000e+03 9.794067779538774277e-01
4.768400000000000546e+03 9.768443636193392399e-01
4.951800000000000182e+03 9.730023850590522327e-01
5.135199999999999818e+03 9.689135158353370247e-01
5.318599999999999454e+03 9.644685140273527857e-01
5.502000000000000000e+03 9.598577472012284062e-01
5.685399999999999636e+03 9.551588180671851669e-01
5.868800000000000182e+03 9.503683736940534699e-01
6.052199999999999818e+03 9.454823474424450813e-01
6.235600000000000364e+03 9.404965039552966033e-01
6.419000000000000000e+03 9.335376040054409463e-01
6.602400000000000546e+03 9.253590239393318928e-01
6.785800000000000182e+03 9.169091384074389284e-01
6.969200000000001637e+03 9.081556919065190137e-01
7.152600000000000364e+03 8.990637876294951258e-01
7.336000000000000000e+03 8.895919480795486667e-01
7.519400000000000546e+03 8.796921357526810148e-01
7.702800000000002001e+03 8.692540306709163334e-01
7.886200000000001637e+03 8.579649725314490993e-01
7.977900000000000546e+03 8.507004870540675334e-01
8.023750000000000000e+03 8.426810495928073186e-01
8.046675000000002001e+03 8.376481832842617159e-01
8.069600000000000364e+03 8.299894918539832966e-01
8.072465625000001637e+03 8.286070096832067744e-01
8.073898437500001819e+03 8.277131513373892080e-01
8.073987988281252001e+03 8.277386244584575836e-01
8.074032763671876637e+03 8.277513919597193626e-01
8.074055151367189865e+03 8.277577834810124768e-01
8.074066345214845569e+03 8.277609811887892688e-01
8.074071942138673876e+03 8.277625805300248274e-01
8.074074740600587575e+03 8.277633803225449283e-01
8.074076139831545333e+03 8.277637802492915364e-01
8.074077539062500364e+03 8.277641801764600293e-01
8.074077539083852571e+03 8.277641801825609269e-01
8.074077539094526401e+03 8.277641801856097103e-01
8.074077539099865135e+03 8.277641801871336025e-01
8.074077539102532683e+03 8.277641801878996564e-01
8.074077539103868730e+03 8.277641801882803518e-01
8.074077539104534480e+03 8.277641801884703110e-01
8.074077539104869174e+03 8.277641801885667894e-01
8.074077539105034703e+03 8.277641801886134187e-01
8.074077539105119286e+03 8.277641801886349571e-01
8.074077539105160213e+03 8.277641801886478357e-01
