3.668000000000000000e+03 1.040000000000000036e+00
3.851400000000000091e+03 1.040000000000000036e+00
4.034800000000000182e+03 1.040000000000000036e+00
4.218199999999999818e+03 1.040000000000000036e+00
4.401599999999999454e+03 1.040000000000000036e+00
4.585000000000000000e+03 1.040000000000000036e+00
4.768400000000000546e+03 1.040000000000000036e+00
4.951800000000000182e+03 1.040000000000000036e+00
5.135199999999999818e+03 1.040000000000000036e+00
5.318599999999999454e+03 1.040000000000000036e+00
5.502000000000000000e+03 1.040000000000000036e+00
5.685399999999999636e+03 1.040000000000000036e+00
5.868800000000000182e+03 1.040000000000000036e+00
6.052199999999999818e+03 1.040000000000000036e+00
6.235600000000000364e+03 1.040000000000000036e+00
6.419000000000000000e+03 1.036711514901228259e+00
6.602400000000000546e+03 1.031527473207428436e+00
6.785800000000000182e+03 1.026149984539401983e+00
6.969200000000001637e+03 1.020550511618229628e+00
7.152600000000000364e+03 1.014700940037167820e+00
7.336000000000000000e+03 1.008567578049658797e+00
7.519400000000000546e+03 1.002112732315247445e+00
7.702800000000002001e+03 9.952237600264828288e-01
7.886200000000001637e+03 9.875575505606976057e-01
7.977900000000000546e+03 9.821034930381525863e-01
8.023750000000000000e+03 9.750127583316772206e-01
8.046675000000002001e+03 9.704602419522235790e-01
8.069600000000000364e+03 9.632863487120683077e-01
8.072465625000001637e+03 9.619661960082545038e-01
8.073898437500001819e+03 9.611025195108489072e-01
8.073987988281252001e+03 9.611308001481239094e-01
8.074032763671876637e+03 9.611449722859759515e-01
8.074055151367189865e+03 9.611520663462681524e-01
8.074066345214845569e+03 9.611556153788564094e-01
8.074071942138673876e+03 9.611573903963426257e-01
8.074074740600587575e+03 9.611582780304518403e-01
8.074076139831545333e+03 9.611587218788590903e-01
8.074077539062500364e+03 9.611591657273739209e-01
8.074077539083852571e+03 9.611591657341450601e-01
8.074077539094526401e+03 9.611591657375289088e-01
8.074077539099865135e+03 9.611591657392202226e-01
8.074077539102532683e+03 9.611591657400699873e-01
8.074077539103868730e+03 9.611591657404926492e-01
8.074077539104534480e+03 9.611591657407039246e-01
8.074077539104869174e+03 9.611591657408108391e-01
8.074077539105034703e+03 9.611591657408623535e-01
8.074077539105119286e+03 9.611591657408864453e-01
8.074077539105160213e+03 9.611591657409008782e-01
