3.668000000000000000e+03 6.070000000000001137e+02
3.851400000000000091e+03 6.295031799999997020e+02
4.034800000000000182e+03 6.520063599999999724e+02
4.218199999999999818e+03 6.745095399999997881e+02
4.401599999999999454e+03 6.970127200000001721e+02
4.585000000000000000e+03 7.195159000000003289e+02
4.768400000000000546e+03 7.420190799999996898e+02
4.951800000000000182e+03 7.645222599999996191e+02
5.135199999999999818e+03 7.870254400000000032e+02
5.318599999999999454e+03 8.095286199999998189e+02
5.502000000000000000e+03 8.320318000000002030e+02
5.685399999999999636e+03 8.545349800000002460e+02
5.868800000000000182e+03 8.770381600000000617e+02
6.052199999999999818e+03 8.995413399999995363e+02
6.235600000000000364e+03 9.220445200000002615e+02
6.419000000000000000e+03 9.445476999999996224e+02
6.602400000000000546e+03 9.670508800000003475e+02
6.785800000000000182e+03 9.895540599999994811e+02
6.969200000000001637e+03 1.012057239999999638e+03
7.152600000000000364e+03 1.034560419999999795e+03
7.336000000000000000e+03 1.057063599999999269e+03
7.519400000000000546e+03 1.079566779999999881e+03
7.702800000000002001e+03 1.102069959999999583e+03
7.886200000000001637e+03 1.124573140000000421e+03
7.977900000000000546e+03 1.135824730000000500e+03
8.023750000000000000e+03 1.141450524999999971e+03
8.046675000000002001e+03 1.144263422499999933e+03
8.069600000000000364e+03 1.147076319999999669e+03
8.072465625000001637e+03 1.147427932187500119e+03
8.073898437500001819e+03 1.147603738281250344e+03
8.073987988281252001e+03 1.147614726162109719e+03
8.074032763671876637e+03 1.147620220102539179e+03
8.074055151367189865e+03 1.147622967072753681e+03
8.074066345214845569e+03 1.147624340557860478e+03
8.074071942138673876e+03 1.147625027300414331e+03
8.074074740600587575e+03 1.147625370671691826e+03
8.074076139831545333e+03 1.147625542357330005e+03
8.074077539062500364e+03 1.147625714042964091e+03
8.074077539083852571e+03 1.147625714045583891e+03
8.074077539094526401e+03 1.147625714046893108e+03
8.074077539099865135e+03 1.147625714047548854e+03
8.074077539102532683e+03 1.147625714047876272e+03
8.074077539103868730e+03 1.147625714048040209e+03
8.074077539104534480e+03 1.147625714048121381e+03
8.074077539104869174e+03 1.147625714048162763e+03
8.074077539105034703e+03 1.147625714048182999e+03
8.074077539105119286e+03 1.147625714048193231e+03
8.074077539105160213e+03 1.147625714048198688e+03
