3.668000000000000000e+03 2.037283377064139600e+01
3.851400000000000091e+03 2.012941320506430642e+01
4.034800000000000182e+03 1.987242236518655147e+01
4.218199999999999818e+03 1.960250057035931803e+01
4.401599999999999454e+03 1.932265445114806468e+01
4.585000000000000000e+03 1.903218355743905832e+01
4.768400000000000546e+03 1.872723150848574747e+01
4.951800000000000182e+03 1.841390196196068629e+01
5.135199999999999818e+03 1.807874997706833753e+01
5.318599999999999454e+03 1.771229560868028940e+01
5.502000000000000000e+03 1.732146275373453648e+01
5.685399999999999636e+03 1.690833968226522543e+01
5.868800000000000182e+03 1.647229945789755945e+01
6.052199999999999818e+03 1.601216726092162546e+01
6.235600000000000364e+03 1.552589346580171892e+01
6.419000000000000000e+03 1.499147300923524639e+01
6.602400000000000546e+03 1.441148150650168702e+01
6.785800000000000182e+03 1.379199187226449830e+01
6.969200000000001637e+03 1.312717141734991699e+01
7.152600000000000364e+03 1.240995052715334879e+01
7.336000000000000000e+03 1.163382611829444535e+01
7.519400000000000546e+03 1.079261986982104737e+01
7.702800000000002001e+03 9.865065469531469233e+00
7.886200000000001637e+03 8.819473330673107014e+00
7.977900000000000546e+03 8.120270158901019997e+00
8.023750000000000000e+03 7.340812643259062575e+00
8.046675000000002001e+03 6.841187266407374956e+00
8.069600000000000364e+03 6.085197633158411890e+00
8.072465625000001637e+03 5.949070531209046386e+00
8.073898437500001819e+03 5.860721343618440216e+00
8.073987988281252001e+03 5.863308107600796681e+00
8.074032763671876637e+03 5.864604456741520977e+00
8.074055151367189865e+03 5.865253376502657545e+00
8.074066345214845569e+03 5.865578023109061512e+00
8.074071942138673876e+03 5.865740393147769183e+00
8.074074740600587575e+03 5.865821589857507234e+00
8.074076139831545333e+03 5.865862191135851944e+00
8.074077539062500364e+03 5.865902792448034475e+00
8.074077539083852571e+03 5.865902793067401255e+00
8.074077539094526401e+03 5.865902793376960744e+00
8.074077539099865135e+03 5.865902793531719617e+00
8.074077539102532683e+03 5.865902793609315324e+00
8.074077539103868730e+03 5.865902793648074542e+00
8.074077539104534480e+03 5.865902793667312487e+00
8.074077539104869174e+03 5.865902793677122418e+00
8.074077539105034703e+03 5.865902793681818217e+00
8.074077539105119286e+03 5.865902793684063532e+00
8.074077539105160213e+03 5.865902793685354943e+00
