3.668000000000000000e+03 2.996496456156278398e+01
3.851400000000000091e+03 2.941064953512245950e+01
4.034800000000000182e+03 2.883993825435612379e+01
4.218199999999999818e+03 2.825215568224671259e+01
4.401599999999999454e+03 2.764660601331920731e+01
4.585000000000000000e+03 2.701954762270993271e+01
4.768400000000000546e+03 2.636930695502680067e+01
4.951800000000000182e+03 2.569399206434466265e+01
5.135199999999999818e+03 2.499473043579985188e+01
5.318599999999999454e+03 2.425950275584250804e+01
5.502000000000000000e+03 2.349290614439796698e+01
5.685399999999999636e+03 2.268283449252633943e+01
5.868800000000000182e+03 2.183358852438677644e+01
6.052199999999999818e+03 2.094198696177219432e+01
6.235600000000000364e+03 2.000613498434639581e+01
6.419000000000000000e+03 1.900147778951402344e+01
6.602400000000000546e+03 1.792476902995653631e+01
6.785800000000000182e+03 1.678003010601080547e+01
6.969200000000001637e+03 1.554937031917904910e+01
7.152600000000000364e+03 1.420169237077820767e+01
7.336000000000000000e+03 1.272321651976089818e+01
7.519400000000000546e+03 1.110999474821703004e+01
7.702800000000002001e+03 9.250826727688581386e+00
7.886200000000001637e+03 6.949850579415572938e+00
7.977900000000000546e+03 5.153974905242818316e+00
8.023750000000000000e+03 3.269665313742012636e+00
8.046675000000002001e+03 2.029535499078489291e+00
8.069600000000000364e+03 2.507657935506127367e-01
8.072465625000001637e+03 -5.739951558932341463e-02
8.073898437500001819e+03 -2.618877133823969694e-01
8.073987988281252001e+03 -2.537218462533732954e-01
8.074032763671876637e+03 -2.496305308949108848e-01
8.074055151367189865e+03 -2.475827680935762387e-01
8.074066345214845569e+03 -2.465583591951999165e-01
8.074071942138673876e+03 -2.460460227181903992e-01
8.074074740600587575e+03 -2.457898214539707138e-01
8.074076139831545333e+03 -2.456617125632874210e-01
8.074077539062500364e+03 -2.455336041172247741e-01
8.074077539083852571e+03 -2.455336021626807752e-01
8.074077539094526401e+03 -2.455336011861201928e-01
8.074077539099865135e+03 -2.455336006975248619e-01
8.074077539102532683e+03 -2.455336004529206362e-01
8.074077539103868730e+03 -2.455336003305722548e-01
8.074077539104534480e+03 -2.455336002697013631e-01
8.074077539104869174e+03 -2.455336002391398098e-01
8.074077539105034703e+03 -2.455336002239779103e-01
8.074077539105119286e+03 -2.455336002166083054e-01
8.074077539105160213e+03 -2.455336002129047124e-01
