3.668000000000000000e+03 -9.000000000000014211e+00
3.851400000000000091e+03 -8.669879999999977827e+00
4.034800000000000182e+03 -8.339760000000012496e+00
4.218199999999999818e+03 -8.009639999999961901e+00
4.401599999999999454e+03 -7.679519999999826041e+00
4.585000000000000000e+03 -7.349400000000102295e+00
4.768400000000000546e+03 -7.019279999999895381e+00
4.951800000000000182e+03 -6.689159999999972683e+00
5.135199999999999818e+03 -6.359039999999922088e+00
5.318599999999999454e+03 -6.028919999999871493e+00
5.502000000000000000e+03 -5.698800000000105115e+00
5.685399999999999636e+03 -5.368680000000011887e+00
5.868800000000000182e+03 -5.038560000000117611e+00
6.052199999999999818e+03 -4.708439999999896486e+00
6.235600000000000364e+03 -4.378319999999959578e+00
6.419000000000000000e+03 -4.048199999999980037e+00
6.602400000000000546e+03 -3.718080000000071550e+00
6.785800000000000182e+03 -3.387960000000035166e+00
6.969200000000001637e+03 -3.057839999999941938e+00
7.152600000000000364e+03 -2.727720000000019240e+00
7.336000000000000000e+03 -2.397600000000196019e+00
7.519400000000000546e+03 -2.067479999999903839e+00
7.702800000000002001e+03 -1.737360000000052196e+00
7.886200000000001637e+03 -1.407239999999916336e+00
7.977900000000000546e+03 -1.242180000000104201e+00
8.023750000000000000e+03 -1.159649999999800229e+00
8.046675000000002001e+03 -1.118385000000301943e+00
8.069600000000000364e+03 -1.077119999999979427e+00
8.072465625000001637e+03 -1.071961874999942665e+00
8.073898437500001819e+03 -1.069382812500066393e+00
8.073987988281252001e+03 -1.069221621093959129e+00
8.074032763671876637e+03 -1.069141025390649702e+00
8.074055151367189865e+03 -1.069100727539165518e+00
8.074066345214845569e+03 -1.069080578613352372e+00
8.074071942138673876e+03 -1.069070504150488432e+00
8.074074740600587575e+03 -1.069065466918800666e+00
8.074076139831545333e+03 -1.069062948303212579e+00
8.074077539062500364e+03 -1.069060429674550505e+00
8.074077539083852571e+03 -1.069060429635840137e+00
8.074077539094526401e+03 -1.069060429616570218e+00
8.074077539099865135e+03 -1.069060429606963680e+00
8.074077539102532683e+03 -1.069060429602131990e+00
8.074077539103868730e+03 -1.069060429599829831e+00
8.074077539104534480e+03 -1.069060429598749806e+00
8.074077539104869174e+03 -1.069060429598039264e+00
8.074077539105034703e+03 -1.069060429597612938e+00
8.074077539105119286e+03 -1.069060429597726625e+00
8.074077539105160213e+03 -1.069060429597641360e+00
