3.668000000000000000e+03 1.042918205113094299e+00
3.851400000000000091e+03 1.042238484663400078e+00
4.034800000000000182e+03 1.041532261989180475e+00
4.218199999999999818e+03 1.040799330363786357e+00
4.401599999999999454e+03 1.040039471211049449e+00
4.585000000000000000e+03 1.039252453746343896e+00
4.768400000000000546e+03 1.038438034591849579e+00
4.951800000000000182e+03 1.037595957364451982e+00
5.135199999999999818e+03 1.036725952234570425e+00
5.318599999999999454e+03 1.035827735454063703e+00
5.502000000000000000e+03 1.034901008851166759e+00
5.685399999999999636e+03 1.033945459290248836e+00
5.868800000000000182e+03 1.032960758093962594e+00
6.052199999999999818e+03 1.031946560425130333e+00
6.235600000000000364e+03 1.030902504625469174e+00
6.419000000000000000e+03 1.029828211507974212e+00
6.602400000000000546e+03 1.028723283599476623e+00
6.785800000000000182e+03 1.027217156586147651e+00
6.969200000000001637e+03 1.023937146938063592e+00
7.152600000000000364e+03 1.020494413559801972e+00
7.336000000000000000e+03 1.016877926016402922e+00
7.519400000000000546e+03 1.013082312446538458e+00
7.702800000000002001e+03 1.009048138154116092e+00
7.886200000000001637e+03 1.004665625632101156e+00
7.977900000000000546e+03 9.986837648290616265e-01
8.023750000000000000e+03 9.923836770659604234e-01
8.046675000000002001e+03 9.886132358068393522e-01
8.069600000000000364e+03 9.838737306627481916e-01
8.072465625000001637e+03 9.831372018457890105e-01
8.073898437500001819e+03 9.826842765825057890e-01
8.073987988281252001e+03 9.826913812636791645e-01
8.074032763671876637e+03 9.826949495558439107e-01
8.074055151367189865e+03 9.826967377080424448e-01
8.074066345214845569e+03 9.826976327879629602e-01
8.074071942138673876e+03 9.826980805791678542e-01
8.074074740600587575e+03 9.826983045376143089e-01
8.074076139831545333e+03 9.826984165325552967e-01
8.074077539062500364e+03 9.826985285267170189e-01
8.074077539083852571e+03 9.826985285284258742e-01
8.074077539094526401e+03 9.826985285292789696e-01
8.074077539099865135e+03 9.826985285297052952e-01
8.074077539102532683e+03 9.826985285299193462e-01
8.074077539103868730e+03 9.826985285300265938e-01
8.074077539104534480e+03 9.826985285300787742e-01
8.074077539104869174e+03 9.826985285301059747e-01
8.074077539105034703e+03 9.826985285301187423e-01
8.074077539105119286e+03 9.826985285301257367e-01
8.074077539105160213e+03 9.826985285301290673e-01
