3.668000000000000000e+03 9.915942809325153373e-01
3.851400000000000091e+03 9.911676497081366444e-01
4.034800000000000182e+03 9.903023178946873673e-01
4.218199999999999818e+03 9.888948912635759925e-01
4.401599999999999454e+03 9.874610559369184637e-01
4.585000000000000000e+03 9.860006255098396899e-01
4.768400000000000546e+03 9.844893162944294840e-01
4.951800000000000182e+03 9.828816518011123105e-01
5.135199999999999818e+03 9.809684908664889624e-01
5.318599999999999454e+03 9.783532918173071247e-01
5.502000000000000000e+03 9.754838880404054224e-01
5.685399999999999636e+03 9.725481989696529439e-01
5.868800000000000182e+03 9.695438347055653772e-01
6.052199999999999818e+03 9.664681729318168601e-01
6.235600000000000364e+03 9.633183382867390732e-01
6.419000000000000000e+03 9.596514480799224200e-01
6.602400000000000546e+03 9.556388239919844096e-01
6.785800000000000182e+03 9.514997840471732804e-01
6.969200000000001637e+03 9.472233414395381246e-01
7.152600000000000364e+03 9.427974116900953439e-01
7.336000000000000000e+03 9.382078571658473143e-01
7.519400000000000546e+03 9.334383736899054540e-01
7.702800000000002001e+03 9.284581076978181136e-01
7.886200000000001637e+03 9.231935552913120846e-01
7.977900000000000546e+03 9.202027933761464107e-01
8.023750000000000000e+03 9.178692301732180869e-01
8.046675000000002001e+03 9.165038715360862565e-01
8.069600000000000364e+03 9.142144734997693645e-01
8.072465625000001637e+03 9.137827824546943534e-01
8.073898437500001819e+03 9.135113921835044115e-01
8.073987988281252001e+03 9.135167467793527951e-01
8.074032763671876637e+03 9.135194326511564267e-01
8.074055151367189865e+03 9.135207777403597795e-01
8.074066345214845569e+03 9.135214508245242948e-01
8.074071942138673876e+03 9.135217875016533595e-01
8.074074740600587575e+03 9.135219558739976486e-01
8.074076139831545333e+03 9.135220400686178133e-01
8.074077539062500364e+03 9.135221242633430050e-01
8.074077539083852571e+03 9.135221242646272000e-01
8.074077539094526401e+03 9.135221242652690199e-01
8.074077539099865135e+03 9.135221242655897633e-01
8.074077539102532683e+03 9.135221242657511898e-01
8.074077539103868730e+03 9.135221242658314589e-01
8.074077539104534480e+03 9.135221242658713159e-01
8.074077539104869174e+03 9.135221242658918550e-01
8.074077539105034703e+03 9.135221242659015140e-01
8.074077539105119286e+03 9.135221242659057328e-01
8.074077539105160213e+03 9.135221242659088414e-01
