3.668000000000000000e+03 3.099805888952663580e+01
3.851400000000000091e+03 3.103992946345676174e+01
4.034800000000000182e+03 3.107616456858419696e+01
4.218199999999999818e+03 3.110722340372825556e+01
4.401599999999999454e+03 3.112996249136371318e+01
4.585000000000000000e+03 3.114371261315325157e+01
4.768400000000000546e+03 3.114751114589133252e+01
4.951800000000000182e+03 3.117214043447138039e+01
5.135199999999999818e+03 3.119257535691388128e+01
5.318599999999999454e+03 3.120844104559365562e+01
5.502000000000000000e+03 3.121389760780959222e+01
5.685399999999999636e+03 3.120731855935792254e+01
5.868800000000000182e+03 3.118866136683250900e+01
6.052199999999999818e+03 3.115739703148863882e+01
6.235600000000000364e+03 3.111224161400100385e+01
6.419000000000000000e+03 3.105846367003291775e+01
6.602400000000000546e+03 3.099108888228840897e+01
6.785800000000000182e+03 3.090459633279738938e+01
6.969200000000001637e+03 3.079525836262222072e+01
7.152600000000000364e+03 3.065845851558490764e+01
7.336000000000000000e+03 3.049050941764046385e+01
7.519400000000000546e+03 3.028849896278052611e+01
7.702800000000002001e+03 3.003638430696775785e+01
7.886200000000001637e+03 2.971168026938363482e+01
7.977900000000000546e+03 2.941263171713674396e+01
8.023750000000000000e+03 2.890600909613960923e+01
8.046675000000002001e+03 2.856097732557675073e+01
8.069600000000000364e+03 2.804174768277564311e+01
8.072465625000001637e+03 2.794826765522618928e+01
8.073898437500001819e+03 2.788615391604939830e+01
8.073987988281252001e+03 2.788842409492893282e+01
8.074032763671876637e+03 2.788956140213068835e+01
8.074055151367189865e+03 2.789013061272071070e+01
8.074066345214845569e+03 2.789041535758360979e+01
8.074071942138673876e+03 2.789055776494749850e+01
8.074074740600587575e+03 2.789062897736748781e+01
8.074076139831545333e+03 2.789066458576258256e+01
8.074077539062500364e+03 2.789070019417168922e+01
8.074077539083852571e+03 2.789070019471494533e+01
8.074077539094526401e+03 2.789070019498643305e+01
8.074077539099865135e+03 2.789070019512219289e+01
8.074077539102532683e+03 2.789070019519023091e+01
8.074077539103868730e+03 2.789070019522421617e+01
8.074077539104534480e+03 2.789070019524110222e+01
8.074077539104869174e+03 2.789070019524970334e+01
8.074077539105034703e+03 2.789070019525383515e+01
8.074077539105119286e+03 2.789070019525584954e+01
8.074077539105160213e+03 2.789070019525693311e+01
