3.668000000000000000e+03 1.005000000000000115e+00
3.851400000000000091e+03 1.005000000000000115e+00
4.034800000000000182e+03 1.005000000000000115e+00
4.218199999999999818e+03 1.005000000000000115e+00
4.401599999999999454e+03 1.005000000000000115e+00
4.585000000000000000e+03 1.005000000000000115e+00
4.768400000000000546e+03 1.005000000000000115e+00
4.951800000000000182e+03 1.005000000000000115e+00
5.135199999999999818e+03 1.005000000000000115e+00
5.318599999999999454e+03 1.005000000000000115e+00
5.502000000000000000e+03 1.005000000000000115e+00
5.685399999999999636e+03 1.005000000000000115e+00
5.868800000000000182e+03 1.005000000000000115e+00
6.052199999999999818e+03 1.005000000000000115e+00
6.235600000000000364e+03 1.005000000000000115e+00
6.419000000000000000e+03 1.004040653839204600e+00
6.602400000000000546e+03 1.002366894245714013e+00
6.785800000000000182e+03 1.000573463651674322e+00
6.969200000000001637e+03 9.985961666749221255e-01
7.152600000000000364e+03 9.964407955814932327e-01
7.336000000000000000e+03 9.940893172948253032e-01
7.519400000000000546e+03 9.915377773082072466e-01
7.702800000000002001e+03 9.883769760185697750e-01
7.886200000000001637e+03 9.829375192828344598e-01
7.977900000000000546e+03 9.773306524795221106e-01
8.023750000000000000e+03 9.715227552349999796e-01
8.046675000000002001e+03 9.678012175442896048e-01
8.069600000000000364e+03 9.625988818201172137e-01
8.072465625000001637e+03 9.617145455492921435e-01
8.073898437500001819e+03 9.610828435212206422e-01
8.073987988281252001e+03 9.611301117388203474e-01
8.074032763671876637e+03 9.611537924796573762e-01
8.074055151367189865e+03 9.611656445627192458e-01
8.074066345214845569e+03 9.611715735392847293e-01
8.074071942138673876e+03 9.611745387621931647e-01
8.074074740600587575e+03 9.611760215574088884e-01
8.074076139831545333e+03 9.611767630009713237e-01
8.074077539062500364e+03 9.611775044390935552e-01
8.074077539083852571e+03 9.611775044504040633e-01
8.074077539094526401e+03 9.611775044560573189e-01
8.074077539099865135e+03 9.611775044588853900e-01
8.074077539102532683e+03 9.611775044603011464e-01
8.074077539103868730e+03 9.611775044610092467e-01
8.074077539104534480e+03 9.611775044613619645e-01
8.074077539104869174e+03 9.611775044615386010e-01
8.074077539105034703e+03 9.611775044616268637e-01
8.074077539105119286e+03 9.611775044616698294e-01
8.074077539105160213e+03 9.611775044616910346e-01
