3.668000000000000000e+03 -1.199999999999996980e+01
3.851400000000000091e+03 -1.155984000000003320e+01
4.034800000000000182e+03 -1.111968000000000956e+01
4.218199999999999818e+03 -1.067951999999998591e+01
4.401599999999999454e+03 -1.023935999999996227e+01
4.585000000000000000e+03 -9.799199999999938626e+00
4.768400000000000546e+03 -9.359040000000002024e+00
4.951800000000000182e+03 -8.918880000000022790e+00
5.135199999999999818e+03 -8.478719999999997370e+00
5.318599999999999454e+03 -8.038559999999931094e+00
5.502000000000000000e+03 -7.598399999999994492e+00
5.685399999999999636e+03 -7.158240000000014369e+00
5.868800000000000182e+03 -6.718079999999947205e+00
6.052199999999999818e+03 -6.277920000000010603e+00
6.235600000000000364e+03 -5.837759999999986960e+00
6.419000000000000000e+03 -5.397599999999963316e+00
6.602400000000000546e+03 -4.957440000000026714e+00
6.785800000000000182e+03 -4.517279999999959550e+00
6.969200000000001637e+03 -4.077120000000022948e+00
7.152600000000000364e+03 -3.636959999999999305e+00
7.336000000000000000e+03 -3.196800000000019182e+00
7.519400000000000546e+03 -2.756639999999952018e+00
7.702800000000002001e+03 -2.316479999999971895e+00
7.886200000000001637e+03 -1.876320000000035071e+00
7.977900000000000546e+03 -1.656240000000023471e+00
8.023750000000000000e+03 -1.546199999999974040e+00
8.046675000000002001e+03 -1.491179999999992845e+00
8.069600000000000364e+03 -1.436160000000011649e+00
8.072465625000001637e+03 -1.429282500000035760e+00
8.073898437500001819e+03 -1.425843750000026056e+00
8.073987988281252001e+03 -1.425628828125009129e+00
8.074032763671876637e+03 -1.425521367187500665e+00
8.074055151367189865e+03 -1.425467636718746434e+00
8.074066345214845569e+03 -1.425440771484391078e+00
8.074071942138673876e+03 -1.425427338867169880e+00
8.074074740600587575e+03 -1.425420622558602801e+00
8.074076139831545333e+03 -1.425417264404275741e+00
8.074077539062500364e+03 -1.425413905545827919e+00
8.074077539083852571e+03 -1.425413905494560485e+00
8.074077539094526401e+03 -1.425413905468970066e+00
8.074077539099865135e+03 -1.425413905456175190e+00
8.074077539102532683e+03 -1.425413905449733898e+00
8.074077539103868730e+03 -1.425413905446600626e+00
8.074077539104534480e+03 -1.425413905444903317e+00
8.074077539104869174e+03 -1.425413905444163465e+00
8.074077539105034703e+03 -1.425413905443728257e+00
8.074077539105119286e+03 -1.425413905443554174e+00
8.074077539105160213e+03 -1.425413905443423612e+00
