3.668000000000000000e+03 2.262015959328886083e+01
3.851400000000000091e+03 2.215906554378263493e+01
4.034800000000000182e+03 2.169207792109213884e+01
4.218199999999999818e+03 2.121898730820850432e+01
4.401599999999999454e+03 2.073871734283451929e+01
4.585000000000000000e+03 2.024231746437193635e+01
4.768400000000000546e+03 1.975358574947884804e+01
4.951800000000000182e+03 1.925101489454704407e+01
5.135199999999999818e+03 1.873642740807609286e+01
5.318599999999999454e+03 1.820510567726249107e+01
5.502000000000000000e+03 1.765865957011884291e+01
5.685399999999999636e+03 1.709438256549374202e+01
5.868800000000000182e+03 1.651261168387809519e+01
6.052199999999999818e+03 1.591193888884731145e+01
6.235600000000000364e+03 1.529142819573607426e+01
6.419000000000000000e+03 1.462931662770467156e+01
6.602400000000000546e+03 1.392715881145219115e+01
6.785800000000000182e+03 1.319066158246387133e+01
6.969200000000001637e+03 1.241123839410040475e+01
7.152600000000000364e+03 1.158012407270950206e+01
7.336000000000000000e+03 1.068966611798392030e+01
7.519400000000000546e+03 9.733441450081656399e+00
7.702800000000002001e+03 8.675758655374645301e+00
7.886200000000001637e+03 7.455573473309269339e+00
7.977900000000000546e+03 6.552984025043954830e+00
8.023750000000000000e+03 5.401234379567025456e+00
8.046675000000002001e+03 4.631741723928863408e+00
8.069600000000000364e+03 3.484593203047781973e+00
8.072465625000001637e+03 3.279337145948222343e+00
8.073898437500001819e+03 3.143765062600071936e+00
8.073987988281252001e+03 3.148471554644141523e+00
8.074032763671876637e+03 3.150829608249368086e+00
8.074055151367189865e+03 3.152009842460973044e+00
8.074066345214845569e+03 3.152600262112711604e+00
8.074071942138673876e+03 3.152895547662669884e+00
8.074074740600587575e+03 3.153043209379168932e+00
8.074076139831545333e+03 3.153117044974191874e+00
8.074077539062500364e+03 3.153190880627168013e+00
8.074077539083852571e+03 3.153190881753675345e+00
8.074077539094526401e+03 3.153190882316522003e+00
8.074077539099865135e+03 3.153190882598033706e+00
8.074077539102532683e+03 3.153190882739134171e+00
8.074077539103868730e+03 3.153190882809618234e+00
8.074077539104534480e+03 3.153190882844719933e+00
8.074077539104869174e+03 3.153190882862361821e+00
8.074077539105034703e+03 3.153190882871058864e+00
8.074077539105119286e+03 3.153190882875215983e+00
8.074077539105160213e+03 3.153190882877442647e+00
