3.668000000000000000e+03 2.981647442666634618e+00
3.851400000000000091e+03 8.360275430535935470e+00
4.034800000000000182e+03 1.271161939296185395e+01
4.218199999999999818e+03 1.712128192398731130e+01
4.401599999999999454e+03 2.159016488483973717e+01
4.585000000000000000e+03 2.611881541834198828e+01
4.768400000000000546e+03 3.000000000000019895e+01
4.951800000000000182e+03 3.000000000000019540e+01
5.135199999999999818e+03 2.999999999999849365e+01
5.318599999999999454e+03 3.000000000000010658e+01
5.502000000000000000e+03 3.000000000000016342e+01
5.685399999999999636e+03 3.000000000000050449e+01
5.868800000000000182e+03 3.000000000000061817e+01
6.052199999999999818e+03 3.000000000000032330e+01
6.235600000000000364e+03 3.000000000000094502e+01
6.419000000000000000e+03 2.999999999999978328e+01
6.602400000000000546e+03 3.000000000000001421e+01
6.785800000000000182e+03 2.999999999999909051e+01
6.969200000000001637e+03 3.000000000000020606e+01
7.152600000000000364e+03 3.000000000000036593e+01
7.336000000000000000e+03 2.999999999999999645e+01
7.519400000000000546e+03 2.999999999999970868e+01
7.702800000000002001e+03 3.000000000000014921e+01
7.886200000000001637e+03 2.999999999999985789e+01
7.977900000000000546e+03 2.999999999999958078e+01
8.023750000000000000e+03 2.999999999999955946e+01
8.046675000000002001e+03 3.000000000000004974e+01
8.069600000000000364e+03 3.000000000000109424e+01
8.072465625000001637e+03 3.000000000000045475e+01
8.073898437500001819e+03 3.000000000000068212e+01
8.073987988281252001e+03 2.999999999999996447e+01
8.074032763671876637e+03 3.000000000000068212e+01
8.074055151367189865e+03 3.000000000000058265e+01
8.074066345214845569e+03 2.999999999999985079e+01
8.074071942138673876e+03 2.999999999999978684e+01
8.074074740600587575e+03 2.999999999999986500e+01
8.074076139831545333e+03 3.000000000000029843e+01
8.074077539062500364e+03 2.999999999998050271e+01
8.074077539083852571e+03 2.999999999997948663e+01
8.074077539094526401e+03 2.999999999998060218e+01
8.074077539099865135e+03 2.999999999998149747e+01
8.074077539102532683e+03 2.999999999998028244e+01
8.074077539103868730e+03 2.999999999998088640e+01
8.074077539104534480e+03 2.999999999998020428e+01
8.074077539104869174e+03 2.999999999997967137e+01
8.074077539105034703e+03 2.999999999998092903e+01
8.074077539105119286e+03 2.999999999998036770e+01
8.074077539105160213e+03 2.999999999998086508e+01
