3.668000000000000000e+03 9.713927535986770501e-01
3.851400000000000091e+03 9.710805671588046417e-01
4.034800000000000182e+03 9.707672189770530924e-01
4.218199999999999818e+03 9.704527037790053878e-01
4.401599999999999454e+03 9.701370139333002074e-01
4.585000000000000000e+03 9.698201422296088836e-01
4.768400000000000546e+03 9.688256775127706000e-01
4.951800000000000182e+03 9.661277653341577842e-01
5.135199999999999818e+03 9.633882511519011871e-01
5.318599999999999454e+03 9.602783287240489463e-01
5.502000000000000000e+03 9.564902925636913356e-01
5.685399999999999636e+03 9.522124473797097810e-01
5.868800000000000182e+03 9.478577690445552095e-01
6.052199999999999818e+03 9.434227705653076557e-01
6.235600000000000364e+03 9.389016877116084236e-01
6.419000000000000000e+03 9.342761106996995135e-01
6.602400000000000546e+03 9.295449465779944687e-01
6.785800000000000182e+03 9.245828957410194837e-01
6.969200000000001637e+03 9.188997551885139670e-01
7.152600000000000364e+03 9.130232385952937735e-01
7.336000000000000000e+03 9.069401337278452102e-01
7.519400000000000546e+03 9.006459068644723232e-01
7.702800000000002001e+03 8.940638284840876082e-01
7.886200000000001637e+03 8.870592409687880764e-01
7.977900000000000546e+03 8.732502114601164989e-01
8.023750000000000000e+03 8.575084904376698569e-01
8.046675000000002001e+03 8.480382191563307082e-01
8.069600000000000364e+03 8.360810545760332113e-01
8.072465625000001637e+03 8.342177380291060373e-01
8.073898437500001819e+03 8.330720686677554054e-01
8.073987988281252001e+03 8.330896291200021730e-01
8.074032763671876637e+03 8.330984494592625911e-01
8.074055151367189865e+03 8.331028697028931562e-01
8.074066345214845569e+03 8.331050823489606350e-01
8.074071942138673876e+03 8.331061893037814414e-01
8.074074740600587575e+03 8.331067429392216006e-01
8.074076139831545333e+03 8.331070197964665081e-01
8.074077539062500364e+03 8.331072966519643686e-01
8.074077539083852571e+03 8.331072966561886561e-01
8.074077539094526401e+03 8.331072966582991901e-01
8.074077539099865135e+03 8.331072966593520146e-01
8.074077539102532683e+03 8.331072966598805918e-01
8.074077539103868730e+03 8.331072966601458241e-01
8.074077539104534480e+03 8.331072966602747210e-01
8.074077539104869174e+03 8.331072966603425556e-01
8.074077539105034703e+03 8.331072966603734198e-01
8.074077539105119286e+03 8.331072966603909613e-01
8.074077539105160213e+03 8.331072966603999541e-01
