3.668000000000000000e+03 1.186670050900674411e+01
3.851400000000000091e+03 2.128271225282168189e+01
4.034800000000000182e+03 3.084857697449850988e+01
4.218199999999999818e+03 4.057933434850409071e+01
4.401599999999999454e+03 5.054892878198931783e+01
4.585000000000000000e+03 6.428841935025076282e+01
4.768400000000000546e+03 6.999999999999835154e+01
4.951800000000000182e+03 7.000000000000326850e+01
5.135199999999999818e+03 7.000000000000282796e+01
5.318599999999999454e+03 6.999999999999666045e+01
5.502000000000000000e+03 6.999999999999677414e+01
5.685399999999999636e+03 6.999999999999768363e+01
5.868800000000000182e+03 6.999999999999870681e+01
6.052199999999999818e+03 7.000000000000019895e+01
6.235600000000000364e+03 6.999999999999792522e+01
6.419000000000000000e+03 6.999999999999943157e+01
6.602400000000000546e+03 7.000000000000025580e+01
6.785800000000000182e+03 7.000000000000140687e+01
6.969200000000001637e+03 7.000000000000343903e+01
7.152600000000000364e+03 6.999999999999903366e+01
7.336000000000000000e+03 6.999999999999970157e+01
7.519400000000000546e+03 7.000000000000088107e+01
7.702800000000002001e+03 6.999999999999975842e+01
7.886200000000001637e+03 6.999999999999927525e+01
7.977900000000000546e+03 6.999999999999950262e+01
8.023750000000000000e+03 6.999999999999944578e+01
8.046675000000002001e+03 7.000000000000025580e+01
8.069600000000000364e+03 7.000000000000090949e+01
8.072465625000001637e+03 7.000000000000088107e+01
8.073898437500001819e+03 7.000000000000004263e+01
8.073987988281252001e+03 6.999999999999907629e+01
8.074032763671876637e+03 6.999999999999795364e+01
8.074055151367189865e+03 6.999999999999968736e+01
8.074066345214845569e+03 7.000000000000027001e+01
8.074071942138673876e+03 7.000000000000049738e+01
8.074074740600587575e+03 7.000000000000081002e+01
8.074076139831545333e+03 7.000000000000021316e+01
8.074077539062500364e+03 7.000000000059493743e+01
8.074077539083852571e+03 7.000000000059516481e+01
8.074077539094526401e+03 7.000000000059500849e+01
8.074077539099865135e+03 7.000000000059678484e+01
8.074077539102532683e+03 7.000000000059418426e+01
8.074077539103868730e+03 7.000000000059424110e+01
8.074077539104534480e+03 7.000000000059827698e+01
8.074077539104869174e+03 7.000000000059722538e+01
8.074077539105034703e+03 7.000000000059644378e+01
8.074077539105119286e+03 7.000000000059479532e+01
8.074077539105160213e+03 7.000000000059422689e+01
