3.668000000000000000e+03 1.400666025021960870e+01
3.851400000000000091e+03 1.278272671729488330e+01
4.034800000000000182e+03 1.154076451438934114e+01
4.218199999999999818e+03 1.027952807146083636e+01
4.401599999999999454e+03 8.998261916411657069e+00
4.585000000000000000e+03 7.693652233940365015e+00
4.768400000000000546e+03 6.363873246685693097e+00
4.951800000000000182e+03 5.005551732376421370e+00
5.135199999999999818e+03 3.620008189597745396e+00
5.318599999999999454e+03 2.183483505950140291e+00
5.502000000000000000e+03 7.076539893775013468e-01
5.685399999999999636e+03 -8.200475300334554296e-01
5.868800000000000182e+03 -2.394289815008141531e+00
6.052199999999999818e+03 -4.018812060348741610e+00
6.235600000000000364e+03 -5.698575057862053761e+00
6.419000000000000000e+03 -7.458855138499278503e+00
6.602400000000000546e+03 -9.302595234703478155e+00
6.785800000000000182e+03 -1.123006092347021401e+01
6.969200000000001637e+03 -1.327764815441333290e+01
7.152600000000000364e+03 -1.546493913520923336e+01
7.336000000000000000e+03 -1.780786307350616582e+01
7.519400000000000546e+03 -2.031071057833201010e+01
7.702800000000002001e+03 -2.310095247701588050e+01
7.886200000000001637e+03 -2.640156036084422553e+01
7.977900000000000546e+03 -2.887300950977343206e+01
8.023750000000000000e+03 -3.125759515415870737e+01
8.046675000000002001e+03 -3.278841745034542043e+01
8.069600000000000364e+03 -3.491844324939297906e+01
8.072465625000001637e+03 -3.527933358458091817e+01
8.073898437500001819e+03 -3.551592703747455460e+01
8.073987988281252001e+03 -3.550728431915928240e+01
8.074032763671876637e+03 -3.550295340965760005e+01
8.074055151367189865e+03 -3.550078555630676647e+01
8.074066345214845569e+03 -3.549970102859555254e+01
8.074071942138673876e+03 -3.549915861430633157e+01
8.074074740600587575e+03 -3.549888736953207768e+01
8.074076139831545333e+03 -3.549875173773494907e+01
8.074077539062500364e+03 -3.549861610649004007e+01
8.074077539083852571e+03 -3.549861610442074067e+01
8.074077539094526401e+03 -3.549861610338687967e+01
8.074077539099865135e+03 -3.549861610286961167e+01
8.074077539102532683e+03 -3.549861610261064726e+01
8.074077539103868730e+03 -3.549861610248110111e+01
8.074077539104534480e+03 -3.549861610241667620e+01
8.074077539104869174e+03 -3.549861610238431098e+01
8.074077539105034703e+03 -3.549861610236828113e+01
8.074077539105119286e+03 -3.549861610236046516e+01
8.074077539105160213e+03 -3.549861610235655718e+01
