3.668000000000000000e+03 1.898052390522272859e+01
3.851400000000000091e+03 1.875822623365741038e+01
4.034800000000000182e+03 1.852514275356826090e+01
4.218199999999999818e+03 1.828058816852838930e+01
4.401599999999999454e+03 1.802610787955490679e+01
4.585000000000000000e+03 1.776100258492259343e+01
4.768400000000000546e+03 1.748141706549254337e+01
4.951800000000000182e+03 1.719365182492833100e+01
5.135199999999999818e+03 1.688741132581897020e+01
5.318599999999999454e+03 1.653894750631697264e+01
5.502000000000000000e+03 1.615829365543412877e+01
5.685399999999999636e+03 1.575521366534152357e+01
5.868800000000000182e+03 1.532907295167530926e+01
6.052199999999999818e+03 1.487868802251103695e+01
6.235600000000000364e+03 1.440199951731548644e+01
6.419000000000000000e+03 1.387440970531287299e+01
6.602400000000000546e+03 1.329949766992952931e+01
6.785800000000000182e+03 1.268462635260335070e+01
6.969200000000001637e+03 1.202390220589189163e+01
7.152600000000000364e+03 1.131018734496704248e+01
7.336000000000000000e+03 1.053689653712658192e+01
7.519400000000000546e+03 9.697754043040887950e+00
7.702800000000002001e+03 8.771308090701632310e+00
7.886200000000001637e+03 7.725424675641912486e+00
7.977900000000000546e+03 7.024068826486194794e+00
8.023750000000000000e+03 6.238629843769990302e+00
8.046675000000002001e+03 5.734832281322065128e+00
8.069600000000000364e+03 4.967539799121582611e+00
8.072465625000001637e+03 4.828876727733249830e+00
8.073898437500001819e+03 4.738860815855701958e+00
8.073987988281252001e+03 4.741502980651021382e+00
8.074032763671876637e+03 4.742827091112359561e+00
8.074055151367189865e+03 4.743489906831997338e+00
8.074066345214845569e+03 4.743821505250929604e+00
8.074071942138673876e+03 4.743987352155360604e+00
8.074074740600587575e+03 4.744070287537947905e+00
8.074076139831545333e+03 4.744111758212737229e+00
8.074077539062500364e+03 4.744153228922590060e+00
8.074077539083852571e+03 4.744153229555213791e+00
8.074077539094526401e+03 4.744153229871398203e+00
8.074077539099865135e+03 4.744153230029472645e+00
8.074077539102532683e+03 4.744153230108715036e+00
8.074077539103868730e+03 4.744153230148316247e+00
8.074077539104534480e+03 4.744153230167943214e+00
8.074077539104869174e+03 4.744153230177985847e+00
8.074077539105034703e+03 4.744153230182772241e+00
8.074077539105119286e+03 4.744153230185077952e+00
8.074077539105160213e+03 4.744153230186392456e+00
