3.668000000000000000e+03 2.830397560582717986e+01
3.851400000000000091e+03 2.762589118922589293e+01
4.034800000000000182e+03 2.692990911820599820e+01
4.218199999999999818e+03 2.621479611318658343e+01
4.401599999999999454e+03 2.547986215798261611e+01
4.585000000000000000e+03 2.472195668727627194e+01
4.768400000000000546e+03 2.393988303097676962e+01
4.951800000000000182e+03 2.313119939108404921e+01
5.135199999999999818e+03 2.229584214744074799e+01
5.318599999999999454e+03 2.140872703239249475e+01
5.502000000000000000e+03 2.048531667604372331e+01
5.685399999999999636e+03 1.951390478541008022e+01
5.868800000000000182e+03 1.849788417136138818e+01
6.052199999999999818e+03 1.743367185356136773e+01
6.235600000000000364e+03 1.631715551622632887e+01
6.419000000000000000e+03 1.512341180151952003e+01
6.602400000000000546e+03 1.384926086889183416e+01
6.785800000000000182e+03 1.251248219793915339e+01
6.969200000000001637e+03 1.114660849261949238e+01
7.152600000000000364e+03 9.657046313775396129e+00
7.336000000000000000e+03 8.029361811323150633e+00
7.519400000000000546e+03 6.260270558877603975e+00
7.702800000000002001e+03 4.228261245584596040e+00
7.886200000000001637e+03 1.720894042565159099e+00
7.977900000000000546e+03 -3.341265951616094465e-03
8.023750000000000000e+03 -1.708905842315144419e+00
8.046675000000002001e+03 -2.835419315133799412e+00
8.069600000000000364e+03 -4.460900564904970445e+00
8.072465625000001637e+03 -4.743901555379207657e+00
8.073898437500001819e+03 -4.933199231143840180e+00
8.073987988281252001e+03 -4.925044452493144931e+00
8.074032763671876637e+03 -4.920959044468309784e+00
8.074055151367189865e+03 -4.918914326503665890e+00
8.074066345214845569e+03 -4.917891462865984664e+00
8.074071942138673876e+03 -4.917379904736182361e+00
8.074074740600587575e+03 -4.917124094075442819e+00
8.074076139831545333e+03 -4.916996180844162012e+00
8.074077539062500364e+03 -4.916868268120762941e+00
8.074077539083852571e+03 -4.916868266169204915e+00
8.074077539094526401e+03 -4.916868265194113796e+00
8.074077539099865135e+03 -4.916868264706184988e+00
8.074077539102532683e+03 -4.916868264461994542e+00
8.074077539103868730e+03 -4.916868264339868233e+00
8.074077539104534480e+03 -4.916868264279016465e+00
8.074077539104869174e+03 -4.916868264248527964e+00
8.074077539105034703e+03 -4.916868264233378305e+00
8.074077539105119286e+03 -4.916868264226001983e+00
8.074077539105160213e+03 -4.916868264222347129e+00
