3.668000000000000000e+03 -4.300000000000001421e+01
3.851400000000000091e+03 -4.140441999999995915e+01
4.034800000000000182e+03 -3.980883999999998935e+01
4.218199999999999818e+03 -3.821326000000001955e+01
4.401599999999999454e+03 -3.661767999999996448e+01
4.585000000000000000e+03 -3.502209999999999468e+01
4.768400000000000546e+03 -3.342652000000011014e+01
4.951800000000000182e+03 -3.183094000000005508e+01
5.135199999999999818e+03 -3.023536000000008528e+01
5.318599999999999454e+03 -2.863977999999994495e+01
5.502000000000000000e+03 -2.704419999999997515e+01
5.685399999999999636e+03 -2.544862000000009772e+01
5.868800000000000182e+03 -2.385303999999995028e+01
6.052199999999999818e+03 -2.225746000000005864e+01
6.235600000000000364e+03 -2.066188000000008884e+01
6.419000000000000000e+03 -1.906630000000012615e+01
6.602400000000000546e+03 -1.747071999999997161e+01
6.785800000000000182e+03 -1.587513999999992365e+01
6.969200000000001637e+03 -1.427955999999994674e+01
7.152600000000000364e+03 -1.268397999999998405e+01
7.336000000000000000e+03 -1.108840000000000714e+01
7.519400000000000546e+03 -9.492819999999944969e+00
7.702800000000002001e+03 -7.897239999999968063e+00
7.886200000000001637e+03 -6.301659999999834838e+00
7.977900000000000546e+03 -5.503870000000020468e+00
8.023750000000000000e+03 -5.104975000000123941e+00
8.046675000000002001e+03 -4.905527499999941199e+00
8.069600000000000364e+03 -4.706080000000042673e+00
8.072465625000001637e+03 -4.681149062500004732e+00
8.073898437500001819e+03 -4.668683593749840099e+00
8.073987988281252001e+03 -4.667904501953081819e+00
8.074032763671876637e+03 -4.667514956054695574e+00
8.074055151367189865e+03 -4.667320183105410081e+00
8.074066345214845569e+03 -4.667222796630909443e+00
8.074071942138673876e+03 -4.667174103393520568e+00
8.074074740600587575e+03 -4.667149756774925606e+00
8.074076139831545333e+03 -4.667137583465525097e+00
8.074077539062500364e+03 -4.667125410150518405e+00
8.074077539083852571e+03 -4.667125409964725691e+00
8.074077539094526401e+03 -4.667125409871793806e+00
8.074077539099865135e+03 -4.667125409825366944e+00
8.074077539102532683e+03 -4.667125409802160618e+00
8.074077539103868730e+03 -4.667125409790550350e+00
8.074077539104534480e+03 -4.667125409784787848e+00
8.074077539104869174e+03 -4.667125409782002521e+00
8.074077539105034703e+03 -4.667125409780346956e+00
8.074077539105119286e+03 -4.667125409779593781e+00
8.074077539105160213e+03 -4.667125409779224299e+00
