3.668000000000000000e+03 -4.199999999999995026e+01
3.851400000000000091e+03 -4.044109999999997740e+01
4.034800000000000182e+03 -3.888220000000001164e+01
4.218199999999999818e+03 -3.732329999999999615e+01
4.401599999999999454e+03 -3.576439999999998776e+01
4.585000000000000000e+03 -3.420549999999992252e+01
4.768400000000000546e+03 -3.264659999999999940e+01
4.951800000000000182e+03 -3.108770000000003009e+01
5.135199999999999818e+03 -2.952880000000010341e+01
5.318599999999999454e+03 -2.796990000000000265e+01
5.502000000000000000e+03 -2.641099999999994452e+01
5.685399999999999636e+03 -2.485210000000011021e+01
5.868800000000000182e+03 -2.329319999999996327e+01
6.052199999999999818e+03 -2.173430000000004014e+01
6.235600000000000364e+03 -2.017540000000002465e+01
6.419000000000000000e+03 -1.861649999999996652e+01
6.602400000000000546e+03 -1.705759999999999721e+01
6.785800000000000182e+03 -1.549870000000002968e+01
6.969200000000001637e+03 -1.393980000000001596e+01
7.152600000000000364e+03 -1.238090000000009105e+01
7.336000000000000000e+03 -1.082199999999989615e+01
7.519400000000000546e+03 -9.263099999999884204e+00
7.702800000000002001e+03 -7.704199999999914894e+00
7.886200000000001637e+03 -6.145300000000035290e+00
7.977900000000000546e+03 -5.365849999999939612e+00
8.023750000000000000e+03 -4.976124999999935739e+00
8.046675000000002001e+03 -4.781262499999956894e+00
8.069600000000000364e+03 -4.586399999999956734e+00
8.072465625000001637e+03 -4.562042187499995016e+00
8.073898437500001819e+03 -4.549863281250028813e+00
8.073987988281252001e+03 -4.549102099609492633e+00
8.074032763671876637e+03 -4.548721508789108192e+00
8.074055151367189865e+03 -4.548531213378955940e+00
8.074066345214845569e+03 -4.548436065673782558e+00
8.074071942138673876e+03 -4.548388491821320656e+00
8.074074740600587575e+03 -4.548364704895022648e+00
8.074076139831545333e+03 -4.548352811431740861e+00
8.074077539062500364e+03 -4.548340917916021908e+00
8.074077539083852571e+03 -4.548340917734361888e+00
8.074077539094526401e+03 -4.548340917643618475e+00
8.074077539099865135e+03 -4.548340917598244104e+00
8.074077539102532683e+03 -4.548340917575657727e+00
8.074077539103868730e+03 -4.548340917564315689e+00
8.074077539104534480e+03 -4.548340917558665097e+00
8.074077539104869174e+03 -4.548340917555933061e+00
8.074077539105034703e+03 -4.548340917554359208e+00
8.074077539105119286e+03 -4.548340917553614027e+00
8.074077539105160213e+03 -4.548340917553382212e+00
