3.668000000000000000e+03 9.799999999999999822e-01
3.851400000000000091e+03 9.799999999999999822e-01
4.034800000000000182e+03 9.799999999999999822e-01
4.218199999999999818e+03 9.799999999999999822e-01
4.401599999999999454e+03 9.799999999999999822e-01
4.585000000000000000e+03 9.799999999999999822e-01
4.768400000000000546e+03 9.799999999999999822e-01
4.951800000000000182e+03 9.799999999999999822e-01
5.135199999999999818e+03 9.799128095646184589e-01
5.318599999999999454e+03 9.753291399273406048e-01
5.502000000000000000e+03 9.703224869865949564e-01
5.685399999999999636e+03 9.650524212952051872e-01
5.868800000000000182e+03 9.595949037915900703e-01
6.052199999999999818e+03 9.539412982151870279e-01
6.235600000000000364e+03 9.480737772314905554e-01
6.419000000000000000e+03 9.417605293843225311e-01
6.602400000000000546e+03 9.350324370928135842e-01
6.785800000000000182e+03 9.278926007162434653e-01
6.969200000000001637e+03 9.198963353792241060e-01
7.152600000000000364e+03 9.110951012115637848e-01
7.336000000000000000e+03 9.014859625635112117e-01
7.519400000000000546e+03 8.912054713709952614e-01
7.702800000000002001e+03 8.795549571047430737e-01
7.886200000000001637e+03 8.653994031630087846e-01
7.977900000000000546e+03 8.530671861823223567e-01
8.023750000000000000e+03 8.407227568410091667e-01
8.046675000000002001e+03 8.330291093996472496e-01
8.069600000000000364e+03 8.227865059580905527e-01
8.072465625000001637e+03 8.211134271332533041e-01
8.073898437500001819e+03 8.200274264152702663e-01
8.073987988281252001e+03 8.200662268721448100e-01
8.074032763671876637e+03 8.200856748809804975e-01
8.074055151367189865e+03 8.200954108856706171e-01
8.074066345214845569e+03 8.201002818950257067e-01
8.074071942138673876e+03 8.201027181523337095e-01
8.074074740600587575e+03 8.201039364692457312e-01
8.074076139831545333e+03 8.201045456747861895e-01
8.074077539062500364e+03 8.201051548765773136e-01
8.074077539083852571e+03 8.201051548858714346e-01
8.074077539094526401e+03 8.201051548905150534e-01
8.074077539099865135e+03 8.201051548928379731e-01
8.074077539102532683e+03 8.201051548940013758e-01
8.074077539103868730e+03 8.201051548945822445e-01
8.074077539104534480e+03 8.201051548948734560e-01
8.074077539104869174e+03 8.201051548950181180e-01
8.074077539105034703e+03 8.201051548950907266e-01
8.074077539105119286e+03 8.201051548951254766e-01
8.074077539105160213e+03 8.201051548951417969e-01
