3.668000000000000000e+03 9.899999999999999911e-01
3.851400000000000091e+03 9.899999999999999911e-01
4.034800000000000182e+03 9.899999999999999911e-01
4.218199999999999818e+03 9.899999999999999911e-01
4.401599999999999454e+03 9.899999999999999911e-01
4.585000000000000000e+03 9.899999999999999911e-01
4.768400000000000546e+03 9.899999999999999911e-01
4.951800000000000182e+03 9.899999999999999911e-01
5.135199999999999818e+03 9.899999999999999911e-01
5.318599999999999454e+03 9.899999999999999911e-01
5.502000000000000000e+03 9.885635264305679959e-01
5.685399999999999636e+03 9.860068118929007364e-01
5.868800000000000182e+03 9.834038498786339400e-01
6.052199999999999818e+03 9.807526821698426822e-01
6.235600000000000364e+03 9.780499178610243538e-01
6.419000000000000000e+03 9.752843217852270596e-01
6.602400000000000546e+03 9.724555192386157287e-01
6.785800000000000182e+03 9.694294191170728103e-01
6.969200000000001637e+03 9.656933723454238505e-01
7.152600000000000364e+03 9.618229638029297535e-01
7.336000000000000000e+03 9.578092374249338459e-01
7.519400000000000546e+03 9.536496685889229719e-01
7.702800000000002001e+03 9.492885459408370030e-01
7.886200000000001637e+03 9.446268773178292388e-01
7.977900000000000546e+03 9.325443920358041927e-01
8.023750000000000000e+03 9.184163962784395174e-01
8.046675000000002001e+03 9.099195842882762397e-01
8.069600000000000364e+03 8.991898026842634062e-01
8.072465625000001637e+03 8.975170943888103325e-01
8.073898437500001819e+03 8.964874278760510684e-01
8.073987988281252001e+03 8.965037330474017185e-01
8.074032763671876637e+03 8.965119219288112395e-01
8.074055151367189865e+03 8.965160254848459909e-01
8.074066345214845569e+03 8.965180795469035457e-01
8.074071942138673876e+03 8.965191071495989261e-01
8.074074740600587575e+03 8.965196210939374577e-01
8.074076139831545333e+03 8.965198781018708374e-01
8.074077539062500364e+03 8.965201351081530934e-01
8.074077539083852571e+03 8.965201351120741791e-01
8.074077539094526401e+03 8.965201351140331676e-01
8.074077539099865135e+03 8.965201351150107190e-01
8.074077539102532683e+03 8.965201351155013265e-01
8.074077539103868730e+03 8.965201351157473519e-01
8.074077539104534480e+03 8.965201351158670340e-01
8.074077539104869174e+03 8.965201351159302057e-01
8.074077539105034703e+03 8.965201351159588494e-01
8.074077539105119286e+03 8.965201351159750587e-01
8.074077539105160213e+03 8.965201351159833854e-01
