3.668000000000000000e+03 3.234279163182152672e+01
3.851400000000000091e+03 3.252987053828966424e+01
4.034800000000000182e+03 3.271506498355845594e+01
4.218199999999999818e+03 3.289951383639660065e+01
4.401599999999999454e+03 3.307525699186605550e+01
4.585000000000000000e+03 3.324162744901631328e+01
4.768400000000000546e+03 3.339537244168651853e+01
4.951800000000000182e+03 3.355348664551956972e+01
5.135199999999999818e+03 3.371051065937176361e+01
5.318599999999999454e+03 3.387312437635251428e+01
5.502000000000000000e+03 3.402844342024174296e+01
5.685399999999999636e+03 3.417249492643170328e+01
5.868800000000000182e+03 3.430528619359972708e+01
6.052199999999999818e+03 3.442633617124969447e+01
6.235600000000000364e+03 3.453437142344417055e+01
6.419000000000000000e+03 3.463429601150431125e+01
6.602400000000000546e+03 3.472185935737248741e+01
6.785800000000000182e+03 3.479192827595309012e+01
6.969200000000001637e+03 3.484083427920172227e+01
7.152600000000000364e+03 3.486400076958710770e+01
7.336000000000000000e+03 3.485783684940491156e+01
7.519400000000000546e+03 3.481958193110293109e+01
7.702800000000002001e+03 3.473308480788313801e+01
7.886200000000001637e+03 3.457594662064112612e+01
7.977900000000000546e+03 3.436124363601742715e+01
8.023750000000000000e+03 3.389784977147754574e+01
8.046675000000002001e+03 3.357476596241848199e+01
8.069600000000000364e+03 3.308573297935748059e+01
8.072465625000001637e+03 3.299729300708244040e+01
8.073898437500001819e+03 3.293804482328432215e+01
8.073987988281252001e+03 3.294035771399784807e+01
8.074032763671876637e+03 3.294151632376215844e+01
8.074055151367189865e+03 3.294209617223442876e+01
8.074066345214845569e+03 3.294238623268106636e+01
8.074071942138673876e+03 3.294253129699651339e+01
8.074074740600587575e+03 3.294260383768208555e+01
8.074076139831545333e+03 3.294264011015742000e+01
8.074077539062500364e+03 3.294267638264361153e+01
8.074077539083852571e+03 3.294267638319701064e+01
8.074077539094526401e+03 3.294267638347356097e+01
8.074077539099865135e+03 3.294267638361186101e+01
8.074077539102532683e+03 3.294267638368116025e+01
8.074077539103868730e+03 3.294267638371578499e+01
8.074077539104534480e+03 3.294267638373296592e+01
8.074077539104869174e+03 3.294267638374171980e+01
8.074077539105034703e+03 3.294267638374592622e+01
8.074077539105119286e+03 3.294267638374800100e+01
8.074077539105160213e+03 3.294267638374909524e+01
