3.668000000000000000e+03 9.663660706142346513e+00
3.851400000000000091e+03 1.301577070114822376e+01
4.034800000000000182e+03 1.646069172113649515e+01
4.218199999999999818e+03 2.000189646430335344e+01
4.401599999999999454e+03 2.429175483535096447e+01
4.585000000000000000e+03 3.172589067999017232e+01
4.768400000000000546e+03 3.199999999999982947e+01
4.951800000000000182e+03 3.199999999999954525e+01
5.135199999999999818e+03 3.199999999999904432e+01
5.318599999999999454e+03 3.199999999999920064e+01
5.502000000000000000e+03 3.200000000000012790e+01
5.685399999999999636e+03 3.199999999999956302e+01
5.868800000000000182e+03 3.200000000000000000e+01
6.052199999999999818e+03 3.199999999999926814e+01
6.235600000000000364e+03 3.200000000000077449e+01
6.419000000000000000e+03 3.199999999999997158e+01
6.602400000000000546e+03 3.199999999999914380e+01
6.785800000000000182e+03 3.200000000000004263e+01
6.969200000000001637e+03 3.200000000000008527e+01
7.152600000000000364e+03 3.199999999999962341e+01
7.336000000000000000e+03 3.199999999999952038e+01
7.519400000000000546e+03 3.199999999999975131e+01
7.702800000000002001e+03 3.199999999999984723e+01
7.886200000000001637e+03 3.199999999999989342e+01
7.977900000000000546e+03 3.199999999999987566e+01
8.023750000000000000e+03 3.199999999999931433e+01
8.046675000000002001e+03 3.199999999999997158e+01
8.069600000000000364e+03 3.199999999999942801e+01
8.072465625000001637e+03 3.200000000000038369e+01
8.073898437500001819e+03 3.199999999999975131e+01
8.073987988281252001e+03 3.199999999999987210e+01
8.074032763671876637e+03 3.199999999999961631e+01
8.074055151367189865e+03 3.200000000000039790e+01
8.074066345214845569e+03 3.200000000000024158e+01
8.074071942138673876e+03 3.199999999999944578e+01
8.074074740600587575e+03 3.199999999999988631e+01
8.074076139831545333e+03 3.200000000000017764e+01
8.074077539062500364e+03 3.200000000061274363e+01
8.074077539083852571e+03 3.200000000061186256e+01
8.074077539094526401e+03 3.200000000061215388e+01
8.074077539099865135e+03 3.200000000061213967e+01
8.074077539102532683e+03 3.200000000061238836e+01
8.074077539103868730e+03 3.200000000061258731e+01
8.074077539104534480e+03 3.200000000061232441e+01
8.074077539104869174e+03 3.200000000061184124e+01
8.074077539105034703e+03 3.200000000061284311e+01
8.074077539105119286e+03 3.200000000061285022e+01
8.074077539105160213e+03 3.200000000061197625e+01
