3.668000000000000000e+03 1.017000000000000126e+00
3.851400000000000091e+03 1.017000000000000126e+00
4.034800000000000182e+03 1.017000000000000126e+00
4.218199999999999818e+03 1.017000000000000126e+00
4.401599999999999454e+03 1.017000000000000126e+00
4.585000000000000000e+03 1.017000000000000126e+00
4.768400000000000546e+03 1.017000000000000126e+00
4.951800000000000182e+03 1.017000000000000126e+00
5.135199999999999818e+03 1.016324073309425868e+00
5.318599999999999454e+03 1.013970424323560104e+00
5.502000000000000000e+03 1.011072656069834874e+00
5.685399999999999636e+03 1.008105684670110636e+00
5.868800000000000182e+03 1.005066471560758234e+00
6.052199999999999818e+03 1.001951663330991726e+00
6.235600000000000364e+03 9.987575808123303478e-01
6.419000000000000000e+03 9.947784810011479628e-01
6.602400000000000546e+03 9.902919755408954305e-01
6.785800000000000182e+03 9.856502956562123163e-01
6.969200000000001637e+03 9.808378044984255029e-01
7.152600000000000364e+03 9.758373535513841235e-01
7.336000000000000000e+03 9.706287058954684577e-01
7.519400000000000546e+03 9.651883897943245305e-01
7.702800000000002001e+03 9.594710148720426712e-01
7.886200000000001637e+03 9.533662900760532244e-01
7.977900000000000546e+03 9.497904790469808844e-01
8.023750000000000000e+03 9.467484629824487463e-01
8.046675000000002001e+03 9.449309408215704753e-01
8.069600000000000364e+03 9.413147139061833757e-01
8.072465625000001637e+03 9.405814116863053798e-01
8.073898437500001819e+03 9.401148206224911874e-01
8.073987988281252001e+03 9.401258362015322279e-01
8.074032763671876637e+03 9.401313594455329437e-01
8.074055151367189865e+03 9.401341249488748275e-01
8.074066345214845569e+03 9.401355086731112420e-01
8.074071942138673876e+03 9.401362007786525643e-01
8.074074740600587575e+03 9.401365468923117419e-01
8.074076139831545333e+03 9.401367199643689831e-01
8.074077539062500364e+03 9.401368930366036381e-01
8.074077539083852571e+03 9.401368930392435264e-01
8.074077539094526401e+03 9.401368930405629154e-01
8.074077539099865135e+03 9.401368930412223879e-01
8.074077539102532683e+03 9.401368930415537895e-01
8.074077539103868730e+03 9.401368930417191017e-01
8.074077539104534480e+03 9.401368930418012582e-01
8.074077539104869174e+03 9.401368930418428915e-01
8.074077539105034703e+03 9.401368930418627645e-01
8.074077539105119286e+03 9.401368930418718683e-01
8.074077539105160213e+03 9.401368930418780856e-01
