3.668000000000000000e+03 -1.000000000000003197e+01
3.851400000000000091e+03 -9.633200000000128327e+00
4.034800000000000182e+03 -9.266399999999965331e+00
4.218199999999999818e+03 -8.899600000000146949e+00
4.401599999999999454e+03 -8.532799999999983953e+00
4.585000000000000000e+03 -8.165999999999904446e+00
4.768400000000000546e+03 -7.799200000000045208e+00
4.951800000000000182e+03 -7.432399999999923956e+00
5.135199999999999818e+03 -7.065599999999933267e+00
5.318599999999999454e+03 -6.698800000000117549e+00
5.502000000000000000e+03 -6.331999999999951889e+00
5.685399999999999636e+03 -5.965200000000048242e+00
5.868800000000000182e+03 -5.598399999999839949e+00
6.052199999999999818e+03 -5.231600000000110384e+00
6.235600000000000364e+03 -4.864800000000032654e+00
6.419000000000000000e+03 -4.497999999999911402e+00
6.602400000000000546e+03 -4.131199999999920713e+00
6.785800000000000182e+03 -3.764400000000212909e+00
6.969200000000001637e+03 -3.397600000000047693e+00
7.152600000000000364e+03 -3.030799999999970407e+00
7.336000000000000000e+03 -2.664000000000066759e+00
7.519400000000000546e+03 -2.297200000000032549e+00
7.702800000000002001e+03 -1.930400000000107141e+00
7.886200000000001637e+03 -1.563599999999920609e+00
7.977900000000000546e+03 -1.380200000000012306e+00
8.023750000000000000e+03 -1.288499999999840551e+00
8.046675000000002001e+03 -1.242650000000124599e+00
8.069600000000000364e+03 -1.196800000000125763e+00
8.072465625000001637e+03 -1.191068750000087828e+00
8.073898437500001819e+03 -1.188203125000123261e+00
8.073987988281252001e+03 -1.188024023437369792e+00
8.074032763671876637e+03 -1.187934472656221541e+00
8.074055151367189865e+03 -1.187889697265462452e+00
8.074066345214845569e+03 -1.187867309570267871e+00
8.074071942138673876e+03 -1.187856115722605299e+00
8.074074740600587575e+03 -1.187850518798632571e+00
8.074076139831545333e+03 -1.187847720336939972e+00
8.074077539062500364e+03 -1.187844921871112902e+00
8.074077539083852571e+03 -1.187844921828332012e+00
8.074077539094526401e+03 -1.187844921807072129e+00
8.074077539099865135e+03 -1.187844921796235464e+00
8.074077539102532683e+03 -1.187844921790904174e+00
8.074077539103868730e+03 -1.187844921788292929e+00
8.074077539104534480e+03 -1.187844921786943786e+00
8.074077539104869174e+03 -1.187844921786225916e+00
8.074077539105034703e+03 -1.187844921786051611e+00
8.074077539105119286e+03 -1.187844921785877750e+00
8.074077539105160213e+03 -1.187844921785703445e+00
