3.668000000000000000e+03 2.520000000000001137e+02
3.851400000000000091e+03 2.613350599999999417e+02
4.034800000000000182e+03 2.706701199999998835e+02
4.218199999999999818e+03 2.800051799999997684e+02
4.401599999999999454e+03 2.893402399999997670e+02
4.585000000000000000e+03 2.986752999999999361e+02
4.768400000000000546e+03 3.080103599999998778e+02
4.951800000000000182e+03 3.173454200000001038e+02
5.135199999999999818e+03 3.266804800000005571e+02
5.318599999999999454e+03 3.360155400000002714e+02
5.502000000000000000e+03 3.453505999999997584e+02
5.685399999999999636e+03 3.546856600000004391e+02
5.868800000000000182e+03 3.640207200000000967e+02
6.052199999999999818e+03 3.733557800000004931e+02
6.235600000000000364e+03 3.826908400000002075e+02
6.419000000000000000e+03 3.920259000000003198e+02
6.602400000000000546e+03 4.013609600000003752e+02
6.785800000000000182e+03 4.106960199999999759e+02
6.969200000000001637e+03 4.200310799999998039e+02
7.152600000000000364e+03 4.293661400000003141e+02
7.336000000000000000e+03 4.387012000000004264e+02
7.519400000000000546e+03 4.480362600000003681e+02
7.702800000000002001e+03 4.573713199999998551e+02
7.886200000000001637e+03 4.667063800000003084e+02
7.977900000000000546e+03 4.713739100000003077e+02
8.023750000000000000e+03 4.737076750000006200e+02
8.046675000000002001e+03 4.748745575000002646e+02
8.069600000000000364e+03 4.760414400000005344e+02
8.072465625000001637e+03 4.761873003125003265e+02
8.073898437500001819e+03 4.762602304687503647e+02
8.073987988281252001e+03 4.762647886035164220e+02
8.074032763671876637e+03 4.762670676708987685e+02
8.074055151367189865e+03 4.762682072045903396e+02
8.074066345214845569e+03 4.762687769714362958e+02
8.074071942138673876e+03 4.762690618548588191e+02
8.074074740600587575e+03 4.762692042965699670e+02
8.074076139831545333e+03 4.762692755174253989e+02
8.074077539062500364e+03 4.762693467381226355e+02
8.074077539083852571e+03 4.762693467392087996e+02
8.074077539094526401e+03 4.762693467397526774e+02
8.074077539099865135e+03 4.762693467400236500e+02
8.074077539102532683e+03 4.762693467401597900e+02
8.074077539103868730e+03 4.762693467402278884e+02
8.074077539104534480e+03 4.762693467402615966e+02
8.074077539104869174e+03 4.762693467402788201e+02
8.074077539105034703e+03 4.762693467402873466e+02
8.074077539105119286e+03 4.762693467402915530e+02
8.074077539105160213e+03 4.762693467402937131e+02
