3.668000000000000000e+03 2.549824302521926001e+01
3.851400000000000091e+03 2.914209441465072814e+01
4.034800000000000182e+03 3.195549163351900646e+01
4.218199999999999818e+03 3.480592309414403474e+01
4.401599999999999454e+03 3.769385637835866731e+01
4.585000000000000000e+03 4.061944366246667926e+01
4.768400000000000546e+03 4.370631489949449389e+01
4.951800000000000182e+03 4.737588362983278500e+01
5.135199999999999818e+03 5.000000000000020606e+01
5.318599999999999454e+03 5.000000000000037659e+01
5.502000000000000000e+03 5.000000000000010658e+01
5.685399999999999636e+03 5.000000000000022027e+01
5.868800000000000182e+03 4.999999999999960210e+01
6.052199999999999818e+03 5.000000000000074607e+01
6.235600000000000364e+03 4.999999999999942446e+01
6.419000000000000000e+03 5.000000000000024158e+01
6.602400000000000546e+03 5.000000000000073896e+01
6.785800000000000182e+03 5.000000000000000000e+01
6.969200000000001637e+03 4.999999999999977263e+01
7.152600000000000364e+03 5.000000000000123634e+01
7.336000000000000000e+03 5.000000000000076739e+01
7.519400000000000546e+03 4.999999999999941735e+01
7.702800000000002001e+03 5.000000000000011369e+01
7.886200000000001637e+03 5.000000000000011369e+01
7.977900000000000546e+03 5.000000000000021316e+01
8.023750000000000000e+03 4.999999999999990052e+01
8.046675000000002001e+03 4.999999999999989342e+01
8.069600000000000364e+03 4.999999999999982236e+01
8.072465625000001637e+03 4.999999999999998579e+01
8.073898437500001819e+03 5.000000000000032685e+01
8.073987988281252001e+03 4.999999999999963052e+01
8.074032763671876637e+03 5.000000000000022027e+01
8.074055151367189865e+03 5.000000000000004263e+01
8.074066345214845569e+03 4.999999999999953104e+01
8.074071942138673876e+03 5.000000000000018474e+01
8.074074740600587575e+03 4.999999999999965183e+01
8.074076139831545333e+03 4.999999999999985079e+01
8.074077539062500364e+03 4.999999999999249667e+01
8.074077539083852571e+03 4.999999999999320721e+01
8.074077539094526401e+03 4.999999999999269562e+01
8.074077539099865135e+03 4.999999999999241140e+01
8.074077539102532683e+03 4.999999999999290168e+01
8.074077539103868730e+03 4.999999999999261036e+01
8.074077539104534480e+03 4.999999999999300826e+01
8.074077539104869174e+03 4.999999999999288747e+01
8.074077539105034703e+03 4.999999999999301536e+01
8.074077539105119286e+03 4.999999999999336353e+01
8.074077539105160213e+03 4.999999999999270983e+01
