3.668000000000000000e+03 3.118212494022100856e+01
3.851400000000000091e+03 3.123300719349917642e+01
4.034800000000000182e+03 3.127820764123353570e+01
4.218199999999999818e+03 3.131835359859324797e+01
4.401599999999999454e+03 3.134978418258473098e+01
4.585000000000000000e+03 3.137183340289712419e+01
4.768400000000000546e+03 3.138104690408534125e+01
4.951800000000000182e+03 3.139661455303832227e+01
5.135199999999999818e+03 3.140580663308539400e+01
5.318599999999999454e+03 3.140904345589665425e+01
5.502000000000000000e+03 3.140054712448453600e+01
5.685399999999999636e+03 3.137876500562002491e+01
5.868800000000000182e+03 3.134360036123235815e+01
6.052199999999999818e+03 3.129446268937572029e+01
6.235600000000000364e+03 3.122999536624629613e+01
6.419000000000000000e+03 3.114628054900360254e+01
6.602400000000000546e+03 3.104176469467721944e+01
6.785800000000000182e+03 3.091539936934582755e+01
6.969200000000001637e+03 3.076316117428825692e+01
7.152600000000000364e+03 3.058009768492063429e+01
7.336000000000000000e+03 3.036213301572036372e+01
7.519400000000000546e+03 3.010590657485309407e+01
7.702800000000002001e+03 2.979450178979180563e+01
7.886200000000001637e+03 2.940338641762864924e+01
7.977900000000000546e+03 2.906093203902521438e+01
8.023750000000000000e+03 2.850733290497536743e+01
8.046675000000002001e+03 2.813268877014106906e+01
8.069600000000000364e+03 2.756958731620314396e+01
8.072465625000001637e+03 2.746830098456976543e+01
8.073898437500001819e+03 2.740114703953955200e+01
8.073987988281252001e+03 2.740355642841252148e+01
8.074032763671876637e+03 2.740476351172398850e+01
8.074055151367189865e+03 2.740536765334290337e+01
8.074066345214845569e+03 2.740566987448840308e+01
8.074071942138673876e+03 2.740582102268874820e+01
8.074074740600587575e+03 2.740589660620110379e+01
8.074076139831545333e+03 2.740593440031098638e+01
8.074077539062500364e+03 2.740597219443857568e+01
8.074077539083852571e+03 2.740597219501517046e+01
8.074077539094526401e+03 2.740597219530332040e+01
8.074077539099865135e+03 2.740597219544740071e+01
8.074077539102532683e+03 2.740597219551963093e+01
8.074077539103868730e+03 2.740597219555569808e+01
8.074077539104534480e+03 2.740597219557362152e+01
8.074077539104869174e+03 2.740597219558274489e+01
8.074077539105034703e+03 2.740597219558713604e+01
8.074077539105119286e+03 2.740597219558927122e+01
8.074077539105160213e+03 2.740597219559041875e+01
