3.668000000000000000e+03 -2.486899575160350651e-13
3.851400000000000091e+03 6.394884621840901673e-14
4.034800000000000182e+03 2.842170943040400743e-14
4.218199999999999818e+03 1.634248292248230428e-13
4.401599999999999454e+03 1.207922650792170316e-13
4.585000000000000000e+03 -8.526512829121202230e-14
4.768400000000000546e+03 2.415845301584340632e-13
4.951800000000000182e+03 1.421085471520200372e-14
5.135199999999999818e+03 -2.842170943040400743e-14
5.318599999999999454e+03 -7.105427357601001859e-14
5.502000000000000000e+03 1.989519660128280520e-13
5.685399999999999636e+03 1.278976924368180335e-13
5.868800000000000182e+03 9.947598300641402602e-14
6.052199999999999818e+03 -2.557953848736360669e-13
6.235600000000000364e+03 2.700062395888380706e-13
6.419000000000000000e+03 9.947598300641402602e-14
6.602400000000000546e+03 -7.105427357601001859e-14
6.785800000000000182e+03 5.684341886080801487e-14
6.969200000000001637e+03 3.552713678800500929e-13
7.152600000000000364e+03 9.947598300641402602e-14
7.336000000000000000e+03 -1.136868377216160297e-13
7.519400000000000546e+03 8.526512829121202230e-14
7.702800000000002001e+03 3.552713678800500929e-13
7.886200000000001637e+03 1.278976924368180335e-13
7.977900000000000546e+03 1.847411112976260483e-13
8.023750000000000000e+03 -4.263256414560601115e-14
8.046675000000002001e+03 5.684341886080801487e-14
8.069600000000000364e+03 -1.136868377216160297e-13
8.072465625000001637e+03 -2.131628207280300558e-13
8.073898437500001819e+03 -6.536993168992921710e-13
8.073987988281252001e+03 3.836930773104541004e-13
8.074032763671876637e+03 2.700062395888380706e-13
8.074055151367189865e+03 2.415845301584340632e-13
8.074066345214845569e+03 -1.421085471520200372e-13
8.074071942138673876e+03 2.415845301584340632e-13
8.074074740600587575e+03 -8.526512829121202230e-14
8.074076139831545333e+03 -8.526512829121202230e-14
8.074077539062500364e+03 2.406608246019459330e-10
8.074077539083852571e+03 2.406039811830851249e-10
8.074077539094526401e+03 2.407745114396675490e-10
8.074077539099865135e+03 2.407745114396675490e-10
8.074077539102532683e+03 2.406608246019459330e-10
8.074077539103868730e+03 2.404334509265027009e-10
8.074077539104534480e+03 2.405045052000787109e-10
8.074077539104869174e+03 2.408171440038131550e-10
8.074077539105034703e+03 2.404902943453635089e-10
8.074077539105119286e+03 2.407460897302371450e-10
8.074077539105160213e+03 2.407176680208067410e-10
