3.668000000000000000e+03 1.592965572165462618e+01
3.851400000000000091e+03 1.796441048345202063e+01
4.034800000000000182e+03 2.002271961864924776e+01
4.218199999999999818e+03 2.210469793501516023e+01
4.401599999999999454e+03 2.421046200284271066e+01
4.585000000000000000e+03 2.634014008642292026e+01
4.768400000000000546e+03 2.945684741528691575e+01
4.951800000000000182e+03 3.501594362098632729e+01
5.135199999999999818e+03 4.066305905588374259e+01
5.318599999999999454e+03 4.712139943022534538e+01
5.502000000000000000e+03 4.999999999999975842e+01
5.685399999999999636e+03 5.000000000000015632e+01
5.868800000000000182e+03 4.999999999999967315e+01
6.052199999999999818e+03 5.000000000000021316e+01
6.235600000000000364e+03 4.999999999999954525e+01
6.419000000000000000e+03 4.999999999999958078e+01
6.602400000000000546e+03 5.000000000000068923e+01
6.785800000000000182e+03 4.999999999999818812e+01
6.969200000000001637e+03 5.000000000000102318e+01
7.152600000000000364e+03 5.000000000000031264e+01
7.336000000000000000e+03 4.999999999999933920e+01
7.519400000000000546e+03 4.999999999999991473e+01
7.702800000000002001e+03 5.000000000000093081e+01
7.886200000000001637e+03 5.000000000000011369e+01
7.977900000000000546e+03 5.000000000000095923e+01
8.023750000000000000e+03 4.999999999999990052e+01
8.046675000000002001e+03 4.999999999999930367e+01
8.069600000000000364e+03 4.999999999999920419e+01
8.072465625000001637e+03 4.999999999999990763e+01
8.073898437500001819e+03 5.000000000000035527e+01
8.073987988281252001e+03 5.000000000000146372e+01
8.074032763671876637e+03 5.000000000000014921e+01
8.074055151367189865e+03 5.000000000000061107e+01
8.074066345214845569e+03 4.999999999999953815e+01
8.074071942138673876e+03 5.000000000000118661e+01
8.074074740600587575e+03 5.000000000000051159e+01
8.074076139831545333e+03 5.000000000000054712e+01
8.074077539062500364e+03 4.999999999997094591e+01
8.074077539083852571e+03 4.999999999996892797e+01
8.074077539094526401e+03 4.999999999996887112e+01
8.074077539099865135e+03 4.999999999996947508e+01
8.074077539102532683e+03 4.999999999997041300e+01
8.074077539103868730e+03 4.999999999996865796e+01
8.074077539104534480e+03 4.999999999997032063e+01
8.074077539104869174e+03 4.999999999996925482e+01
8.074077539105034703e+03 4.999999999997029931e+01
8.074077539105119286e+03 4.999999999996955324e+01
8.074077539105160213e+03 4.999999999997045563e+01
