3.668000000000000000e+03 1.541690852304584425e+01
3.851400000000000091e+03 1.442035227529769514e+01
4.034800000000000182e+03 1.341300049699871977e+01
4.218199999999999818e+03 1.239427352750402811e+01
4.401599999999999454e+03 1.136389056660800279e+01
4.585000000000000000e+03 1.032130792249821738e+01
4.768400000000000546e+03 9.264910030779443417e+00
4.951800000000000182e+03 8.193043658192129541e+00
5.135199999999999818e+03 7.106230959595155383e+00
5.318599999999999454e+03 5.993610483953878187e+00
5.502000000000000000e+03 4.862108279840746228e+00
5.685399999999999636e+03 3.693035349082864016e+00
5.868800000000000182e+03 2.490926163497061196e+00
6.052199999999999818e+03 1.241928728013441452e+00
6.235600000000000364e+03 -3.778353099351213634e-02
6.419000000000000000e+03 -1.355094067158685300e+00
6.602400000000000546e+03 -2.714421660310369688e+00
6.785800000000000182e+03 -4.117737550776196187e+00
6.969200000000001637e+03 -5.576601709827243347e+00
7.152600000000000364e+03 -7.116368738997095988e+00
7.336000000000000000e+03 -8.743952863938861952e+00
7.519400000000000546e+03 -1.045479051664040604e+01
7.702800000000002001e+03 -1.242707332544449272e+01
7.886200000000001637e+03 -1.489950352467350747e+01
7.977900000000000546e+03 -1.675990482002466209e+01
8.023750000000000000e+03 -1.855541305393581197e+01
8.046675000000002001e+03 -1.971323555554265283e+01
8.069600000000000364e+03 -2.133712655975861594e+01
8.072465625000001637e+03 -2.161417066920205698e+01
8.073898437500001819e+03 -2.180335954337353499e+01
8.073987988281252001e+03 -2.179306507371736856e+01
8.074032763671876637e+03 -2.178790849105445915e+01
8.074055151367189865e+03 -2.178532785170572694e+01
8.074066345214845569e+03 -2.178403694363577259e+01
8.074071942138673876e+03 -2.178339134232630059e+01
8.074074740600587575e+03 -2.178306850483160773e+01
8.074076139831545333e+03 -2.178290707687150984e+01
8.074077539062500364e+03 -2.178274565018314490e+01
8.074077539083852571e+03 -2.178274564772046062e+01
8.074077539094526401e+03 -2.178274564648971889e+01
8.074077539099865135e+03 -2.178274564587401585e+01
8.074077539102532683e+03 -2.178274564556572912e+01
8.074077539103868730e+03 -2.178274564541160885e+01
8.074077539104534480e+03 -2.178274564533484892e+01
8.074077539104869174e+03 -2.178274564529633750e+01
8.074077539105034703e+03 -2.178274564527715995e+01
8.074077539105119286e+03 -2.178274564526785539e+01
8.074077539105160213e+03 -2.178274564526319779e+01
