3.668000000000000000e+03 2.220929056444999361e+01
3.851400000000000091e+03 2.173168179519653265e+01
4.034800000000000182e+03 2.124743414773042360e+01
4.218199999999999818e+03 2.075632679888105869e+01
4.401599999999999454e+03 2.025730097378190564e+01
4.585000000000000000e+03 1.974170480458750987e+01
4.768400000000000546e+03 1.921373819960420448e+01
4.951800000000000182e+03 1.866842203417417068e+01
5.135199999999999818e+03 1.810917995298384398e+01
5.318599999999999454e+03 1.753018529985385143e+01
5.502000000000000000e+03 1.693357395013918421e+01
5.685399999999999636e+03 1.631596451722417740e+01
5.868800000000000182e+03 1.567785785601366300e+01
6.052199999999999818e+03 1.501756706064209546e+01
6.235600000000000364e+03 1.433405765833216172e+01
6.419000000000000000e+03 1.360197867387021198e+01
6.602400000000000546e+03 1.282318431693169991e+01
6.785800000000000182e+03 1.200426908503531287e+01
6.969200000000001637e+03 1.113481296052348846e+01
7.152600000000000364e+03 1.020428912142084954e+01
7.336000000000000000e+03 9.203645022590839275e+00
7.519400000000000546e+03 8.125496336012821175e+00
7.702800000000002001e+03 6.926227453026952752e+00
7.886200000000001637e+03 5.535994471385660809e+00
7.977900000000000546e+03 4.509443483508901451e+00
8.023750000000000000e+03 3.215105385003179439e+00
8.046675000000002001e+03 2.349517892610121450e+00
8.069600000000000364e+03 1.060572936003605138e+00
8.072465625000001637e+03 8.302388537378008193e-01
8.073898437500001819e+03 6.780068109952959166e-01
8.073987988281252001e+03 6.833520064403419969e-01
8.074032763671876637e+03 6.860300488292145893e-01
8.074055151367189865e+03 6.873704374359708158e-01
8.074066345214845569e+03 6.880409743782777143e-01
8.074071942138673876e+03 6.883763286083981470e-01
8.074074740600587575e+03 6.885440271751099850e-01
8.074076139831545333e+03 6.886278818229417675e-01
8.074077539062500364e+03 6.887117365128877511e-01
8.074077539083852571e+03 6.887117377922560291e-01
8.074077539094526401e+03 6.887117384314754842e-01
8.074077539099865135e+03 6.887117387511944022e-01
8.074077539102532683e+03 6.887117389114332244e-01
8.074077539103868730e+03 6.887117389914785281e-01
8.074077539104534480e+03 6.887117390313466370e-01
8.074077539104869174e+03 6.887117390513769477e-01
8.074077539105034703e+03 6.887117390612594869e-01
8.074077539105119286e+03 6.887117390659904803e-01
8.074077539105160213e+03 6.887117390685089102e-01
