3.668000000000000000e+03 9.738244468092153161e-01
3.851400000000000091e+03 9.728533288493369513e-01
4.034800000000000182e+03 9.718783908833702467e-01
4.218199999999999818e+03 9.708996031481195166e-01
4.401599999999999454e+03 9.699169354556057554e-01
4.585000000000000000e+03 9.689303571847085461e-01
4.768400000000000546e+03 9.674447013964835307e-01
4.951800000000000182e+03 9.647109072018232867e-01
5.135199999999999818e+03 9.619360417324555046e-01
5.318599999999999454e+03 9.587424331015441670e-01
5.502000000000000000e+03 9.547983009536974430e-01
5.685399999999999636e+03 9.503158264991570237e-01
5.868800000000000182e+03 9.457539187440440198e-01
6.052199999999999818e+03 9.411089361573561352e-01
6.235600000000000364e+03 9.363746679877806844e-01
6.419000000000000000e+03 9.315305277946117624e-01
6.602400000000000546e+03 9.265757008049348986e-01
6.785800000000000182e+03 9.213920419600983847e-01
6.969200000000001637e+03 9.155118171569631702e-01
7.152600000000000364e+03 9.094323716784759037e-01
7.336000000000000000e+03 9.031402404246950955e-01
7.519400000000000546e+03 8.966315690605342059e-01
7.702800000000002001e+03 8.898241325087994369e-01
7.886200000000001637e+03 8.825735588276062416e-01
7.977900000000000546e+03 8.687509742204783114e-01
8.023750000000000000e+03 8.530011852188812416e-01
8.046675000000002001e+03 8.435286622308441062e-01
8.069600000000000364e+03 8.315697848838375927e-01
8.072465625000001637e+03 8.297061374906063991e-01
8.073898437500001819e+03 8.285598802237484906e-01
8.073987988281252001e+03 8.285776262796462621e-01
8.074032763671876637e+03 8.285865395204635719e-01
8.074055151367189865e+03 8.285910062399288734e-01
8.074066345214845569e+03 8.285932421301924755e-01
8.074071942138673876e+03 8.285943607086837526e-01
8.074074740600587575e+03 8.285949201563521660e-01
8.074076139831545333e+03 8.285951999198093443e-01
8.074077539062500364e+03 8.285954796814885004e-01
8.074077539083852571e+03 8.285954796857570859e-01
8.074077539094526401e+03 8.285954796878896023e-01
8.074077539099865135e+03 8.285954796889535290e-01
8.074077539102532683e+03 8.285954796894877683e-01
8.074077539103868730e+03 8.285954796897557761e-01
8.074077539104534480e+03 8.285954796898861163e-01
8.074077539104869174e+03 8.285954796899545061e-01
8.074077539105034703e+03 8.285954796899858144e-01
8.074077539105119286e+03 8.285954796900032449e-01
8.074077539105160213e+03 8.285954796900124597e-01
