3.668000000000000000e+03 2.645359629160450510e+01
3.851400000000000091e+03 2.622492114306326272e+01
4.034800000000000182e+03 2.599032534307113451e+01
4.218199999999999818e+03 2.574943110515967248e+01
4.401599999999999454e+03 2.550223812042423788e+01
4.585000000000000000e+03 2.524805788818795804e+01
4.768400000000000546e+03 2.500132977561410641e+01
4.951800000000000182e+03 2.475699250314912447e+01
5.135199999999999818e+03 2.450441224397544104e+01
5.318599999999999454e+03 2.424161250102015686e+01
5.502000000000000000e+03 2.396784629021883006e+01
5.685399999999999636e+03 2.368277424615965288e+01
5.868800000000000182e+03 2.338635758484730687e+01
6.052199999999999818e+03 2.307808649157392722e+01
6.235600000000000364e+03 2.275680567488385719e+01
6.419000000000000000e+03 2.243113765146723537e+01
6.602400000000000546e+03 2.209327697436366478e+01
6.785800000000000182e+03 2.173576999475219296e+01
6.969200000000001637e+03 2.135508359542281553e+01
7.152600000000000364e+03 2.094690124995256042e+01
7.336000000000000000e+03 2.050775133408323114e+01
7.519400000000000546e+03 2.003487322013554106e+01
7.702800000000002001e+03 1.951331296772935175e+01
7.886200000000001637e+03 1.892173736416525287e+01
7.977900000000000546e+03 1.849408127326851670e+01
8.023750000000000000e+03 1.793218571059007971e+01
8.046675000000002001e+03 1.756209042796198361e+01
8.069600000000000364e+03 1.701669204378717382e+01
8.072465625000001637e+03 1.691985057748896892e+01
8.073898437500001819e+03 1.685626532186024562e+01
8.073987988281252001e+03 1.685836090169244983e+01
8.074032763671876637e+03 1.685941089112231239e+01
8.074055151367189865e+03 1.685993643824143362e+01
8.074066345214845569e+03 1.686019935021981198e+01
8.074071942138673876e+03 1.686033084085380196e+01
8.074074740600587575e+03 1.686039659483684972e+01
8.074076139831545333e+03 1.686042947399551650e+01
8.074077539062500364e+03 1.686046235317024156e+01
8.074077539083852571e+03 1.686046235367183144e+01
8.074077539094526401e+03 1.686046235392250381e+01
8.074077539099865135e+03 1.686046235404787552e+01
8.074077539102532683e+03 1.686046235411069105e+01
8.074077539103868730e+03 1.686046235414208283e+01
8.074077539104534480e+03 1.686046235415766503e+01
8.074077539104869174e+03 1.686046235416558048e+01
8.074077539105034703e+03 1.686046235416942096e+01
8.074077539105119286e+03 1.686046235417127548e+01
8.074077539105160213e+03 1.686046235417227734e+01
