3.668000000000000000e+03 2.676902103772807351e+01
3.851400000000000091e+03 2.923498559812172104e+01
4.034800000000000182e+03 3.172367452832110502e+01
4.218199999999999818e+03 3.423552808513285584e+01
4.401599999999999454e+03 3.677117675963497589e+01
4.585000000000000000e+03 3.933112348713031281e+01
4.768400000000000546e+03 4.192371620824170009e+01
4.951800000000000182e+03 4.511289120061483970e+01
5.135199999999999818e+03 4.857051397328682185e+01
5.318599999999999454e+03 5.559597196749615478e+01
5.502000000000000000e+03 6.310285133690630488e+01
5.685399999999999636e+03 7.091961100727782252e+01
5.868800000000000182e+03 7.896135367817656459e+01
6.052199999999999818e+03 8.723960530374051814e+01
6.235600000000000364e+03 9.577343974485947342e+01
6.419000000000000000e+03 1.048381513043694753e+02
6.602400000000000546e+03 1.143977292687881260e+02
6.785800000000000182e+03 1.244476741174889582e+02
6.969200000000001637e+03 1.355117271916660115e+02
7.152600000000000364e+03 1.474860335973430665e+02
7.336000000000000000e+03 1.603844462449237085e+02
7.519400000000000546e+03 1.740744355389831242e+02
7.702800000000002001e+03 1.893368694333573501e+02
7.886200000000001637e+03 2.074785738813480407e+02
7.977900000000000546e+03 2.226083243741176716e+02
8.023750000000000000e+03 2.372896367258685757e+02
8.046675000000002001e+03 2.463865210474733374e+02
8.069600000000000364e+03 2.584248242334878114e+02
8.072465625000001637e+03 2.603827914617835404e+02
8.073898437500001819e+03 2.616491975316582739e+02
8.073987988281252001e+03 2.616054981930624308e+02
8.074032763671876637e+03 2.615835936704945084e+02
8.074055151367189865e+03 2.615726276325183903e+02
8.074066345214845569e+03 2.615671411613855071e+02
8.074071942138673876e+03 2.615643970617735476e+02
8.074074740600587575e+03 2.615630247958403061e+02
8.074076139831545333e+03 2.615623386088202551e+02
8.074077539062500364e+03 2.615616524260590268e+02
8.074077539083852571e+03 2.615616524155900606e+02
8.074077539094526401e+03 2.615616524103593292e+02
8.074077539099865135e+03 2.615616524077433951e+02
8.074077539102532683e+03 2.615616524064322448e+02
8.074077539103868730e+03 2.615616524057787160e+02
8.074077539104534480e+03 2.615616524054498768e+02
8.074077539104869174e+03 2.615616524052867931e+02
8.074077539105034703e+03 2.615616524052058480e+02
8.074077539105119286e+03 2.615616524051663419e+02
8.074077539105160213e+03 2.615616524051478109e+02
