3.668000000000000000e+03 9.868445613683907158e-01
3.851400000000000091e+03 9.868421365674709955e-01
4.034800000000000182e+03 9.868391134414711274e-01
4.218199999999999818e+03 9.868354451606653477e-01
4.401599999999999454e+03 9.868310915361969693e-01
4.585000000000000000e+03 9.868261064539577410e-01
4.768400000000000546e+03 9.854867024421846144e-01
4.951800000000000182e+03 9.839818255259229485e-01
5.135199999999999818e+03 9.824290348714103116e-01
5.318599999999999454e+03 9.808180447316579009e-01
5.502000000000000000e+03 9.791510944712347175e-01
5.685399999999999636e+03 9.774219582060740263e-01
5.868800000000000182e+03 9.756280263566498023e-01
6.052199999999999818e+03 9.737635970000397823e-01
6.235600000000000364e+03 9.718235794545263539e-01
6.419000000000000000e+03 9.696007120135834434e-01
6.602400000000000546e+03 9.671551147213868216e-01
6.785800000000000182e+03 9.645726763334206977e-01
6.969200000000001637e+03 9.618255604496916966e-01
7.152600000000000364e+03 9.588823889712524418e-01
7.336000000000000000e+03 9.557098955490760384e-01
7.519400000000000546e+03 9.522731897951842717e-01
7.702800000000002001e+03 9.484584879558067838e-01
7.886200000000001637e+03 9.427563454113120356e-01
7.977900000000000546e+03 9.347818992526129023e-01
8.023750000000000000e+03 9.224148112293629742e-01
8.046675000000002001e+03 9.142012209181128446e-01
8.069600000000000364e+03 9.019027862354890290e-01
8.072465625000001637e+03 8.996965466791844168e-01
8.073898437500001819e+03 8.982394461031186772e-01
8.073987988281252001e+03 8.982903618462891870e-01
8.074032763671876637e+03 8.983158725939530687e-01
8.074055151367189865e+03 8.983286412474493776e-01
8.074066345214845569e+03 8.983350289017447698e-01
8.074071942138673876e+03 8.983382235617425327e-01
8.074074740600587575e+03 8.983398211000693800e-01
8.074076139831545333e+03 8.983406199213304077e-01
8.074077539062500364e+03 8.983414187431655318e-01
8.074077539083852571e+03 8.983414187553527830e-01
8.074077539094526401e+03 8.983414187614422453e-01
8.074077539099865135e+03 8.983414187644873650e-01
8.074077539102532683e+03 8.983414187660144767e-01
8.074077539103868730e+03 8.983414187667769779e-01
8.074077539104534480e+03 8.983414187671566742e-01
8.074077539104869174e+03 8.983414187673476325e-01
8.074077539105034703e+03 8.983414187674422235e-01
8.074077539105119286e+03 8.983414187674868545e-01
8.074077539105160213e+03 8.983414187675111684e-01
