3.668000000000000000e+03 -1.235751329836156742e+01
3.851400000000000091e+03 -8.793024661665132413e+00
4.034800000000000182e+03 -5.185781157447266310e+00
4.218199999999999818e+03 -1.515425646758341571e+00
4.401599999999999454e+03 2.219064270635918490e+00
4.585000000000000000e+03 6.016957526266601519e+00
4.768400000000000546e+03 9.880148218413950190e+00
4.951800000000000182e+03 1.381526589959848295e+01
5.135199999999999818e+03 1.782137514265142642e+01
5.318599999999999454e+03 2.209908157201993717e+01
5.502000000000000000e+03 2.652020395619814153e+01
5.685399999999999636e+03 3.104429944194293967e+01
5.868800000000000182e+03 3.566658710428119861e+01
6.052199999999999818e+03 4.039165729889075607e+01
6.235600000000000364e+03 4.199999999999988631e+01
6.419000000000000000e+03 4.200000000000024158e+01
6.602400000000000546e+03 4.200000000000000000e+01
6.785800000000000182e+03 4.199999999999970868e+01
6.969200000000001637e+03 4.200000000000088818e+01
7.152600000000000364e+03 4.200000000000037659e+01
7.336000000000000000e+03 4.200000000000004974e+01
7.519400000000000546e+03 4.200000000000015632e+01
7.702800000000002001e+03 4.200000000000019895e+01
7.886200000000001637e+03 4.200000000000015632e+01
7.977900000000000546e+03 4.199999999999997868e+01
8.023750000000000000e+03 4.199999999999998579e+01
8.046675000000002001e+03 4.200000000000021316e+01
8.069600000000000364e+03 4.200000000000042633e+01
8.072465625000001637e+03 4.199999999999940314e+01
8.073898437500001819e+03 4.199999999999983658e+01
8.073987988281252001e+03 4.200000000000051870e+01
8.074032763671876637e+03 4.199999999999953104e+01
8.074055151367189865e+03 4.199999999999969447e+01
8.074066345214845569e+03 4.200000000000004974e+01
8.074071942138673876e+03 4.200000000000007816e+01
8.074074740600587575e+03 4.200000000000000000e+01
8.074076139831545333e+03 4.199999999999995026e+01
8.074077539062500364e+03 4.200000000003361578e+01
8.074077539083852571e+03 4.200000000003349498e+01
8.074077539094526401e+03 4.200000000003308287e+01
8.074077539099865135e+03 4.200000000003305445e+01
8.074077539102532683e+03 4.200000000003336709e+01
8.074077539103868730e+03 4.200000000003286971e+01
8.074077539104534480e+03 4.200000000003285550e+01
8.074077539104869174e+03 4.200000000003252865e+01
8.074077539105034703e+03 4.200000000003251444e+01
8.074077539105119286e+03 4.200000000003353051e+01
8.074077539105160213e+03 4.200000000003242917e+01
