3.668000000000000000e+03 1.505473136606951279e+01
3.851400000000000091e+03 1.383827147307727401e+01
4.034800000000000182e+03 1.260345095270420224e+01
4.218199999999999818e+03 1.134942436370750940e+01
4.401599999999999454e+03 1.007537321042899947e+01
4.585000000000000000e+03 8.777260583195353405e+00
4.768400000000000546e+03 7.452590364813739932e+00
4.951800000000000182e+03 6.096430701237949279e+00
5.135199999999999818e+03 4.712200153647708945e+00
5.318599999999999454e+03 3.270623264800748498e+00
5.502000000000000000e+03 1.788305280623109894e+00
5.685399999999999636e+03 2.558264729770576840e-01
5.868800000000000182e+03 -1.321826158479382674e+00
6.052199999999999818e+03 -2.948198234991011191e+00
6.235600000000000364e+03 -4.616829768241196952e+00
6.419000000000000000e+03 -6.358715724781533574e+00
6.602400000000000546e+03 -8.181734895566673771e+00
6.785800000000000182e+03 -1.008508907595532200e+01
6.969200000000001637e+03 -1.210110744329315402e+01
7.152600000000000364e+03 -1.424886855791019613e+01
7.336000000000000000e+03 -1.654357131372416134e+01
7.519400000000000546e+03 -1.899012392204089750e+01
7.702800000000002001e+03 -2.170539053048164746e+01
7.886200000000001637e+03 -2.489601025697551151e+01
7.977900000000000546e+03 -2.726580319793324136e+01
8.023750000000000000e+03 -2.958634546092925177e+01
8.046675000000002001e+03 -3.107612764474624356e+01
8.069600000000000364e+03 -3.315485221064211885e+01
8.072465625000001637e+03 -3.350807174522844178e+01
8.073898437500001819e+03 -3.373946071720261131e+01
8.073987988281252001e+03 -3.373115797522894610e+01
8.074032763671876637e+03 -3.372699742001542234e+01
8.074055151367189865e+03 -3.372491483576428806e+01
8.074066345214845569e+03 -3.372387296564543391e+01
8.074071942138673876e+03 -3.372335188591983268e+01
8.074074740600587575e+03 -3.372309130986999293e+01
8.074076139831545333e+03 -3.372296101279592051e+01
8.074077539062500364e+03 -3.372283071619803252e+01
8.074077539083852571e+03 -3.372283071421011869e+01
8.074077539094526401e+03 -3.372283071321690784e+01
8.074077539099865135e+03 -3.372283071272003951e+01
8.074077539102532683e+03 -3.372283071247124298e+01
8.074077539103868730e+03 -3.372283071234677010e+01
8.074077539104534480e+03 -3.372283071228488183e+01
8.074077539104869174e+03 -3.372283071225380269e+01
8.074077539105034703e+03 -3.372283071223838391e+01
8.074077539105119286e+03 -3.372283071223089479e+01
8.074077539105160213e+03 -3.372283071222714312e+01
