3.668000000000000000e+03 9.459824405269177117e-01
3.851400000000000091e+03 9.446105754700490076e-01
4.034800000000000182e+03 9.432272233608542944e-01
4.218199999999999818e+03 9.418322600357454943e-01
4.401599999999999454e+03 9.404255602746566245e-01
4.585000000000000000e+03 9.389803058043584283e-01
4.768400000000000546e+03 9.375165088294288296e-01
4.951800000000000182e+03 9.360356951149310101e-01
5.135199999999999818e+03 9.345155442788902755e-01
5.318599999999999454e+03 9.329840385884307086e-01
5.502000000000000000e+03 9.314396155434508939e-01
5.685399999999999636e+03 9.295419298877197756e-01
5.868800000000000182e+03 9.275620012928765812e-01
6.052199999999999818e+03 9.255057137206190720e-01
6.235600000000000364e+03 9.234081275162273617e-01
6.419000000000000000e+03 9.212591993213521402e-01
6.602400000000000546e+03 9.190568922712901712e-01
6.785800000000000182e+03 9.168017280733641305e-01
6.969200000000001637e+03 9.144857086660236334e-01
7.152600000000000364e+03 9.118905803240517915e-01
7.336000000000000000e+03 9.090561576364442065e-01
7.519400000000000546e+03 9.061064760405421747e-01
7.702800000000002001e+03 8.916520765539307503e-01
7.886200000000001637e+03 8.674278465243037139e-01
7.977900000000000546e+03 8.484784817270620838e-01
8.023750000000000000e+03 8.318624425282883372e-01
8.046675000000002001e+03 8.213659622050388798e-01
8.069600000000000364e+03 8.070139600894111753e-01
8.072465625000001637e+03 8.046124515761455820e-01
8.073898437500001819e+03 8.029000834242047135e-01
8.073987988281252001e+03 8.030288355126679045e-01
8.074032763671876637e+03 8.030933318230961682e-01
8.074055151367189865e+03 8.031256101872498165e-01
8.074066345214845569e+03 8.031417569394762035e-01
8.074071942138673876e+03 8.031498322103849397e-01
8.074074740600587575e+03 8.031538703198138895e-01
8.074076139831545333e+03 8.031558894930597159e-01
8.074077539062500364e+03 8.031579086483127128e-01
8.074077539083852571e+03 8.031579086791169608e-01
8.074077539094526401e+03 8.031579086945112023e-01
8.074077539099865135e+03 8.031579087022144847e-01
8.074077539102532683e+03 8.031579087060684019e-01
8.074077539103868730e+03 8.031579087079974144e-01
8.074077539104534480e+03 8.031579087089568691e-01
8.074077539104869174e+03 8.031579087094384839e-01
8.074077539105034703e+03 8.031579087096797354e-01
8.074077539105119286e+03 8.031579087097954206e-01
8.074077539105160213e+03 8.031579087098538183e-01
