3.668000000000000000e+03 1.945285056984868888e+01
3.851400000000000091e+03 1.863894683541743191e+01
4.034800000000000182e+03 1.781548502648182719e+01
4.218199999999999818e+03 1.698194731650689704e+01
4.401599999999999454e+03 1.613811774556442202e+01
4.585000000000000000e+03 1.528295699735275193e+01
4.768400000000000546e+03 1.441536795020605233e+01
4.951800000000000182e+03 1.353478783023961540e+01
5.135199999999999818e+03 1.264174227196201628e+01
5.318599999999999454e+03 1.172974721039312662e+01
5.502000000000000000e+03 1.080186263544659653e+01
5.685399999999999636e+03 9.845999761258996230e+00
5.868800000000000182e+03 8.871862911462573109e+00
6.052199999999999818e+03 7.880875554191820065e+00
6.235600000000000364e+03 6.865999064311796296e+00
6.419000000000000000e+03 5.821862542321219358e+00
6.602400000000000546e+03 4.744241822926833052e+00
6.785800000000000182e+03 3.631861653952348057e+00
6.969200000000001637e+03 2.475980951677180908e+00
7.152600000000000364e+03 1.259835480343282743e+00
7.336000000000000000e+03 -2.196209113691898612e-02
7.519400000000000546e+03 -1.367570760718058942e+00
7.702800000000002001e+03 -2.864685816266432372e+00
7.886200000000001637e+03 -4.664998181770848795e+00
7.977900000000000546e+03 -5.972022397046206521e+00
8.023750000000000000e+03 -7.240036952332120634e+00
8.046675000000002001e+03 -8.050485022115672962e+00
8.069600000000000364e+03 -9.180470082695487477e+00
8.072465625000001637e+03 -9.372650376072581224e+00
8.073898437500001819e+03 -9.503112851675039607e+00
8.073987988281252001e+03 -9.496314285165643909e+00
8.074032763671876637e+03 -9.492908543729202009e+00
8.074055151367189865e+03 -9.491204050879336052e+00
8.074066345214845569e+03 -9.490351397967089042e+00
8.074071942138673876e+03 -9.489924969768715357e+00
8.074074740600587575e+03 -9.489711730219291042e+00
8.074076139831545333e+03 -9.489605104080172993e+00
8.074077539062500364e+03 -9.489498478724941677e+00
8.074077539083852571e+03 -9.489498477098315732e+00
8.074077539094526401e+03 -9.489498476285382011e+00
8.074077539099865135e+03 -9.489498475878717088e+00
8.074077539102532683e+03 -9.489498475675057776e+00
8.074077539103868730e+03 -9.489498475573272529e+00
8.074077539104534480e+03 -9.489498475522569976e+00
8.074077539104869174e+03 -9.489498475497123664e+00
8.074077539105034703e+03 -9.489498475484490214e+00
8.074077539105119286e+03 -9.489498475478315598e+00
8.074077539105160213e+03 -9.489498475475242500e+00
