3.668000000000000000e+03 2.283133032953555386e+01
3.851400000000000091e+03 2.222499740227365450e+01
4.034800000000000182e+03 2.160989027497340587e+01
4.218199999999999818e+03 2.098552025590433345e+01
4.401599999999999454e+03 2.035170173925222770e+01
4.585000000000000000e+03 1.970744809436860123e+01
4.768400000000000546e+03 1.905167482701309112e+01
4.951800000000000182e+03 1.838405557307234162e+01
5.135199999999999818e+03 1.770495781977309235e+01
5.318599999999999454e+03 1.700948701892879811e+01
5.502000000000000000e+03 1.629948900357252128e+01
5.685399999999999636e+03 1.556719812354380039e+01
5.868800000000000182e+03 1.482120231633864726e+01
6.052199999999999818e+03 1.406707720438072506e+01
6.235600000000000364e+03 1.329307362958574501e+01
6.419000000000000000e+03 1.249495834525264115e+01
6.602400000000000546e+03 1.166877400397150666e+01
6.785800000000000182e+03 1.081332978666231348e+01
6.969200000000001637e+03 9.921002339394231484e+00
7.152600000000000364e+03 8.979278768492561014e+00
7.336000000000000000e+03 7.983258337059216281e+00
7.519400000000000546e+03 6.933461787469488158e+00
7.702800000000002001e+03 5.790957258039330036e+00
7.886200000000001637e+03 4.437654642744334410e+00
7.977900000000000546e+03 3.446964497494978463e+00
8.023750000000000000e+03 2.437293435400248232e+00
8.046675000000002001e+03 1.787957873912115137e+00
8.069600000000000364e+03 8.747364826658442505e-01
8.072465625000001637e+03 7.183930621191930710e-01
8.073898437500001819e+03 6.140052504339077455e-01
8.073987988281252001e+03 6.185926217454418286e-01
8.074032763671876637e+03 6.208908272472503098e-01
8.074055151367189865e+03 6.220410652346946012e-01
8.074066345214845569e+03 6.226164687011869203e-01
8.074071942138673876e+03 6.229042416363637091e-01
8.074074740600587575e+03 6.230481459146309797e-01
8.074076139831545333e+03 6.231201025076875677e-01
8.074077539062500364e+03 6.231920586920675076e-01
8.074077539083852571e+03 6.231920597898148451e-01
8.074077539094526401e+03 6.231920603384089041e-01
8.074077539099865135e+03 6.231920606128246165e-01
8.074077539102532683e+03 6.231920607502876575e-01
8.074077539103868730e+03 6.231920608189593924e-01
8.074077539104534480e+03 6.231920608531745787e-01
8.074077539104869174e+03 6.231920608703603870e-01
8.074077539105034703e+03 6.231920608788584781e-01
8.074077539105119286e+03 6.231920608830185948e-01
8.074077539105160213e+03 6.231920608851015952e-01
