3.668000000000000000e+03 9.586705265348548499e-01
3.851400000000000091e+03 9.565216457648045845e-01
4.034800000000000182e+03 9.545914164517739220e-01
4.218199999999999818e+03 9.526197727064305010e-01
4.401599999999999454e+03 9.506060257814759051e-01
4.585000000000000000e+03 9.485510244577011196e-01
4.768400000000000546e+03 9.464528009951543863e-01
4.951800000000000182e+03 9.443028162012646609e-01
5.135199999999999818e+03 9.421039681538093680e-01
5.318599999999999454e+03 9.376168284391633856e-01
5.502000000000000000e+03 9.323463432351568603e-01
5.685399999999999636e+03 9.268682938797612181e-01
5.868800000000000182e+03 9.212380824606941632e-01
6.052199999999999818e+03 9.154472260427360952e-01
6.235600000000000364e+03 9.093967825783562109e-01
6.419000000000000000e+03 9.030675637207244977e-01
6.602400000000000546e+03 8.964988506781860211e-01
6.785800000000000182e+03 8.896316448467748161e-01
6.969200000000001637e+03 8.821595684776166735e-01
7.152600000000000364e+03 8.742838041846834329e-01
7.336000000000000000e+03 8.659756569440878460e-01
7.519400000000000546e+03 8.572395429452981386e-01
7.702800000000002001e+03 8.478270929413008750e-01
7.886200000000001637e+03 8.373155263968427020e-01
7.977900000000000546e+03 8.279809704718484875e-01
8.023750000000000000e+03 8.183045222290464826e-01
8.046675000000002001e+03 8.124774452895008325e-01
8.069600000000000364e+03 8.050974635239378507e-01
8.072465625000001637e+03 8.039431877320928344e-01
8.073898437500001819e+03 8.032229278673149730e-01
8.073987988281252001e+03 8.032387196633737902e-01
8.074032763671876637e+03 8.032466432331500927e-01
8.074055151367189865e+03 8.032506119676960932e-01
8.074066345214845569e+03 8.032525980763729478e-01
8.074071942138673876e+03 8.032535915665669490e-01
8.074074740600587575e+03 8.032540884206857967e-01
8.074076139831545333e+03 8.032543368750119095e-01
8.074077539062500364e+03 8.032545853274081216e-01
8.074077539083852571e+03 8.032545853311995332e-01
8.074077539094526401e+03 8.032545853330926855e-01
8.074077539099865135e+03 8.032545853340393727e-01
8.074077539102532683e+03 8.032545853345131048e-01
8.074077539103868730e+03 8.032545853347501374e-01
8.074077539104534480e+03 8.032545853348682652e-01
8.074077539104869174e+03 8.032545853349276621e-01
8.074077539105034703e+03 8.032545853349568610e-01
8.074077539105119286e+03 8.032545853349716269e-01
8.074077539105160213e+03 8.032545853349788434e-01
