3.668000000000000000e+03 3.902639576624991946e+00
3.851400000000000091e+03 8.195095626757730400e+00
4.034800000000000182e+03 1.253659311177749203e+01
4.218199999999999818e+03 1.692750705876510864e+01
4.401599999999999454e+03 2.136821341958165377e+01
4.585000000000000000e+03 2.782341117863108337e+01
4.768400000000000546e+03 3.480091277091122492e+01
4.951800000000000182e+03 4.232138060048117723e+01
5.135199999999999818e+03 5.257416756419908666e+01
5.318599999999999454e+03 6.292115914224571327e+01
5.502000000000000000e+03 7.336890027430766281e+01
5.685399999999999636e+03 8.644846521957238394e+01
5.868800000000000182e+03 1.011555410191050441e+02
6.052199999999999818e+03 1.190893063891680299e+02
6.235600000000000364e+03 1.374339663691463045e+02
6.419000000000000000e+03 1.564963824967918526e+02
6.602400000000000546e+03 1.762444358846778982e+02
6.785800000000000182e+03 1.965454287080767131e+02
6.969200000000001637e+03 2.174914898062836244e+02
7.152600000000000364e+03 2.407585382152710736e+02
7.336000000000000000e+03 2.660694987683590398e+02
7.519400000000000546e+03 2.924989344630696451e+02
7.702800000000002001e+03 2.999999999999997726e+02
7.886200000000001637e+03 3.000000000000011369e+02
7.977900000000000546e+03 2.999999999999997726e+02
8.023750000000000000e+03 3.000000000000017053e+02
8.046675000000002001e+03 3.000000000000009663e+02
8.069600000000000364e+03 2.999999999999993179e+02
8.072465625000001637e+03 3.000000000000003979e+02
8.073898437500001819e+03 2.999999999999994884e+02
8.073987988281252001e+03 2.999999999999982379e+02
8.074032763671876637e+03 3.000000000000008527e+02
8.074055151367189865e+03 3.000000000000006821e+02
8.074066345214845569e+03 2.999999999999986358e+02
8.074071942138673876e+03 3.000000000000019895e+02
8.074074740600587575e+03 2.999999999999992042e+02
8.074076139831545333e+03 3.000000000000001137e+02
8.074077539062500364e+03 2.999999999979689846e+02
8.074077539083852571e+03 2.999999999979699510e+02
8.074077539094526401e+03 2.999999999979699510e+02
8.074077539099865135e+03 2.999999999979665972e+02
8.074077539102532683e+03 2.999999999979704626e+02
8.074077539103868730e+03 2.999999999979681320e+02
8.074077539104534480e+03 2.999999999979692120e+02
8.074077539104869174e+03 2.999999999979702352e+02
8.074077539105034703e+03 2.999999999979694962e+02
8.074077539105119286e+03 2.999999999979685299e+02
8.074077539105160213e+03 2.999999999979683594e+02
