3.668000000000000000e+03 1.086520767816055688e+01
3.851400000000000091e+03 9.578414003285113054e+00
4.034800000000000182e+03 8.274729316909583687e+00
4.218199999999999818e+03 6.952561256424843350e+00
4.401599999999999454e+03 5.611202704768867733e+00
4.585000000000000000e+03 4.247749470931071691e+00
4.768400000000000546e+03 2.860945725011580620e+00
4.951800000000000182e+03 1.449937597384350463e+00
5.135199999999999818e+03 1.188135540842296875e-02
5.318599999999999454e+03 -1.480650253853186271e+00
5.502000000000000000e+03 -3.013202267753023467e+00
5.685399999999999636e+03 -4.599815875055715431e+00
5.868800000000000182e+03 -6.233772547913653206e+00
6.052199999999999818e+03 -7.919057351962276670e+00
6.235600000000000364e+03 -9.659569913928661933e+00
6.419000000000000000e+03 -1.148070797852408731e+01
6.602400000000000546e+03 -1.338624261898085521e+01
6.785800000000000182e+03 -1.537725702408844342e+01
6.969200000000001637e+03 -1.749247317075883501e+01
7.152600000000000364e+03 -1.975322134793368534e+01
7.336000000000000000e+03 -2.217573113917546124e+01
7.519400000000000546e+03 -2.476261574426612100e+01
7.702800000000002001e+03 -2.765454352123288473e+01
7.886200000000001637e+03 -3.109293342098990465e+01
7.977900000000000546e+03 -3.369812686347928121e+01
8.023750000000000000e+03 -3.623035282322925354e+01
8.046675000000002001e+03 -3.785442125201664254e+01
8.069600000000000364e+03 -4.010792166522956137e+01
8.072465625000001637e+03 -4.048875850542125931e+01
8.073898437500001819e+03 -4.073864261968958544e+01
8.073987988281252001e+03 -4.072935172763183687e+01
8.074032763671876637e+03 -4.072469605018910244e+01
8.074055151367189865e+03 -4.072236564180987983e+01
8.074066345214845569e+03 -4.072119979372059362e+01
8.074071942138673876e+03 -4.072061670851375226e+01
8.074074740600587575e+03 -4.072032512559712103e+01
8.074076139831545333e+03 -4.072017932405761798e+01
8.074077539062500364e+03 -4.072003352316593094e+01
8.074077539083852571e+03 -4.072003352094150586e+01
8.074077539094526401e+03 -4.072003351983011044e+01
8.074077539099865135e+03 -4.072003351927405390e+01
8.074077539102532683e+03 -4.072003351899566326e+01
8.074077539103868730e+03 -4.072003351885643241e+01
8.074077539104534480e+03 -4.072003351878714739e+01
8.074077539104869174e+03 -4.072003351875235921e+01
8.074077539105034703e+03 -4.072003351873511434e+01
8.074077539105119286e+03 -4.072003351872670862e+01
8.074077539105160213e+03 -4.072003351872253063e+01
