3.668000000000000000e+03 5.132399807815842507e+01
3.851400000000000091e+03 5.042590239650198924e+01
4.034800000000000182e+03 4.955873622663491318e+01
4.218199999999999818e+03 4.872448430549754761e+01
4.401599999999999454e+03 4.792551882326794299e+01
4.585000000000000000e+03 4.716399740039734212e+01
4.768400000000000546e+03 4.644275286711575745e+01
4.951800000000000182e+03 4.576518130980112886e+01
5.135199999999999818e+03 4.513479899006022578e+01
5.318599999999999454e+03 4.455527135876102562e+01
5.502000000000000000e+03 4.403105887956117215e+01
5.685399999999999636e+03 4.356742750587937252e+01
5.868800000000000182e+03 4.316999555521549325e+01
6.052199999999999818e+03 4.284470561499612273e+01
6.235600000000000364e+03 4.259956452728130927e+01
6.419000000000000000e+03 5.066324675826445656e+01
6.602400000000000546e+03 6.425797261974001628e+01
6.785800000000000182e+03 7.871618262481962347e+01
6.969200000000001637e+03 9.436872751693533701e+01
7.152600000000000364e+03 1.112512728807289335e+02
7.336000000000000000e+03 1.295100430753880119e+02
7.519400000000000546e+03 1.492338721056155748e+02
7.702800000000002001e+03 1.724195176657759134e+02
7.886200000000001637e+03 2.068221458564807733e+02
7.977900000000000546e+03 2.431375797002878869e+02
8.023750000000000000e+03 2.989437977443224099e+02
8.046675000000002001e+03 3.352377731555663445e+02
8.069600000000000364e+03 3.884066235791171948e+02
8.072465625000001637e+03 3.977648451946367913e+02
8.073898437500001819e+03 4.041661827338960506e+02
8.073987988281252001e+03 4.038231178288609158e+02
8.074032763671876637e+03 4.036512401945171291e+02
8.074055151367189865e+03 4.035652146801121489e+02
8.074066345214845569e+03 4.035221801980523537e+02
8.074071942138673876e+03 4.035006575194240668e+02
8.074074740600587575e+03 4.034898948199423785e+02
8.074076139831545333e+03 4.034845131300578487e+02
8.074077539062500364e+03 4.034791314659495924e+02
8.074077539083852571e+03 4.034791313838542806e+02
8.074077539094526401e+03 4.034791313428224271e+02
8.074077539099865135e+03 4.034791313222992812e+02
8.074077539102532683e+03 4.034791313120191489e+02
8.074077539103868730e+03 4.034791313068805607e+02
8.074077539104534480e+03 4.034791313043183436e+02
8.074077539104869174e+03 4.034791313030301581e+02
8.074077539105034703e+03 4.034791313024017541e+02
8.074077539105119286e+03 4.034791313020932080e+02
8.074077539105160213e+03 4.034791313019332506e+02
