3.668000000000000000e+03 -6.110667527536861598e-13
3.851400000000000091e+03 1.634248292248230428e-13
4.034800000000000182e+03 2.344791028008330613e-13
4.218199999999999818e+03 -4.263256414560601115e-14
4.401599999999999454e+03 -3.197442310920450836e-13
4.585000000000000000e+03 -2.415845301584340632e-13
4.768400000000000546e+03 5.329070518200751394e-13
4.951800000000000182e+03 -9.237055564881302416e-14
5.135199999999999818e+03 3.055333763768430799e-13
5.318599999999999454e+03 3.694822225952520967e-13
5.502000000000000000e+03 -1.634248292248230428e-13
5.685399999999999636e+03 -1.634248292248230428e-13
5.868800000000000182e+03 -3.197442310920450836e-13
6.052199999999999818e+03 -7.105427357601001859e-15
6.235600000000000364e+03 -6.323830348264891654e-13
6.419000000000000000e+03 -4.760636329592671245e-13
6.602400000000000546e+03 2.273736754432320595e-13
6.785800000000000182e+03 2.131628207280300558e-13
6.969200000000001637e+03 -9.237055564881302416e-14
7.152600000000000364e+03 7.176481631177011877e-13
7.336000000000000000e+03 -4.405364961712621152e-13
7.519400000000000546e+03 -1.847411112976260483e-13
7.702800000000002001e+03 1.278976924368180335e-13
7.886200000000001637e+03 -8.526512829121202230e-14
7.977900000000000546e+03 -1.094235813070554286e-12
8.023750000000000000e+03 6.536993168992921710e-13
8.046675000000002001e+03 -7.247535904753021896e-13
8.069600000000000364e+03 -1.421085471520200372e-13
8.072465625000001637e+03 -2.131628207280300558e-13
8.073898437500001819e+03 -3.694822225952520967e-13
8.073987988281252001e+03 -5.826450433232821524e-13
8.074032763671876637e+03 -5.542233338928781450e-13
8.074055151367189865e+03 -1.563194018672220409e-13
8.074066345214845569e+03 6.679101716144941747e-13
8.074071942138673876e+03 4.263256414560601115e-14
8.074074740600587575e+03 -7.105427357601001859e-14
8.074076139831545333e+03 4.405364961712621152e-13
8.074077539062500364e+03 3.388720415387069806e-10
8.074077539083852571e+03 3.400799641894991510e-10
8.074077539094526401e+03 3.390709935047198087e-10
8.074077539099865135e+03 3.391846803424414247e-10
8.074077539102532683e+03 3.395399517103214748e-10
8.074077539103868730e+03 3.392131020518718287e-10
8.074077539104534480e+03 3.389573066669981927e-10
8.074077539104869174e+03 3.390567826500046067e-10
8.074077539105034703e+03 3.388009872651309706e-10
8.074077539105119286e+03 3.395399517103214748e-10
8.074077539105160213e+03 3.391136260688654147e-10
