3.668000000000000000e+03 3.144133737699980102e+01
3.851400000000000091e+03 3.150509196638475018e+01
4.034800000000000182e+03 3.156316879003799158e+01
4.218199999999999818e+03 3.161619517128004375e+01
4.401599999999999454e+03 3.166051023517087160e+01
4.585000000000000000e+03 3.169544799935298229e+01
4.768400000000000546e+03 3.171755411623193766e+01
4.951800000000000182e+03 3.173255417829548009e+01
5.135199999999999818e+03 3.173954368699870088e+01
5.318599999999999454e+03 3.173965219100814394e+01
5.502000000000000000e+03 3.172744013279192643e+01
5.685399999999999636e+03 3.170148722180266176e+01
5.868800000000000182e+03 3.166167827867096207e+01
6.052199999999999818e+03 3.160740212223260315e+01
6.235600000000000364e+03 3.153728029573624880e+01
6.419000000000000000e+03 3.144385622805600988e+01
6.602400000000000546e+03 3.132689454266929374e+01
6.785800000000000182e+03 3.118708129991302158e+01
6.969200000000001637e+03 3.102029382865962148e+01
7.152600000000000364e+03 3.082146968589503189e+01
7.336000000000000000e+03 3.058640287000271485e+01
7.519400000000000546e+03 3.031158084379393713e+01
7.702800000000002001e+03 2.997980025573175666e+01
7.886200000000001637e+03 2.956580449499704599e+01
7.977900000000000546e+03 2.920823042536662584e+01
8.023750000000000000e+03 2.863778118355504176e+01
8.046675000000002001e+03 2.825249134025123254e+01
8.069600000000000364e+03 2.767305481805871636e+01
8.072465625000001637e+03 2.756880562448455052e+01
8.073898437500001819e+03 2.749973595243213609e+01
8.073987988281252001e+03 2.750219935389532822e+01
8.074032763671876637e+03 2.750343350938064546e+01
8.074055151367189865e+03 2.750405120363157963e+01
8.074066345214845569e+03 2.750436020523885361e+01
8.074071942138673876e+03 2.750451474470772339e+01
8.074074740600587575e+03 2.750459202411389725e+01
8.074076139831545333e+03 2.750463066623559527e+01
8.074077539062500364e+03 2.750466930837631097e+01
8.074077539083852571e+03 2.750466930896584117e+01
8.074077539094526401e+03 2.750466930926045350e+01
8.074077539099865135e+03 2.750466930940776678e+01
8.074077539102532683e+03 2.750466930948162059e+01
8.074077539103868730e+03 2.750466930951849776e+01
8.074077539104534480e+03 2.750466930953682265e+01
8.074077539104869174e+03 2.750466930954615208e+01
8.074077539105034703e+03 2.750466930955064271e+01
8.074077539105119286e+03 2.750466930955282052e+01
8.074077539105160213e+03 2.750466930955399647e+01
