3.668000000000000000e+03 -1.299999999999993960e+01
3.851400000000000091e+03 -1.252315999999993856e+01
4.034800000000000182e+03 -1.204632000000002634e+01
4.218199999999999818e+03 -1.156947999999995780e+01
4.401599999999999454e+03 -1.109264000000006867e+01
4.585000000000000000e+03 -1.061579999999993440e+01
4.768400000000000546e+03 -1.013896000000004527e+01
4.951800000000000182e+03 -9.662119999999911002e+00
5.135199999999999818e+03 -9.185280000000087597e+00
5.318599999999999454e+03 -8.708439999999999515e+00
5.502000000000000000e+03 -8.231600000000085515e+00
5.685399999999999636e+03 -7.754760000000063158e+00
5.868800000000000182e+03 -7.277919999999975076e+00
6.052199999999999818e+03 -6.801080000000128578e+00
6.235600000000000364e+03 -6.324240000000061812e+00
6.419000000000000000e+03 -5.847399999999972842e+00
6.602400000000000546e+03 -5.370560000000104139e+00
6.785800000000000182e+03 -4.893719999999992964e+00
6.969200000000001637e+03 -4.416880000000037221e+00
7.152600000000000364e+03 -3.940040000000013976e+00
7.336000000000000000e+03 -3.463200000000101753e+00
7.519400000000000546e+03 -2.986360000000012338e+00
7.702800000000002001e+03 -2.509520000000077911e+00
7.886200000000001637e+03 -2.032680000000033349e+00
7.977900000000000546e+03 -1.794260000000154065e+00
8.023750000000000000e+03 -1.675049999999961292e+00
8.046675000000002001e+03 -1.615445000000129028e+00
8.069600000000000364e+03 -1.555839999999944379e+00
8.072465625000001637e+03 -1.548389375000017720e+00
8.073898437500001819e+03 -1.544664062500131552e+00
8.073987988281252001e+03 -1.544431230468801930e+00
8.074032763671876637e+03 -1.544314814453159102e+00
8.074055151367189865e+03 -1.544256606445150393e+00
8.074066345214845569e+03 -1.544227502441421596e+00
8.074071942138673876e+03 -1.544212950439479926e+00
8.074074740600587575e+03 -1.544205674438420939e+00
8.074076139831545333e+03 -1.544202036438056869e+00
8.074077539062500364e+03 -1.544198397824841251e+00
8.074077539083852571e+03 -1.544198397769311448e+00
8.074077539094526401e+03 -1.544198397741293416e+00
8.074077539099865135e+03 -1.544198397727614802e+00
8.074077539102532683e+03 -1.544198397720500271e+00
8.074077539103868730e+03 -1.544198397717240212e+00
8.074077539104534480e+03 -1.544198397715500048e+00
8.074077539104869174e+03 -1.544198397714596993e+00
8.074077539105034703e+03 -1.544198397714090509e+00
8.074077539105119286e+03 -1.544198397713936188e+00
8.074077539105160213e+03 -1.544198397713693938e+00
