3.668000000000000000e+03 -1.113020078661783074e+01
3.851400000000000091e+03 -1.121710953986584869e+01
4.034800000000000182e+03 -1.129638283775065233e+01
4.218199999999999818e+03 -1.136746642206820468e+01
4.401599999999999454e+03 -1.142983926863869115e+01
4.585000000000000000e+03 -1.148361828200846091e+01
4.768400000000000546e+03 -1.079964718471095608e+01
4.951800000000000182e+03 -1.001539919900192999e+01
5.135199999999999818e+03 -9.194302344753868539e+00
5.318599999999999454e+03 -8.327232846325074433e+00
5.502000000000000000e+03 -7.415811935064578364e+00
5.685399999999999636e+03 -6.453674840297966675e+00
5.868800000000000182e+03 -5.438925559929373321e+00
6.052199999999999818e+03 -4.366592790934820556e+00
6.235600000000000364e+03 -3.232677371984128190e+00
6.419000000000000000e+03 -1.922124649127336937e+00
6.602400000000000546e+03 -4.638906151382364840e-01
6.785800000000000182e+03 1.099057821713682159e+00
6.969200000000001637e+03 2.791245634203004755e+00
7.152600000000000364e+03 4.639649797745487803e+00
7.336000000000000000e+03 6.670734624341356778e+00
7.519400000000000546e+03 8.908812763084430486e+00
7.702800000000002001e+03 1.146143063558914932e+01
7.886200000000001637e+03 1.524982946636547965e+01
7.977900000000000546e+03 2.022092725824380821e+01
8.023750000000000000e+03 2.750992689477248376e+01
8.046675000000002001e+03 3.234599979063949604e+01
8.069600000000000364e+03 3.953813363605154763e+01
8.072465625000001637e+03 4.082083650090463323e+01
8.073898437500001819e+03 4.166810762239046539e+01
8.073987988281252001e+03 4.163800157183989370e+01
8.074032763671876637e+03 4.162291723754360362e+01
8.074055151367189865e+03 4.161536720721809957e+01
8.074066345214845569e+03 4.161159022174077649e+01
8.074071942138673876e+03 4.160970123585290992e+01
8.074074740600587575e+03 4.160875661955325455e+01
8.074076139831545333e+03 4.160828428055523887e+01
8.074077539062500364e+03 4.160781194148778894e+01
8.074077539083852571e+03 4.160781193428162794e+01
8.074077539094526401e+03 4.160781193068071815e+01
8.074077539099865135e+03 4.160781192888035918e+01
8.074077539102532683e+03 4.160781192797756489e+01
8.074077539103868730e+03 4.160781192752651236e+01
8.074077539104534480e+03 4.160781192730211586e+01
8.074077539104869174e+03 4.160781192718931010e+01
8.074077539105034703e+03 4.160781192713326249e+01
8.074077539105119286e+03 4.160781192710679477e+01
8.074077539105160213e+03 4.160781192709251997e+01
