3.668000000000000000e+03 2.448773489307982487e+01
3.851400000000000091e+03 2.440529319032392408e+01
4.034800000000000182e+03 2.431239132154655636e+01
4.218199999999999818e+03 2.420832708572629954e+01
4.401599999999999454e+03 2.409471999583583823e+01
4.585000000000000000e+03 2.397087610079109865e+01
4.768400000000000546e+03 2.383294562860556454e+01
4.951800000000000182e+03 2.368894744850807044e+01
5.135199999999999818e+03 2.353573785172538635e+01
5.318599999999999454e+03 2.337158303420281413e+01
5.502000000000000000e+03 2.319325603544990244e+01
5.685399999999999636e+03 2.299742281912785558e+01
5.868800000000000182e+03 2.278373660744994211e+01
6.052199999999999818e+03 2.255132958834494161e+01
6.235600000000000364e+03 2.229848931268290357e+01
6.419000000000000000e+03 2.201338336621935809e+01
6.602400000000000546e+03 2.169606698828519242e+01
6.785800000000000182e+03 2.134847804413085726e+01
6.969200000000001637e+03 2.096569109842876699e+01
7.152600000000000364e+03 2.054168071075379487e+01
7.336000000000000000e+03 2.007117604860466287e+01
7.519400000000000546e+03 1.954945757045623012e+01
7.702800000000002001e+03 1.895734404648644755e+01
7.886200000000001637e+03 1.826686213791128210e+01
7.977900000000000546e+03 1.776097750076138837e+01
8.023750000000000000e+03 1.710583056526735390e+01
8.046675000000002001e+03 1.667531621541448672e+01
8.069600000000000364e+03 1.602747431827130242e+01
8.072465625000001637e+03 1.591102579373507986e+01
8.073898437500001819e+03 1.583468980720179076e+01
8.073987988281252001e+03 1.583716256841246484e+01
8.074032763671876637e+03 1.583840158439404711e+01
8.074055151367189865e+03 1.583902175425397907e+01
8.074066345214845569e+03 1.583933200503177652e+01
8.074071942138673876e+03 1.583948717193066713e+01
8.074074740600587575e+03 1.583956476576341110e+01
8.074076139831545333e+03 1.583960356527637536e+01
8.074077539062500364e+03 1.583964236481333820e+01
8.074077539083852571e+03 1.583964236540523807e+01
8.074077539094526401e+03 1.583964236570106898e+01
8.074077539099865135e+03 1.583964236584896668e+01
8.074077539102532683e+03 1.583964236592311003e+01
8.074077539103868730e+03 1.583964236596014707e+01
8.074077539104534480e+03 1.583964236597852704e+01
8.074077539104869174e+03 1.583964236598789732e+01
8.074077539105034703e+03 1.583964236599239683e+01
8.074077539105119286e+03 1.583964236599456932e+01
8.074077539105160213e+03 1.583964236599578435e+01
