3.668000000000000000e+03 7.525818026661851512e+00
3.851400000000000091e+03 6.453737986019201678e+00
4.034800000000000182e+03 5.366866593609436187e+00
4.218199999999999818e+03 4.264070847803607123e+00
4.401599999999999454e+03 3.144785023645736644e+00
4.585000000000000000e+03 2.006825931776370808e+00
4.768400000000000546e+03 8.482338719344743039e-01
4.951800000000000182e+03 -3.419545733511983321e-01
5.135199999999999818e+03 -1.557791113218187862e+00
5.318599999999999454e+03 -2.867859461043794411e+00
5.502000000000000000e+03 -4.217309103844977258e+00
5.685399999999999636e+03 -5.623543403015768050e+00
5.868800000000000182e+03 -7.073480941595692073e+00
6.052199999999999818e+03 -8.571535792809459764e+00
6.235600000000000364e+03 -1.011835787442224976e+01
6.419000000000000000e+03 -1.173719908151075764e+01
6.602400000000000546e+03 -1.343178694218337732e+01
6.785800000000000182e+03 -1.520309357080654600e+01
6.969200000000001637e+03 -1.708684568624516587e+01
7.152600000000000364e+03 -1.911135928919507165e+01
7.336000000000000000e+03 -2.128978517929309788e+01
7.519400000000000546e+03 -2.361785475530330558e+01
7.702800000000002001e+03 -2.626825355754601787e+01
7.886200000000001637e+03 -2.951535426553298080e+01
7.977900000000000546e+03 -3.203622681649446946e+01
8.023750000000000000e+03 -3.452506486427777332e+01
8.046675000000002001e+03 -3.613088535517076849e+01
8.069600000000000364e+03 -3.837460897906186119e+01
8.072465625000001637e+03 -3.875576731519721818e+01
8.073898437500001819e+03 -3.900869275519254131e+01
8.073987988281252001e+03 -3.899811299559760158e+01
8.074032763671876637e+03 -3.899281217658786147e+01
8.074055151367189865e+03 -3.899015901959542418e+01
8.074066345214845569e+03 -3.898883175263143386e+01
8.074071942138673876e+03 -3.898816794683107645e+01
8.074074740600587575e+03 -3.898783600082706613e+01
8.074076139831545333e+03 -3.898767001704587898e+01
8.074077539062500364e+03 -3.898750403414305055e+01
8.074077539083852571e+03 -3.898750403161074729e+01
8.074077539094526401e+03 -3.898750403034544831e+01
8.074077539099865135e+03 -3.898750402971239026e+01
8.074077539102532683e+03 -3.898750402939543847e+01
8.074077539103868730e+03 -3.898750402923698033e+01
8.074077539104534480e+03 -3.898750402915803903e+01
8.074077539104869174e+03 -3.898750402911844759e+01
8.074077539105034703e+03 -3.898750402909878687e+01
8.074077539105119286e+03 -3.898750402908923007e+01
8.074077539105160213e+03 -3.898750402908448365e+01
