CASO;pATIVA;pREATIVA;dATIVA;dREATIVA
1;19662.6;-5829.8;19016.9;-413.6
2;14960.0;-6313.3;14357.6;-668.7
3;15129.6;-6413.9;14529.8;-650.7
4;14014.8;-5541.7;13392.7;-716.4
5;18044.4;-6615.4;17435.4;-501.6
6;11579.8;-1137.7;10832.4;-853.9
7;19922.5;-5630.6;19268.1;-402.6
8;14649.8;-6104.8;14042.3;-682.9
9;16892.6;-6860.3;16297.4;-559.7
10;15705.9;-6681.9;15111.3;-626.7
11;19316.1;-6062.1;18680.5;-431.6
12;12044.1;-2381.2;11332.9;-829.8
13;15555.7;-6624.5;14960.2;-633.7
14;15424.7;-6572.1;14828.0;-643.7
15;18614.3;-6431.8;17995.9;-469.6
16;13959.3;-5488.8;13335.7;-722.5
17;15862.3;-6725.1;15268.4;-611.7
18;14413.3;-5913.6;13801.1;-693.1
19;16312.8;-6837.0;15719.9;-596.7
20;17446.7;-6794.9;16845.9;-537.6
21;13958.3;-5487.0;13334.7;-721.5
22;18637.9;-6422.1;18018.9;-467.6
23;18120.4;-6592.5;17510.5;-495.6
24;17277.6;-6824.7;16678.7;-545.6
25;18119.4;-6591.7;17509.5;-494.6
26;14806.2;-6219.1;14201.5;-676.8
27;15970.1;-6760.8;15376.5;-611.7
28;14291.9;-5812.0;13677.0;-703.2
29;15668.1;-6662.1;15073.3;-623.7
30;17336.3;-6814.6;16736.8;-542.6
31;14796.4;-6208.6;14191.5;-674.8
32;15395.2;-6550.1;14798.0;-644.7
33;14800.3;-6211.8;14195.5;-674.8
34;14479.0;-5968.8;13868.2;-691.0
35;14835.7;-6233.1;14231.5;-670.7
36;16195.8;-6803.4;15602.7;-591.7
37;13921.3;-5443.7;13296.6;-722.5
38;16714.5;-6862.2;16120.2;-569.7
39;19742.1;-5768.7;19093.9;-407.6
40;17779.3;-6700.6;17174.2;-515.6
41;15826.4;-6716.1;15232.4;-615.7
42;14393.7;-5897.6;13781.1;-694.1
43;14677.2;-6125.9;14070.4;-680.9
44;19809.7;-5715.5;19159.0;-405.6
45;16328.9;-6838.1;15735.9;-594.7
46;14906.7;-6284.4;14303.6;-669.7
47;16618.8;-6867.6;16025.1;-580.7
48;20696.5;-4889.9;20010.8;-363.5
49;16473.3;-6851.1;15880.0;-584.7
50;17521.7;-6767.0;16919.9;-525.6
51;16853.3;-6861.5;16258.3;-561.7
52;15489.3;-6594.9;14893.1;-636.7
53;13876.6;-5396.1;13250.6;-726.6
54;15496.3;-6597.2;14900.1;-636.7
55;15788.6;-6705.7;15194.4;-619.7
56;17455.9;-6790.6;16854.9;-535.6
57;17991.1;-6646.8;17383.4;-507.6
58;18181.6;-6570.1;17570.5;-490.6
59;16819.0;-6859.3;16224.3;-560.7
60;18085.8;-6606.9;17476.5;-500.6
61;14666.4;-6117.7;14059.3;-681.9
62;18871.2;-6313.2;18247.2;-459.6
63;17300.9;-6819.5;16701.7;-543.6
64;15604.6;-6647.6;15009.2;-635.7
65;17252.3;-6823.0;16653.7;-541.6
66;16065.9;-6786.3;15472.6;-607.7
67;18608.2;-6434.5;17989.9;-469.6
68;19440.6;-5986.6;18801.7;-427.6
69;20881.4;-4677.3;20186.9;-351.5
70;13362.3;-4770.9;12719.1;-757.0
71;13268.6;-4646.5;12622.0;-764.1
72;15179.1;-6446.6;14579.8;-652.7
73;16552.7;-6853.9;15959.1;-577.7
74;18067.7;-6610.7;17458.4;-501.6
75;16887.7;-6860.4;16292.4;-560.7
76;12118.2;-2549.7;11411.9;-822.8
77;15586.6;-6636.7;14991.2;-633.7
78;17968.9;-6647.9;17361.3;-504.6
79;16703.4;-6863.7;16109.2;-571.7
80;17825.0;-6690.1;17219.2;-515.6
81;15764.6;-6702.8;15170.3;-623.7
82;15803.5;-6713.6;15209.4;-620.7
83;16613.9;-6866.0;16020.1;-580.7
84;17085.4;-6846.3;16488.5;-550.7
85;16637.0;-6863.4;16043.1;-576.7
86;16470.4;-6849.2;15877.0;-583.7
87;14835.7;-6233.1;14231.5;-670.7
88;17014.7;-6856.3;16418.5;-557.7
89;16475.4;-6849.8;15882.0;-583.7
90;18603.2;-6432.4;17984.9;-467.6
91;18750.4;-6379.2;18129.0;-467.6
92;16611.8;-6866.9;16018.1;-580.7
93;15448.4;-6579.2;14852.1;-638.7
94;14902.8;-6281.3;14299.6;-669.7
95;17110.6;-6846.7;16513.6;-552.7
96;16384.1;-6838.5;15790.9;-587.7
97;15507.3;-6599.7;14911.1;-634.7
98;16314.8;-6837.5;15721.9;-596.7
99;14939.3;-6304.6;14336.6;-668.7
100;17689.9;-6725.0;17086.1;-518.6
101;15296.8;-6512.1;14698.9;-649.7
102;18807.7;-6342.4;18185.1;-460.6
103;17068.2;-6852.9;16471.5;-554.7
104;17469.0;-6782.3;16867.9;-530.6
105;13969.1;-5495.3;13345.7;-720.5
106;16576.7;-6859.1;15983.1;-578.7
107;17776.2;-6698.8;17171.2;-513.6
108;14256.8;-5775.9;13641.0;-703.2
109;15671.0;-6665.5;15076.3;-624.7
110;16293.7;-6835.5;15700.8;-597.7
111;13410.5;-4833.2;12769.2;-752.0
112;16885.6;-6862.3;16290.4;-561.7
113;18005.5;-6639.8;17397.4;-505.6
114;14449.6;-5947.2;13838.1;-695.1
115;16956.2;-6856.9;16360.4;-557.7
116;13528.3;-4989.7;12891.3;-747.8
117;16143.8;-6796.7;15550.7;-598.7
118;12921.2;-4111.4;12259.7;-779.4
119;18588.8;-6442.8;17970.9;-470.6
120;17082.3;-6846.6;16485.5;-550.7
121;16174.9;-6803.7;15581.7;-597.7
122;14624.2;-6090.0;14016.3;-686.9
123;18909.2;-6291.1;18284.2;-455.6
124;20407.6;-5190.2;19734.5;-375.6
125;12442.5;-3243.9;11756.2;-804.8
126;18828.2;-6337.6;18205.1;-463.6
127;19670.9;-5825.6;19024.9;-414.6
128;16927.9;-6856.9;16332.4;-556.7
129;13760.0;-5262.7;13130.5;-730.7
130;18039.3;-6615.9;17430.4;-500.6
131;15849.3;-6723.8;15255.4;-614.7
132;14970.8;-6320.1;14368.6;-667.7
133;13696.0;-5191.2;13064.4;-735.7
134;17381.8;-6800.6;16781.8;-534.6
135;17891.9;-6667.3;17285.3;-508.6
136;14933.3;-6300.5;14330.6;-667.7
137;17317.0;-6817.1;16717.8;-542.6
138;13869.9;-5386.1;13243.6;-725.6
139;17908.0;-6666.0;17301.3;-508.6
140;16321.9;-6835.4;15728.9;-593.7
141;15833.4;-6718.4;15239.4;-615.7
142;16011.9;-6772.5;15418.6;-609.7
143;18051.4;-6615.8;17442.4;-502.6
144;17802.8;-6691.9;17197.2;-513.6
145;17333.3;-6817.2;16733.8;-545.6
146;16515.3;-6853.6;15922.0;-579.7
147;16384.1;-6839.6;15790.9;-588.7
148;17522.7;-6767.7;16920.9;-526.6
149;16710.4;-6862.7;16116.2;-569.7
150;17657.7;-6727.4;17054.1;-517.6
151;15575.7;-6634.9;14980.2;-636.7
152;11322.5;-325.6;10551.1;-875.2
153;18409.2;-6507.4;17794.7;-477.6
154;20881.4;-4677.2;20186.9;-351.5
155;17150.1;-6836.9;16552.6;-546.7
156;16013.9;-6773.5;15420.6;-609.7
157;15941.0;-6757.4;15347.5;-615.7
158;15976.9;-6765.2;15383.5;-611.7
159;16262.6;-6836.5;15669.8;-604.7
160;13913.6;-5437.3;13288.6;-725.5
161;15156.2;-6433.4;14556.8;-652.7
162;14167.9;-5696.2;13549.9;-710.3
163;16744.6;-6863.7;16150.2;-568.7
164;15604.6;-6647.6;15009.2;-635.7
165;17259.3;-6824.1;16660.7;-542.6
166;15859.3;-6726.1;15265.4;-613.7
167;18298.3;-6536.7;17685.6;-483.6
168;16675.1;-6867.0;16081.2;-575.7
169;20894.0;-4664.0;20198.9;-351.5
170;12366.0;-3085.9;11675.2;-807.9
171;14883.9;-6270.6;14280.5;-670.7
172;18120.4;-6592.5;17510.5;-495.6
173;21639.9;-3693.2;20904.6;-316.5
174;15707.0;-6681.4;15112.3;-626.7
175;16314.8;-6836.5;15721.9;-595.7
176;15752.8;-6695.9;15158.3;-623.7
177;19034.2;-6228.9;18406.3;-445.6
178;15631.3;-6658.3;15036.2;-633.7
179;17649.5;-6730.0;17046.1;-517.6
180;15560.7;-6627.4;14965.2;-634.7
181;13609.7;-5086.1;12975.4;-739.8
182;16882.5;-6861.8;16287.4;-560.7
183;17278.6;-6824.6;16679.7;-545.6
184;18954.3;-6264.8;18328.2;-451.6
185;15993.9;-6769.7;15400.6;-610.7
186;14946.2;-6311.3;14343.6;-669.7
187;17405.0;-6799.8;16804.8;-535.6
188;16726.4;-6863.0;16132.2;-568.7
189;16811.0;-6863.9;16216.3;-565.7
190;16068.0;-6784.3;15474.6;-606.7
191;18668.6;-6408.7;18049.0;-466.6
192;16997.6;-6855.1;16401.5;-556.7
193;20270.8;-5325.2;19603.4;-383.6
194;18566.2;-6454.3;17948.9;-473.6
195;17608.9;-6745.0;17006.0;-522.6
196;12899.4;-4073.7;12236.7;-781.4
197;17489.2;-6773.7;16887.9;-525.6
198;17107.6;-6848.3;16510.6;-553.7
199;17929.3;-6659.3;17322.3;-506.6
200;18424.6;-6503.7;17809.8;-479.6
201;15393.1;-6548.2;14796.0;-643.7
202;17958.7;-6650.7;17351.3;-504.6
203;15061.6;-6376.4;14460.7;-657.7
204;20380.3;-5219.4;19708.5;-377.6
205;13489.6;-4942.2;12851.2;-750.9
206;12637.0;-3616.8;11961.4;-793.6
207;12851.4;-3999.8;12186.6;-786.4
208;14387.8;-5894.7;13775.1;-696.1
209;13919.2;-5447.6;13294.6;-724.5
210;20382.4;-5215.8;19710.5;-376.6
211;15545.9;-6618.0;14950.1;-633.7
212;13470.5;-4912.1;12831.2;-749.9
213;18570.4;-6453.7;17952.9;-474.6
214;15006.4;-6337.7;14404.7;-661.7
215;13682.5;-5173.0;13050.4;-735.7
216;18066.6;-6611.0;17457.4;-501.6
217;17535.9;-6765.2;16934.0;-526.6
218;15322.6;-6520.9;14724.9;-645.7
219;19200.6;-6137.5;18568.4;-438.6
220;16489.3;-6857.1;15896.0;-586.7
221;19648.1;-5840.7;19002.8;-414.6
222;17277.6;-6824.7;16678.7;-545.6
223;19523.1;-5929.6;18881.7;-421.6
224;16452.3;-6846.5;15859.0;-583.7
225;13712.5;-5209.8;13081.5;-734.7
226;21463.3;-3942.5;20738.4;-322.5
227;15093.2;-6395.4;14492.7;-656.7
228;15811.5;-6715.6;15217.4;-620.7
229;14776.7;-6196.1;14171.4;-676.8
230;15798.6;-6709.1;15204.4;-619.7
231;16730.5;-6860.2;16136.2;-566.7
232;16643.0;-6859.4;16049.2;-572.7
233;17612.0;-6740.9;17009.0;-520.6
234;20027.3;-5539.5;19369.2;-393.6
235;15974.0;-6762.0;15380.5;-610.7
236;13687.4;-5180.1;13055.4;-736.7
237;13794.1;-5301.7;13165.5;-729.6
238;14846.6;-6244.6;14242.5;-673.7
239;12806.5;-3916.3;12139.6;-782.5
240;17961.7;-6649.6;17354.3;-504.6
241;15193.9;-6455.9;14594.8;-653.7
242;15573.7;-6633.4;14978.2;-635.7
243;16217.8;-6805.2;15624.8;-588.7
244;13362.3;-4770.9;12719.1;-757.0
245;14446.7;-5943.5;13835.1;-694.1
246;17641.4;-6735.6;17038.1;-520.6
247;17524.7;-6767.6;16922.9;-526.6
248;15305.7;-6515.7;14707.9;-648.7
249;20068.0;-5508.1;19408.2;-395.6
250;13542.1;-5003.1;12905.3;-745.8
251;15505.3;-6599.0;14909.1;-634.7
252;15740.8;-6696.0;15146.3;-627.7
253;10657.0;2455.0;9804.5;-910.5
254;20341.6;-5265.6;19671.5;-385.6
255;16989.5;-6856.0;16393.5;-556.7
256;14072.3;-5606.2;13451.8;-717.4
257;20588.4;-5007.0;19907.7;-365.5
258;17452.8;-6792.3;16851.9;-536.6
259;17120.9;-6840.7;16523.6;-549.7
260;14966.9;-6318.2;14364.6;-667.7
261;16445.3;-6843.9;15852.0;-582.7
262;13099.6;-4385.1;12445.9;-765.2
263;17893.9;-6667.6;17287.3;-508.6
264;15449.4;-6579.5;14853.1;-638.7
265;16505.4;-6855.7;15912.0;-582.7
266;18761.6;-6376.3;18140.1;-468.6
267;16818.0;-6862.7;16223.3;-563.7
268;16771.7;-6865.8;16177.3;-568.7
269;16803.0;-6867.3;16208.3;-568.7
270;14711.6;-6152.1;14105.4;-679.8
271;17983.2;-6647.1;17375.4;-507.6
272;19491.0;-5962.1;18850.7;-430.6
273;17820.9;-6689.5;17215.2;-513.6
274;18084.8;-6606.8;17475.5;-500.6
275;14415.2;-5915.6;13803.1;-693.1
276;14433.9;-5932.1;13822.1;-693.1
277;13276.3;-4654.1;12630.0;-761.1
278;18825.1;-6334.8;18202.1;-460.6
279;15696.0;-6677.3;15101.3;-626.7
280;19184.1;-6147.7;18552.4;-440.6
281;14607.3;-6078.4;13999.3;-687.9
282;15318.8;-6522.2;14720.9;-649.7
283;16425.1;-6848.8;15832.0;-587.7
284;18161.2;-6578.3;17550.5;-492.6
285;16347.9;-6840.2;15754.9;-593.7
286;16666.1;-6866.3;16072.2;-575.7
287;16258.7;-6834.3;15665.8;-604.7
288;16590.8;-6865.2;15997.1;-582.7
289;13925.2;-5448.3;13300.6;-722.5
290;16396.0;-6845.3;15802.9;-589.7
291;15833.4;-6718.4;15239.4;-615.7
292;16105.8;-6790.5;15512.7;-601.7
293;17255.2;-6821.5;16656.7;-539.6
294;14815.1;-6220.7;14210.5;-673.8
295;16046.9;-6780.6;15453.6;-607.7
296;15604.6;-6647.6;15009.2;-635.7
297;17101.6;-6847.4;16504.6;-552.7
298;17873.7;-6669.4;17267.3;-506.6
299;14253.9;-5773.2;13638.0;-703.2
300;17452.8;-6792.3;16851.9;-536.6
301;20617.9;-4970.0;19935.7;-364.5
302;13207.3;-4549.5;12558.0;-764.1
303;14508.4;-5995.8;13898.2;-692.0
304;14408.3;-5911.0;13796.1;-694.1
305;15643.2;-6658.9;15048.2;-629.7
306;19658.5;-5831.7;19012.9;-413.6
307;16250.7;-6834.6;15657.8;-605.7
308;14787.4;-6207.0;14182.5;-677.8
309;17532.9;-6765.2;16931.0;-526.6
310;14980.6;-6329.1;14378.6;-668.7
311;18592.9;-6441.2;17974.9;-470.6
312;16860.4;-6861.7;16265.4;-561.7
313;19160.4;-6163.4;18529.4;-442.6
314;14856.5;-6251.4;14252.5;-673.7
315;22769.7;-1682.1;21951.5;-258.5
316;17959.7;-6650.5;17352.3;-504.6
317;17597.7;-6749.0;16995.0;-523.6
318;16116.8;-6792.4;15523.7;-600.7
319;14723.4;-6165.0;14117.4;-682.8
320;14433.9;-5932.1;13822.1;-693.1
321;15941.0;-6757.4;15347.5;-615.7
322;14576.0;-6051.3;13967.3;-689.0
323;16812.1;-6861.7;16217.3;-563.7
324;14519.1;-6009.1;13909.2;-694.0
325;17529.9;-6765.6;16928.0;-526.6
326;18236.1;-6562.2;17624.6;-489.6
327;14767.9;-6190.3;14162.4;-677.8
328;18737.1;-6380.0;18116.0;-464.6
329;15729.7;-6692.3;15135.3;-627.7
330;18659.3;-6414.6;18040.0;-468.6
331;17142.0;-6838.0;16544.6;-546.7
332;18590.8;-6441.7;17972.9;-470.6
333;14167.9;-5696.2;13549.9;-710.3
334;16001.8;-6772.5;15408.6;-610.7
335;19291.2;-6077.7;18656.5;-431.6
336;14945.1;-6310.9;14342.6;-669.7
337;12090.8;-2494.0;11382.9;-828.8
338;12277.1;-2899.8;11581.1;-812.9
339;11190.5;161.5;10405.0;-877.3
340;11939.5;-2118.0;11220.8;-831.8
341;15366.4;-6544.2;14769.0;-646.7
342;18918.5;-6281.5;18293.2;-452.6
343;15306.7;-6514.9;14708.9;-647.7
344;16898.5;-6863.0;16303.4;-560.7
345;15993.9;-6771.0;15400.6;-611.7
346;16241.7;-6834.0;15648.8;-606.7
347;15875.2;-6730.8;15281.5;-612.7
348;15860.3;-6726.4;15266.4;-613.7
349;17190.6;-6830.0;16592.6;-543.6
350;13804.7;-5313.1;13176.5;-728.6
351;18352.2;-6521.3;17738.7;-481.6
352;18156.1;-6580.6;17545.5;-493.6
353;15818.4;-6710.3;15224.4;-613.7
354;17916.2;-6661.0;17309.3;-506.6
355;14773.8;-6193.0;14168.4;-676.8
356;15110.0;-6404.3;14509.8;-653.7
357;16550.7;-6853.3;15957.1;-577.7
358;15827.4;-6715.5;15233.4;-614.7
359;15292.9;-6507.8;14694.9;-648.7
360;14834.7;-6232.7;14230.5;-670.7
361;15071.4;-6384.7;14470.7;-658.7
362;18197.6;-6570.5;17586.6;-491.6
363;12272.3;-2890.4;11576.1;-812.9
364;16959.3;-6855.3;16363.4;-556.7
365;15732.7;-6692.4;15138.3;-626.7
366;17755.9;-6706.4;17151.2;-514.6
367;17304.9;-6820.7;16705.7;-544.6
368;10677.2;2361.0;9827.5;-905.4
369;17449.7;-6795.2;16848.9;-537.6
370;16903.6;-6862.7;16308.4;-560.7
371;16270.8;-6834.7;15677.8;-602.7
372;15252.4;-6488.0;14653.9;-653.7
373;18019.7;-6634.8;17411.4;-504.6
374;15364.4;-6543.6;14767.0;-646.7
375;20116.7;-5466.1;19455.3;-392.6
376;17409.1;-6796.8;16808.8;-533.6
377;20775.3;-4793.9;20085.8;-352.5
378;14597.7;-6068.9;13989.3;-688.9
379;12642.8;-3626.5;11967.4;-793.6
380;17725.3;-6718.8;17121.1;-518.6
381;18019.7;-6634.8;17411.4;-504.6
382;16297.7;-6836.5;15704.8;-598.7
383;13074.6;-4347.4;12419.8;-766.2
384;15294.8;-6510.9;14696.9;-649.7
385;17521.7;-6768.0;16919.9;-526.6
386;15841.4;-6721.4;15247.4;-615.7
387;15981.0;-6761.9;15387.6;-608.7
388;15859.3;-6726.1;15265.4;-613.7
389;14296.8;-5817.0;13682.0;-703.2
390;15118.9;-6410.5;14518.8;-654.7
391;13302.4;-4689.6;12657.1;-760.0
392;19974.2;-5591.7;19318.1;-401.6
393;15234.6;-6477.7;14635.9;-652.7
394;17222.0;-6826.0;16623.7;-542.6
395;14116.0;-5645.6;13496.8;-711.3
396;17893.9;-6668.7;17287.3;-509.6
397;12411.2;-3186.3;11723.2;-809.8
398;18158.1;-6580.3;17547.5;-493.6
399;16151.7;-6800.1;15558.7;-598.7
400;20719.6;-4866.5;20032.8;-363.5
401;13541.1;-5003.3;12904.3;-746.8
402;16380.0;-6839.7;15786.9;-588.7
403;16991.5;-6857.3;16395.5;-557.7
404;18826.1;-6335.2;18203.1;-460.6
405;15345.3;-6532.4;14748.0;-643.7
406;16407.9;-6848.8;15814.9;-589.7
407;11886.1;-1994.5;11163.7;-840.8
408;14508.4;-5995.8;13898.2;-692.0
409;17167.3;-6836.8;16569.6;-547.7
410;18553.0;-6459.3;17935.9;-474.6
411;15638.3;-6657.4;15043.2;-630.7
412;20603.0;-4995.6;19921.7;-368.5
413;19958.7;-5607.9;19303.1;-404.6
414;16097.0;-6786.5;15503.7;-601.7
415;11365.5;-460.6;10598.2;-867.1
416;12602.8;-3559.2;11925.4;-801.7
417;14616.1;-6084.1;14008.3;-685.9
418;18573.5;-6450.1;17955.9;-472.6
419;16878.5;-6858.6;16283.4;-558.7
420;11975.8;-2213.7;11259.8;-832.8
421;15746.7;-6695.6;15152.3;-624.7
422;19639.9;-5847.9;18994.8;-417.6
423;15448.4;-6579.2;14852.1;-638.7
424;14671.4;-6120.7;14064.3;-680.9
425;20599.9;-4998.5;19918.7;-368.5
426;16336.0;-6841.0;15742.9;-596.7
427;15228.7;-6472.9;14629.9;-651.7
428;16954.3;-6856.6;16358.4;-557.7
429;16261.7;-6835.5;15668.8;-604.7
430;15333.6;-6527.0;14736.0;-645.7
431;18769.8;-6367.1;18148.1;-463.6
432;18573.5;-6450.1;17955.9;-472.6
433;17991.2;-6647.1;17383.4;-508.6
434;16010.9;-6774.7;15417.6;-611.7
435;18642.9;-6424.1;18024.0;-469.6
436;16119.8;-6793.5;15526.7;-600.7
437;17198.7;-6823.5;16600.7;-539.6
438;18400.1;-6515.3;17785.7;-482.6
439;17926.3;-6659.1;17319.3;-506.6
440;20018.0;-5544.7;19360.2;-392.6
441;17167.3;-6836.8;16569.6;-547.7
442;12787.5;-3882.6;12119.6;-783.5
443;13834.8;-5348.8;13207.6;-728.6
444;19077.2;-6210.2;18448.3;-446.6
445;15533.9;-6618.1;14938.1;-637.7
446;17031.1;-6852.3;16434.5;-556.7
447;14463.5;-5953.1;13852.2;-691.1
448;18329.9;-6530.1;17716.7;-485.6
449;15422.9;-6562.2;14826.0;-642.7
450;19304.7;-6066.8;18669.5;-429.6
451;15124.7;-6413.8;14524.8;-653.7
452;18582.5;-6447.9;17964.9;-471.6
453;17641.3;-6738.3;17038.1;-522.6
454;14727.5;-6161.1;14121.4;-678.8
455;18544.9;-6458.8;17927.9;-472.6
456;14364.3;-5875.0;13751.1;-698.1
457;14526.1;-6010.6;13916.2;-692.0
458;17738.7;-6711.4;17134.1;-516.6
459;14929.3;-6300.2;14326.6;-668.7
460;14995.5;-6334.3;14393.6;-664.7
461;15507.3;-6599.7;14911.1;-634.7
462;14163.9;-5690.3;13545.9;-707.3
463;18425.6;-6503.5;17810.8;-479.6
464;17502.4;-6774.1;16900.9;-528.6
465;16075.8;-6785.4;15482.6;-603.7
466;15996.8;-6770.6;15403.6;-610.7
467;17166.3;-6836.0;16568.6;-546.6
468;19971.0;-5597.4;19315.1;-402.6
469;18056.4;-6615.4;17447.4;-502.6
470;15170.0;-6443.5;14570.8;-653.7
471;17858.4;-6678.2;17252.2;-510.6
472;15980.0;-6763.8;15386.5;-610.7
473;15810.5;-6715.6;15216.4;-620.7
474;20183.4;-5402.8;19519.3;-387.6
475;15356.4;-6537.4;14759.0;-644.7
476;15228.7;-6472.9;14629.9;-651.7
477;12257.2;-2866.0;11560.1;-819.9
478;13348.7;-4754.4;12705.1;-759.0
479;17167.3;-6836.8;16569.6;-547.7
480;14787.4;-6207.0;14182.4;-677.8
481;17305.9;-6820.4;16706.7;-544.6
482;13930.0;-5455.2;13305.7;-721.5
483;14639.0;-6097.6;14031.3;-683.9
484;17641.3;-6738.3;17038.1;-522.6
485;19308.9;-6069.4;18673.5;-433.6
486;17468.0;-6781.8;16866.9;-529.6
487;18748.3;-6380.4;18127.0;-467.6
488;19834.4;-5698.8;19183.0;-405.6
489;18413.3;-6506.7;17798.7;-478.6
490;14330.9;-5849.4;13717.0;-702.2
491;16005.8;-6773.9;15412.6;-610.7
492;17548.0;-6763.9;16946.0;-526.6
493;15362.3;-6539.7;14765.0;-643.7
494;17168.3;-6836.7;16570.6;-547.7
495;12994.0;-4229.0;12335.8;-775.3
496;14508.4;-5994.8;13898.2;-691.0
497;17332.3;-6817.3;16732.8;-545.6
498;11703.0;-1505.1;10966.5;-849.8
499;13943.7;-5470.5;13319.7;-722.5
500;16186.9;-6802.3;15593.7;-593.7
501;12715.9;-3765.3;12044.5;-793.6
502;16341.9;-6840.7;15748.9;-594.7
503;14571.2;-6044.8;13962.3;-688.0
504;15618.4;-6653.9;15023.2;-634.7
505;15685.0;-6674.2;15090.3;-627.7
506;16617.8;-6869.4;16024.1;-582.7
507;15054.7;-6373.6;14453.7;-658.7
508;16413.0;-6848.7;15819.9;-588.7
509;14976.7;-6325.7;14374.6;-668.7
510;17390.9;-6799.3;16790.8;-534.6
511;19810.8;-5715.4;19160.0;-406.6
512;16635.9;-6866.0;16042.1;-578.7
513;16576.7;-6859.1;15983.1;-578.7
514;13830.0;-5345.0;13202.6;-730.6
515;17680.9;-6727.1;17077.1;-519.6
516;14655.7;-6109.2;14048.3;-682.9
517;14552.5;-6033.3;13943.2;-691.0
518;17395.1;-6797.9;16794.8;-534.6
519;16601.8;-6865.7;16008.1;-581.7
520;18556.1;-6458.6;17938.9;-475.6
521;19274.7;-6091.1;18640.5;-434.6
522;15102.2;-6398.3;14501.7;-654.7
523;16487.3;-6856.5;15894.0;-586.7
524;19958.7;-5607.9;19303.1;-404.6
525;18259.5;-6558.6;17647.6;-490.6
526;17724.3;-6717.3;17120.1;-516.6
527;18981.0;-6253.4;18354.3;-447.6
528;14968.9;-6322.3;14366.6;-670.7
529;17559.2;-6758.0;16957.0;-524.6
530;19202.6;-6137.2;18570.4;-438.6
531;19655.4;-5836.5;19009.9;-415.6
532;14557.5;-6039.2;13948.2;-693.0
533;15700.9;-6682.0;15106.3;-627.7
534;17023.9;-6852.9;16427.5;-555.7
535;15626.3;-6657.4;15031.2;-634.7
536;15409.1;-6555.7;14812.0;-643.7
537;17661.7;-6730.6;17058.1;-520.6
538;15486.3;-6593.2;14890.1;-636.7
539;12576.1;-3505.4;11897.4;-798.7
540;16980.4;-6859.0;16384.5;-558.7
541;15344.4;-6534.1;14747.0;-645.7
542;14712.6;-6152.8;14106.4;-679.8
543;13021.8;-4273.4;12364.8;-774.3
544;18362.3;-6526.6;17748.7;-482.6
545;11718.9;-1546.0;10983.5;-847.8
546;12755.0;-3831.6;12085.5;-789.5
547;15652.2;-6656.2;15057.2;-624.7
548;18813.9;-6339.5;18191.1;-461.6
549;18989.2;-6246.4;18362.3;-445.6
550;13848.5;-5363.9;13221.6;-728.6
551;15858.3;-6725.7;15264.4;-613.7
552;13132.2;-4432.9;12479.9;-761.2
553;18357.1;-6527.9;17743.7;-481.6
554;13199.5;-4539.6;12550.0;-764.1
555;15924.1;-6747.4;15330.5;-612.7
556;18399.0;-6514.8;17784.7;-481.6
557;15764.6;-6702.8;15170.3;-623.7
558;19334.3;-6054.0;18698.6;-429.6
559;14426.0;-5927.7;13814.1;-695.1
560;16997.6;-6855.1;16401.5;-556.7
561;18019.7;-6634.8;17411.4;-504.6
562;15930.1;-6752.1;15336.5;-614.7
563;19154.3;-6164.7;18523.4;-441.6
564;17376.7;-6803.6;16776.8;-536.6
565;12877.1;-4041.8;12213.7;-783.4
566;24989.5;5226.8;23883.3;-154.4
567;17582.6;-6752.3;16980.0;-524.6
568;16447.2;-6844.6;15854.0;-582.7
569;13359.4;-4766.3;12716.1;-757.0
570;16398.0;-6844.4;15804.9;-588.7
571;15270.2;-6496.9;14671.9;-651.7
572;17575.4;-6755.7;16973.0;-525.6
573;17000.7;-6856.6;16404.5;-558.7
574;20156.4;-5431.5;19493.3;-392.6
575;16519.4;-6856.3;15926.0;-581.7
576;17302.9;-6820.7;16703.7;-544.6
577;17002.7;-6856.3;16406.5;-558.7
578;15913.1;-6743.7;15319.5;-612.7
579;15844.4;-6721.7;15250.4;-615.7
580;18548.0;-6458.7;17930.9;-473.6
581;17861.4;-6674.8;17255.3;-508.6
582;14921.4;-6296.6;14318.6;-670.7
583;13932.0;-5456.7;13307.7;-721.5
584;16080.8;-6783.8;15487.6;-601.7
585;18672.7;-6406.7;18053.0;-466.6
586;16165.8;-6802.4;15572.7;-597.7
587;19925.7;-5627.7;19271.1;-402.6
588;14624.2;-6090.0;14016.3;-686.9
589;16519.4;-6857.3;15926.0;-582.7
590;11170.6;232.5;10383.0;-880.3
591;14991.6;-6332.3;14389.6;-665.7
592;15581.7;-6635.7;14986.2;-634.7
593;17296.7;-6817.4;16697.7;-540.6
594;19851.0;-5689.7;19199.0;-407.6
595;16297.7;-6836.5;15704.8;-598.7
596;19296.4;-6075.3;18661.5;-431.6
597;17613.1;-6741.7;17010.0;-521.6
598;18298.3;-6536.7;17685.6;-483.6
599;15255.4;-6491.3;14656.9;-654.7
600;19150.3;-6165.6;18519.4;-441.6
601;14014.8;-5541.7;13392.7;-716.4
602;17259.3;-6824.1;16660.7;-542.6
603;14261.7;-5785.2;13646.0;-706.2
604;15151.3;-6430.9;14551.8;-653.7
605;13229.2;-4582.8;12581.0;-761.1
606;15157.3;-6432.5;14557.8;-651.7
607;16956.2;-6856.9;16360.4;-557.7
608;16075.8;-6785.4;15482.6;-603.7
609;13459.9;-4896.7;12820.2;-749.9
610;19336.4;-6052.8;18700.6;-429.6
611;16926.9;-6858.2;16331.4;-557.7
612;18350.1;-6523.8;17736.7;-482.6
613;17873.7;-6669.4;17267.3;-506.6
614;14848.6;-6245.7;14244.5;-673.7
615;12271.3;-2891.3;11575.1;-814.9
616;14334.8;-5850.7;13721.0;-700.2
617;18807.7;-6342.4;18185.1;-460.6
618;14055.8;-5578.0;13434.8;-716.4
619;17941.4;-6659.0;17334.3;-507.6
620;14959.0;-6312.3;14356.6;-668.7
621;17043.1;-6851.1;16446.5;-554.7
622;12507.8;-3375.4;11825.3;-803.7
623;18687.9;-6404.6;18068.0;-468.6
624;16140.8;-6796.3;15547.7;-598.7
625;18088.7;-6615.9;17479.5;-501.6
626;16618.8;-6868.8;16025.1;-581.7
627;17900.1;-6663.5;17293.3;-506.6
628;16011.9;-6772.5;15418.6;-609.7
629;17783.3;-6699.4;17178.2;-515.6
630;13135.1;-4436.9;12482.9;-761.2
631;13999.3;-5528.0;13376.7;-719.4
632;17746.8;-6705.1;17142.1;-513.6
633;16142.8;-6796.5;15549.7;-598.7
634;15746.7;-6695.6;15152.3;-624.7
635;15853.3;-6725.3;15259.4;-614.7
636;17275.6;-6824.4;16676.7;-545.6
637;14996.5;-6334.7;14394.6;-664.7
638;17295.8;-6817.2;16696.7;-540.6
639;14334.8;-5851.9;13721.0;-701.2
640;15376.3;-6543.6;14779.0;-646.7
641;18295.2;-6537.5;17682.6;-483.6
642;18478.5;-6488.3;17862.8;-478.6
643;13964.2;-5493.8;13340.7;-722.5
644;17989.1;-6647.1;17381.4;-507.6
645;14083.9;-5619.2;13463.8;-717.4
646;17765.0;-6704.9;17160.2;-515.6
647;12361.2;-3077.0;11670.2;-807.9
648;13922.3;-5445.3;13297.6;-722.5
649;15170.0;-6443.5;14570.8;-653.7
650;15875.2;-6735.2;15281.5;-616.7
651;19232.5;-6119.8;18599.5;-438.6
652;18124.5;-6590.5;17514.5;-494.6
653;19561.3;-5904.7;18918.8;-420.6
654;18766.7;-6365.8;18145.1;-461.6
655;15636.2;-6658.0;15041.2;-631.7
656;15670.1;-6664.6;15075.3;-624.7
657;18473.4;-6489.9;17857.8;-478.6
658;16306.8;-6838.0;15713.8;-598.7
659;15897.3;-6739.4;15303.5;-614.7
660;13484.0;-4926.1;12845.2;-745.9
661;16003.8;-6774.6;15410.6;-611.7
662;10660.5;2438.8;9808.5;-908.5
663;15276.2;-6498.6;14677.9;-650.7
664;14205.9;-5734.8;13588.9;-709.3
665;17680.9;-6727.1;17077.1;-519.6
666;15229.6;-6473.4;14630.9;-651.7
667;15540.9;-6620.5;14945.1;-636.7
668;19070.1;-6212.9;18441.3;-446.6
669;14065.4;-5598.4;13444.8;-716.4
670;16890.6;-6861.6;16295.4;-560.7
671;12368.9;-3092.0;11678.2;-808.9
672;16413.0;-6848.7;15819.9;-588.7
673;17086.4;-6845.1;16489.6;-549.7
674;18031.1;-6618.4;17422.4;-500.6
675;14369.2;-5879.0;13756.1;-697.1
676;16892.6;-6860.3;16297.4;-559.7
677;16892.6;-6860.3;16297.4;-559.7
678;16183.9;-6804.0;15590.7;-595.7
679;16537.6;-6854.9;15944.1;-579.7
680;17193.6;-6824.9;16595.7;-539.6
681;17057.1;-6852.3;16460.5;-553.7
682;14168.9;-5696.8;13550.9;-710.3
683;13767.7;-5273.4;13138.5;-731.6
684;21591.9;-3767.5;20859.5;-320.5
685;20302.4;-5292.0;19633.4;-382.6
686;13368.0;-4777.7;12725.1;-756.0
687;17166.3;-6836.0;16568.6;-546.6
688;17545.0;-6765.2;16943.0;-527.6
689;17804.7;-6692.3;17199.2;-513.6
690;16518.4;-6857.4;15925.0;-582.7
691;14309.6;-5827.0;13695.0;-702.2
692;15845.4;-6722.6;15251.4;-615.7
693;15204.9;-6463.8;14605.8;-655.7
694;16507.4;-6854.1;15914.0;-581.7
695;15667.1;-6663.2;15072.3;-624.7
696;15951.0;-6758.0;15357.5;-613.7
697;18368.3;-6524.1;17754.7;-481.6
698;18821.0;-6336.7;18198.1;-460.6
699;13795.0;-5303.5;13166.5;-729.6
700;15270.2;-6496.9;14671.9;-651.7
701;14587.9;-6060.6;13979.3;-688.9
702;18806.6;-6343.1;18184.1;-460.6
703;16097.9;-6787.2;15504.7;-601.7
704;19287.1;-6083.0;18652.5;-433.6
705;15231.7;-6474.2;14632.9;-651.7
706;16281.7;-6833.1;15688.8;-598.7
707;13458.0;-4894.1;12818.2;-749.9
708;18972.9;-6247.9;18346.2;-446.6
709;15470.5;-6586.5;14874.1;-637.7
710;13185.3;-4512.6;12534.9;-762.1
711;14997.5;-6336.1;14395.6;-665.7
712;11570.3;-1117.9;10822.4;-857.9
713;16155.8;-6800.7;15562.7;-598.7
714;16456.3;-6846.1;15863.0;-582.7
715;16825.1;-6860.1;16230.3;-561.7
716;19391.1;-6022.0;18753.6;-431.6
717;15600.6;-6643.9;15005.2;-633.7
718;17920.3;-6658.0;17313.3;-505.6
719;16880.5;-6860.3;16285.4;-559.7
720;15823.4;-6713.6;15229.4;-614.7
721;12010.3;-2299.5;11296.8;-830.8
722;18219.9;-6567.0;17608.6;-491.6
723;15179.1;-6443.9;14579.8;-650.7
724;16263.6;-6835.5;15670.8;-603.7
725;13613.7;-5089.2;12979.4;-738.8
726;16813.1;-6861.7;16218.3;-563.7
727;16449.2;-6845.4;15856.0;-582.7
728;16288.6;-6836.4;15695.8;-599.7
729;15942.0;-6755.8;15348.5;-614.7
730;18431.7;-6503.2;17816.8;-480.6
731;18259.5;-6558.6;17647.6;-490.6
732;17747.8;-6705.8;17143.1;-513.6
733;23439.1;-90.0;22554.7;-221.5
734;14979.6;-6327.1;14377.6;-667.7
735;15438.6;-6577.2;14842.0;-641.7
736;14133.6;-5665.0;13514.8;-712.3
737;17139.0;-6839.4;16541.6;-548.7
738;14800.3;-6211.8;14195.5;-674.8
739;10830.6;1633.2;10001.6;-904.9
740;13731.9;-5229.5;13101.5;-730.7
741;16373.0;-6842.7;15779.9;-591.7
742;18352.2;-6521.5;17738.7;-481.6
743;13039.2;-4295.1;12382.8;-770.3
744;14959.0;-6312.3;14356.6;-668.7
745;15930.1;-6752.1;15336.5;-614.7
746;14718.5;-6158.4;14112.4;-680.8
747;17337.3;-6814.0;16737.8;-542.6
748;16230.8;-6831.0;15637.8;-607.7
749;16894.6;-6863.7;16299.4;-561.7
750;14723.4;-6165.0;14117.4;-682.8
751;19478.7;-5964.0;18838.7;-426.6
752;16220.8;-6806.0;15627.8;-588.7
753;18955.4;-6263.0;18329.2;-451.6
754;15313.7;-6519.9;14715.9;-649.7
755;17465.9;-6786.3;16864.9;-532.6
756;14816.2;-6219.8;14211.5;-672.8
757;14262.6;-5786.3;13647.0;-706.2
758;14768.8;-6191.0;14163.4;-677.8
759;16128.8;-6798.0;15535.7;-602.7
760;15771.5;-6705.7;15177.4;-623.7
761;19482.7;-5966.4;18842.7;-429.6
762;13863.0;-5378.3;13236.6;-725.6
763;13978.8;-5503.3;13355.7;-717.5
764;19824.1;-5708.9;19173.0;-407.6
765;17502.4;-6774.1;16900.9;-528.6
766;12396.0;-3151.2;11707.2;-806.8
767;17266.4;-6823.2;16667.7;-542.6
768;16716.5;-6859.9;16122.2;-567.7
769;11882.5;-1983.6;11159.7;-840.8
770;15458.6;-6582.9;14862.1;-639.7
771;16186.9;-6802.3;15593.7;-593.7
772;17764.0;-6705.3;17159.2;-515.6
773;18232.0;-6564.1;17620.6;-490.6
774;16425.1;-6848.8;15832.0;-587.7
775;18399.0;-6515.8;17784.7;-482.6
776;15918.1;-6746.8;15324.5;-613.7
777;14451.5;-5948.2;13840.1;-694.1
778;14296.8;-5817.0;13682.0;-703.2
779;17363.5;-6806.5;16763.8;-537.6
780;12247.8;-2842.4;11550.0;-817.9
781;17645.4;-6733.4;17042.1;-519.6
782;13945.7;-5471.5;13321.7;-721.5
783;15477.4;-6589.3;14881.1;-636.7
784;17282.6;-6819.1;16683.7;-540.6
785;18796.4;-6349.1;18174.1;-461.6
786;12278.1;-2903.7;11582.1;-814.9
787;14557.5;-6039.2;13948.2;-693.0
788;16325.9;-6837.6;15732.9;-595.7
789;14991.6;-6332.3;14389.6;-665.7
790;18034.2;-6618.4;17425.4;-501.6
791;11995.4;-2263.9;11280.8;-831.8
792;16980.4;-6859.0;16384.5;-558.7
793;17117.8;-6841.6;16520.6;-549.7
794;16325.9;-6837.6;15732.9;-595.7
795;18550.0;-6459.1;17932.9;-474.6
796;13697.0;-5191.9;13065.4;-735.7
797;18560.2;-6456.5;17942.9;-474.6
798;14770.8;-6191.2;14165.4;-676.8
799;17746.8;-6705.1;17142.1;-513.6
800;15552.8;-6622.0;14957.2;-633.7
801;17937.4;-6658.7;17330.3;-507.6
802;17861.5;-6674.8;17255.3;-508.6
803;13225.4;-4575.9;12577.0;-761.1
804;15901.2;-6740.5;15307.5;-613.7
805;16034.9;-6780.0;15441.6;-609.7
806;15729.7;-6692.3;15135.3;-627.7
807;14662.5;-6114.6;14055.3;-681.9
808;20154.4;-5431.2;19491.3;-390.6
809;16659.1;-6863.3;16065.2;-574.7
810;19516.8;-5943.4;18875.7;-428.6
811;15044.8;-6370.5;14443.7;-660.7
812;14036.3;-5554.6;13414.8;-714.4
813;16499.3;-6854.6;15906.0;-582.7
814;15057.6;-6375.2;14456.7;-658.7
815;21335.0;-4119.3;20617.3;-328.5
816;16736.5;-6859.4;16142.2;-565.7
817;18655.2;-6417.2;18036.0;-468.6
818;15757.7;-6698.3;15163.3;-623.7
819;15546.9;-6619.2;14951.2;-634.7
820;16156.8;-6799.8;15563.7;-597.7
821;16971.4;-6855.8;16375.4;-556.7
822;18013.6;-6638.1;17405.4;-505.6
823;15972.0;-6762.0;15378.5;-611.7
824;14815.1;-6220.7;14210.5;-673.8
825;14025.6;-5548.1;13403.7;-718.4
826;16065.9;-6787.4;15472.6;-608.7
827;17428.4;-6793.8;16827.9;-533.6
828;17184.6;-6830.9;16586.6;-544.6
829;16186.9;-6802.3;15593.7;-593.7
830;14979.6;-6327.1;14377.6;-667.7
831;16530.6;-6854.0;15937.0;-579.7
832;17424.5;-6793.0;16823.9;-533.6
833;16149.8;-6799.1;15556.7;-598.7
834;16455.3;-6845.6;15862.0;-582.7
835;15911.1;-6744.0;15317.5;-613.7
836;18151.9;-6583.2;17541.5;-493.6
837;15316.7;-6521.8;14718.9;-649.7
838;16612.8;-6866.9;16019.1;-580.7
839;17048.1;-6853.4;16451.5;-555.7
840;17746.8;-6705.1;17142.1;-513.6
841;19386.9;-6025.0;18749.6;-431.6
842;17641.4;-6735.6;17038.1;-520.6
843;17480.1;-6779.6;16878.9;-528.6
844;13208.2;-4551.5;12559.0;-764.1
845;17499.3;-6774.2;16897.9;-527.6
846;21123.2;-4401.3;20417.1;-344.5
847;14508.4;-5995.8;13898.2;-692.0
848;14123.8;-5653.3;13504.8;-711.3
849;15776.5;-6702.5;15182.4;-619.7
850;18374.5;-6524.7;17760.7;-483.6
851;17321.1;-6818.4;16721.8;-544.6
852;15232.6;-6475.4;14633.9;-651.7
853;16150.8;-6799.4;15557.7;-598.7
854;18406.1;-6511.8;17791.7;-480.6
855;17638.4;-6738.2;17035.0;-522.6
856;21415.8;-4009.1;20693.4;-326.5
857;18340.1;-6525.2;17726.7;-482.6
858;16965.4;-6856.1;16369.4;-557.7
859;17516.7;-6771.8;16914.9;-529.6
860;15496.3;-6597.2;14900.1;-636.7
861;14209.8;-5738.0;13592.9;-708.3
862;16583.7;-6863.3;15990.1;-581.7
863;17253.2;-6824.3;16654.7;-542.6
864;13364.2;-4772.2;12721.1;-756.0
865;15138.5;-6420.4;14538.8;-651.7
866;15458.6;-6582.9;14862.1;-639.7
867;16777.8;-6865.7;16183.3;-568.7
868;15680.0;-6671.3;15085.3;-626.7
869;17155.2;-6835.4;16557.6;-545.6
870;16429.1;-6848.1;15836.0;-586.7
871;18459.2;-6497.4;17843.8;-481.6
872;12731.1;-3791.9;12060.5;-791.5
873;19736.0;-5772.9;19087.9;-407.6
874;19221.1;-6127.6;18588.5;-439.6
875;16325.9;-6836.5;15732.9;-594.7
876;17589.7;-6749.5;16987.0;-523.6
877;17501.4;-6773.5;16899.9;-527.6
878;14698.8;-6144.9;14092.4;-681.9
879;16565.7;-6855.2;15972.1;-576.7
880;17858.4;-6676.4;17252.2;-509.6
881;16876.5;-6859.0;16281.4;-558.7
882;18436.9;-6501.3;17821.8;-480.6
883;16425.1;-6848.8;15832.0;-587.7
884;16396.0;-6845.3;15802.9;-589.7
885;14636.9;-6099.4;14029.3;-685.9
886;15468.5;-6585.8;14872.1;-637.7
887;15272.3;-6497.6;14673.9;-651.7
888;19839.5;-5696.7;19188.0;-405.6
889;16726.4;-6863.0;16132.2;-568.7
890;14163.9;-5693.9;13545.9;-710.3
891;17059.1;-6852.2;16462.5;-553.7
892;15825.4;-6716.0;15231.4;-615.7
893;10193.9;5364.1;9257.0;-940.2
894;17231.0;-6824.9;16632.7;-541.6
895;13047.7;-4308.6;12391.8;-769.3
896;17437.6;-6795.7;16836.9;-537.6
897;14242.1;-5765.9;13625.9;-705.2
898;13239.7;-4604.4;12592.0;-765.1
899;17257.3;-6824.4;16658.7;-542.6
900;13163.9;-4484.0;12512.9;-763.2
901;15296.8;-6512.1;14698.9;-649.7
902;16646.1;-6860.1;16052.2;-573.7
903;17507.5;-6773.4;16905.9;-528.6
904;17789.4;-6697.0;17184.2;-514.6
905;16149.8;-6799.1;15556.7;-598.7
906;14507.4;-5996.2;13897.2;-693.0
907;20310.6;-5289.1;19641.4;-385.6
908;14967.9;-6322.0;14365.6;-670.7
909;20052.4;-5519.0;19393.2;-393.6
910;15286.1;-6500.5;14687.9;-646.7
911;18670.7;-6407.9;18051.0;-466.6
912;18476.5;-6488.4;17860.8;-478.6
913;14072.3;-5607.8;13451.8;-718.4
914;16968.4;-6855.5;16372.4;-556.7
915;17810.7;-6691.4;17205.2;-513.6
916;17694.1;-6724.3;17090.1;-519.6
917;15810.5;-6715.6;15216.4;-620.7
918;16854.4;-6862.5;16259.3;-562.7
919;15401.1;-6552.3;14804.0;-643.7
920;13814.4;-5325.9;13186.5;-728.6
921;18293.2;-6538.6;17680.6;-484.6
922;15066.4;-6380.6;14465.7;-657.7
923;19135.9;-6175.8;18505.4;-443.6
924;17489.2;-6773.7;16887.9;-525.6
925;14384.9;-5894.2;13772.1;-698.1
926;15890.4;-6735.9;15296.5;-614.7
927;15631.3;-6659.3;15036.2;-634.7
928;14423.1;-5923.9;13811.1;-694.1
929;17275.6;-6826.3;16676.7;-546.6
930;15229.6;-6473.4;14630.9;-651.7
931;19679.1;-5820.8;19032.9;-414.6
932;18033.1;-6618.9;17424.4;-501.6
933;14409.3;-5910.8;13797.1;-693.1
934;16184.9;-6803.9;15591.7;-595.7
935;15750.8;-6694.6;15156.3;-622.7
936;13023.7;-4275.9;12366.8;-774.3
937;18181.6;-6570.1;17570.5;-490.6
938;18225.9;-6566.6;17614.6;-491.6
939;18165.2;-6577.6;17554.5;-492.6
940;15275.3;-6497.5;14676.9;-650.7
941;18473.4;-6489.9;17857.8;-478.6
942;15786.5;-6707.2;15192.4;-620.7
943;18191.6;-6571.1;17580.5;-491.6
944;20071.0;-5505.5;19411.2;-394.6
945;16518.4;-6857.4;15925.0;-582.7
946;13318.1;-4705.1;12673.1;-757.0
947;15566.7;-6629.1;14971.2;-633.7
948;17570.4;-6756.9;16968.0;-526.6
949;18800.5;-6347.1;18178.1;-461.6
950;13893.1;-5414.9;13267.6;-726.5
951;15827.4;-6714.2;15233.4;-613.7
952;16711.4;-6863.4;16117.2;-570.7
953;17133.0;-6840.6;16535.6;-549.7
954;18138.7;-6588.1;17528.5;-495.6
955;14266.4;-5789.2;13651.0;-704.2
956;15345.3;-6532.4;14748.0;-643.7
957;18350.1;-6523.8;17736.7;-482.6
958;17041.1;-6853.6;16444.5;-556.7
959;17163.3;-6834.8;16565.6;-545.6
960;18597.0;-6439.0;17978.9;-470.6
961;16440.2;-6845.7;15847.0;-583.7
962;17331.3;-6817.9;16731.8;-545.6
963;15572.7;-6631.2;14977.2;-633.7
964;13465.7;-4905.3;12826.2;-749.9
965;13565.2;-5031.3;12929.3;-742.8
966;16377.0;-6842.1;15783.9;-590.7
967;15808.5;-6714.5;15214.4;-620.7
968;14872.1;-6263.6;14268.5;-672.7
969;16892.6;-6860.3;16297.4;-559.7
970;14387.8;-5894.7;13775.1;-696.1
971;16455.3;-6845.6;15862.0;-582.7
972;16183.9;-6804.0;15590.7;-595.7
973;14490.7;-5977.3;13880.2;-688.0
974;11579.8;-1139.0;10832.4;-854.9
975;19300.6;-6069.4;18665.5;-429.6
976;16890.6;-6861.6;16295.4;-560.7
977;10895.1;1339.9;10074.7;-900.8
978;15339.5;-6530.6;14742.0;-645.7
979;17047.0;-6853.5;16450.5;-555.7
980;15746.8;-6694.1;15152.3;-623.7
981;17440.6;-6796.7;16839.9;-538.6
982;14216.7;-5740.4;13599.9;-706.3
983;16590.8;-6865.2;15997.1;-582.7
984;16110.8;-6789.5;15517.7;-599.7
985;15845.4;-6722.6;15251.4;-615.7
986;15766.6;-6702.4;15172.4;-622.7
987;16638.9;-6863.0;16045.2;-575.7
988;18183.6;-6571.4;17572.5;-491.6
989;15127.6;-6415.3;14527.8;-652.7
990;15376.3;-6543.6;14779.0;-646.7
991;16554.7;-6854.3;15961.1;-577.7
992;15974.0;-6762.0;15380.5;-610.7
993;17030.1;-6851.2;16433.5;-555.7
994;17733.6;-6714.2;17129.1;-517.6
995;18950.1;-6271.9;18324.2;-453.6
996;15981.0;-6761.9;15387.5;-608.7
997;11626.4;-1284.6;10883.4;-853.9
998;16072.9;-6783.1;15479.6;-603.7
999;16965.4;-6856.1;16369.4;-557.7
1000;15832.4;-6716.8;15238.4;-614.7
