CASO;pATIVA;pREATIVA;dATIVA;dREATIVA
1;61365.6;-23107.0;59791.5;11562.0
2;58981.2;-25323.5;57527.7;11106.5
3;59087.6;-25009.2;57614.6;11125.1
4;58477.9;-26030.0;57052.5;11016.4
5;60559.7;-23680.0;59021.8;11404.3
6;57218.0;-27734.3;55809.5;10766.9
7;61487.4;-23059.3;59910.3;11585.8
8;58825.5;-25366.0;57369.5;11078.0
9;59975.5;-24257.0;58471.9;11293.6
10;59353.2;-24860.8;57878.9;11179.8
11;61185.1;-23334.4;59626.7;11523.9
12;57446.7;-27758.1;56053.5;10816.1
13;59275.9;-25023.2;57811.2;11170.4
14;59231.1;-24965.4;57760.2;11155.1
15;60828.9;-23638.2;59290.6;11458.3
16;58464.6;-25848.4;57026.7;11008.6
17;59437.6;-24849.1;57965.2;11196.8
18;58685.8;-25730.4;57250.6;11054.8
19;59675.4;-24550.3;58187.9;11244.4
20;60239.7;-24090.7;58730.0;11349.7
21;58465.6;-25818.3;57025.6;11008.6
22;60840.8;-23578.6;59298.1;11459.4
23;60583.6;-23818.3;59057.1;11415.1
24;60157.3;-24081.7;58645.0;11330.4
25;60586.8;-23775.2;59057.0;11415.0
26;58900.3;-25380.2;57448.7;11095.1
27;59502.1;-24730.4;58023.0;11204.9
28;58644.2;-25564.6;57195.6;11042.9
29;59341.5;-24821.2;57864.0;11178.0
30;60177.4;-24124.5;58669.2;11339.3
31;58893.8;-25387.0;57442.3;11093.3
32;59196.3;-25271.2;57746.2;11152.7
33;58915.3;-25145.1;57446.2;11093.9
34;58724.0;-25595.8;57281.2;11062.4
35;58910.0;-25421.8;57461.8;11097.3
36;59591.8;-24794.9;58120.3;11228.9
37;58435.5;-25994.3;57005.6;11003.7
38;59888.9;-24358.6;58390.9;11277.1
39;61398.8;-23111.5;59825.1;11568.4
40;60414.7;-23978.8;58898.6;11383.7
41;59419.1;-24849.6;57946.1;11192.7
42;58683.0;-25708.2;57245.9;11049.9
43;58849.4;-25284.5;57388.0;11080.5
44;61428.2;-23185.3;59859.5;11574.7
45;59670.0;-24722.8;58195.3;11246.3
46;58959.8;-25319.9;57505.5;11103.8
47;59831.2;-24515.1;58344.1;11269.7
48;61868.6;-22678.5;60264.5;11654.5
49;59756.8;-24477.9;58265.1;11255.3
50;60270.2;-24066.6;58759.1;11356.0
51;59943.1;-24443.5;58453.0;11288.8
52;59252.8;-25016.9;57786.4;11160.2
53;58422.0;-25932.9;56987.1;10998.2
54;59253.5;-25038.9;57788.9;11161.6
55;59398.5;-24926.7;57930.4;11190.1
56;60235.0;-24175.7;58731.6;11350.1
57;60526.3;-23803.0;58997.9;11399.4
58;60611.3;-23811.9;59084.4;11419.9
59;59927.7;-24397.9;58433.8;11287.3
60;60580.2;-23654.7;59040.7;11411.3
61;58826.5;-25448.7;57376.7;11079.6
62;60958.1;-23484.1;59409.2;11480.9
63;60160.4;-24146.8;58653.5;11335.4
64;59298.5;-25017.3;57834.2;11173.9
65;60153.1;-23996.4;58633.8;11328.1
66;59538.4;-24754.8;58062.4;11215.6
67;60831.3;-23545.9;59286.3;11458.2
68;61246.5;-23132.9;59673.5;11534.7
69;61963.6;-22617.2;60355.3;11672.7
70;58150.5;-26369.8;56730.6;10952.6
71;58108.6;-26272.9;56680.8;10944.5
72;59086.6;-25287.2;57634.5;11130.5
73;59798.4;-24473.0;58307.3;11263.5
74;60562.8;-23824.0;59036.3;11410.4
75;59973.4;-24253.3;58469.4;11292.3
76;57495.8;-27561.1;56097.8;10827.1
77;59310.3;-24717.6;57823.8;11172.1
78;60510.5;-23859.1;58986.2;11398.5
79;59875.6;-24485.6;58387.2;11276.6
80;60458.6;-23745.5;58924.5;11386.8
81;59383.3;-24895.9;57912.3;11184.7
82;59411.1;-24877.4;57939.7;11190.8
83;59821.9;-24539.4;58336.5;11269.2
84;60055.4;-24345.8;58560.8;11313.0
85;59842.7;-24429.2;58349.3;11270.5
86;59761.0;-24421.5;58264.9;11255.4
87;58904.1;-25510.1;57461.9;11097.4
88;60021.9;-24378.2;58528.9;11306.7
89;59756.7;-24509.1;58267.4;11255.5
90;60824.0;-23627.8;59285.0;11458.0
91;60897.5;-23569.5;59354.7;11470.7
92;59821.1;-24519.0;58334.2;11269.1
93;59229.8;-25083.6;57767.7;11157.1
94;58947.2;-25466.6;57503.2;11103.6
95;60085.8;-24083.9;58571.9;11317.5
96;59704.0;-24660.1;58225.4;11250.0
97;59258.0;-25068.5;57795.8;11163.1
98;59674.2;-24594.7;58190.1;11245.6
99;58966.2;-25433.7;57520.3;11105.7
100;60390.3;-23767.7;58857.1;11376.3
101;59153.2;-25245.9;57699.9;11141.7
102;60932.1;-23542.9;59387.3;11474.4
103;60061.4;-24163.8;58552.9;11310.2
104;60246.8;-24107.9;58738.6;11351.7
105;58468.7;-25874.7;57032.6;11009.1
106;59795.0;-24674.4;58318.8;11265.4
107;60407.6;-24062.8;58897.4;11383.6
108;58613.0;-25755.7;57176.4;11037.1
109;59337.8;-24890.5;57865.3;11178.2
110;59670.5;-24574.0;58184.4;11240.4
111;58177.2;-26231.7;56749.9;10956.0
112;59969.0;-24308.0;58469.3;11292.4
113;60534.3;-23778.3;59003.9;11401.2
114;58717.7;-25550.3;57270.7;11058.9
115;59999.6;-24292.7;58499.8;11303.0
116;58243.8;-26129.8;56813.2;10966.4
117;59582.4;-24643.3;58099.2;11221.3
118;57935.1;-26490.0;56509.9;10907.1
119;60803.3;-23782.3;59274.8;11456.1
120;60071.8;-24125.1;58560.7;11312.8
121;59595.1;-24603.6;58109.5;11226.7
122;58800.9;-25547.3;57357.2;11074.6
123;60985.5;-23447.6;59434.1;11485.1
124;61730.1;-22828.8;60136.7;11629.6
125;57667.5;-27140.7;56261.1;10855.5
126;60939.0;-23595.7;59397.9;11476.3
127;61363.2;-23187.3;59794.9;11562.3
128;59992.7;-24241.3;58488.8;11300.6
129;58353.7;-26155.4;56929.8;10988.2
130;60558.0;-23685.4;59020.4;11404.1
131;59431.2;-24853.3;57958.8;11194.9
132;58996.5;-25276.7;57540.0;11107.3
133;58335.6;-25961.1;56898.2;10982.8
134;60196.0;-24163.0;58691.2;11343.2
135;60476.2;-23878.7;58953.1;11393.0
136;58966.5;-25421.3;57519.7;11105.2
137;60173.1;-24021.1;58656.7;11336.2
138;58412.9;-26060.7;56985.8;10998.0
139;60480.0;-23923.1;58960.4;11394.9
140;59673.7;-24620.1;58191.6;11245.9
141;59432.2;-24728.3;57951.0;11194.4
142;59516.3;-24753.5;58039.3;11208.9
143;60562.5;-23702.4;59026.3;11404.6
144;60442.0;-23758.2;58908.8;11384.6
145;60159.4;-24353.5;58667.0;11339.2
146;59767.8;-24600.5;58285.9;11258.3
147;59700.5;-24712.9;58225.5;11250.0
148;60274.4;-24026.6;58760.3;11356.1
149;59879.2;-24482.6;58390.6;11276.9
150;60352.7;-24043.6;58840.8;11370.7
151;59283.3;-25056.5;57821.2;11171.6
152;57082.5;-28160.3;55682.8;10741.4
153;60733.4;-23660.0;59196.0;11442.7
154;61979.7;-22420.9;60358.4;11672.8
155;60080.6;-24275.1;58581.6;11320.2
156;59514.5;-24810.0;58041.6;11209.2
157;59471.2;-24908.0;58003.9;11202.4
158;59504.5;-24760.8;58027.6;11206.2
159;59647.7;-24767.7;58175.1;11237.0
160;58438.7;-25900.3;57002.8;11003.3
161;59090.2;-25100.9;57624.4;11128.2
162;58567.9;-25861.2;57135.9;11030.5
163;59901.4;-24374.7;58405.2;11281.7
164;59310.8;-24862.4;57835.4;11174.0
165;60145.8;-24180.5;58640.8;11328.5
166;59430.2;-24921.4;57962.8;11196.5
167;60674.0;-23744.7;59142.4;11429.6
168;59855.2;-24491.2;58366.6;11271.8
169;61959.8;-22807.8;60361.9;11673.1
170;57625.1;-27214.4;56219.8;10849.5
171;58934.6;-25487.2;57491.8;11102.9
172;60598.1;-23631.6;59057.1;11415.0
173;62335.7;-22252.8;60702.4;11738.6
174;59343.7;-25012.5;57880.1;11179.9
175;59675.2;-24581.2;58190.2;11245.6
176;59383.0;-24835.0;57907.7;11184.2
177;61037.8;-23449.0;59487.0;11496.8
178;59316.8;-24950.9;57847.9;11175.0
179;60353.4;-23950.8;58834.5;11370.5
180;59271.3;-25110.0;57812.6;11170.7
181;58278.5;-26269.9;56858.4;10975.6
182;59961.6;-24378.2;58467.1;11292.2
183;60155.7;-24128.9;58647.1;11330.5
184;60998.7;-23493.8;59450.7;11488.1
185;59504.1;-24855.3;58034.0;11207.0
186;58970.5;-25390.3;57521.8;11105.8
187;60218.2;-23987.2;58700.1;11344.6
188;59892.1;-24394.6;58396.9;11277.8
189;59919.7;-24415.6;58427.0;11285.8
190;59538.8;-24797.1;58065.8;11215.9
191;60850.8;-23647.9;59313.3;11463.0
192;60017.4;-24354.6;58522.6;11305.8
193;61672.2;-22774.2;60074.8;11614.5
194;60812.7;-23558.6;59268.4;11455.0
195;60336.0;-23909.9;58813.4;11365.4
196;57906.8;-26853.9;56499.7;10902.0
197;60257.2;-24080.4;58746.9;11352.5
198;60065.9;-24287.8;58567.4;11316.1
199;60490.4;-23949.8;58972.8;11397.0
200;60740.0;-23648.6;59201.9;11443.4
201;59213.5;-24988.5;57743.5;11150.3
202;60508.9;-23834.8;58982.7;11398.1
203;59038.1;-25257.2;57582.0;11118.8
204;61710.7;-22917.6;60123.2;11624.3
205;58218.7;-26302.1;56797.5;10962.3
206;57784.9;-26698.3;56362.6;10873.9
207;57890.1;-26750.5;56477.4;10898.6
208;58682.8;-25703.1;57245.4;11049.5
209;58444.0;-25827.2;57003.3;11003.6
210;61718.4;-22807.2;60123.3;11624.4
211;59288.2;-24828.6;57809.6;11168.9
212;58211.8;-26254.2;56787.5;10961.3
213;60812.7;-23591.2;59270.8;11455.4
214;59016.5;-25173.3;57552.9;11109.0
215;58321.5;-26012.2;56887.0;10981.2
216;60561.8;-23835.7;59036.3;11410.4
217;60280.1;-24012.8;58765.1;11356.7
218;59174.8;-25159.3;57715.9;11142.7
219;61116.8;-23389.8;59562.4;11515.5
220;59768.9;-24467.6;58276.5;11256.4
221;61358.5;-23123.0;59785.4;11559.3
222;60140.2;-24316.3;58645.0;11330.5
223;61284.3;-23214.2;59717.7;11546.4
224;59746.7;-24484.6;58255.5;11254.4
225;58339.6;-26072.9;56910.1;10985.9
226;62263.5;-22207.1;60627.9;11726.1
227;59041.5;-25355.4;57592.6;11120.4
228;59408.8;-24914.2;57940.0;11190.9
229;58877.9;-25514.5;57434.9;11092.3
230;59400.7;-24964.3;57935.3;11190.6
231;59890.3;-24447.4;58399.2;11278.0
232;59838.2;-24536.8;58352.8;11270.7
233;60327.3;-24024.2;58813.7;11365.6
234;61548.5;-22918.2;59961.4;11597.5
235;59509.3;-24692.7;58027.4;11205.2
236;58327.1;-26041.4;56894.6;10981.5
237;58395.4;-25717.4;56943.9;10990.9
238;58906.2;-25536.1;57465.7;11098.0
239;57885.8;-26474.2;56455.9;10892.1
240;60508.0;-23861.2;58983.8;11398.2
241;59108.3;-25075.8;57641.5;11133.3
242;59301.5;-24799.4;57821.1;11171.5
243;59605.1;-24671.4;58125.0;11229.9
244;58157.1;-26259.3;56730.6;10952.5
245;58713.7;-25582.5;57269.4;11058.7
246;60338.9;-24041.5;58826.7;11369.0
247;60275.4;-24013.0;58760.3;11356.2
248;59162.6;-25174.8;57704.5;11142.0
249;61562.7;-22991.0;59980.7;11599.4
250;58247.8;-26141.0;56818.3;10969.0
251;59259.8;-25016.1;57793.6;11162.1
252;59367.9;-24970.3;57902.0;11183.8
253;56706.6;-29200.2;55310.7;10669.3
254;61700.9;-22843.0;60108.1;11618.9
255;60031.2;-24079.7;58515.2;11304.4
256;58516.9;-25840.8;57081.6;11022.4
257;61817.9;-22744.3;60218.4;11644.7
258;60242.6;-24072.1;58731.4;11350.0
259;60077.1;-24260.0;58576.8;11318.1
260;58977.5;-25472.2;57534.5;11107.0
261;59737.1;-24567.2;58251.9;11253.0
262;58018.0;-26562.4;56601.8;10924.8
263;60483.6;-23823.8;58956.4;11394.1
264;59239.4;-24990.0;57770.7;11157.1
265;59770.3;-24497.1;58280.3;11256.9
266;60910.3;-23458.5;59359.1;11471.0
267;59928.9;-24379.2;58433.7;11287.2
268;59912.4;-24320.3;58412.2;11283.8
269;59918.0;-24379.0;58422.4;11285.4
270;58859.6;-25317.5;57401.3;11082.9
271;60529.4;-23720.7;58994.4;11399.3
272;61269.5;-23167.6;59699.7;11544.9
273;60451.3;-23831.9;58924.1;11386.5
274;60571.8;-23760.6;59040.6;11411.3
275;58696.7;-25567.2;57250.7;11054.9
276;58705.4;-25572.9;57260.3;11058.0
277;58102.9;-26469.3;56686.4;10944.9
278;60934.6;-23607.3;59394.3;11476.0
279;59337.9;-25012.4;57874.2;11179.3
280;61115.4;-23327.9;59556.4;11513.7
281;58784.3;-25646.8;57347.0;11074.0
282;59182.7;-24986.7;57711.4;11142.4
283;59741.9;-24382.5;58242.3;11251.9
284;60600.3;-23805.6;59073.0;11418.0
285;59689.8;-24591.0;58205.8;11248.3
286;59857.6;-24442.4;58365.3;11271.7
287;59656.2;-24643.2;58174.9;11236.9
288;59825.9;-24340.7;58325.0;11266.2
289;58447.3;-25812.3;57005.8;11003.8
290;59704.6;-24673.3;58227.0;11250.4
291;59416.3;-24955.3;57951.0;11194.4
292;59563.6;-24662.8;58081.4;11217.6
293;60132.2;-24309.5;58636.4;11328.3
294;58907.8;-25297.9;57450.2;11095.4
295;59534.8;-24704.2;58055.1;11212.7
296;59299.7;-25016.3;57835.3;11174.0
297;60075.5;-24141.4;58566.0;11315.8
298;60469.3;-23862.9;58944.9;11391.1
299;58613.6;-25699.4;57173.2;11036.9
300;60244.1;-24051.7;58731.5;11350.0
301;61825.0;-22768.1;60227.2;11648.1
302;58069.1;-26467.1;56650.8;10937.6
303;58754.2;-25452.2;57301.8;11063.7
304;58697.1;-25555.7;57250.1;11053.6
305;59320.4;-24985.8;57854.2;11175.9
306;61362.4;-23134.6;59790.2;11560.8
307;59660.4;-24568.3;58173.4;11236.5
308;58886.8;-25452.2;57439.8;11092.9
309;60271.0;-24117.1;58763.8;11356.5
310;58999.3;-25260.7;57541.7;11107.7
311;60812.3;-23667.9;59276.1;11456.2
312;59966.8;-24215.6;58459.8;11290.4
313;61119.6;-23226.5;59552.9;11511.6
314;58916.9;-25428.9;57469.4;11098.3
315;62884.4;-21622.1;61207.8;11839.3
316;60513.7;-23786.0;58983.8;11398.2
317;60322.4;-24000.1;58806.7;11363.9
318;59566.3;-24662.6;58084.3;11219.1
319;58855.0;-25481.1;57408.6;11084.6
320;58713.5;-25460.0;57260.3;11058.0
321;59480.1;-24779.9;58003.9;11202.4
322;58762.7;-25789.3;57333.4;11072.3
323;59923.4;-24397.0;58429.4;11286.0
324;58766.5;-25358.0;57307.5;11065.2
325;60272.2;-24100.0;58763.7;11356.4
326;60639.3;-23791.4;59111.1;11425.4
327;58871.1;-25544.9;57430.0;11090.7
328;60889.4;-23559.5;59345.8;11470.1
329;59367.2;-24867.8;57893.8;11182.0
330;60841.8;-23682.1;59306.6;11461.4
331;60079.4;-24285.1;58581.1;11319.9
332;60828.2;-23455.9;59276.0;11456.2
333;58569.1;-25841.0;57135.9;11030.5
334;59511.2;-24761.4;58034.5;11207.4
335;61169.3;-23383.8;59614.3;11521.8
336;58976.9;-25300.6;57521.7;11105.8
337;57479.3;-27476.7;56076.9;10824.5
338;57577.4;-27207.9;56169.0;10840.5
339;57019.8;-28408.5;55624.3;10726.4
340;57410.6;-27504.8;56004.1;10805.3
341;59200.9;-25074.5;57736.7;11148.1
342;60987.0;-23475.9;59437.7;11485.6
343;59163.0;-25207.9;57706.7;11142.0
344;59968.9;-24378.6;58474.6;11294.1
345;59500.1;-24916.2;58034.0;11207.1
346;59647.6;-24677.0;58168.7;11236.1
347;59440.1;-24905.8;57971.8;11197.3
348;59424.4;-25023.4;57963.9;11196.6
349;60106.7;-24216.4;58603.6;11322.1
350;58376.8;-26076.2;56949.0;10991.6
351;60704.5;-23660.9;59166.9;11433.9
352;60598.9;-23795.1;59070.8;11417.8
353;59404.6;-25010.9;57942.6;11192.4
354;60485.8;-23904.7;58964.9;11396.3
355;58875.6;-25544.9;57434.7;11092.1
356;59063.2;-25153.1;57600.1;11121.1
357;59803.0;-24381.6;58304.8;11263.2
358;59416.6;-24901.9;57947.4;11192.9
359;59167.2;-25016.2;57697.6;11141.6
360;58897.9;-25608.3;57461.6;11097.2
361;59034.8;-25369.8;57586.7;11119.2
362;60632.8;-23662.6;59094.6;11421.7
363;57579.6;-27156.2;56168.9;10840.5
364;60003.7;-24265.1;58502.0;11303.1
365;59363.6;-24965.9;57897.1;11182.2
366;60402.3;-23944.5;58883.5;11382.4
367;60155.2;-24221.7;58653.9;11335.7
368;56706.6;-29641.5;55318.9;10670.5
369;60241.8;-24066.9;58730.3;11349.9
370;59979.2;-24243.7;58474.7;11294.2
371;59656.5;-24676.8;58177.7;11237.5
372;59136.6;-25157.8;57676.4;11136.4
373;60530.3;-23926.0;59011.0;11402.0
374;59198.2;-25096.0;57735.5;11148.0
375;61582.7;-22994.6;60000.9;11602.7
376;60211.2;-24131.6;58704.2;11344.7
377;61912.0;-22622.6;60304.3;11661.2
378;58793.1;-25480.7;57344.4;11073.6
379;57774.8;-26947.5;56365.5;10874.3
380;60377.2;-24131.0;58871.6;11378.1
381;60531.7;-23905.5;59010.9;11401.9
382;59668.1;-24611.5;58184.9;11240.8
383;58004.9;-26586.8;56589.3;10922.5
384;59159.1;-25158.5;57699.8;11141.7
385;60280.3;-23951.3;58760.2;11356.1
386;59421.8;-24895.8;57952.3;11194.5
387;59499.5;-24911.0;58033.1;11206.4
388;59436.6;-24829.3;57962.7;11196.5
389;58646.5;-25564.9;57197.9;11043.0
390;59057.7;-25287.5;57604.8;11124.6
391;58114.2;-26521.7;56701.1;10947.3
392;61512.1;-23063.8;59935.2;11592.1
393;59119.9;-25268.4;57667.3;11135.6
394;60113.4;-24350.9;58620.2;11325.9
395;58533.8;-25961.3;57106.6;11025.9
396;60474.6;-23942.7;58956.3;11393.1
397;57654.8;-27021.8;56242.3;10854.0
398;60600.9;-23796.6;59072.9;11417.9
399;59582.9;-24693.9;58103.8;11223.7
400;61877.2;-22720.5;60275.8;11656.5
401;58251.4;-26083.1;56818.2;10968.9
402;59700.2;-24699.0;58224.3;11249.9
403;60013.4;-24311.3;58515.3;11304.5
404;60943.8;-23479.7;59394.4;11476.1
405;59185.3;-25190.7;57728.9;11144.9
406;59729.1;-24390.4;58229.9;11250.9
407;57385.3;-27418.6;55973.6;10801.3
408;58750.7;-25500.2;57301.8;11063.7
409;60093.7;-24280.2;58595.2;11321.1
410;60803.7;-23585.8;59261.4;11454.4
411;59308.8;-25090.4;57849.8;11175.6
412;61823.3;-22686.5;60220.0;11646.1
413;61500.0;-23051.2;59922.3;11587.4
414;59560.9;-24664.8;58078.8;11217.2
415;57100.3;-28301.2;55707.1;10745.7
416;57764.8;-26844.5;56349.4;10870.1
417;58797.8;-25557.6;57354.7;11074.4
418;60813.9;-23577.3;59271.0;11455.5
419;59967.0;-24261.3;58463.6;11291.9
420;57426.0;-27450.4;56018.0;10807.3
421;59368.4;-25011.2;57905.3;11184.0
422;61361.2;-23066.7;59784.0;11558.9
423;59243.7;-24916.2;57769.7;11157.1
424;58833.8;-25453.7;57384.5;11080.2
425;61817.4;-22772.1;60219.8;11645.0
426;59691.1;-24510.4;58200.7;11246.6
427;59125.5;-25138.9;57663.7;11135.2
428;59996.8;-24327.5;58499.7;11302.9
429;59659.0;-24607.0;58175.0;11237.0
430;59185.1;-25149.9;57725.9;11144.3
431;60906.7;-23615.8;59367.0;11471.7
432;60810.6;-23621.5;59271.0;11455.5
433;60523.2;-23849.1;58998.2;11399.6
434;59507.7;-24845.0;58037.1;11208.8
435;60841.6;-23584.7;59299.4;11459.6
436;59569.7;-24635.5;58085.5;11219.3
437;60115.6;-24122.6;58605.5;11322.7
438;60734.3;-23586.2;59191.3;11442.2
439;60483.2;-24004.3;58969.4;11396.7
440;61543.7;-22966.5;59960.0;11597.4
441;60095.1;-24259.9;58595.1;11321.0
442;57856.5;-26817.2;56445.0;10888.9
443;58407.8;-25886.4;56968.9;10995.3
444;61060.2;-23448.6;59509.5;11501.7
445;59274.1;-24973.2;57805.8;11168.4
446;60052.9;-24077.6;58537.3;11307.6
447;58719.8;-25573.6;57275.1;11059.6
448;60700.2;-23623.9;59159.5;11432.0
449;59225.0;-25049.9;57760.1;11155.0
450;61181.4;-23322.4;59622.2;11523.5
451;59050.8;-25422.0;57606.9;11124.6
452;60817.4;-23574.6;59274.4;11455.8
453;60342.9;-23988.7;58826.7;11369.0
454;58860.5;-25481.3;57414.2;11085.0
455;60796.2;-23637.1;59257.7;11453.8
456;58675.2;-25634.9;57232.5;11047.3
457;58762.6;-25447.0;57310.1;11065.6
458;60405.0;-23872.0;58880.6;11381.8
459;58969.3;-25323.0;57515.5;11105.1
460;59008.5;-25199.3;57546.7;11108.2
461;59264.6;-24975.1;57795.8;11163.1
462;58577.5;-25627.4;57130.4;11030.2
463;60732.4;-23754.1;59201.9;11443.4
464;60273.9;-23940.8;58752.8;11353.1
465;59538.4;-24885.7;58071.4;11216.2
466;59513.1;-24729.2;58034.3;11207.2
467;60102.9;-24128.2;58593.0;11320.9
468;61510.4;-22916.5;59922.9;11588.8
469;60551.8;-23884.2;59029.6;11405.8
470;59080.8;-25306.0;57629.8;11130.1
471;60464.0;-23843.0;58937.8;11388.3
472;59500.7;-24814.5;58027.7;11206.2
473;59412.0;-24868.3;57940.0;11190.9
474;61626.9;-22882.6;60036.9;11607.8
475;59192.1;-25127.5;57731.5;11147.3
476;59117.3;-25254.9;57663.6;11135.1
477;57590.0;-26866.5;56165.2;10837.7
478;58168.0;-26018.2;56725.5;10951.0
479;60097.3;-24230.1;58595.1;11321.0
480;58889.9;-25407.6;57439.8;11092.9
481;60157.7;-24201.2;58654.9;11335.7
482;58455.2;-25738.3;57009.1;11005.0
483;58815.0;-25406.2;57361.5;11075.3
484;60333.9;-24109.6;58826.7;11369.0
485;61194.8;-23188.6;59625.6;11523.8
486;60245.0;-24104.3;58736.4;11350.6
487;60904.0;-23480.7;59354.5;11470.7
488;61451.6;-23030.6;59872.1;11576.9
489;60741.0;-23561.9;59196.2;11442.9
490;58648.5;-25773.7;57214.6;11045.7
491;59526.0;-24591.3;58036.8;11207.6
492;60295.4;-23945.8;58775.1;11357.5
493;59201.8;-25027.7;57734.2;11147.8
494;60092.0;-24304.4;58595.2;11321.1
495;57973.0;-26596.8;56555.8;10912.2
496;58742.3;-25623.6;57302.0;11063.9
497;60174.5;-24133.6;58666.9;11339.2
498;57282.3;-27792.2;55880.2;10779.0
499;58449.8;-25970.4;57019.4;11007.9
500;59587.1;-24811.1;58116.5;11227.3
501;57821.0;-26811.4;56407.4;10882.3
502;59696.7;-24470.2;58203.3;11247.9
503;58769.6;-25632.8;57331.0;11071.1
504;59307.1;-24994.2;57841.2;11174.5
505;59347.5;-24839.2;57871.4;11178.9
506;59835.7;-24452.8;58343.9;11269.5
507;59041.3;-25180.2;57579.7;11118.5
508;59710.2;-24729.6;58236.4;11251.3
509;58997.0;-25289.9;57541.5;11107.6
510;60217.1;-23939.7;58695.0;11343.7
511;61435.7;-23091.3;59860.6;11574.9
512;59844.0;-24396.6;58348.1;11270.4
513;59802.0;-24586.5;58319.9;11265.4
514;58392.0;-26015.6;56961.2;10995.0
515;60380.0;-23825.0;58851.4;11375.8
516;58820.2;-25446.1;57370.1;11078.3
517;58776.4;-25434.4;57323.4;11068.0
518;60208.2;-24054.1;58695.2;11343.9
519;59822.6;-24425.3;58328.6;11268.7
520;60818.8;-23448.9;59265.8;11454.6
521;61167.4;-23323.4;59608.2;11520.9
522;59060.1;-25176.7;57598.7;11120.9
523;59768.2;-24462.3;58275.4;11256.3
524;61499.1;-23064.5;59922.3;11587.4
525;60643.4;-23869.9;59120.6;11426.5
526;60391.6;-23914.8;58870.3;11377.9
527;61008.7;-23563.3;59465.5;11491.3
528;59007.1;-25116.7;57538.9;11107.2
529;60289.7;-24081.3;58780.0;11360.0
530;61123.1;-23305.5;59562.6;11515.6
531;61361.0;-23135.4;59789.0;11560.6
532;58781.2;-25439.8;57328.9;11069.3
533;59350.5;-24894.0;57878.6;11179.6
534;60035.4;-24258.3;58533.7;11307.2
535;59314.5;-24951.0;57845.6;11174.8
536;59207.8;-25126.1;57748.0;11153.2
537;60346.8;-24146.2;58842.1;11370.8
538;59252.5;-24989.6;57784.2;11160.2
539;57756.1;-26867.7;56341.4;10868.9
540;60023.3;-24145.6;58512.5;11304.0
541;59208.6;-24850.6;57727.6;11144.8
542;58845.7;-25578.0;57405.6;11083.1
543;57995.9;-26363.2;56566.3;10916.5
544;60707.3;-23644.9;59168.4;11434.2
545;57295.5;-27751.9;55892.1;10780.0
546;57831.7;-26882.5;56422.2;10885.4
547;59322.0;-24998.0;57856.7;11176.2
548;60927.3;-23637.4;59388.9;11474.8
549;61020.8;-23426.3;59468.0;11491.7
550;58424.9;-25771.6;56978.8;10995.9
551;59433.3;-24871.1;57962.4;11196.2
552;58038.8;-26475.2;56618.6;10928.3
553;60707.2;-23641.4;59168.1;11433.9
554;58074.2;-26360.5;56649.8;10937.1
555;59473.9;-24768.6;57996.8;11200.7
556;60716.5;-23800.6;59189.2;11442.2
557;59385.8;-24858.2;57912.3;11184.7
558;61198.7;-23178.2;59628.8;11525.6
559;58697.7;-25639.9;57256.9;11056.8
560;60034.6;-24128.1;58522.6;11305.7
561;60533.9;-23875.9;59011.0;11402.0
562;59473.7;-24850.4;58002.3;11202.0
563;61110.7;-23300.3;59549.5;11511.3
564;60202.2;-24075.2;58690.8;11342.9
565;57914.4;-26576.8;56492.9;10901.0
566;63899.5;-20622.4;62149.1;12028.6
567;60314.7;-24052.2;58802.8;11361.2
568;59748.4;-24446.6;58254.1;11254.2
569;58162.0;-26147.5;56728.2;10951.3
570;59712.2;-24570.6;58227.1;11250.5
571;59144.6;-25160.8;57684.8;11137.3
572;60315.6;-23968.3;58797.2;11360.8
573;60022.6;-24314.9;58525.0;11306.0
574;61614.2;-22896.1;60025.2;11606.6
575;59771.3;-24603.1;58289.6;11258.8
576;60157.6;-24185.3;58653.6;11335.5
577;60024.9;-24286.0;58525.1;11306.1
578;59464.3;-24840.1;57992.0;11200.3
579;59429.6;-24786.1;57952.5;11194.6
580;60793.7;-23688.8;59259.0;11454.0
581;60458.4;-23932.5;58939.2;11389.5
582;58966.8;-25306.6;57511.7;11104.5
583;58441.8;-25946.7;57009.3;11005.1
584;59553.1;-24688.5;58072.7;11216.4
585;60846.7;-23741.7;59315.4;11463.1
586;59589.5;-24660.5;58108.0;11225.4
587;61488.7;-23058.5;59911.5;11586.0
588;58801.4;-25539.1;57357.2;11074.6
589;59780.3;-24457.2;58287.5;11258.7
590;57006.9;-28344.5;55608.3;10724.7
591;59001.1;-25286.6;57545.4;11108.0
592;59286.5;-25026.3;57822.4;11171.7
593;60158.2;-24171.7;58653.2;11335.2
594;61447.3;-23114.3;59873.9;11577.5
595;59662.5;-24686.5;58184.8;11240.7
596;61178.4;-23274.7;59615.7;11522.0
597;60331.4;-23971.3;58813.8;11365.7
598;60678.7;-23681.6;59142.4;11429.6
599;59145.7;-25089.5;57680.8;11136.5
600;61116.9;-23216.9;59549.4;11511.3
601;58483.6;-25932.0;57052.5;11016.4
602;60146.9;-24166.3;58640.8;11328.5
603;58617.4;-25695.8;57176.7;11037.2
604;59092.9;-25059.5;57624.2;11128.2
605;58098.5;-26194.0;56664.6;10940.6
606;59101.0;-24955.6;57624.5;11128.3
607;60000.6;-24305.4;58501.8;11303.0
608;59545.5;-24794.3;58072.5;11216.3
609;58206.0;-26287.6;56783.6;10960.7
610;61190.6;-23287.3;59628.9;11525.7
611;59992.2;-24233.5;58487.7;11300.6
612;60700.3;-23701.3;59165.6;11433.7
613;60466.1;-23906.4;58945.0;11391.1
614;58913.0;-25449.0;57466.8;11098.1
615;57572.8;-27309.3;56168.5;10840.3
616;58659.9;-25638.7;57217.1;11045.8
617;60934.5;-23510.9;59387.3;11474.5
618;58501.9;-25919.8;57071.0;11020.4
619;60497.2;-23906.6;58976.5;11397.3
620;58980.9;-25313.2;57526.6;11106.4
621;60060.4;-24068.9;58544.3;11309.3
622;57716.0;-26849.0;56298.6;10863.3
623;60858.8;-23632.8;59320.2;11463.6
624;59576.5;-24721.7;58099.1;11221.2
625;60562.8;-23884.2;59040.8;11411.4
626;59836.6;-24442.6;58344.0;11269.6
627;60479.6;-23894.6;58957.8;11394.5
628;59510.0;-24843.3;58039.3;11208.9
629;60414.3;-23987.1;58898.8;11383.8
630;58038.4;-26502.9;56619.7;10928.5
631;58476.1;-25992.3;57048.2;11013.8
632;60394.3;-24047.3;58883.2;11382.2
633;59569.5;-24823.4;58099.2;11221.3
634;59386.5;-24754.0;57905.3;11184.0
635;59434.8;-24816.8;57960.0;11195.0
636;60152.7;-24140.7;58644.8;11330.3
637;59003.9;-25279.5;57547.8;11108.3
638;60170.5;-24010.5;58653.2;11335.3
639;58650.4;-25781.7;57217.0;11045.9
640;59209.1;-25008.7;57740.4;11149.7
641;60674.6;-23734.6;59142.2;11429.4
642;60781.1;-23437.8;59226.8;11449.1
643;58466.8;-25852.6;57029.2;11008.8
644;60524.0;-23834.7;58997.8;11399.4
645;58531.5;-25719.7;57088.6;11023.1
646;60403.9;-23998.7;58889.3;11382.9
647;57614.3;-27434.5;56217.4;10849.2
648;58444.8;-25848.8;57005.7;11003.8
649;59090.3;-25142.2;57627.7;11130.0
650;59438.1;-24983.5;57975.1;11197.5
651;61136.1;-23372.7;59580.6;11519.1
652;60587.2;-23775.3;59057.4;11416.2
653;61315.3;-23081.0;59738.9;11550.0
654;60906.4;-23587.4;59364.7;11471.4
655;59315.5;-24991.6;57849.6;11175.5
656;59324.2;-25085.5;57865.3;11178.2
657;60769.0;-23585.5;59226.4;11447.8
658;59669.3;-24602.4;58185.6;11244.2
659;59458.3;-24810.5;57983.6;11198.3
660;58222.9;-26189.9;56794.9;10962.0
661;59504.5;-24871.0;58035.6;11207.5
662;56702.3;-29447.6;55311.2;10669.5
663;59156.3;-25096.9;57692.4;11139.7
664;58592.9;-25737.1;57153.9;11032.2
665;60369.2;-23962.3;58851.3;11375.7
666;59119.0;-25260.2;57665.7;11135.2
667;59275.5;-25002.7;57809.1;11168.7
668;61066.0;-23311.2;59505.1;11501.4
669;58513.7;-25804.7;57075.8;11021.9
670;59968.6;-24343.8;58471.6;11293.4
671;57624.7;-27230.2;56220.0;10849.6
672;59714.1;-24670.1;58236.4;11251.3
673;60055.1;-24350.4;58560.9;11313.0
674;60540.7;-23863.3;59016.9;11403.7
675;58680.1;-25595.5;57235.0;11047.7
676;59966.4;-24391.8;58473.0;11293.7
677;59969.5;-24334.4;58471.8;11293.5
678;59599.5;-24633.5;58116.3;11227.1
679;59787.3;-24534.6;58300.8;11261.4
680;60106.5;-24236.7;58605.0;11322.4
681;60045.8;-24333.2;58550.0;11309.8
682;58581.2;-25668.4;57137.1;11030.6
683;58379.0;-25837.8;56935.4;10989.4
684;62309.6;-22289.5;60678.7;11732.7
685;61681.9;-22776.9;60084.7;11617.0
686;58155.0;-26389.6;56736.5;10954.0
687;60103.6;-24118.5;58593.0;11320.9
688;60288.4;-24004.1;58772.7;11357.2
689;60443.0;-23772.3;58911.0;11384.7
690;59763.4;-24670.9;58286.3;11258.6
691;58646.5;-25636.1;57203.1;11043.8
692;59427.6;-24859.6;57955.6;11194.7
693;59109.9;-25151.8;57648.7;11134.0
694;59769.2;-24513.3;58280.3;11257.0
695;59325.5;-25034.1;57863.0;11178.0
696;59481.0;-24817.1;58007.6;11203.8
697;60707.1;-23694.7;59172.1;11436.7
698;60931.2;-23595.6;59390.1;11475.8
699;58385.5;-25864.7;56944.1;10991.1
700;59137.6;-25260.3;57684.8;11137.3
701;58778.2;-25658.2;57341.5;11073.0
702;60941.6;-23400.7;59386.1;11474.3
703;59554.7;-24753.2;58079.0;11217.3
704;61180.4;-23200.1;59612.0;11521.5
705;59142.1;-24953.9;57666.9;11135.3
706;59668.2;-24554.8;58180.4;11237.9
707;58205.3;-26280.5;56782.4;10960.6
708;61007.5;-23499.8;59460.0;11489.9
709;59244.9;-25023.5;57778.7;11158.3
710;58071.3;-26301.5;56643.2;10936.2
711;59004.4;-25273.5;57547.9;11108.4
712;57213.8;-27753.6;55805.8;10766.5
713;59588.3;-24639.8;58105.3;11225.0
714;59766.4;-24316.4;58261.9;11254.7
715;59932.7;-24361.9;58436.2;11287.6
716;61213.0;-23262.3;59649.6;11530.4
717;59284.0;-25168.7;57829.7;11173.5
718;60487.4;-23928.0;58968.2;11396.5
719;59962.1;-24342.4;58464.8;11292.0
720;59414.4;-24885.8;57943.9;11192.5
721;57446.0;-27497.3;56041.3;10811.3
722;60639.0;-23699.5;59103.8;11423.6
723;59108.4;-24986.4;57634.5;11131.6
724;59662.0;-24569.0;58175.1;11237.1
725;58289.9;-26104.0;56859.8;10975.7
726;59923.5;-24395.9;58429.4;11286.0
727;59745.0;-24491.0;58254.2;11254.2
728;59669.6;-24545.3;58180.9;11239.1
729;59481.9;-24783.5;58006.1;11203.5
730;60742.6;-23676.4;59206.6;11443.9
731;60649.3;-23784.1;59120.5;11426.4
732;60403.2;-23930.5;58883.2;11382.2
733;63202.6;-21353.8;61506.1;11901.4
734;59002.0;-25223.1;57541.6;11107.7
735;59222.2;-25140.2;57764.0;11156.5
736;58553.3;-25781.5;57115.8;11028.7
737;60092.5;-24108.0;58580.8;11319.7
738;58898.0;-25389.1;57446.2;11093.9
739;56799.0;-28867.5;55402.6;10687.8
740;58357.7;-25930.3;56919.2;10986.6
741;59702.7;-24639.7;58222.6;11249.5
742;60703.3;-23677.4;59166.8;11433.9
743;57993.0;-26576.5;56576.0;10918.6
744;58986.5;-25232.5;57526.6;11106.4
745;59474.2;-24843.6;58002.4;11202.0
746;58852.0;-25519.6;57408.1;11083.5
747;60179.1;-24101.4;58669.3;11340.4
748;59649.8;-24625.6;58167.0;11235.6
749;59974.5;-24298.6;58474.3;11293.9
750;58856.1;-25480.0;57409.7;11084.7
751;61258.8;-23233.5;59693.8;11544.2
752;59602.0;-24717.2;58125.3;11230.2
753;61001.8;-23451.8;59450.8;11488.1
754;59178.9;-25011.1;57709.2;11142.4
755;60253.3;-23968.7;58734.1;11350.4
756;58904.4;-25360.8;57451.4;11095.5
757;58614.5;-25749.9;57177.9;11039.3
758;58867.4;-25609.7;57430.2;11090.8
759;59561.8;-24793.5;58089.1;11219.6
760;59391.3;-24845.2;57916.9;11185.1
761;61273.7;-23055.7;59695.1;11544.4
762;58411.0;-26031.4;56982.0;10997.5
763;58475.2;-25891.8;57040.4;11009.6
764;61447.8;-22965.5;59863.5;11575.4
765;60260.4;-24128.5;58753.9;11353.2
766;57642.1;-27061.9;56230.7;10851.1
767;60151.5;-24136.2;58643.1;11328.8
768;59899.0;-24246.6;58392.4;11277.4
769;57372.7;-27710.2;55973.2;10801.0
770;59235.4;-25072.7;57772.6;11157.6
771;59597.4;-24666.0;58116.6;11227.3
772;60411.8;-23867.3;58887.0;11382.7
773;60642.1;-23723.6;59108.8;11425.2
774;59720.6;-24661.1;58242.3;11252.0
775;60722.2;-23719.7;59189.3;11442.2
776;59456.2;-24980.1;57993.3;11200.4
777;58708.8;-25692.6;57272.1;11059.1
778;58636.1;-25715.0;57197.8;11043.0
779;60190.2;-24187.6;58687.0;11342.4
780;57567.3;-27234.4;56159.0;10836.0
781;60358.0;-23877.1;58833.2;11369.2
782;58457.2;-25855.5;57019.5;11008.0
783;59243.2;-25080.2;57781.3;11159.7
784;60160.8;-24078.8;58648.4;11331.8
785;60923.5;-23484.4;59374.3;11472.7
786;57590.9;-26964.8;56171.4;10840.8
787;58764.7;-25680.1;57328.9;11069.3
788;59685.1;-24490.5;58193.0;11246.2
789;59006.2;-25214.6;57545.3;11108.0
790;60549.4;-23766.1;59018.2;11403.9
791;57425.6;-27628.8;56025.5;10808.1
792;60005.1;-24386.9;58512.5;11304.0
793;60078.5;-24193.9;58573.3;11317.7
794;59672.6;-24652.9;58193.0;11246.2
795;60804.9;-23553.2;59260.2;11454.1
796;58328.4;-26074.0;56898.3;10982.8
797;60794.9;-23792.3;59267.1;11454.8
798;58874.1;-25506.6;57430.5;11092.0
799;60402.0;-23944.8;58883.2;11382.2
800;59285.4;-24884.4;57810.9;11170.2
801;60499.1;-23852.5;58974.2;11397.3
802;60470.2;-23793.0;58940.3;11390.6
803;58104.6;-26093.1;56664.1;10940.3
804;59454.2;-24887.5;57985.0;11198.6
805;59522.2;-24813.4;58049.8;11210.9
806;59361.9;-24944.7;57893.8;11182.0
807;58817.6;-25574.7;57376.5;11079.5
808;61617.9;-22779.6;60021.0;11606.4
809;59848.7;-24558.4;58365.0;11271.4
810;61285.6;-23120.6;59712.2;11545.9
811;59021.1;-25314.7;57568.8;11117.9
812;58496.8;-25903.1;57064.5;11018.7
813;59761.1;-24614.7;58280.0;11256.8
814;59024.1;-25427.4;57579.8;11118.6
815;62188.1;-22395.3;60564.8;11712.7
816;59898.4;-24382.8;58402.6;11280.3
817;60853.4;-23490.2;59304.2;11461.2
818;59377.1;-24936.8;57909.0;11184.5
819;59280.2;-24941.4;57809.6;11169.0
820;59594.7;-24572.4;58106.4;11225.1
821;60005.1;-24294.4;58505.5;11303.4
822;60527.9;-23895.7;59006.4;11401.6
823;59499.8;-24765.5;58023.1;11205.0
824;58906.6;-25301.0;57449.2;11095.3
825;58489.5;-25879.0;57055.4;11018.0
826;59545.5;-24630.2;58060.3;11215.6
827;60237.0;-23966.7;58717.5;11347.6
828;60095.7;-24320.1;58600.2;11321.8
829;59594.1;-24708.9;58116.5;11227.3
830;58984.7;-25470.4;57541.7;11107.7
831;59794.6;-24382.8;58296.3;11261.2
832;60221.3;-24172.0;58717.4;11347.5
833;59580.1;-24692.0;58100.5;11221.5
834;59734.6;-24741.8;58261.9;11254.7
835;59461.9;-24813.2;57987.6;11200.1
836;60598.0;-23758.9;59067.1;11417.5
837;59169.3;-25174.0;57711.4;11142.5
838;59823.5;-24488.3;58334.3;11269.1
839;60050.7;-24233.6;58547.5;11309.5
840;60396.5;-24017.6;58883.2;11382.2
841;61206.3;-23322.1;59647.3;11530.1
842;60337.2;-24065.1;58826.8;11369.1
843;60254.4;-24098.3;58745.4;11352.2
844;58087.7;-26291.6;56660.0;10939.7
845;60266.3;-24007.8;58750.5;11352.9
846;62079.2;-22515.6;60463.8;11692.2
847;58752.9;-25471.2;57301.8;11063.7
848;58541.3;-25952.2;57114.0;11028.1
849;59392.3;-24905.8;57922.5;11188.5
850;60714.0;-23634.4;59174.5;11438.0
851;60166.8;-24217.0;58665.3;11338.7
852;59126.0;-25178.6;57667.0;11135.4
853;59574.2;-24801.8;58102.7;11223.7
854;60729.8;-23691.7;59194.8;11442.6
855;60328.5;-24124.9;58822.4;11368.7
856;62241.3;-22297.9;60611.4;11721.2
857;60712.6;-23514.9;59163.3;11432.6
858;60012.7;-24177.0;58504.2;11303.2
859;60280.1;-23922.4;58757.8;11355.8
860;59249.6;-25094.2;57788.9;11161.6
861;58583.7;-25912.1;57155.3;11032.5
862;59811.9;-24475.0;58321.2;11265.7
863;60148.2;-24061.9;58634.1;11328.1
864;58153.2;-26360.6;56732.8;10952.7
865;59072.2;-25272.0;57618.5;11126.7
866;59238.4;-25031.5;57772.7;11157.7
867;59905.5;-24431.2;58413.8;11284.3
868;59337.5;-24964.0;57870.2;11178.8
869;60097.6;-24123.7;58587.2;11320.5
870;59729.2;-24614.5;58247.7;11252.1
871;60751.8;-23625.1;59212.2;11447.0
872;57834.5;-26641.5;56411.9;10884.1
873;61398.2;-23088.9;59822.8;11568.1
874;61119.9;-23451.9;59569.8;11516.5
875;59668.1;-24751.3;58195.2;11246.2
876;60309.7;-24122.8;58803.1;11362.4
877;60264.6;-24029.8;58750.6;11352.9
878;58854.6;-25365.1;57399.6;11082.4
879;59804.3;-24521.2;58317.0;11264.8
880;60461.2;-23893.1;58938.9;11389.3
881;59958.9;-24367.0;58463.5;11291.8
882;60750.7;-23574.1;59206.9;11444.2
883;59733.2;-24492.4;58242.2;11251.9
884;59718.9;-24483.3;58226.9;11250.3
885;58803.1;-25574.3;57361.4;11075.3
886;59235.9;-25148.1;57778.4;11158.1
887;59148.8;-25100.3;57684.9;11137.3
888;61446.6;-23101.2;59872.2;11577.0
889;59886.2;-24471.7;58396.8;11277.8
890;58578.4;-25686.7;57135.4;11030.2
891;60051.3;-24273.5;58551.1;11309.9
892;59412.2;-24947.1;57946.1;11192.7
893;56459.7;-29837.3;55055.7;10613.9
894;60119.5;-24279.6;58621.5;11326.1
895;58002.0;-26493.4;56580.7;10921.0
896;60228.5;-24100.0;58719.4;11349.1
897;58606.6;-25703.4;57166.1;11036.2
898;58103.1;-26189.3;56669.2;10942.0
899;60143.4;-24197.1;58639.7;11328.4
900;58057.7;-26419.4;56635.6;10932.3
901;59162.5;-25114.0;57700.0;11141.8
902;59850.7;-24440.7;58358.2;11271.0
903;60265.4;-24095.3;58756.4;11353.5
904;60423.4;-23923.4;58903.0;11384.0
905;59584.4;-24656.9;58102.6;11223.6
906;58741.0;-25578.5;57297.4;11063.5
907;61687.3;-22895.4;60098.2;11617.5
908;58989.3;-25331.4;57536.7;11107.1
909;61563.5;-22898.5;59974.8;11598.7
910;59148.7;-25227.2;57694.0;11141.1
911;60859.8;-23553.8;59315.4;11463.1
912;60761.0;-23694.4;59226.6;11448.9
913;58518.5;-25814.5;57081.4;11022.3
914;60010.1;-24226.6;58505.5;11303.4
915;60442.9;-23818.9;58914.6;11385.2
916;60384.0;-23900.4;58861.6;11376.7
917;59412.5;-24861.6;57940.0;11190.9
918;59968.5;-24153.8;58456.3;11289.0
919;59206.4;-25126.3;57746.5;11152.9
920;58380.6;-26120.4;56955.8;10993.1
921;60676.5;-23708.8;59142.1;11429.3
922;59047.5;-25156.9;57584.3;11119.0
923;61113.5;-23226.7;59546.6;11509.9
924;60256.9;-24084.3;58746.9;11352.5
925;58683.5;-25674.7;57244.0;11049.2
926;59450.9;-24850.1;57978.9;11197.8
927;59310.7;-25037.9;57848.0;11175.1
928;58701.9;-25550.2;57254.8;11055.7
929;60152.2;-24147.6;58644.8;11330.3
930;59122.5;-25209.7;57665.8;11135.2
931;61371.0;-23114.5;59797.4;11562.7
932;60540.0;-23874.6;59017.1;11403.8
933;58689.2;-25672.9;57250.2;11053.5
934;59597.4;-24664.0;58116.3;11227.2
935;59383.9;-24820.7;57907.6;11184.2
936;57992.4;-26442.7;56567.5;10916.7
937;60608.3;-23853.8;59084.5;11420.0
938;60644.7;-23656.2;59106.2;11423.8
939;60606.2;-23789.4;59077.6;11418.3
940;59158.7;-25063.3;57692.3;11139.6
941;60753.3;-23807.1;59226.4;11447.8
942;59404.3;-24827.6;57929.3;11190.0
943;60617.5;-23817.1;59091.0;11421.3
944;61575.7;-22873.0;59985.1;11599.7
945;59758.5;-24748.6;58286.2;11258.6
946;58140.2;-26161.8;56706.4;10949.1
947;59277.3;-25041.3;57814.1;11171.0
948;60312.4;-23925.8;58790.7;11360.5
949;60923.7;-23582.6;59381.6;11472.9
950;58433.8;-25819.4;56991.7;10999.1
951;59421.2;-24835.8;57947.3;11192.9
952;59894.0;-24289.3;58390.7;11277.0
953;60084.3;-24199.8;58579.7;11319.6
954;60591.1;-23801.3;59063.4;11417.0
955;58608.9;-25868.4;57179.4;11039.5
956;59207.7;-24877.7;57728.8;11144.8
957;60694.9;-23747.3;59163.6;11433.8
958;60044.0;-24279.7;58544.2;11309.2
959;60097.1;-24174.2;58590.7;11320.7
960;60821.1;-23592.6;59279.4;11456.5
961;59735.1;-24586.2;58251.6;11252.8
962;60174.4;-24133.5;58666.8;11339.0
963;59281.3;-25005.0;57815.5;11171.1
964;58217.7;-26137.1;56786.1;10961.0
965;58262.6;-26113.1;56832.2;10973.2
966;59704.3;-24622.5;58223.0;11249.7
967;59416.9;-24795.5;57939.9;11190.9
968;58929.8;-25329.5;57475.5;11100.0
969;59967.8;-24356.4;58471.8;11293.5
970;58685.5;-25665.2;57245.4;11049.5
971;59743.7;-24578.1;58259.7;11254.6
972;59595.6;-24673.4;58115.3;11227.1
973;58745.0;-25369.9;57286.1;11063.0
974;57209.3;-28001.3;55812.2;10767.3
975;61176.9;-23370.9;59621.0;11523.3
976;59961.5;-24440.9;58471.6;11293.4
977;56840.0;-28782.6;55444.7;10694.5
978;59182.5;-25193.6;57726.3;11144.5
979;60048.7;-24247.1;58546.4;11309.4
980;59384.0;-24803.2;57906.4;11184.0
981;60233.6;-24075.4;58722.6;11349.3
982;58597.2;-25714.3;57157.0;11034.0
983;59807.6;-24564.7;58323.7;11266.0
984;59555.5;-24797.0;58082.9;11217.8
985;59427.3;-24818.2;57952.5;11194.6
986;59387.1;-24871.3;57914.5;11184.8
987;59843.0;-24454.2;58351.5;11270.6
988;60615.9;-23779.6;59086.6;11420.1
989;59062.5;-25354.3;57614.2;11124.8
990;59205.4;-25060.2;57740.4;11149.7
991;59788.9;-24598.6;58307.4;11263.6
992;59512.3;-24654.0;58027.5;11205.3
993;60041.5;-24221.7;58537.1;11307.5
994;60384.6;-24072.2;58875.1;11379.5
995;60999.2;-23484.3;59450.5;11487.0
996;59507.5;-24793.2;58033.0;11206.3
997;57236.4;-27930.1;55837.3;10769.6
998;59548.8;-24717.4;58070.4;11216.2
999;60002.0;-24317.9;58504.3;11303.3
1000;59421.1;-24885.0;57950.9;11194.3
