CASO;pATIVA;pREATIVA;dATIVA;dREATIVA
1;101212.9;-6913.6;97468.9;24051.9
2;96519.8;-13930.4;93206.2;22930.5
3;96645.2;-13985.4;93370.5;22975.1
4;95572.6;-15238.4;92327.6;22704.8
5;99553.0;-10050.9;96028.9;23674.3
7;101486.6;-6210.0;97691.5;24115.0
8;96184.8;-14522.7;92927.6;22862.2
9;98417.3;-11609.7;94979.0;23400.4
10;97224.7;-13170.1;93882.0;23110.2
11;100888.3;-7473.6;97165.3;23973.3
13;97115.1;-13192.4;93755.3;23073.7
14;96956.6;-13540.0;93639.9;23041.1
15;100166.2;-8800.3;96524.8;23811.8
16;95495.8;-15470.2;92275.1;22685.8
17;97416.8;-12801.6;94033.1;23154.5
18;95976.8;-14643.1;92700.8;22804.4
19;97866.2;-12324.0;94466.9;23267.7
20;99000.7;-10636.3;95478.2;23527.4
21;95488.0;-15523.0;92275.0;22685.7
22;100179.6;-8817.5;96543.9;23816.5
23;99688.5;-9577.2;96096.4;23701.9
24;98804.2;-11070.5;95330.1;23488.6
25;99674.1;-9663.6;96095.4;23701.7
26;96372.4;-14157.7;93075.3;22901.9
27;97510.0;-12778.0;94137.0;23177.9
28;95827.3;-15063.6;92596.4;22772.9
29;97181.4;-13276.2;93853.8;23103.1
30;98896.2;-10812.3;95388.0;23502.0
31;96352.9;-14189.0;93058.3;22898.5
32;96964.5;-13370.8;93614.4;23036.9
33;96317.0;-14426.4;93069.9;22900.4
34;96037.7;-14554.1;92758.0;22822.3
35;96409.7;-14060.7;93101.8;22907.1
36;97767.8;-12336.5;94353.7;23237.5
37;95480.1;-15389.4;92242.8;22675.6
38;98240.8;-11823.4;94812.1;23359.8
39;101313.3;-6616.8;97542.0;24068.9
40;99337.8;-10125.2;95780.8;23606.3
41;97370.6;-12905.4;93998.8;23143.2
42;95951.0;-14690.4;92677.6;22794.6
43;96195.2;-14549.3;92948.4;22867.7
44;101377.9;-6456.7;97595.9;24082.6
45;97905.3;-12150.1;94478.8;23270.2
46;96464.8;-14041.2;93163.1;22920.1
47;98170.3;-11786.3;94721.3;23337.5
48;102279.4;-4013.0;98366.4;24293.2
49;98010.6;-12142.9;94601.6;23300.8
50;99076.4;-10521.5;95545.6;23542.7
51;98411.7;-11457.1;94941.1;23389.4
52;97042.7;-13344.1;93699.8;23057.6
53;95430.8;-15527.5;92208.6;22667.9
54;97059.2;-13278.5;93706.1;23058.1
55;97343.4;-12887.2;93963.8;23133.3
56;99014.4;-10606.8;95488.5;23527.9
57;99523.3;-9957.8;95970.3;23659.3
58;99742.1;-9493.6;96144.3;23712.4
59;98373.4;-11511.0;94906.5;23383.0
60;99592.8;-9988.9;96065.8;23683.4
61;96218.2;-14406.6;92938.5;22864.4
62;100419.6;-8376.5;96756.1;23871.5
63;98860.6;-10843.7;95352.2;23493.3
64;97160.7;-13123.9;93796.2;23087.9
65;98741.5;-11240.5;95296.7;23481.4
66;97646.4;-12499.5;94243.4;23214.0
67;100130.4;-8993.4;96517.6;23811.5
68;100943.5;-7591.2;97263.5;23999.7
69;102499.0;-3060.3;98536.7;24342.2
70;94909.5;-16211.7;91712.0;22533.2
71;94789.7;-16526.9;91619.6;22514.1
72;96747.3;-13634.7;93414.3;22986.2
73;98105.0;-11953.6;94675.0;23322.4
74;99636.3;-9679.0;96051.0;23679.0
75;98412.2;-11624.6;94975.7;23397.9
77;97083.6;-13436.1;93782.3;23086.5
78;99520.5;-9869.1;95950.3;23655.6
79;98261.0;-11664.2;94803.6;23354.0
80;99314.0;-10413.3;95816.8;23619.4
81;97297.5;-12982.9;93928.3;23123.0
82;97354.8;-12889.5;93977.8;23139.6
83;98164.3;-11797.8;94715.9;23333.8
84;98637.1;-11135.0;95145.6;23445.0
85;98169.5;-11862.2;94734.1;23338.8
86;97994.3;-12216.4;94600.5;23300.6
87;96412.6;-14053.9;93103.9;22907.2
88;98571.9;-11222.9;95086.2;23432.8
89;98026.4;-12073.8;94605.8;23304.1
90;100154.4;-8818.7;96514.4;23811.2
91;100315.6;-8546.4;96658.0;23839.5
92;98159.5;-11805.6;94711.7;23333.6
93;97004.0;-13327.1;93652.1;23045.7
94;96473.2;-13973.0;93159.9;22918.8
95;98615.5;-11396.1;95176.0;23451.1
96;97955.6;-12084.9;94524.8;23279.6
97;97078.9;-13233.6;93720.8;23063.0
98;97884.6;-12221.6;94468.0;23269.0
99;96508.2;-13927.5;93192.2;22926.1
100;99174.5;-10631.0;95695.5;23586.4
101;96862.5;-13490.5;93520.3;23018.2
102;100366.9;-8452.9;96703.4;23850.3
103;98578.9;-11386.8;95127.9;23441.9
104;99030.1;-10586.2;95503.2;23532.0
105;95514.0;-15394.3;92283.8;22687.7
106;98136.9;-11830.5;94690.0;23327.0
107;99330.6;-10133.7;95773.7;23603.0
108;95828.5;-14878.0;92565.1;22763.6
109;97201.7;-13179.8;93856.0;23103.4
110;97848.3;-12325.5;94445.8;23264.1
111;94950.7;-16210.4;91760.1;22551.6
112;98427.8;-11535.4;94974.6;23397.8
113;99527.8;-9993.5;95983.0;23662.4
114;95993.1;-14718.3;92734.2;22813.7
115;98502.7;-11377.3;95033.4;23417.5
116;95059.8;-16088.1;91867.3;22577.2
117;97703.2;-12539.3;94316.7;23226.2
118;94435.9;-17165.7;91295.8;22430.7
119;100144.7;-8832.1;96504.7;23807.0
120;98587.8;-11410.2;95144.4;23443.8
121;97718.3;-12554.6;94339.3;23232.5
122;96194.3;-14366.6;92902.9;22856.8
123;100457.9;-8340.4;96796.0;23880.6
124;101966.5;-4964.4;98103.9;24223.4
125;93958.4;-18013.6;90826.1;22314.9
126;100393.8;-8394.7;96726.6;23857.0
127;101243.7;-6756.9;97479.2;24054.3
128;98450.1;-11550.3;95007.0;23412.5
129;95307.4;-15624.6;92082.1;22638.3
130;99548.1;-10054.4;96023.7;23674.0
131;97392.2;-12842.6;94013.1;23153.0
132;96526.8;-13995.9;93226.2;22931.9
133;95213.4;-15935.1;92024.1;22625.5
134;98944.1;-10709.1;95425.0;23511.2
135;99431.0;-10017.6;95871.8;23633.2
136;96503.3;-13934.9;93187.8;22924.4
137;98824.8;-11086.6;95361.0;23496.5
138;95439.8;-15446.2;92205.3;22667.6
139;99456.6;-9939.7;95887.7;23636.6
140;97899.2;-12164.0;94474.4;23269.5
141;97350.0;-13051.7;94008.5;23148.1
142;97563.3;-12650.7;94174.4;23192.5
143;99563.5;-10014.8;96032.2;23675.8
144;99292.1;-10451.5;95797.6;23610.5
145;98904.0;-10755.5;95386.9;23500.9
146;98077.4;-11917.4;94636.5;23314.7
147;97958.4;-12075.0;94526.9;23282.7
148;99061.9;-10617.7;95546.7;23543.9
149;98265.6;-11656.7;94807.9;23356.4
150;99216.5;-10306.0;95671.0;23577.0
151;97136.5;-13152.0;93773.8;23084.8
153;99967.8;-9204.9;96356.7;23764.6
155;98710.2;-11043.5;95212.8;23458.9
156;97577.7;-12589.1;94179.6;23192.8
157;97504.3;-12681.3;94111.4;23172.6
158;97531.0;-12699.7;94145.4;23179.6
159;97847.6;-12228.0;94426.1;23257.6
160;95459.4;-15498.3;92237.2;22674.7
161;96690.4;-13878.6;93396.8;22981.0
162;95729.2;-15005.1;92472.5;22747.7
163;98282.5;-11719.7;94839.6;23368.2
164;97125.3;-13333.9;93798.4;23088.2
165;98825.6;-10882.1;95318.4;23485.4
166;97415.6;-12790.3;94029.9;23154.1
167;99860.1;-9312.2;96250.6;23743.7
168;98219.4;-11720.1;94765.8;23345.3
169;102520.9;-2946.4;98551.2;24344.9
170;93884.0;-18208.6;90756.4;22293.2
171;96451.5;-13999.7;93139.9;22917.3
172;99623.5;-9937.8;96095.4;23701.9
174;97254.5;-13000.5;93882.2;23110.4
175;97880.1;-12249.1;94468.0;23269.0
176;97267.1;-13110.1;93919.8;23122.3
177;100599.6;-8008.9;96909.4;23910.1
178;97169.8;-13162.0;93814.5;23094.8
179;99184.5;-10461.7;95662.8;23574.6
180;97121.4;-13175.4;93759.6;23075.2
181;95162.8;-15835.7;91947.5;22599.6
182;98441.2;-11419.9;94968.5;23396.5
183;98824.9;-10964.0;95333.2;23488.7
184;100513.0;-8176.3;96832.8;23888.4
185;97556.2;-12614.9;94159.4;23186.1
186;96512.3;-13927.2;93196.5;22926.5
187;98923.8;-10947.8;95450.2;23515.2
188;98269.5;-11710.7;94822.8;23363.8
189;98360.0;-11528.4;94894.0;23378.3
190;97654.4;-12484.4;94249.7;23215.4
191;100217.2;-8715.5;96570.3;23820.8
192;98553.2;-11252.1;95069.3;23427.5
193;101769.9;-5696.5;97978.5;24198.6
194;100088.0;-9074.1;96480.7;23803.5
195;99124.7;-10632.6;95626.7;23564.3
196;94438.5;-16978.5;91273.2;22424.5
197;99049.4;-10559.9;95521.1;23537.3
198;98661.7;-11104.7;95168.6;23450.6
199;99482.4;-9896.4;95910.6;23647.0
200;99973.7;-9212.2;96365.3;23767.5
201;96917.1;-13588.1;93603.9;23035.2
202;99496.9;-9966.0;95939.9;23651.0
203;96626.5;-13817.2;93308.3;22957.2
204;101944.6;-5028.6;98084.9;24218.7
205;95037.0;-16019.5;91830.7;22567.5
206;94137.2;-17826.7;91020.3;22360.3
207;94391.7;-17065.1;91229.9;22414.9
208;95947.4;-14694.8;92674.2;22794.1
209;95446.3;-15605.3;92240.6;22675.3
210;101939.1;-5085.3;98087.0;24218.9
211;97063.1;-13459.3;93752.9;23072.0
212;95012.6;-16053.7;91808.3;22564.4
213;100110.3;-8966.3;96487.0;23803.9
214;96535.0;-14080.8;93254.4;22938.9
215;95214.3;-15892.4;92016.2;22621.3
216;99637.2;-9673.6;96050.9;23678.9
217;99069.0;-10630.4;95557.2;23544.7
218;96886.1;-13467.8;93542.8;23021.3
219;100753.2;-7721.7;97045.3;23941.3
220;98030.9;-12116.0;94620.6;23308.3
221;101196.5;-6924.2;97450.2;24048.7
222;98841.3;-10852.0;95331.2;23488.7
223;101075.0;-7107.4;97331.1;24019.4
224;97988.1;-12175.0;94581.4;23294.0
225;95267.8;-15686.3;92046.5;22629.5
227;96663.3;-13739.2;93336.3;22963.0
228;97361.0;-12861.4;93980.0;23141.0
229;96347.5;-14151.1;93044.2;22891.0
230;97348.7;-12876.3;93968.5;23137.2
231;98283.0;-11630.9;94824.0;23364.1
232;98194.0;-11754.6;94742.5;23339.3
233;99169.4;-10377.8;95628.9;23564.6
234;101560.8;-6160.1;97781.7;24138.7
235;97504.7;-12828.5;94142.2;23178.4
236;95226.2;-15833.5;92020.7;22624.0
237;95289.3;-15899.4;92116.4;22646.5
238;96422.0;-14042.9;93112.5;22908.1
239;94299.8;-17540.0;91182.6;22403.3
240;99511.0;-9881.4;95941.0;23652.1
241;96726.7;-13832.5;93431.1;22991.3
242;97083.3;-13432.1;93773.7;23084.7
243;97777.5;-12349.0;94366.9;23239.4
244;94899.4;-16295.2;91712.0;22533.2
245;96000.6;-14638.5;92729.0;22813.4
246;99197.5;-10335.6;95654.2;23570.8
247;99055.5;-10656.0;95546.7;23543.9
248;96870.0;-13485.8;93527.8;23018.9
249;101633.6;-5864.4;97819.3;24149.4
250;95074.9;-16030.2;91876.1;22581.4
251;97065.8;-13298.1;93717.6;23062.9
252;97289.3;-12955.5;93914.3;23121.5
254;101901.1;-5159.7;98049.4;24213.4
255;98477.7;-11610.2;95061.0;23425.0
256;95625.0;-15169.5;92377.3;22717.0
257;102168.2;-4401.4;98275.2;24271.3
258;99003.8;-10657.3;95485.5;23527.8
259;98687.7;-11076.7;95192.6;23452.1
260;96538.2;-13891.6;93219.8;22931.3
261;98004.8;-12022.8;94571.0;23293.5
262;94655.8;-16616.6;91476.3;22475.3
263;99412.4;-10158.1;95877.1;23634.5
264;96978.8;-13481.5;93654.1;23045.7
265;98053.9;-12036.1;94631.1;23313.1
266;100279.5;-8793.1;96661.3;23841.0
267;98371.2;-11524.6;94906.4;23381.9
268;98291.6;-11765.6;94861.1;23373.3
269;98347.9;-11580.7;94889.6;23377.6
270;96229.2;-14466.9;92972.1;22875.2
271;99485.5;-10137.8;95964.0;23657.8
272;101021.0;-7337.9;97307.7;24016.2
273;99337.2;-10299.4;95815.5;23618.9
274;99626.6;-9804.4;96063.8;23683.3
275;95957.6;-14777.1;92701.9;22804.5
276;95982.5;-14693.6;92717.1;22809.2
277;94816.7;-16356.1;91626.0;22514.7
278;100383.0;-8416.8;96717.2;23855.4
279;97240.6;-13018.4;93869.5;23108.5
280;100716.9;-7861.7;97026.7;23938.2
281;96167.1;-14351.5;92876.0;22851.6
282;96838.1;-13712.0;93538.4;23020.8
283;97930.1;-12347.0;94553.8;23288.7
284;99725.1;-9521.2;96129.3;23708.9
285;97920.4;-12142.4;94495.0;23274.9
286;98211.4;-11765.7;94764.5;23343.9
287;97845.4;-12243.1;94426.0;23256.5
288;98096.9;-12095.0;94699.8;23329.3
289;95447.7;-15613.9;92243.9;22676.7
290;97958.4;-12076.9;94527.2;23283.2
291;97392.6;-12816.8;94008.5;23148.1
292;97667.3;-12589.5;94284.6;23221.1
293;98817.0;-10885.4;95309.1;23482.0
294;96356.1;-14303.0;93083.7;22903.5
295;97605.9;-12645.1;94223.4;23208.4
296;97163.0;-13121.9;93798.3;23088.0
297;98613.7;-11347.4;95161.3;23450.1
298;99401.6;-10119.7;95856.0;23630.0
299;95815.2;-14931.6;92558.9;22761.3
300;98996.3;-10710.0;95486.5;23527.8
301;102201.2;-4285.4;98301.4;24274.3
302;94764.6;-16449.2;91577.8;22497.8
303;96035.8;-14730.3;92786.9;22826.9
304;95947.1;-14807.7;92694.5;22800.8
305;97197.5;-13079.0;93830.5;23098.2
306;101222.6;-6822.0;97464.7;24051.6
307;97810.9;-12408.1;94417.6;23254.9
308;96356.5;-14136.5;93052.9;22897.0
309;99086.0;-10501.3;95553.0;23544.4
310;96531.0;-14009.2;93233.7;22932.6
311;100146.1;-8833.3;96506.8;23809.3
312;98371.5;-11721.5;94950.6;23391.2
313;100662.1;-8139.7;97017.6;23933.5
314;96431.5;-14034.5;93122.1;22909.8
316;99478.3;-10079.4;95940.9;23652.1
317;99148.5;-10460.0;95619.3;23561.6
318;97679.1;-12570.0;94294.2;23223.1
319;96290.5;-14232.2;92992.1;22878.6
320;95952.6;-14889.1;92717.1;22809.2
321;97492.1;-12761.8;94112.4;23173.7
322;96141.1;-14381.1;92851.1;22847.8
323;98361.8;-11529.1;94896.2;23378.6
324;96031.2;-14801.4;92797.5;22829.7
325;99084.6;-10503.7;95551.9;23544.3
326;99800.1;-9409.1;96196.7;23726.2
327;96338.2;-14165.2;93035.5;22887.1
328;100292.1;-8584.5;96637.4;23838.6
329;97253.6;-13104.0;93901.4;23114.3
330;100201.3;-8740.5;96555.9;23819.1
331;98702.2;-11056.3;95205.5;23454.4
332;100082.9;-9209.0;96506.7;23807.1
333;95729.1;-15005.9;92472.5;22747.7
334;97554.5;-12659.9;94165.8;23190.7
335;100869.8;-7507.1;97148.3;23965.7
336;96498.1;-14008.2;93195.5;22926.4
341;96916.6;-13502.4;93584.6;23033.3
342;100484.6;-8228.9;96808.5;23883.2
343;96872.4;-13482.0;93529.9;23019.0
344;98458.1;-11392.0;94983.5;23401.1
345;97557.7;-12610.5;94160.5;23187.1
346;97832.4;-12258.5;94413.1;23251.1
347;97431.8;-12767.4;94044.6;23159.2
348;97416.5;-12784.3;94029.9;23154.2
349;98748.6;-10992.3;95248.9;23468.1
350;95364.0;-15553.6;92135.2;22649.7
351;99894.4;-9378.5;96302.9;23752.3
352;99720.4;-9535.9;96126.2;23707.7
353;97378.7;-12835.8;93995.5;23142.6
354;99464.6;-9928.8;95895.0;23639.2
355;96347.6;-14149.6;93044.1;22890.8
356;96642.5;-13917.3;93348.4;22969.5
357;98071.3;-12113.0;94671.6;23321.9
358;97385.1;-12831.7;94002.0;23143.4
359;96818.5;-13722.2;93517.1;23017.9
360;96408.7;-14054.4;93099.7;22906.9
361;96642.5;-13763.1;93316.9;22959.0
362;99721.4;-9734.5;96167.1;23719.6
364;98495.7;-11435.7;95036.6;23417.8
365;97276.6;-12974.0;93902.6;23115.5
366;99305.8;-10193.6;95755.5;23598.0
367;98865.3;-10820.4;95353.4;23494.6
369;98998.0;-10677.5;95482.3;23527.6
370;98421.4;-11615.9;94985.6;23401.3
371;97851.8;-12225.1;94430.6;23259.3
372;96814.7;-13591.8;93482.7;23004.5
373;99576.7;-9759.8;95995.7;23666.5
374;96922.2;-13458.2;93582.4;23033.1
375;101680.2;-5755.9;97859.4;24154.8
376;98976.3;-10665.2;95454.3;23516.4
377;102364.8;-3698.4;98440.6;24314.5
378;96148.3;-14462.5;92873.6;22850.9
379;94171.7;-17546.1;91025.0;22361.2
380;99276.3;-10208.8;95724.2;23593.0
381;99576.4;-9762.7;95995.7;23665.4
382;97868.3;-12231.6;94451.1;23264.6
383;94634.7;-16650.5;91456.5;22468.8
384;96860.3;-13498.7;93519.2;23018.1
385;99034.9;-10769.0;95546.6;23543.8
386;97394.7;-12816.6;94010.7;23148.5
387;97548.4;-12620.0;94151.8;23185.1
388;97402.1;-12863.7;94027.8;23154.0
389;95832.0;-15047.4;92599.7;22773.2
390;96684.7;-13713.8;93356.9;22972.3
391;94845.3;-16310.2;91651.9;22519.4
392;101541.3;-6075.1;97738.5;24127.3
393;96807.8;-13563.0;93469.9;23001.4
394;98782.7;-10928.3;95277.6;23476.7
395;95674.1;-15088.9;92421.3;22730.2
396;99444.8;-9957.8;95877.0;23634.5
397;93927.8;-18152.0;90803.9;22307.9
398;99723.5;-9525.7;96128.3;23708.8
399;97727.1;-12418.4;94321.1;23227.7
400;102305.7;-3910.1;98386.3;24300.6
401;95058.9;-16143.2;91876.0;22581.2
402;97955.8;-12082.8;94524.7;23279.5
403;98543.3;-11269.3;95061.1;23425.1
404;100366.4;-8534.3;96718.3;23855.5
405;96910.6;-13438.1;93565.2;23026.4
406;97913.0;-12371.9;94538.8;23284.2
408;96048.1;-14647.5;92786.9;22826.9
409;98733.5;-11005.6;95233.9;23464.6
410;100079.2;-9055.0;96466.0;23801.5
411;97191.7;-13078.3;93824.2;23097.7
412;102158.5;-4464.1;98282.6;24272.0
413;101525.2;-6119.4;97724.9;24120.2
414;97657.7;-12598.8;94275.1;23219.5
416;94127.0;-17712.3;90990.9;22349.9
417;96191.8;-14370.6;92900.5;22856.3
418;100104.0;-9011.9;96488.1;23805.2
419;98398.5;-11645.6;94963.1;23393.0
421;97293.2;-12948.5;93917.5;23121.9
422;101161.8;-7118.3;97444.9;24047.2
423;96962.6;-13564.4;93654.1;23045.7
424;96230.2;-14370.9;92946.0;22867.3
425;102176.3;-4373.0;98281.5;24271.7
426;97875.8;-12347.4;94484.1;23270.6
427;96786.1;-13682.8;93467.5;22998.7
428;98511.7;-11314.1;95032.3;23417.4
429;97835.0;-12308.9;94426.1;23256.6
430;96896.4;-13457.0;93552.5;23023.3
431;100332.1;-8510.5;96671.9;23843.9
432;100123.1;-8884.5;96488.1;23805.1
433;99548.8;-9822.0;95974.5;23659.6
434;97569.1;-12596.0;94171.3;23192.3
435;100185.8;-8787.6;96546.1;23816.8
436;97673.5;-12608.4;94296.4;23223.3
437;98723.8;-11182.0;95257.4;23470.9
438;99922.9;-9412.0;96345.2;23763.9
439;99478.3;-9900.9;95906.4;23643.7
440;101581.9;-5998.2;97777.5;24137.4
441;98733.3;-11006.7;95233.8;23464.5
442;94323.5;-17209.8;91166.2;22398.4
443;95374.7;-15693.2;92171.2;22660.6
444;100641.3;-7932.7;96946.1;23919.8
445;97085.3;-13314.0;93744.3;23070.2
446;98525.3;-11535.6;95100.1;23436.3
447;96020.0;-14620.0;92748.2;22817.1
448;99854.2;-9510.8;96282.0;23748.9
449;96979.5;-13416.9;93639.8;23040.9
450;100880.9;-7488.9;97159.0;23970.7
451;96687.0;-13704.5;93358.0;22972.4
452;100114.0;-8999.3;96497.3;23805.5
453;99190.1;-10383.6;95654.2;23570.7
454;96294.2;-14227.8;92995.5;22879.1
455;100093.5;-8930.4;96460.5;23800.7
456;95921.9;-14765.3;92656.8;22791.1
457;96056.8;-14697.7;92805.9;22831.3
458;99260.7;-10400.6;95742.8;23596.1
459;96490.5;-13987.0;93182.6;22923.2
460;96524.1;-14080.1;93240.4;22935.6
461;97057.1;-13360.3;93720.8;23063.0
462;95684.4;-15261.5;92465.1;22746.2
463;99987.7;-9121.6;96365.3;23767.6
464;99010.8;-10825.9;95530.7;23539.3
465;97663.2;-12470.3;94257.1;23216.0
466;97537.5;-12734.0;94160.6;23188.4
467;98693.2;-11230.0;95230.7;23463.3
468;101482.6;-6424.4;97731.3;24121.9
469;99626.2;-9686.0;96040.4;23677.2
470;96741.5;-13642.0;93408.9;22984.5
471;99372.8;-10217.5;95841.3;23625.8
472;97540.8;-12637.9;94145.4;23179.7
473;97354.6;-12902.3;93980.0;23140.9
474;101722.9;-5690.3;97906.2;24171.3
475;96916.9;-13433.7;93571.7;23028.1
476;96805.0;-13568.7;93467.4;22998.6
478;94841.3;-16582.2;91695.2;22530.1
479;98733.0;-11008.5;95233.8;23464.5
480;96352.8;-14161.0;93052.9;22897.0
481;98865.1;-10821.3;95353.5;23494.7
482;95441.2;-15669.8;92248.2;22678.0
483;96180.8;-14495.3;92917.8;22860.1
484;99198.2;-10331.0;95654.2;23570.8
485;100835.9;-7792.2;97164.2;23973.1
486;99030.0;-10587.9;95503.1;23530.9
487;100280.2;-8761.7;96654.9;23839.3
488;101397.5;-6504.5;97630.0;24091.3
489;99930.2;-9434.3;96358.8;23765.8
490;95895.0;-14768.1;92625.7;22785.0
491;97512.6;-12883.1;94168.0;23190.9
492;99065.0;-10717.9;95571.9;23549.8
493;96898.2;-13585.3;93581.2;23032.8
494;98733.8;-11003.7;95233.9;23464.6
495;94546.9;-16804.5;91374.9;22446.9
496;96072.4;-14499.6;92789.1;22828.2
497;98899.8;-10782.4;95386.8;23500.8
499;95507.1;-15355.0;92268.1;22680.4
500;97765.1;-12342.4;94351.1;23234.7
501;94251.3;-17369.8;91099.2;22381.5
502;97871.6;-12388.9;94489.5;23273.3
503;96133.1;-14400.1;92844.8;22847.4
504;97170.7;-13111.1;93806.0;23093.0
505;97199.7;-13223.6;93863.9;23105.6
506;98161.8;-11835.8;94720.2;23336.3
507;96601.8;-13961.1;93308.1;22955.9
508;97978.5;-12049.5;94545.2;23286.7
509;96538.2;-13957.8;93231.6;22932.3
510;98894.7;-11028.3;95435.5;23514.1
511;101383.9;-6448.6;97602.0;24083.8
512;98152.3;-11942.5;94731.0;23338.5
513;98136.2;-11836.2;94690.0;23327.1
514;95391.2;-15513.3;92160.7;22658.9
515;99176.3;-10600.5;95687.1;23584.7
516;96208.4;-14435.0;92932.0;22862.8
517;96085.5;-14654.4;92832.6;22838.8
518;98931.4;-10859.2;95438.7;23514.3
519;98128.7;-11955.9;94704.3;23330.9
520;100044.5;-9286.1;96476.3;23801.9
521;100848.6;-7553.9;97130.6;23961.5
522;96645.1;-13894.1;93346.1;22969.1
523;98028.0;-12126.3;94619.5;23308.2
524;101525.4;-6118.4;97724.9;24120.2
525;99829.0;-9360.7;96221.7;23730.7
526;99243.2;-10374.7;95717.0;23592.8
527;100538.8;-8125.2;96855.0;23893.3
528;96491.6;-14177.1;93226.1;22931.7
529;99119.3;-10450.9;95583.5;23554.8
530;100730.1;-7881.1;97046.5;23942.5
531;101214.4;-6839.3;97457.5;24049.3
532;96096.4;-14618.1;92840.0;22843.2
533;97228.4;-13128.3;93876.8;23109.9
534;98567.8;-11290.2;95093.7;23433.7
535;97165.6;-13169.4;93811.3;23094.5
536;96972.8;-13365.9;93623.0;23038.7
537;99218.7;-10296.2;95672.2;23579.2
538;97033.6;-13388.6;93698.6;23056.4
539;94108.3;-17735.1;90971.4;22346.9
540;98482.4;-11576.1;95054.5;23422.3
541;96846.4;-13734.0;93561.1;23025.1
542;96274.7;-14244.2;92976.3;22876.5
543;94540.8;-17035.1;91401.8;22454.5
544;99894.0;-9400.4;96307.3;23754.9
546;94295.6;-17274.7;91140.0;22389.4
547;97200.3;-13073.4;93832.9;23099.7
548;100375.3;-8429.4;96709.9;23852.9
549;100539.4;-8178.0;96864.3;23893.9
550;95366.7;-15786.8;92180.9;22663.6
551;97410.3;-12799.0;94025.5;23153.6
552;94679.9;-16584.2;91499.4;22480.2
553;99887.6;-9425.8;96304.0;23752.5
554;94744.6;-16552.7;91569.1;22495.8
555;97471.2;-12819.6;94099.6;23170.5
556;99966.1;-9147.2;96345.2;23763.7
557;97284.3;-13058.1;93928.2;23122.9
558;100848.9;-7770.0;97178.0;23979.4
559;95987.2;-14626.3;92710.8;22808.8
560;98497.1;-11558.5;95069.3;23427.4
561;99576.2;-9763.1;95995.7;23666.5
562;97499.0;-12690.6;94107.0;23172.0
563;100680.1;-8024.1;97011.4;23933.2
564;98921.5;-10842.5;95423.7;23510.8
565;94401.3;-17183.2;91255.7;22420.5
567;99150.5;-10407.7;95611.7;23559.7
568;97974.8;-12228.4;94578.2;23293.7
569;94868.2;-16483.8;91705.7;22530.7
570;97956.0;-12104.2;94529.3;23283.4
571;96840.8;-13536.3;93502.8;23009.0
572;99114.0;-10594.9;95604.3;23558.0
573;98557.4;-11248.0;95073.6;23427.8
574;101707.9;-5730.9;97892.0;24164.4
575;98081.3;-11911.9;94640.0;23315.5
576;98863.7;-10825.3;95352.3;23493.3
577;98556.0;-11275.5;95076.7;23428.0
578;97471.5;-12722.8;94081.9;23168.6
579;97366.9;-12981.6;94011.8;23149.6
580;100096.6;-8922.1;96462.7;23801.0
581;99409.6;-10011.8;95845.6;23627.2
582;96475.6;-14042.3;93176.0;22922.4
583;95490.9;-15375.2;92253.3;22678.3
584;97646.8;-12590.3;94260.4;23216.3
585;100219.5;-8705.8;96571.5;23821.0
586;97730.5;-12472.3;94335.0;23231.0
587;101496.0;-6188.2;97699.7;24117.2
588;96195.4;-14365.5;92903.9;22856.8
589;98051.5;-12078.4;94638.0;23315.4
591;96547.0;-13943.5;93239.2;22935.3
592;97139.7;-13148.6;93776.9;23086.0
593;98858.8;-10831.9;95348.0;23492.9
594;101417.1;-6366.2;97630.5;24095.2
595;97872.3;-12194.0;94449.0;23264.5
596;100853.0;-7625.2;97149.6;23967.1
597;99150.3;-10502.8;95630.0;23564.8
598;99836.6;-9461.3;96250.6;23743.7
599;96800.2;-13703.7;93489.0;23004.9
600;100650.6;-8174.0;97011.3;23933.0
601;95572.0;-15242.7;92327.6;22704.8
602;98821.9;-10904.7;95318.4;23485.4
603;95824.5;-14922.7;92568.3;22763.9
604;96677.7;-13922.4;93392.7;22979.9
605;94739.1;-16714.7;91590.2;22503.7
606;96669.1;-13955.8;93396.9;22981.2
607;98509.3;-11339.5;95034.4;23417.6
608;97663.7;-12473.5;94258.2;23216.1
609;95003.4;-16065.3;91799.6;22562.5
610;100899.1;-7473.0;97179.1;23979.5
611;98446.0;-11567.5;95006.0;23412.3
612;99909.1;-9250.3;96296.7;23752.0
613;99420.7;-10001.5;95857.1;23630.0
614;96421.5;-14047.5;93112.6;22908.2
616;95887.8;-14828.9;92628.0;22785.6
617;100365.1;-8470.6;96704.5;23851.3
618;95611.7;-15184.5;92364.1;22713.4
619;99493.5;-9883.2;95921.1;23648.8
620;96515.2;-13954.1;93205.2;22930.4
621;98541.5;-11515.4;95115.8;23438.3
622;94016.1;-18009.4;90897.2;22332.7
623;100229.0;-8694.4;96581.0;23824.8
624;97725.4;-12399.1;94315.6;23226.0
625;99654.8;-9637.9;96065.9;23683.4
626;98157.7;-11866.8;94721.2;23336.4
627;99449.6;-9956.2;95882.4;23635.0
628;97571.4;-12592.9;94173.4;23192.5
629;99340.4;-10120.0;95783.0;23607.5
630;94682.6;-16578.0;91501.5;22480.4
631;95559.2;-15262.6;92315.6;22700.3
632;99302.3;-10176.7;95748.2;23596.7
633;97726.5;-12392.6;94315.6;23226.1
634;97246.0;-13206.0;93917.5;23121.9
635;97385.6;-12912.1;94018.3;23153.3
636;98824.4;-10941.3;95328.1;23488.5
637;96548.3;-13948.9;93241.5;22935.7
638;98806.5;-11125.2;95348.0;23492.9
639;95896.5;-14765.1;92627.0;22785.5
640;96913.4;-13578.2;93597.1;23034.1
641;99858.2;-9317.1;96249.5;23743.5
642;99962.6;-9440.3;96410.8;23786.5
643;95503.8;-15446.1;92280.4;22687.3
644;99536.5;-9871.7;95969.3;23659.2
645;95609.9;-15339.3;92389.0;22720.0
646;99315.7;-10161.2;95761.0;23599.9
647;93879.0;-18213.2;90751.1;22292.7
648;95453.5;-15573.8;92242.9;22675.6
649;96712.1;-13810.2;93407.8;22983.4
650;97437.0;-12756.8;94048.8;23160.5
651;100792.9;-7651.2;97080.8;23948.7
652;99678.4;-9652.8;96098.7;23703.2
653;101062.9;-7342.8;97364.5;24026.8
654;100330.3;-8516.7;96670.8;23843.6
655;97190.7;-13084.1;93824.1;23097.5
656;97225.2;-13038.1;93855.0;23103.4
657;99998.0;-9259.1;96405.6;23783.2
658;97879.0;-12222.2;94461.7;23267.4
659;97441.7;-12811.6;94063.9;23165.1
660;95023.7;-16085.9;91825.3;22566.8
661;97564.4;-12601.1;94166.9;23190.7
663;96829.6;-13636.6;93510.2;23013.7
664;95764.3;-14983.8;92509.7;22754.9
665;99223.5;-10337.5;95686.0;23584.6
666;96805.1;-13567.9;93467.5;22998.8
667;97104.5;-13235.9;93750.5;23070.6
668;100587.7;-8228.7;96937.8;23919.4
669;95608.5;-15247.7;92371.7;22715.2
670;98447.5;-11424.4;94976.8;23398.0
671;93886.2;-18205.2;90758.6;22293.5
672;97979.0;-12051.9;94546.2;23286.7
673;98637.1;-11133.7;95145.6;23446.0
674;99596.8;-9733.1;96014.4;23670.5
675;95912.0;-14838.0;92658.2;22791.6
676;98454.5;-11397.2;94980.1;23400.5
677;98444.3;-11450.5;94978.0;23400.3
678;97739.4;-12483.5;94347.9;23233.4
679;98104.5;-11885.7;94661.9;23318.8
680;98753.2;-10981.8;95252.1;23468.4
681;98612.6;-11166.6;95123.3;23440.0
682;95700.7;-15196.4;92472.6;22747.9
683;95270.6;-15907.9;92088.6;22640.9
685;101803.7;-5578.8;98001.8;24205.8
686;94923.4;-16186.9;91724.6;22537.1
687;98691.5;-11239.1;95230.7;23463.3
688;99081.6;-10614.0;95569.6;23549.3
689;99299.3;-10427.3;95799.8;23610.7
690;98078.4;-11912.2;94636.8;23315.2
691;95860.8;-14909.9;92609.6;22776.5
692;97392.6;-12841.4;94012.9;23150.8
693;96763.0;-13706.7;93446.0;22995.6
694;98061.9;-11988.2;94631.2;23313.2
695;97223.4;-13043.2;93853.8;23103.0
696;97510.3;-12677.2;94117.9;23175.4
697;99927.5;-9224.5;96313.8;23756.6
698;100378.3;-8426.3;96713.0;23854.2
699;95306.0;-15841.7;92116.5;22646.7
700;96843.3;-13519.9;93502.8;23009.0
701;96159.3;-14364.8;92868.9;22850.0
702;100314.6;-8776.3;96703.4;23850.1
703;97684.9;-12451.2;94278.3;23219.7
704;100808.6;-7850.4;97140.1;23962.4
705;96752.9;-13850.1;93469.6;22999.0
706;97826.4;-12390.6;94434.1;23262.0
707;95003.2;-16067.0;91799.4;22561.3
708;100524.1;-8154.2;96842.7;23891.8
709;97017.4;-13376.2;93676.6;23050.8
710;94710.6;-16701.0;91551.9;22492.1
711;96546.8;-13968.0;93243.6;22935.8
713;97716.4;-12513.6;94327.5;23230.3
714;97961.0;-12318.7;94588.7;23296.5
715;98366.4;-11567.8;94908.8;23383.4
716;100949.6;-7393.8;97226.6;23988.6
717;97155.1;-13122.9;93789.9;23087.4
718;99473.9;-9914.0;95903.3;23642.5
719;98433.1;-11466.4;94967.3;23395.3
720;97379.4;-12843.6;93997.7;23142.9
722;99755.0;-9613.5;96181.9;23723.9
723;96693.3;-13923.1;93414.4;22986.3
724;97821.5;-12385.4;94426.1;23257.7
725;95159.7;-15897.1;91952.8;22601.0
726;98361.7;-11529.7;94896.3;23378.6
727;97989.1;-12160.4;94579.3;23293.8
728;97828.9;-12396.2;94438.4;23262.6
729;97498.4;-12740.6;94115.6;23173.9
730;99991.5;-9125.7;96370.7;23770.2
731;99828.1;-9366.8;96221.7;23730.7
732;99294.3;-10245.3;95751.3;23596.8
734;96519.2;-14071.8;93232.7;22932.5
735;96996.3;-13335.7;93644.5;23043.8
736;95686.6;-15090.6;92437.2;22737.5
737;98646.4;-11329.0;95196.3;23454.1
738;96365.2;-14176.4;93069.9;22899.4
740;95251.6;-15887.9;92060.3;22631.7
741;97950.3;-12095.3;94520.2;23276.8
742;99904.1;-9317.9;96302.9;23752.3
743;94596.3;-16719.1;91421.0;22459.2
744;96489.9;-14101.7;93205.2;22930.4
745;97500.0;-12689.7;94108.0;23172.1
746;96281.0;-14239.2;92982.7;22878.0
747;98886.3;-10877.3;95389.0;23503.1
748;97819.4;-12318.2;94408.6;23250.4
749;98434.1;-11527.6;94981.3;23400.8
750;96290.6;-14232.0;92992.1;22878.6
751;101034.3;-7189.4;97296.1;24013.2
752;97782.1;-12320.0;94367.1;23239.7
753;100507.8;-8211.7;96832.9;23888.5
754;96838.5;-13694.1;93534.3;23020.6
755;98979.1;-10859.3;95497.9;23528.5
756;96373.4;-14195.9;93083.8;22903.7
757;95833.4;-14869.1;92569.4;22765.1
758;96340.0;-14159.5;93036.7;22887.3
759;97709.8;-12419.1;94300.8;23224.0
760;97287.0;-13058.5;93931.7;23124.6
761;100966.1;-7581.0;97298.3;24013.6
762;95428.2;-15461.6;92194.7;22666.8
763;95532.7;-15316.6;92293.4;22694.6
764;101348.6;-6744.1;97615.6;24084.7
765;99060.8;-10539.5;95530.7;23539.4
766;93908.8;-18159.5;90781.6;22302.2
767;98812.1;-10976.3;95320.6;23485.8
768;98218.3;-11942.9;94816.4;23363.2
770;97014.9;-13319.2;93662.7;23046.6
771;97754.7;-12409.4;94351.1;23234.7
772;99278.5;-10380.3;95759.8;23599.6
773;99780.6;-9517.6;96193.6;23724.9
774;97987.2;-12042.0;94553.9;23288.7
775;99965.3;-9153.0;96345.2;23763.8
776;97478.8;-12705.7;94087.2;23168.9
777;96013.3;-14585.6;92734.4;22814.1
778;95863.7;-14826.1;92597.6;22773.2
779;98931.5;-10726.6;95413.2;23507.0
781;99152.8;-10617.2;95658.6;23573.3
782;95488.9;-15488.2;92269.2;22681.6
783;97038.7;-13284.1;93683.9;23053.4
784;98813.7;-11048.6;95337.4;23491.1
785;100330.1;-8627.0;96690.8;23848.3
787;96128.0;-14411.5;92840.0;22843.2
788;97859.5;-12390.7;94475.6;23269.9
789;96525.3;-14067.9;93239.2;22935.2
790;99569.4;-9934.1;96020.5;23670.7
792;98536.9;-11276.4;95054.5;23422.3
793;98656.6;-11219.1;95183.2;23451.5
794;97901.3;-12157.9;94475.6;23269.9
795;100061.8;-9148.7;96463.8;23801.2
796;95242.6;-15727.8;92024.2;22625.6
797;100115.5;-8883.5;96478.4;23802.1
798;96341.6;-14160.9;93038.9;22888.6
799;99298.3;-10201.3;95748.2;23596.7
800;97075.4;-13408.8;93754.1;23072.4
801;99477.5;-9968.6;95917.9;23648.5
802;99365.5;-10281.3;95847.6;23628.3
803;94726.2;-16772.4;91587.8;22503.2
804;97458.4;-12735.2;94069.2;23166.5
805;97599.6;-12554.6;94199.5;23203.1
806;97275.1;-12977.6;93901.4;23114.3
807;96232.9;-14313.6;92938.3;22864.2
808;101645.3;-6086.3;97886.9;24164.1
809;98212.8;-11726.6;94759.3;23343.5
810;101022.5;-7397.7;97323.7;24018.8
811;96616.5;-13802.9;93293.5;22950.9
812;95594.9;-15211.5;92349.1;22709.9
813;98070.3;-11928.9;94630.0;23311.8
814;96633.6;-13770.9;93308.2;22956.0
816;98272.2;-11717.7;94827.3;23365.5
817;100152.0;-9020.3;96550.6;23818.6
818;97297.5;-12945.7;93922.0;23122.6
819;97086.2;-13346.3;93752.9;23072.1
820;97700.2;-12606.8;94330.6;23230.5
821;98514.3;-11349.9;95041.9;23420.3
822;99570.4;-9772.1;95990.4;23662.9
823;97520.8;-12717.5;94137.1;23178.1
824;96356.8;-14298.9;93083.6;22903.4
825;95582.9;-15230.4;92338.3;22706.7
826;97605.2;-12714.5;94240.3;23213.8
827;98940.8;-10923.5;95467.2;23522.8
828;98742.4;-10989.7;95241.5;23467.6
829;97764.2;-12347.9;94351.1;23234.7
830;96552.0;-13877.1;93232.7;22932.5
831;98048.6;-12149.1;94652.5;23318.2
832;98990.9;-10638.1;95467.1;23522.6
833;97722.6;-12436.4;94318.9;23226.5
834;98026.2;-11985.8;94588.7;23296.5
835;97458.4;-12777.5;94076.7;23167.2
836;99697.6;-9651.9;96120.8;23706.0
837;96881.7;-13471.1;93538.4;23020.7
838;98160.3;-11805.9;94712.8;23333.6
839;98587.7;-11287.4;95117.0;23439.5
840;99302.0;-10178.6;95748.2;23596.7
841;100954.9;-7345.1;97224.4;23988.2
842;99197.9;-10332.5;95654.3;23571.9
843;99048.3;-10562.8;95519.8;23534.9
844;94748.8;-16607.4;91583.0;22501.0
845;99031.9;-10706.1;95528.5;23539.0
847;96040.1;-14699.2;92787.0;22827.0
848;95681.0;-15076.8;92427.6;22733.6
849;97316.2;-12927.9;93940.2;23127.3
850;99905.0;-9395.4;96319.0;23757.0
851;98894.3;-10778.9;95379.4;23499.1
852;96805.0;-13581.1;93469.7;23000.0
853;97731.2;-12386.0;94320.0;23227.6
854;99976.2;-9143.4;96355.5;23764.4
855;99192.6;-10337.9;95649.0;23570.5
857;99834.3;-9632.8;96290.5;23751.7
858;98469.8;-11572.5;95037.7;23418.0
859;99020.4;-10822.7;95542.3;23542.3
860;97064.2;-13251.9;93707.2;23058.1
861;95773.2;-14943.1;92513.0;22755.2
862;98129.6;-11884.6;94691.3;23328.4
863;98762.7;-11160.6;95300.9;23481.7
864;94910.7;-16209.1;91713.2;22534.4
865;96714.4;-13677.5;93384.2;22977.1
866;97002.6;-13394.5;93662.7;23046.7
867;98334.0;-11562.7;94870.4;23374.9
868;97230.4;-13041.4;93861.7;23105.4
869;98682.5;-11253.8;95223.2;23462.5
870;97990.5;-12037.0;94557.1;23291.1
871;99997.8;-9208.5;96393.8;23775.9
872;94245.6;-17574.4;91118.3;22384.0
873;101301.8;-6687.6;97539.8;24068.5
874;100777.2;-7678.8;97066.3;23944.8
875;97904.5;-12149.1;94477.8;23270.1
876;99152.5;-10401.2;95612.8;23560.0
877;99038.7;-10666.4;95528.5;23539.0
878;96230.2;-14468.5;92965.6;22874.5
879;98126.1;-11853.4;94681.5;23326.2
880;99400.9;-10061.7;95844.4;23626.9
881;98434.8;-11433.3;94963.1;23392.9
882;99959.3;-9363.7;96378.9;23771.5
883;97955.4;-12223.2;94552.8;23288.6
884;97922.3;-12284.2;94527.2;23283.2
885;96210.6;-14344.4;92917.8;22859.0
886;97029.9;-13293.1;93675.3;23049.5
887;96820.3;-13656.0;93502.8;23009.0
888;101416.3;-6375.0;97630.1;24091.4
889;98281.8;-11632.1;94822.7;23363.7
890;95700.6;-15172.4;92468.1;22747.2
891;98610.8;-11178.9;95123.4;23440.2
892;97381.9;-12834.4;93998.8;23143.1
894;98785.5;-10929.4;95280.8;23477.0
895;94604.9;-16758.7;91435.6;22461.0
896;98997.8;-10636.7;95474.7;23524.6
897;95796.2;-14969.5;92543.1;22758.2
898;94748.4;-16699.9;91598.6;22505.3
899;98820.6;-10885.6;95313.3;23483.3
900;94718.4;-16534.5;91536.7;22488.4
901;96848.8;-13581.0;93521.4;23018.3
902;98192.1;-11802.4;94748.8;23339.8
903;99064.2;-10536.9;95534.1;23539.9
904;99336.5;-10161.2;95786.1;23608.7
905;97711.9;-12506.1;94320.0;23227.6
906;96067.5;-14513.7;92785.6;22826.5
907;101881.3;-5217.4;98032.2;24210.3
908;96537.4;-13903.8;93221.0;22931.5
909;101581.7;-6136.0;97804.7;24145.4
910;96852.8;-13504.6;93511.7;23016.3
911;100205.5;-8799.5;96571.4;23820.9
912;100035.8;-9037.0;96408.7;23785.3
913;95616.3;-15209.1;92374.2;22716.8
914;98489.5;-11491.5;95041.8;23420.2
915;99317.8;-10351.6;95803.2;23613.4
916;99216.1;-10453.9;95700.8;23587.9
917;97352.6;-12915.7;93980.0;23140.9
918;98352.8;-11781.7;94945.3;23390.7
919;96965.8;-13375.6;93616.7;23037.2
920;95374.8;-15537.0;92144.7;22652.5
921;99848.9;-9378.4;96249.4;23743.4
922;96602.1;-13972.3;93311.6;22958.6
923;100648.5;-8174.1;97006.8;23931.2
924;99049.6;-10559.2;95521.1;23537.4
925;95945.8;-14698.1;92672.9;22793.7
926;97442.2;-12761.7;94055.4;23162.4
927;97182.1;-13091.7;93815.6;23094.9
928;95965.6;-14771.6;92710.7;22806.6
929;98827.1;-10925.2;95328.0;23488.4
930;96804.7;-13570.8;93467.5;22998.8
931;101239.0;-6816.6;97484.5;24057.9
932;99601.5;-9726.7;96018.5;23670.6
933;95970.5;-14659.1;92695.6;22800.9
934;97752.1;-12415.0;94348.9;23233.5
935;97264.7;-13122.8;93919.7;23122.2
936;94555.5;-16933.2;91402.9;22454.7
937;99746.9;-9486.8;96148.3;23712.4
938;99743.0;-9696.3;96185.1;23724.2
939;99730.2;-9519.0;96134.8;23709.5
940;96816.4;-13696.0;93507.1;23013.5
941;100033.5;-9035.3;96405.6;23783.2
942;97318.5;-13020.1;93960.7;23132.1
943;99762.3;-9465.5;96162.7;23718.0
944;101594.2;-6132.6;97821.5;24149.8
945;98079.1;-11907.4;94636.8;23315.2
946;94825.8;-16559.6;91667.9;22522.9
947;97126.8;-13167.6;93765.0;23079.7
948;99087.5;-10690.8;95593.9;23557.5
949;100364.5;-8455.8;96701.0;23849.6
950;95418.5;-15665.2;92218.7;22670.5
951;97368.4;-12929.3;94001.0;23143.4
952;98216.5;-11923.7;94808.0;23357.5
953;98675.6;-11166.4;95195.2;23452.9
954;99701.3;-9564.0;96109.3;23705.2
955;95836.6;-14860.5;92571.8;22765.6
956;96852.6;-13726.6;93564.2;23026.3
957;99909.5;-9236.4;96294.7;23752.0
958;98599.4;-11193.5;95112.7;23438.2
959;98706.3;-11152.4;95229.5;23463.0
960;100140.0;-8893.1;96510.0;23809.6
961;98001.0;-12023.8;94566.8;23293.1
962;98898.0;-10788.0;95385.7;23500.6
963;97127.5;-13182.3;93768.3;23080.1
964;94985.9;-16234.9;91804.9;22564.0
965;95093.5;-16014.5;91895.5;22587.4
966;97953.8;-12090.0;94523.5;23279.1
967;97330.0;-13035.4;93978.9;23140.8
968;96425.0;-14131.9;93132.9;22913.0
969;98449.8;-11409.1;94976.9;23400.2
970;95947.1;-14696.8;92674.3;22794.1
971;98023.6;-11997.2;94587.6;23296.4
972;97750.9;-12405.0;94345.9;23233.4
973;95998.1;-14849.5;92768.7;22824.2
975;100878.0;-7490.8;97155.8;23969.5
976;98451.2;-11402.3;94976.8;23398.0
978;96901.5;-13447.6;93556.8;23024.8
979;98594.1;-11249.1;95116.9;23438.4
980;97260.2;-13144.2;93919.6;23121.9
981;98992.6;-10677.0;95475.9;23524.9
982;95770.9;-14998.0;92519.6;22756.1
983;98145.5;-11824.7;94698.6;23328.9
984;97698.0;-12432.9;94290.0;23222.7
985;97377.7;-12927.1;94011.9;23149.7
986;97292.0;-13025.1;93930.4;23124.2
987;98187.0;-11780.7;94739.3;23339.0
988;99750.7;-9490.1;96153.5;23714.6
989;96694.3;-13699.2;93365.2;22974.8
990;96927.2;-13505.3;93597.1;23034.1
991;98120.6;-11860.6;94676.0;23322.5
992;97496.2;-12872.5;94143.3;23178.4
993;98561.6;-11360.1;95100.0;23436.1
994;99283.8;-10202.3;95731.5;23593.6
995;100511.5;-8181.7;96831.6;23887.1
996;97545.7;-12632.4;94150.7;23184.0
998;97652.6;-12533.6;94256.1;23216.0
999;98517.6;-11311.5;95038.7;23418.0
1000;97392.0;-12820.7;94008.4;23148.0
