CASO;pATIVA;pREATIVA;dATIVA;dREATIVA
1;18039.8;-5678.4;17438.4;-501.6
2;15539.6;-5668.9;14950.2;-634.7
3;15631.9;-5707.5;15043.2;-630.7
4;15033.6;-5414.2;14438.7;-661.7
5;17184.6;-5868.3;16592.6;-542.6
6;13697.0;-4241.6;13071.4;-736.7
7;18173.2;-5633.8;17569.5;-491.6
8;15373.9;-5599.6;14783.0;-646.7
9;16571.5;-5914.4;15984.1;-578.7
10;15940.6;-5811.1;15353.5;-613.7
11;17854.3;-5723.8;17255.3;-507.6
12;13955.3;-4531.8;13337.7;-722.5
13;15856.0;-5771.3;15268.4;-611.7
14;15791.4;-5752.2;15203.4;-619.7
15;17490.2;-5814.9;16894.9;-525.6
16;15000.1;-5390.6;14404.7;-661.7
17;16028.5;-5834.7;15441.6;-609.7
18;15246.2;-5535.3;14653.9;-654.7
19;16266.5;-5886.2;15679.8;-600.7
20;16873.3;-5911.7;16284.4;-559.7
21;15000.1;-5389.6;14404.7;-660.7
22;17497.3;-5816.3;16901.9;-528.6
23;17225.9;-5872.2;16633.7;-542.6
24;16776.6;-5918.4;16188.3;-568.7
25;17225.9;-5872.2;16633.7;-542.6
26;15462.1;-5635.2;14872.1;-637.7
27;16078.5;-5837.9;15491.6;-600.7
28;15185.6;-5501.6;14592.8;-653.7
29;15917.7;-5801.8;15330.5;-612.7
30;16806.9;-5914.0;16218.3;-563.7
31;15452.3;-5632.4;14862.1;-639.7
32;15775.3;-5749.4;15187.4;-620.7
33;15459.2;-5636.0;14869.1;-639.7
34;15281.8;-5550.3;14689.9;-648.7
35;15475.0;-5641.6;14885.1;-637.7
36;16202.5;-5859.1;15615.8;-589.7
37;14985.2;-5385.6;14389.6;-665.7
38;16477.1;-5909.1;15890.0;-585.7
39;18079.3;-5671.2;17477.5;-500.6
40;17047.9;-5900.9;16457.5;-553.7
41;16005.5;-5828.3;15418.6;-610.7
42;15233.3;-5526.7;14640.9;-652.7
43;15388.8;-5605.2;14798.0;-644.7
44;18116.1;-5653.9;17513.5;-495.6
45;16277.4;-5889.6;15690.8;-599.7
46;15510.9;-5655.3;14921.1;-635.7
47;16428.8;-5901.9;15842.0;-584.7
48;18578.7;-5486.4;17967.9;-471.6
49;16351.7;-5897.4;15764.9;-594.7
50;16907.6;-5908.8;16318.4;-557.7
51;16546.5;-5909.1;15959.1;-577.7
52;15823.2;-5760.2;15235.4;-614.7
53;14957.5;-5370.0;14361.6;-667.7
54;15827.2;-5764.4;15239.4;-616.7
55;15985.6;-5822.7;15398.6;-610.7
56;16875.3;-5911.2;16286.4;-559.7
57;17154.2;-5876.3;16562.6;-545.6
58;17258.3;-5868.8;16665.7;-542.6
59;16536.3;-5912.1;15949.1;-580.7
60;17206.7;-5870.9;16614.7;-540.6
61;15381.8;-5600.8;14791.0;-643.7
62;17621.8;-5784.9;17025.0;-521.6
63;16790.6;-5919.1;16202.3;-567.7
64;15887.1;-5784.1;15299.5;-614.7
65;16764.5;-5918.6;16176.3;-568.7
66;16133.4;-5851.4;15546.7;-598.7
67;17487.3;-5815.7;16891.9;-526.6
68;17920.9;-5711.5;17321.3;-506.6
69;18676.0;-5438.6;18063.0;-464.6
70;14676.1;-5173.6;14075.4;-680.9
71;14626.9;-5138.4;14025.3;-684.9
72;15658.7;-5713.3;15070.3;-624.7
73;16397.7;-5902.7;15810.9;-589.7
74;17193.7;-5868.1;16601.7;-538.6
75;16567.5;-5914.4;15980.1;-579.7
76;13999.0;-4579.0;13382.7;-720.4
77;15879.1;-5781.3;15291.5;-614.7
78;17143.9;-5886.7;16552.6;-546.6
79;16472.1;-5906.4;15885.0;-583.7
80;17069.0;-5898.1;16478.5;-550.7
81;15973.6;-5818.3;15386.5;-610.7
82;15994.5;-5826.7;15407.6;-610.7
83;16422.8;-5901.8;15836.0;-585.7
84;16675.9;-5920.0;16088.2;-571.7
85;16437.0;-5899.5;15850.0;-583.7
86;16349.7;-5897.2;15762.9;-594.7
87;15475.0;-5641.6;14885.1;-637.7
88;16635.8;-5915.6;16048.2;-573.7
89;16356.7;-5900.4;15769.9;-595.7
90;17483.2;-5815.8;16887.9;-525.6
91;17558.0;-5800.4;16962.0;-524.6
92;16422.8;-5901.8;15836.0;-585.7
93;15799.3;-5756.5;15211.4;-619.7
94;15509.9;-5653.7;14920.1;-634.7
95;16690.1;-5917.5;16102.2;-569.7
96;16304.6;-5892.2;15717.8;-597.7
97;15838.2;-5767.0;15250.4;-615.7
98;16267.5;-5886.4;15680.8;-600.7
99;15529.6;-5667.9;14940.1;-636.7
100;16996.6;-5906.2;16406.5;-558.7
101;15723.4;-5742.5;15135.3;-626.7
102;17588.4;-5794.6;16992.0;-524.6
103;16671.9;-5921.9;16084.2;-574.7
104;16883.4;-5912.6;16294.4;-560.7
105;15004.0;-5393.4;14408.7;-660.7
106;16407.7;-5903.4;15820.9;-588.7
107;17044.9;-5901.1;16454.5;-553.7
108;15163.8;-5489.9;14570.8;-653.7
109;15918.8;-5802.0;15331.5;-612.7
110;16256.3;-5890.7;15669.8;-604.7
111;14706.4;-5198.3;14106.4;-679.8
112;16567.5;-5915.4;15980.1;-580.7
113;17161.3;-5877.5;16569.6;-547.7
114;15268.0;-5543.3;14675.9;-650.7
115;16608.6;-5922.6;16021.1;-581.7
116;14771.5;-5244.6;14172.4;-677.8
117;16177.5;-5858.3;15590.7;-594.7
118;14440.6;-4986.2;13835.1;-694.1
119;17474.1;-5821.5;16878.9;-528.6
120;16675.9;-5920.0;16088.2;-571.7
121;16189.4;-5858.7;15602.7;-591.7
122;15357.0;-5588.7;14766.0;-644.7
123;17642.9;-5780.3;17046.1;-520.6
124;18423.7;-5549.5;17815.8;-480.6
125;14173.7;-4747.6;13561.9;-709.3
126;17602.5;-5790.0;17006.0;-522.6
127;18040.8;-5679.7;17439.4;-502.6
128;16591.7;-5920.8;16004.1;-582.7
129;14895.6;-5326.8;14298.6;-669.7
130;17181.6;-5872.1;16589.6;-545.6
131;16017.4;-5832.0;15430.6;-609.7
132;15549.4;-5674.4;14960.2;-633.7
133;14859.0;-5304.7;14261.5;-672.7
134;16832.0;-5912.8;16243.3;-561.7
135;17104.5;-5897.1;16513.6;-552.7
136;15526.6;-5667.4;14937.1;-637.7
137;16798.8;-5919.6;16210.3;-568.7
138;14955.6;-5369.3;14359.6;-668.7
139;17113.7;-5890.9;16522.6;-549.7
140;16271.4;-5888.7;15684.8;-600.7
141;16009.5;-5829.7;15422.6;-610.7
142;16101.4;-5845.5;15514.7;-600.7
143;17186.6;-5863.9;16594.7;-539.6
144;17056.0;-5901.9;16465.5;-554.7
145;16805.9;-5913.9;16217.3;-563.7
146;16370.7;-5896.7;15783.9;-590.7
147;16305.6;-5890.9;15718.8;-596.7
148;16908.6;-5908.6;16319.4;-557.7
149;16474.1;-5907.4;15887.0;-584.7
150;16978.2;-5909.3;16388.5;-558.7
151;15873.8;-5790.4;15286.5;-615.7
152;13553.7;-4067.5;12923.3;-744.8
153;17380.8;-5844.7;16786.8;-535.6
154;18680.1;-5437.3;18067.0;-464.6
155;16708.2;-5914.3;16120.2;-568.7
156;16104.5;-5844.6;15517.7;-599.7
157;16063.6;-5838.2;15476.6;-605.7
158;16085.6;-5839.8;15498.6;-600.7
159;16235.4;-5888.1;15648.8;-606.7
160;14978.3;-5383.0;14382.6;-667.7
161;15645.9;-5706.4;15057.2;-624.7
162;15119.4;-5461.6;14525.8;-653.7
163;16494.1;-5909.5;15907.0;-582.7
164;15890.0;-5786.2;15302.5;-614.7
165;16768.6;-5919.3;16180.3;-569.7
166;16024.5;-5833.6;15437.6;-609.7
167;17319.2;-5861.9;16725.8;-544.6
168;16455.1;-5904.7;15868.0;-585.7
169;18682.2;-5441.6;18069.0;-469.6
170;14134.6;-4711.6;13521.8;-711.3
171;15499.0;-5648.6;14909.1;-634.7
172;17225.9;-5872.2;16633.7;-542.6
173;19066.5;-5236.6;18444.3;-446.6
174;15940.6;-5811.1;15353.5;-613.7
175;16267.5;-5886.4;15680.8;-600.7
176;15966.6;-5816.4;15379.5;-610.7
177;17709.6;-5767.9;17112.1;-518.6
178;15898.9;-5786.7;15311.5;-612.7
179;16975.2;-5909.9;16385.5;-558.7
180;15861.0;-5776.7;15273.4;-614.7
181;14809.9;-5265.8;14211.5;-671.8
182;16567.5;-5915.4;15980.1;-580.7
183;16776.6;-5918.4;16188.3;-568.7
184;17669.2;-5777.5;17072.1;-521.6
185;16091.6;-5842.2;15504.7;-601.7
186;15533.6;-5670.1;14944.1;-636.7
187;16847.1;-5913.6;16258.3;-561.7
188;16481.1;-5911.5;15894.0;-586.7
189;16529.3;-5910.1;15942.1;-579.7
190;16136.5;-5851.6;15549.7;-598.7
191;17519.6;-5810.9;16923.9;-526.6
192;16629.7;-5921.5;16042.1;-578.7
193;18359.2;-5571.5;17752.7;-479.6
194;17462.0;-5823.4;16866.9;-529.6
195;16951.1;-5907.1;16361.4;-557.7
196;14426.8;-4975.1;13821.1;-694.1
197;16888.4;-5915.1;16299.4;-561.7
198;16688.0;-5920.3;16100.2;-571.7
199;17122.7;-5890.6;16531.6;-548.7
200;17389.0;-5840.9;16794.8;-534.6
201;15773.3;-5747.9;15185.4;-619.7
202;17140.8;-5887.7;16549.6;-546.7
203;15598.2;-5696.5;15009.2;-634.7
204;18414.5;-5551.2;17806.8;-479.6
205;14749.8;-5228.7;14150.4;-677.8
206;14282.1;-4847.3;13673.0;-701.2
207;14403.2;-4954.6;13797.1;-694.1
208;15228.3;-5523.9;14635.9;-652.7
209;14984.2;-5386.3;14388.6;-666.7
210;18414.5;-5551.2;17806.8;-479.6
211;15854.0;-5772.6;15266.4;-613.7
212;14734.1;-5215.0;14134.4;-676.8
213;17466.0;-5823.6;16870.9;-529.6
214;15566.4;-5682.2;14977.2;-634.7
215;14852.1;-5301.9;14254.5;-674.7
216;17193.7;-5870.4;16601.7;-540.6
217;16913.7;-5906.4;16324.4;-555.7
218;15731.4;-5746.4;15143.3;-627.7
219;17795.8;-5740.1;17197.2;-513.6
220;16360.6;-5897.9;15773.9;-592.7
221;18027.6;-5681.1;17426.4;-501.6
222;16776.6;-5918.4;16188.3;-568.7
223;17968.5;-5700.7;17368.4;-504.6
224;16338.6;-5892.9;15751.9;-592.7
225;14870.8;-5314.5;14273.5;-672.7
226;18975.4;-5279.1;18355.3;-446.6
227;15612.1;-5704.0;15023.2;-634.7
228;15997.4;-5829.2;15410.6;-611.7
229;15444.1;-5629.9;14854.1;-638.7
230;15990.5;-5825.2;15403.6;-610.7
231;16484.0;-5912.7;15897.0;-586.7
232;16441.0;-5899.6;15854.0;-582.7
233;16953.1;-5905.8;16363.4;-556.7
234;18226.8;-5622.3;17622.6;-490.6
235;16083.6;-5837.6;15496.6;-599.7
236;14856.1;-5303.7;14258.5;-673.7
237;14915.2;-5342.4;14318.6;-669.7
238;15479.0;-5642.6;14889.1;-636.7
239;14378.9;-4936.3;13772.1;-698.1
240;17141.9;-5887.1;16550.6;-546.7
241;15665.7;-5716.0;15077.3;-624.7
242;15870.0;-5780.7;15282.5;-615.7
243;16214.5;-5861.5;15627.8;-588.7
244;14676.1;-5173.6;14075.4;-680.9
245;15266.0;-5543.6;14673.9;-651.7
246;16971.1;-5910.0;16381.5;-558.7
247;16908.6;-5908.6;16319.4;-557.7
248;15726.4;-5743.6;15138.3;-626.7
249;18251.2;-5618.4;17646.6;-492.6
250;14780.2;-5253.3;14181.4;-677.8
251;15836.1;-5766.7;15248.4;-615.7
252;15963.7;-5816.4;15376.5;-612.7
253;13171.3;-3539.0;12525.9;-764.2
254;18392.0;-5563.2;17784.7;-482.6
255;16626.7;-5922.8;16039.1;-579.7
256;15065.1;-5431.3;14470.7;-658.7
257;18524.7;-5510.8;17914.9;-476.6
258;16874.3;-5911.6;16285.4;-559.7
259;16697.2;-5917.1;16109.2;-571.7
260;15548.5;-5673.4;14959.2;-633.7
261;16334.7;-5894.2;15747.9;-594.7
262;14535.7;-5065.1;13932.2;-690.0
263;17105.5;-5893.8;16514.6;-550.7
264;15800.3;-5757.6;15212.4;-620.7
265;16363.7;-5896.7;15776.9;-591.7
266;17564.2;-5802.5;16968.0;-527.6
267;16535.3;-5912.2;15948.1;-580.7
268;16512.1;-5911.5;15925.0;-581.7
269;16526.3;-5909.3;15939.1;-579.7
270;15404.7;-5609.0;14814.0;-641.7
271;17150.2;-5876.2;16558.6;-545.6
272;17950.2;-5703.4;17350.3;-504.6
273;17065.9;-5903.7;16475.5;-554.7
274;17205.8;-5870.3;16613.7;-540.6
275;15248.2;-5536.5;14655.9;-654.7
276;15255.0;-5540.7;14662.9;-653.7
277;14629.8;-5142.5;14028.3;-685.9
278;17597.4;-5793.2;17001.0;-523.6
279;15935.6;-5812.0;15348.5;-615.7
280;17785.5;-5743.6;17187.2;-513.6
281;15353.0;-5586.3;14762.0;-643.7
282;15729.4;-5743.2;15141.3;-625.7
283;16322.6;-5892.5;15735.9;-594.7
284;17248.1;-5869.5;16655.7;-541.6
285;16285.4;-5888.9;15698.8;-597.7
286;16452.0;-5901.2;15865.0;-582.7
287;16235.4;-5888.1;15648.8;-606.7
288;16418.8;-5903.6;15832.0;-587.7
289;14985.2;-5385.6;14389.6;-665.7
290;16307.6;-5892.5;15720.9;-597.7
291;16009.5;-5829.7;15422.6;-610.7
292;16152.5;-5853.4;15565.7;-596.7
293;16766.5;-5918.4;16178.3;-568.7
294;15464.2;-5636.0;14874.1;-637.7
295;16124.4;-5854.0;15537.7;-602.7
296;15887.1;-5784.1;15299.5;-614.7
297;16683.9;-5920.0;16096.2;-571.7
298;17100.4;-5897.3;16509.6;-551.7
299;15163.8;-5489.9;14570.8;-653.7
300;16874.3;-5911.6;16285.4;-559.7
301;18543.1;-5499.8;17932.9;-473.6
302;14596.5;-5116.4;13994.3;-688.9
303;15299.5;-5561.6;14707.9;-648.7
304;15245.2;-5534.9;14652.9;-654.7
305;15906.7;-5798.1;15319.5;-612.7
306;18036.8;-5678.2;17435.4;-501.6
307;16230.4;-5887.1;15643.8;-607.7
308;15450.2;-5630.0;14860.1;-637.7
309;16912.7;-5907.8;16323.4;-556.7
310;15554.4;-5677.4;14965.2;-634.7
311;17474.1;-5821.6;16878.9;-528.6
312;16553.5;-5910.7;15966.1;-577.7
313;17769.3;-5746.2;17171.2;-513.6
314;15482.0;-5643.5;14892.1;-636.7
315;19642.3;-4834.2;19002.8;-414.6
316;17140.8;-5886.5;16549.6;-545.7
317;16946.1;-5906.9;16356.4;-557.7
318;16161.5;-5857.7;15574.7;-597.7
319;15411.5;-5612.9;14821.0;-640.7
320;15255.0;-5540.7;14662.9;-653.7
321;16063.6;-5838.2;15476.6;-605.7
322;15335.1;-5579.5;14744.0;-645.7
323;16533.3;-5911.5;15946.1;-580.7
324;15303.4;-5564.3;14711.9;-648.7
325;16912.7;-5907.8;16323.4;-556.7
326;17287.6;-5863.6;16694.7;-541.6
327;15439.1;-5629.0;14849.1;-639.7
328;17553.0;-5801.9;16957.0;-524.6
329;15953.6;-5810.4;15366.5;-609.7
330;17511.6;-5811.2;16915.9;-526.6
331;16705.2;-5915.2;16117.2;-569.7
332;17474.1;-5821.6;16878.9;-528.6
333;15119.4;-5461.6;14525.8;-653.7
334;16099.5;-5845.6;15512.7;-601.7
335;17847.2;-5731.4;17248.2;-512.6
336;15531.6;-5669.4;14942.1;-636.7
337;13983.5;-4560.1;13366.7;-719.5
338;14084.7;-4663.0;13470.8;-713.4
339;13474.5;-3960.8;12841.2;-745.9
340;13899.7;-4477.4;13280.6;-727.5
341;15764.3;-5750.4;15176.4;-624.7
342;17647.0;-5774.4;17050.1;-516.6
343;15727.4;-5743.8;15139.3;-626.7
344;16577.5;-5918.5;15990.1;-581.7
345;16092.6;-5842.3;15505.7;-601.7
346;16226.4;-5886.1;15639.8;-607.7
347;16029.6;-5831.8;15442.6;-607.7
348;16025.5;-5834.2;15438.6;-609.7
349;16731.4;-5912.2;16143.2;-565.7
350;14919.1;-5342.3;14322.6;-667.7
351;17346.4;-5855.7;16752.8;-541.6
352;17247.2;-5869.6;16654.7;-542.6
353;16002.5;-5829.2;15415.6;-611.7
354;17114.7;-5890.7;16523.6;-549.7
355;15444.1;-5629.9;14854.1;-638.7
356;15625.0;-5709.4;15036.2;-634.7
357;16394.7;-5901.1;15807.9;-589.7
358;16005.5;-5827.1;15418.6;-609.7
359;15719.5;-5740.2;15131.3;-626.7
360;15473.0;-5639.8;14883.1;-636.7
361;15598.2;-5697.6;15009.2;-635.7
362;17268.5;-5871.8;16675.7;-546.6
363;14082.8;-4660.8;13468.8;-713.4
364;16611.6;-5923.7;16024.1;-581.7
365;15955.6;-5812.7;15368.5;-610.7
366;17026.0;-5902.9;16435.5;-557.7
367;16791.7;-5918.9;16203.3;-567.7
368;13181.8;-3553.5;12537.0;-762.1
369;16874.3;-5911.6;16285.4;-559.7
370;16580.5;-5919.3;15993.1;-581.7
371;16237.4;-5887.2;15650.8;-605.7
372;15696.6;-5732.6;15108.3;-627.7
373;17172.5;-5875.0;16580.6;-547.7
374;15760.3;-5747.2;15172.4;-623.7
375;18278.8;-5602.1;17673.6;-486.6
376;16847.1;-5913.6;16258.3;-561.7
377;18621.8;-5468.1;18009.9;-471.6
378;15350.1;-5586.6;14759.0;-645.7
379;14284.9;-4852.9;13676.0;-703.2
380;17012.6;-5904.5;16422.5;-556.7
381;17171.5;-5876.5;16579.6;-548.7
382;16259.4;-5887.3;15672.8;-601.7
383;14522.9;-5056.9;13919.2;-692.0
384;15721.4;-5741.5;15133.3;-626.7
385;16908.6;-5908.6;16319.4;-557.7
386;16015.4;-5831.7;15428.6;-609.7
387;16087.6;-5840.9;15500.7;-601.7
388;16023.5;-5833.0;15436.6;-609.7
389;15187.7;-5502.2;14594.8;-653.7
390;15628.9;-5708.0;15040.2;-631.7
391;14643.7;-5148.9;14042.3;-682.9
392;18202.4;-5630.4;17598.6;-492.6
393;15689.7;-5727.7;15101.3;-626.7
394;16752.4;-5919.2;16164.3;-568.7
395;15087.9;-5442.7;14493.7;-656.7
396;17105.5;-5896.9;16514.6;-552.7
397;14158.0;-4733.4;13545.9;-709.3
398;17247.2;-5868.5;16654.7;-541.6
399;16178.6;-5859.2;15591.7;-595.7
400;18590.1;-5479.3;17978.9;-470.6
401;14779.2;-5252.8;14180.4;-677.8
402;16302.5;-5892.2;15715.8;-597.7
403;16626.7;-5922.8;16039.1;-579.7
404;17598.4;-5792.8;17002.0;-523.6
405;15748.4;-5749.8;15160.3;-624.7
406;16314.6;-5889.7;15727.9;-593.7
407;13869.5;-4440.8;13249.6;-726.6
408;15299.5;-5561.6;14707.9;-648.7
409;16720.2;-5916.1;16132.2;-568.7
410;17456.9;-5829.2;16861.9;-533.6
411;15904.9;-5791.0;15317.5;-613.7
412;18529.8;-5503.3;17919.9;-472.6
413;18189.2;-5633.7;17585.6;-492.6
414;16148.4;-5855.8;15561.7;-598.7
415;13578.7;-4095.6;12949.3;-739.8
416;14260.5;-4829.7;13651.0;-703.2
417;15356.0;-5587.5;14765.0;-643.7
418;17468.0;-5823.3;16872.9;-529.6
419;16562.5;-5909.7;15975.1;-576.7
420;13917.3;-4489.4;13298.6;-722.5
421;15965.7;-5816.5;15378.5;-611.7
422;18024.5;-5682.3;17423.4;-501.6
423;15800.3;-5757.6;15212.4;-620.7
424;15388.8;-5605.2;14798.0;-644.7
425;18527.7;-5507.1;17917.9;-474.6
426;16278.4;-5889.9;15691.8;-599.7
427;15685.7;-5728.4;15097.3;-628.7
428;16608.6;-5922.6;16021.1;-581.7
429;16235.4;-5888.1;15648.8;-606.7
430;15740.4;-5746.9;15152.3;-624.7
431;17569.1;-5800.3;16973.0;-525.6
432;17468.0;-5823.3;16872.9;-529.6
433;17157.3;-5875.6;16565.6;-545.6
434;16101.4;-5846.9;15514.7;-601.7
435;17500.4;-5816.3;16904.9;-528.6
436;16164.5;-5859.7;15577.7;-598.7
437;16740.4;-5916.2;16152.2;-567.7
438;17375.7;-5845.8;16781.8;-535.6
439;17118.8;-5888.9;16527.6;-548.7
440;18224.8;-5622.6;17620.6;-490.6
441;16720.2;-5916.1;16132.2;-568.7
442;14366.1;-4923.5;13759.1;-697.1
443;14936.9;-5356.7;14340.6;-669.7
444;17729.9;-5759.7;17132.1;-517.6
445;15852.0;-5771.8;15264.4;-613.7
446;16642.8;-5915.5;16055.2;-572.7
447;15273.9;-5544.9;14681.9;-648.7
448;17333.3;-5859.3;16739.8;-543.6
449;15790.4;-5751.9;15202.4;-619.7
450;17851.2;-5728.1;17252.2;-510.6
451;15628.9;-5708.0;15040.2;-631.7
452;17470.0;-5823.4;16874.9;-529.6
453;16970.2;-5909.6;16380.5;-558.7
454;15413.5;-5616.7;14823.0;-642.7
455;17447.8;-5834.8;16852.9;-536.6
456;15219.4;-5519.1;14626.9;-652.7
457;15309.4;-5568.7;14717.9;-649.7
458;17021.9;-5901.4;16431.5;-555.7
459;15525.7;-5663.9;14936.1;-635.7
460;15560.4;-5679.1;14971.2;-633.7
461;15838.2;-5767.0;15250.4;-615.7
462;15110.6;-5454.8;14516.8;-653.7
463;17389.0;-5840.9;16794.8;-534.6
464;16899.4;-5912.8;16310.4;-559.7
465;16143.4;-5854.2;15556.7;-598.7
466;16093.6;-5842.3;15506.7;-601.7
467;16720.2;-5917.7;16132.2;-569.7
468;18197.4;-5629.9;17593.6;-491.6
469;17189.7;-5863.6;16597.7;-539.6
470;15653.9;-5709.5;15065.3;-624.7
471;17088.3;-5898.4;16497.6;-552.7
472;16085.6;-5839.8;15498.6;-600.7
473;15997.4;-5829.2;15410.6;-611.7
474;18310.4;-5590.8;17704.7;-484.6
475;15754.3;-5751.4;15166.3;-623.7
476;15685.7;-5728.4;15097.3;-628.7
477;14072.0;-4654.9;13457.8;-717.4
478;14671.1;-5170.8;14070.3;-680.9
479;16720.2;-5916.1;16132.2;-568.7
480;15450.2;-5630.0;14860.1;-637.7
481;16792.7;-5918.9;16204.3;-567.7
482;14987.2;-5386.6;14391.6;-665.7
483;15369.0;-5596.8;14778.0;-646.7
484;16970.2;-5909.6;16380.5;-558.7
485;17852.3;-5723.5;17253.3;-507.6
486;16881.5;-5911.8;16292.4;-560.7
487;17558.0;-5800.4;16962.0;-524.6
488;18126.1;-5653.4;17523.5;-495.6
489;17382.8;-5843.7;16788.8;-534.6
490;15202.4;-5514.2;14609.8;-655.7
491;16100.4;-5846.4;15513.7;-601.7
492;16920.7;-5910.6;16331.4;-558.7
493;15760.3;-5745.9;15172.3;-622.7
494;16721.3;-5915.8;16133.2;-568.7
495;14479.9;-5016.4;13875.2;-690.0
496;15300.5;-5560.9;14708.9;-647.7
497;16805.9;-5913.9;16217.3;-563.7
498;13764.7;-4323.0;13141.5;-732.6
499;14992.2;-5384.6;14396.6;-661.7
500;16198.5;-5858.0;15611.8;-589.7
501;14327.8;-4895.0;13720.0;-702.2
502;16282.3;-5890.8;15695.8;-599.7
503;15333.2;-5578.2;14742.0;-645.7
504;15891.9;-5784.8;15304.5;-612.7
505;15927.7;-5807.6;15340.5;-614.7
506;16426.8;-5903.3;15840.0;-585.7
507;15595.2;-5695.1;15006.2;-633.7
508;16316.6;-5892.0;15729.9;-595.7
509;15552.4;-5674.8;14963.2;-632.7
510;16841.1;-5913.7;16252.3;-562.7
511;18117.0;-5653.5;17514.5;-494.6
512;16434.9;-5902.6;15848.0;-585.7
513;16408.7;-5903.4;15821.9;-588.7
514;14932.0;-5351.3;14335.6;-668.7
515;16991.4;-5905.2;16401.5;-556.7
516;15374.9;-5595.2;14784.0;-642.7
517;15323.4;-5572.8;14732.0;-646.7
518;16843.1;-5911.9;16254.3;-560.7
519;16421.8;-5904.3;15835.0;-587.7
520;17460.0;-5828.0;16864.9;-532.6
521;17832.0;-5733.1;17233.2;-512.6
522;15620.0;-5705.7;15031.2;-633.7
523;16359.7;-5898.2;15772.9;-593.7
524;18189.2;-5633.7;17585.6;-492.6
525;17299.8;-5865.0;16706.8;-544.6
526;17012.6;-5903.2;16422.5;-555.7
527;17676.3;-5772.3;17079.1;-518.6
528;15549.4;-5674.4;14960.2;-633.7
529;16928.8;-5910.3;16339.4;-558.7
530;17797.8;-5740.6;17199.2;-513.6
531;18034.8;-5679.0;17433.4;-501.6
532;15325.3;-5574.1;14734.0;-646.7
533;15938.6;-5811.8;15351.5;-614.7
534;16639.9;-5915.6;16052.2;-573.7
535;15895.9;-5788.4;15308.5;-613.7
536;15782.4;-5749.5;15194.4;-619.7
537;16981.2;-5909.6;16391.5;-558.7
538;15823.2;-5759.0;15235.4;-613.7
539;14250.9;-4817.6;13641.0;-703.2
540;16615.6;-5924.5;16028.1;-581.7
541;15746.4;-5747.2;15158.3;-623.7
542;15405.7;-5609.2;14815.0;-641.7
543;14491.6;-5026.1;13887.2;-689.0
544;17353.4;-5857.1;16759.8;-542.6
545;13776.3;-4338.1;13153.5;-732.6
546;14350.5;-4910.5;13743.0;-699.1
547;15906.8;-5798.1;15319.5;-612.7
548;17594.4;-5793.6;16998.0;-523.6
549;17685.3;-5771.8;17088.1;-518.6
550;14943.8;-5362.1;14347.6;-669.7
551;16022.5;-5832.6;15435.6;-609.7
552;14553.4;-5083.7;13950.2;-693.0
553;17347.4;-5855.4;16753.8;-541.6
554;14586.6;-5107.9;13984.3;-687.9
555;16059.5;-5842.3;15472.6;-608.7
556;17375.7;-5844.4;16781.8;-534.6
557;15973.6;-5818.3;15386.5;-610.7
558;17862.4;-5720.3;17263.3;-506.6
559;15251.1;-5537.7;14658.9;-653.7
560;16629.7;-5921.5;16042.1;-578.7
561;17172.5;-5875.0;16580.6;-547.7
562;16059.6;-5838.0;15472.6;-605.7
563;17766.3;-5745.3;17168.2;-512.6
564;16827.0;-5911.5;16238.3;-561.7
565;14413.2;-4962.1;13807.1;-694.1
566;20719.0;-3801.6;20036.8;-363.5
567;16941.0;-5907.4;16351.4;-557.7
568;16335.6;-5895.1;15748.9;-594.7
569;14675.1;-5172.7;14074.4;-680.9
570;16308.6;-5891.9;15721.9;-596.7
571;15706.6;-5737.1;15118.3;-628.7
572;16936.0;-5909.6;16346.4;-559.7
573;16630.7;-5918.9;16043.1;-576.7
574;18294.2;-5593.3;17688.6;-483.6
575;16373.7;-5895.8;15786.9;-589.7
576;16790.6;-5919.1;16202.3;-567.7
577;16630.7;-5917.8;16043.1;-575.7
578;16050.5;-5839.5;15463.6;-608.7
579;16015.4;-5831.7;15428.6;-609.7
580;17451.9;-5831.2;16856.9;-535.6
581;17091.4;-5897.8;16500.6;-552.7
582;15521.7;-5662.5;14932.1;-635.7
583;14989.2;-5387.5;14393.6;-664.7
584;16145.4;-5855.2;15558.7;-598.7
585;17519.6;-5810.9;16923.9;-526.6
586;16186.5;-5857.4;15599.7;-591.7
587;18174.2;-5632.4;17570.5;-490.6
588;15357.0;-5588.7;14766.0;-644.7
589;16373.7;-5896.9;15786.9;-590.7
590;13466.8;-3954.2;12833.2;-749.9
591;15558.4;-5678.4;14969.2;-633.7
592;15876.0;-5782.7;15288.5;-615.7
593;16787.6;-5920.3;16199.3;-568.7
594;18137.3;-5649.4;17534.5;-494.6
595;16259.4;-5888.3;15672.8;-602.7
596;17850.2;-5728.4;17251.2;-510.6
597;16956.2;-5905.8;16366.4;-556.7
598;17319.2;-5861.9;16725.8;-544.6
599;15700.6;-5731.8;15112.3;-626.7
600;17766.3;-5745.3;17168.2;-512.6
601;15033.6;-5414.2;14438.7;-661.7
602;16768.6;-5919.3;16180.3;-569.7
603;15163.8;-5488.4;14570.8;-652.7
604;15642.9;-5706.5;15054.2;-625.7
605;14608.1;-5127.8;14006.3;-687.9
606;15645.9;-5707.7;15057.2;-625.7
607;16609.6;-5923.1;16022.1;-581.7
608;16143.4;-5854.2;15556.7;-598.7
609;14728.2;-5213.4;14128.4;-679.8
610;17864.4;-5719.9;17265.3;-506.6
611;16589.7;-5919.2;16002.1;-581.7
612;17342.5;-5855.8;16748.8;-542.6
613;17100.4;-5897.3;16509.6;-551.7
614;15479.0;-5642.6;14889.1;-636.7
615;14080.9;-4658.4;13466.8;-713.4
616;15204.4;-5514.3;14611.8;-654.7
617;17589.4;-5795.8;16993.0;-525.6
618;15055.3;-5423.0;14460.7;-657.7
619;17127.8;-5891.6;16536.6;-550.7
620;15539.6;-5667.8;14950.1;-633.7
621;16652.9;-5918.9;16065.2;-574.7
622;14213.8;-4784.0;13602.9;-706.3
623;17528.8;-5807.9;16933.0;-526.6
624;16176.5;-5858.4;15589.7;-594.7
625;17206.7;-5869.6;16614.7;-539.6
626;16427.8;-5903.4;15841.0;-585.7
627;17111.6;-5891.6;16520.6;-549.7
628;16101.4;-5845.5;15514.7;-600.7
629;17050.9;-5901.4;16460.5;-553.7
630;14553.4;-5083.7;13950.2;-693.0
631;15020.8;-5404.0;14425.7;-660.7
632;17025.0;-5903.1;16434.5;-557.7
633;16176.5;-5858.4;15589.7;-594.7
634;15965.7;-5816.5;15378.5;-611.7
635;16020.5;-5832.2;15433.6;-609.7
636;16775.6;-5919.5;16187.3;-569.7
637;15561.3;-5680.0;14972.2;-633.7
638;16786.7;-5919.3;16198.3;-568.7
639;15204.4;-5514.3;14611.8;-654.7
640;15766.3;-5747.4;15178.4;-621.7
641;17316.1;-5864.4;16722.8;-545.6
642;17417.5;-5834.2;16822.9;-532.6
643;15001.1;-5389.7;14405.7;-660.7
644;17154.2;-5876.3;16562.6;-545.6
645;15069.2;-5431.8;14474.7;-657.7
646;17032.9;-5903.4;16442.5;-556.7
647;14130.7;-4709.0;13517.8;-712.3
648;14985.2;-5385.6;14389.6;-665.7
649;15653.9;-5709.5;15065.3;-624.7
650;16030.6;-5831.8;15443.6;-607.7
651;17814.9;-5738.1;17216.2;-513.6
652;17227.9;-5874.1;16635.7;-543.6
653;17983.7;-5702.9;17383.4;-509.6
654;17569.1;-5801.4;16973.0;-526.6
655;15904.9;-5789.9;15317.5;-612.7
656;15918.8;-5802.0;15331.5;-612.7
657;17414.4;-5836.5;16819.9;-533.6
658;16262.5;-5888.0;15675.8;-602.7
659;16042.5;-5836.2;15455.6;-607.7
660;14745.8;-5226.9;14146.4;-678.8
661;16099.5;-5845.6;15512.7;-601.7
662;13173.1;-3542.1;12527.9;-763.2
663;15712.4;-5741.0;15124.3;-628.7
664;15132.3;-5467.0;14538.8;-651.7
665;16991.4;-5905.2;16401.5;-556.7
666;15685.7;-5727.3;15097.3;-627.7
667;15853.0;-5772.3;15265.4;-613.7
668;17726.8;-5762.8;17129.1;-517.6
669;15060.2;-5427.2;14465.7;-657.7
670;16569.5;-5914.6;15982.1;-579.7
671;14134.6;-4711.6;13521.9;-711.3
672;16316.6;-5892.0;15729.9;-595.7
673;16675.9;-5920.0;16088.2;-571.7
674;17178.6;-5870.8;16586.6;-544.6
675;15221.4;-5518.5;14628.9;-651.7
676;16572.5;-5914.5;15985.1;-578.7
677;16570.4;-5914.3;15983.1;-578.7
678;16194.4;-5857.9;15607.8;-589.7
679;16389.7;-5900.0;15802.9;-589.7
680;16735.3;-5915.9;16147.2;-567.7
681;16663.9;-5921.4;16076.2;-575.7
682;15119.4;-5461.6;14525.8;-653.7
683;14897.5;-5329.3;14300.6;-669.7
684;19042.1;-5249.2;18420.3;-448.6
685;18375.6;-5570.4;17768.7;-483.6
686;14683.9;-5181.1;14083.4;-680.9
687;16720.2;-5917.7;16132.2;-569.7
688;16919.7;-5910.8;16330.4;-558.7
689;17056.0;-5901.9;16465.5;-554.7
690;16371.7;-5896.7;15784.9;-590.7
691;15194.6;-5507.0;14601.8;-654.7
692;16016.4;-5832.0;15429.6;-609.7
693;15673.7;-5722.8;15085.3;-627.7
694;16363.7;-5896.7;15776.9;-591.7
695;15917.7;-5801.8;15330.5;-612.7
696;16066.5;-5839.2;15479.6;-604.7
697;17357.5;-5848.7;16763.8;-536.6
698;17595.3;-5794.0;16999.0;-523.6
699;14915.2;-5342.5;14318.6;-669.7
700;15706.6;-5737.1;15118.3;-628.7
701;15344.1;-5582.2;14753.0;-643.7
702;17586.4;-5793.2;16990.0;-523.6
703;16149.4;-5855.8;15562.7;-598.7
704;17840.1;-5733.6;17241.2;-512.6
705;15688.7;-5727.5;15100.3;-626.7
706;16246.4;-5888.8;15659.8;-605.7
707;14727.2;-5212.5;14127.4;-679.8
708;17674.3;-5774.2;17077.1;-519.6
709;15817.1;-5756.8;15229.4;-613.7
710;14579.9;-5099.9;13977.3;-687.9
711;15561.3;-5680.0;14972.2;-633.7
712;13692.1;-4234.5;13066.4;-735.7
713;16181.5;-5856.7;15594.7;-592.7
714;16341.6;-5893.8;15754.9;-592.7
715;16539.4;-5909.5;15952.1;-578.7
716;17895.7;-5716.3;17296.3;-507.6
717;15885.1;-5782.3;15297.5;-613.7
718;17117.8;-5889.1;16526.6;-548.7
719;16567.5;-5911.0;15980.1;-576.7
720;16004.5;-5829.3;15417.6;-611.7
721;13937.8;-4511.9;13319.7;-722.5
722;17276.5;-5864.1;16683.7;-540.6
723;15658.7;-5713.3;15070.3;-624.7
724;16237.4;-5887.2;15650.8;-605.7
725;14812.9;-5269.8;14214.5;-673.7
726;16533.3;-5911.5;15946.1;-580.7
727;16337.6;-5892.9;15750.9;-592.7
728;16250.4;-5888.3;15663.8;-604.7
729;16064.6;-5839.0;15477.6;-605.7
730;17392.0;-5842.4;16797.8;-535.6
731;17299.8;-5865.0;16706.7;-544.6
732;17025.0;-5903.1;16434.5;-557.7
733;19977.2;-4557.3;19326.1;-399.6
734;15553.4;-5676.2;14964.2;-633.7
735;15794.3;-5754.0;15206.4;-619.7
736;15092.9;-5444.3;14498.7;-655.7
737;16705.2;-5915.9;16117.2;-569.7
738;15458.2;-5635.7;14868.1;-639.7
739;13274.7;-3695.5;12634.0;-759.1
740;14877.7;-5317.2;14280.5;-670.7
741;16298.5;-5891.9;15711.8;-598.7
742;17345.5;-5854.7;16751.8;-541.6
743;14502.4;-5038.5;13898.2;-692.0
744;15539.6;-5667.8;14950.1;-633.7
745;16059.6;-5838.0;15472.6;-605.7
746;15408.6;-5609.1;14818.0;-639.7
747;16806.9;-5914.0;16218.3;-563.7
748;16222.4;-5885.1;15635.8;-607.7
749;16575.5;-5917.9;15988.1;-581.7
750;15411.5;-5612.9;14821.0;-640.7
751;17944.2;-5705.2;17344.3;-505.6
752;16214.5;-5861.5;15627.8;-588.7
753;17669.2;-5777.5;17072.1;-521.6
754;15729.4;-5743.2;15141.3;-625.7
755;16879.4;-5912.6;16290.4;-560.7
756;15464.2;-5634.9;14874.1;-636.7
757;15164.8;-5488.8;14571.8;-652.7
758;15441.1;-5629.9;14851.1;-639.7
759;16168.5;-5858.9;15581.7;-597.7
760;15974.6;-5816.4;15387.5;-608.7
761;17946.2;-5705.2;17346.3;-505.6
762;14951.7;-5367.2;14355.6;-669.7
763;15008.9;-5395.9;14413.7;-659.7
764;18123.1;-5653.4;17520.5;-495.6
765;16901.5;-5912.4;16312.4;-559.7
766;14153.1;-4730.2;13540.9;-710.3
767;16771.6;-5918.3;16183.3;-568.7
768;16479.1;-5909.7;15892.0;-585.7
769;13867.7;-4436.3;13247.6;-725.6
770;15809.3;-5754.8;15221.4;-615.7
771;16198.5;-5858.0;15611.8;-589.7
772;17031.0;-5902.3;16440.5;-556.7
773;17286.6;-5863.8;16693.7;-541.6
774;16323.6;-5892.5;15736.9;-594.7
775;17375.7;-5845.8;16781.8;-535.6
776;16055.5;-5841.8;15468.6;-608.7
777;15269.0;-5543.6;14676.9;-650.7
778;15187.7;-5502.2;14594.8;-653.7
779;16822.0;-5911.9;16233.3;-561.7
780;14066.3;-4647.3;13451.8;-717.4
781;16974.2;-5909.4;16384.5;-558.7
782;14993.2;-5386.1;14397.6;-662.7
783;15820.1;-5759.4;15232.4;-614.7
784;16782.6;-5919.9;16194.3;-568.7
785;17580.3;-5795.1;16984.0;-523.6
786;14088.7;-4665.1;13474.8;-712.4
787;15325.3;-5574.1;14734.0;-646.7
788;16275.4;-5887.5;15688.8;-598.7
789;15558.4;-5679.4;14969.2;-634.7
790;17179.6;-5871.1;16587.6;-544.6
791;13929.0;-4502.5;13310.7;-722.5
792;16615.6;-5924.5;16028.1;-581.7
793;16691.1;-5920.8;16103.2;-572.7
794;16275.4;-5887.5;15688.8;-598.7
795;17455.0;-5830.5;16859.9;-535.6
796;14859.0;-5304.7;14261.5;-672.7
797;17460.0;-5829.1;16864.9;-533.6
798;15442.1;-5628.7;14852.1;-638.7
799;17025.0;-5903.1;16434.5;-557.7
800;15854.1;-5770.4;15266.4;-611.7
801;17125.8;-5890.8;16534.6;-549.7
802;17092.4;-5897.5;16501.6;-552.7
803;14602.3;-5122.3;14000.3;-687.9
804;16045.5;-5838.9;15458.6;-609.7
805;16114.5;-5848.7;15527.7;-600.7
806;15953.6;-5810.4;15366.5;-609.7
807;15379.8;-5599.6;14789.0;-643.7
808;18293.2;-5591.6;17687.6;-481.6
809;16449.1;-5900.6;15862.0;-582.7
810;17965.4;-5701.6;17365.3;-504.6
811;15585.2;-5689.3;14996.2;-632.7
812;15042.4;-5420.6;14447.7;-660.7
813;16362.7;-5898.1;15775.9;-592.7
814;15597.2;-5695.3;15008.2;-633.7
815;18904.5;-5327.6;18286.2;-456.6
816;16490.0;-5911.7;15903.0;-584.7
817;17510.6;-5814.8;16914.9;-529.6
818;15969.5;-5819.4;15382.5;-611.7
819;15854.0;-5772.6;15266.4;-613.7
820;16183.5;-5857.9;15596.7;-592.7
821;16612.6;-5924.2;16025.1;-581.7
822;17164.3;-5880.0;16572.6;-549.7
823;16078.6;-5836.4;15491.6;-599.7
824;15464.2;-5636.0;14874.1;-637.7
825;15037.5;-5416.3;14442.7;-660.7
826;16131.5;-5851.8;15544.7;-599.7
827;16854.2;-5912.5;16265.4;-560.7
828;16727.3;-5911.9;16139.2;-565.7
829;16198.5;-5858.0;15611.8;-589.7
830;15553.4;-5676.2;14964.2;-633.7
831;16377.8;-5894.3;15790.9;-588.7
832;16853.2;-5913.6;16264.4;-561.7
833;16177.5;-5859.3;15590.7;-595.7
834;16341.6;-5893.8;15754.9;-592.7
835;16048.5;-5838.0;15461.6;-607.7
836;17246.2;-5868.3;16653.7;-541.6
837;15729.4;-5743.2;15141.3;-625.7
838;16422.8;-5901.8;15836.0;-585.7
839;16655.8;-5921.8;16068.2;-575.7
840;17025.0;-5903.1;16434.5;-557.7
841;17891.8;-5714.7;17292.3;-506.6
842;16972.1;-5911.0;16382.5;-559.7
843;16886.4;-5911.7;16297.4;-559.7
844;14599.3;-5121.5;13997.3;-688.9
845;16892.3;-5914.3;16303.4;-560.7
846;18799.8;-5381.6;18184.1;-460.6
847;15299.5;-5561.6;14707.9;-648.7
848;15089.9;-5445.0;14495.7;-657.7
849;15981.6;-5818.1;15394.6;-607.7
850;17360.5;-5848.6;16766.8;-536.6
851;16802.6;-5917.3;16214.3;-566.7
852;15689.7;-5727.7;15101.3;-626.7
853;16177.5;-5859.3;15590.7;-595.7
854;17378.8;-5843.9;16784.8;-534.6
855;16970.2;-5909.6;16380.5;-558.7
856;18951.7;-5296.4;18332.2;-450.6
857;17339.4;-5856.7;16745.8;-542.6
858;16611.6;-5924.8;16024.1;-582.7
859;16905.6;-5912.5;16316.4;-560.7
860;15828.2;-5764.9;15240.4;-616.7
861;15135.3;-5468.0;14541.8;-651.7
862;16410.8;-5902.0;15823.9;-587.7
863;16765.5;-5917.4;16177.3;-567.7
864;14679.9;-5178.5;14079.4;-680.9
865;15638.9;-5708.6;15050.2;-628.7
866;15809.3;-5754.8;15221.4;-615.7
867;16513.2;-5912.4;15926.0;-582.7
868;15925.7;-5806.9;15338.5;-614.7
869;16710.2;-5913.2;16122.2;-567.7
870;16326.6;-5893.4;15739.9;-594.7
871;17403.1;-5840.4;16808.8;-534.6
872;14338.8;-4899.0;13731.0;-699.2
873;18075.3;-5671.6;17473.5;-500.6
874;17805.8;-5739.9;17207.2;-513.6
875;16277.4;-5889.6;15690.8;-599.7
876;16942.0;-5906.9;16352.4;-557.7
877;16892.3;-5914.3;16303.4;-560.7
878;15398.7;-5610.6;14808.0;-644.7
879;16405.7;-5905.7;15818.9;-590.7
880;17088.3;-5898.4;16497.6;-552.7
881;16561.5;-5908.6;15974.1;-575.7
882;17393.1;-5843.2;16798.8;-536.6
883;16321.6;-5891.8;15734.9;-594.7
884;16307.6;-5892.5;15720.9;-597.7
885;15369.0;-5596.8;14778.0;-646.7
886;15813.2;-5754.5;15225.4;-613.7
887;15707.6;-5737.3;15119.3;-628.7
888;18129.2;-5651.9;17526.5;-495.6
889;16481.1;-5911.5;15894.0;-586.7
890;15112.6;-5456.8;14518.8;-654.7
891;16665.0;-5920.4;16077.2;-574.7
892;16005.5;-5829.6;15418.6;-611.7
893;12892.5;-3105.1;12234.7;-781.4
894;16754.4;-5916.4;16166.3;-566.7
895;14504.3;-5040.1;13900.2;-692.0
896;16863.2;-5913.2;16274.4;-560.7
897;15156.0;-5484.8;14562.8;-654.7
898;14610.1;-5127.6;14008.3;-685.9
899;16768.6;-5918.2;16180.3;-568.7
900;14570.0;-5094.0;13967.3;-689.0
901;15723.4;-5742.5;15135.3;-626.7
902;16444.0;-5901.5;15857.0;-583.7
903;16905.6;-5911.5;16316.4;-559.7
904;17050.9;-5901.4;16460.5;-553.7
905;16177.5;-5859.3;15590.7;-595.7
906;15297.5;-5560.8;14705.9;-648.7
907;18379.6;-5574.8;17772.7;-487.6
908;15548.5;-5673.4;14959.2;-633.7
909;18244.2;-5618.0;17639.6;-491.6
910;15715.4;-5740.6;15127.3;-627.7
911;17519.6;-5810.9;16923.9;-526.6
912;17417.5;-5834.2;16822.9;-532.6
913;15065.1;-5431.3;14470.7;-658.7
914;16611.6;-5924.8;16024.1;-582.7
915;17058.0;-5901.7;16467.5;-554.7
916;17000.6;-5906.3;16410.5;-558.7
917;15997.4;-5829.2;15410.6;-611.7
918;16548.5;-5908.2;15961.1;-576.7
919;15779.3;-5751.1;15191.4;-620.7
920;14924.0;-5349.1;14327.6;-669.7
921;17315.1;-5863.0;16721.8;-544.6
922;15598.2;-5697.6;15009.2;-635.7
923;17763.3;-5750.5;17165.2;-515.6
924;16888.4;-5915.1;16299.4;-561.7
925;15227.3;-5523.7;14634.9;-652.7
926;16034.6;-5832.8;15447.6;-607.7
927;15899.9;-5787.8;15312.5;-612.7
928;15250.1;-5536.9;14657.9;-653.7
929;16775.6;-5919.5;16187.3;-569.7
930;15685.7;-5727.3;15097.3;-627.7
931;18046.9;-5677.6;17445.4;-501.6
932;17179.6;-5871.1;16587.6;-544.6
933;15245.2;-5534.9;14652.9;-654.7
934;16196.5;-5857.8;15609.8;-589.7
935;15966.6;-5817.5;15379.5;-611.7
936;14498.4;-5032.4;13894.2;-689.0
937;17258.3;-5868.8;16665.7;-542.6
938;17280.5;-5864.3;16687.7;-540.6
939;17250.2;-5867.5;16657.7;-540.6
940;15710.5;-5739.3;15122.3;-628.7
941;17414.4;-5836.5;16819.9;-533.6
942;15984.6;-5822.7;15397.6;-610.7
943;17264.4;-5867.5;16671.7;-542.6
944;18252.3;-5616.6;17647.6;-491.6
945;16371.7;-5896.7;15784.9;-590.7
946;14650.6;-5154.4;14049.3;-682.9
947;15865.1;-5776.2;15277.5;-613.7
948;16932.9;-5910.8;16343.4;-559.7
949;17583.4;-5794.1;16987.0;-523.6
950;14962.6;-5375.9;14366.6;-670.7
951;16005.5;-5827.1;15418.6;-609.7
952;16476.2;-5908.4;15889.0;-585.7
953;16704.2;-5916.1;16116.2;-569.7
954;17237.1;-5869.2;16644.7;-541.6
955;15168.8;-5491.8;14575.8;-653.7
956;15748.4;-5749.8;15160.3;-624.7
957;17342.5;-5855.8;16748.8;-542.6
958;16652.9;-5918.9;16065.2;-574.7
959;16715.2;-5915.5;16127.2;-568.7
960;17478.1;-5819.0;16882.9;-527.6
961;16333.7;-5895.1;15746.9;-595.7
962;16805.9;-5915.0;16217.3;-564.7
963;15869.0;-5777.1;15281.5;-612.7
964;14730.1;-5216.3;14130.4;-679.8
965;14790.1;-5254.4;14191.5;-673.8
966;16299.6;-5892.0;15712.8;-598.7
967;15997.4;-5829.2;15410.6;-611.7
968;15490.0;-5646.8;14900.1;-636.7
969;16570.4;-5914.3;15983.1;-578.7
970;15229.3;-5525.0;14636.9;-652.7
971;16340.7;-5893.1;15753.9;-592.7
972;16194.4;-5857.9;15607.8;-589.7
973;15288.6;-5556.9;14696.9;-649.7
974;13697.9;-4243.5;13072.4;-736.7
975;17850.3;-5726.9;17251.2;-509.6
976;16569.5;-5914.6;15982.1;-579.7
977;13307.7;-3737.2;12668.1;-756.0
978;15741.4;-5745.4;15153.3;-623.7
979;16652.9;-5920.0;16065.2;-575.7
980;15966.6;-5817.5;15379.5;-611.7
981;16869.2;-5912.0;16280.4;-559.7
982;15138.2;-5472.2;14544.8;-653.7
983;16415.9;-5904.3;15828.9;-589.7
984;16156.4;-5855.5;15569.7;-596.7
985;16015.4;-5831.7;15428.6;-609.7
986;15974.6;-5816.4;15387.5;-608.7
987;16440.0;-5899.3;15853.0;-582.7
988;17260.4;-5869.4;16667.7;-543.6
989;15629.9;-5708.1;15041.2;-631.7
990;15766.3;-5747.4;15178.4;-621.7
991;16398.7;-5902.9;15811.9;-589.7
992;16084.6;-5838.9;15497.6;-600.7
993;16642.8;-5915.5;16055.2;-572.7
994;17017.7;-5902.6;16427.5;-555.7
995;17665.2;-5776.4;17068.1;-520.6
996;16086.6;-5840.9;15499.7;-601.7
997;13725.1;-4271.6;13100.5;-731.7
998;16142.5;-5853.1;15555.7;-598.7
999;16611.6;-5924.8;16024.1;-582.7
1000;16008.5;-5829.4;15421.6;-610.7
