CASO;pATIVA;pREATIVA;dATIVA;dREATIVA
1;18733.1;-6381.1;18112.0;-464.6
2;15292.9;-6509.0;14694.9;-649.7
3;15417.9;-6556.9;14821.0;-640.7
4;14594.6;-6066.3;13986.3;-687.9
5;17557.2;-6760.8;16955.0;-526.6
6;12782.9;-3871.3;12114.6;-783.5
7;18921.6;-6280.9;18296.2;-452.6
8;15070.4;-6384.5;14469.7;-658.7
9;16712.5;-6861.7;16118.2;-569.7
10;15845.4;-6722.6;15251.4;-615.7
11;18482.6;-6485.3;17866.8;-477.6
12;13132.2;-4432.9;12479.9;-761.2
13;15732.7;-6692.4;15138.3;-626.7
14;15638.3;-6657.4;15043.2;-630.7
15;17976.0;-6646.9;17368.4;-504.6
16;14556.5;-6038.8;13947.2;-693.0
17;15960.9;-6758.2;15367.5;-610.7
18;14889.9;-6271.3;14286.5;-668.7
19;16290.7;-6835.7;15697.8;-598.7
20;17119.9;-6840.9;16522.6;-549.7
21;14555.5;-6037.2;13946.2;-692.0
22;17991.1;-6646.7;17383.4;-507.6
23;17612.0;-6742.2;17009.0;-521.6
24;16994.6;-6855.5;16398.5;-556.7
25;17610.0;-6741.2;17007.0;-520.6
26;15189.9;-6450.5;14590.8;-650.7
27;16034.9;-6776.7;15441.6;-607.7
28;14802.2;-6214.2;14197.5;-674.8
29;15815.5;-6710.8;15221.4;-615.7
30;17036.1;-6855.1;16439.5;-558.7
31;15171.1;-6442.4;14571.8;-652.7
32;15619.4;-6654.4;15024.2;-634.7
33;15179.1;-6443.9;14579.8;-650.7
34;14940.3;-6305.9;14337.6;-669.7
35;15201.9;-6464.3;14602.8;-657.7
36;16204.8;-6802.5;15611.8;-589.7
37;14531.9;-6015.7;13922.2;-691.0
38;16583.7;-6863.3;15990.1;-581.7
39;18795.2;-6356.5;18173.1;-461.6
40;17365.6;-6805.0;16765.8;-536.6
41;15928.1;-6748.5;15334.5;-612.7
42;14877.0;-6267.8;14273.5;-672.7
43;15086.4;-6388.8;14485.7;-655.7
44;18841.5;-6332.4;18218.1;-463.6
45;16299.7;-6836.4;15706.8;-597.7
46;15255.4;-6489.2;14656.9;-652.7
47;16518.4;-6857.4;15925.0;-582.7
48;19484.8;-5966.3;18844.7;-430.6
49;16412.0;-6851.0;15818.9;-590.7
50;17170.4;-6838.8;16572.6;-549.7
51;16684.1;-6864.2;16090.2;-571.7
52;15685.9;-6675.4;15091.3;-627.7
53;14494.6;-5982.8;13884.2;-690.0
54;15689.0;-6677.2;15094.3;-628.7
55;15905.2;-6740.2;15311.5;-612.7
56;17123.0;-6839.3;16525.6;-548.7
57;17516.7;-6770.8;16914.9;-528.6
58;17657.7;-6727.4;17054.1;-517.6
59;16659.1;-6863.3;16065.2;-574.7
60;17584.6;-6752.3;16982.0;-524.6
61;15076.4;-6385.9;14475.7;-657.7
62;18151.9;-6583.0;17541.5;-493.6
63;17011.7;-6856.0;16415.5;-557.7
64;15771.5;-6705.7;15177.4;-623.7
65;16975.3;-6859.1;16379.5;-558.7
66;16107.8;-6790.6;15514.7;-600.7
67;17972.9;-6647.9;17365.3;-504.6
68;18570.4;-6453.7;17952.9;-474.6
69;19617.2;-5864.7;18972.8;-418.6
70;14112.3;-5640.0;13492.8;-711.3
71;14039.3;-5557.3;13417.8;-714.4
72;15458.6;-6582.9;14862.1;-639.7
73;16466.4;-6849.5;15873.0;-584.7
74;17573.4;-6756.7;16971.0;-526.6
75;16708.4;-6862.6;16114.2;-569.7
76;13188.1;-4518.2;12538.0;-762.1
77;15757.7;-6698.3;15163.3;-623.7
78;17502.4;-6774.1;16900.9;-528.6
79;16574.7;-6859.3;15981.1;-579.7
80;17398.1;-6798.2;16797.8;-534.6
81;15885.4;-6733.3;15291.5;-613.7
82;15913.1;-6743.7;15319.5;-612.7
83;16514.3;-6854.9;15921.0;-580.7
84;16853.3;-6861.5;16258.3;-561.7
85;16527.5;-6855.8;15934.0;-580.7
86;16410.9;-6850.9;15817.9;-590.7
87;15203.9;-6464.4;14604.8;-656.7
88;16803.0;-6867.3;16208.3;-568.7
89;16411.9;-6849.8;15818.9;-589.7
90;17970.9;-6647.7;17363.3;-504.6
91;18073.7;-6607.8;17464.4;-499.6
92;16510.4;-6853.2;15917.0;-580.7
93;15652.2;-6657.4;15057.2;-625.7
94;15252.4;-6488.0;14653.9;-653.7
95;16878.5;-6858.6;16283.4;-558.7
96;16340.9;-6839.7;15747.9;-594.7
97;15698.9;-6680.6;15104.3;-627.7
98;16290.7;-6834.6;15697.8;-597.7
99;15280.2;-6498.9;14681.9;-648.7
100;17297.8;-6816.0;16698.7;-539.6
101;15543.9;-6619.1;14948.1;-634.7
102;18113.3;-6595.5;17503.5;-496.6
103;16846.3;-6861.7;16251.3;-562.7
104;17134.0;-6841.7;16536.6;-550.7
105;14564.4;-6039.8;13955.2;-689.0
106;16482.4;-6852.3;15889.0;-584.7
107;17363.5;-6805.0;16763.8;-536.6
108;14777.7;-6197.7;14172.4;-677.8
109;15818.4;-6711.9;15224.4;-614.7
110;16274.9;-6832.0;15681.8;-600.7
111;14150.3;-5680.8;13531.9;-711.3
112;16708.4;-6862.6;16114.2;-569.7
113;17528.9;-6765.8;16927.0;-526.6
114;14921.4;-6295.5;14318.6;-669.7
115;16762.7;-6864.8;16168.3;-567.7
116;14241.1;-5765.0;13624.9;-705.2
117;16162.8;-6800.4;15569.7;-596.7
118;13789.2;-5297.2;13160.5;-730.6
119;17955.7;-6652.3;17348.3;-505.6
120;16853.3;-6860.5;16258.3;-560.7
121;16186.9;-6802.3;15593.7;-593.7
122;15045.8;-6371.3;14444.7;-660.7
123;18187.6;-6572.4;17576.5;-492.6
124;19273.7;-6091.8;18639.5;-434.6
125;13427.9;-4855.5;12787.2;-750.9
126;18129.5;-6589.1;17519.5;-494.6
127;18739.1;-6380.4;18118.0;-464.6
128;16743.6;-6862.9;16149.2;-567.7
129;14412.3;-5914.2;13800.1;-694.1
130;17552.1;-6759.8;16950.0;-524.6
131;15947.0;-6756.6;15353.5;-613.7
132;15305.7;-6515.7;14707.9;-648.7
133;14363.3;-5874.5;13750.1;-698.1
134;17068.2;-6852.9;16471.5;-554.7
135;17443.8;-6793.9;16842.9;-537.6
136;15275.3;-6497.5;14676.9;-650.7
137;17021.8;-6855.0;16425.5;-556.7
138;14491.7;-5979.5;13881.2;-689.0
139;17461.0;-6788.9;16859.9;-535.6
140;16296.7;-6836.5;15703.8;-598.7
141;15937.0;-6755.8;15343.5;-615.7
142;16065.9;-6783.1;15472.6;-605.7
143;17561.3;-6758.2;16959.0;-525.6
144;17381.8;-6800.6;16781.8;-534.6
145;17032.1;-6853.0;16435.5;-557.7
146;16433.1;-6848.4;15840.0;-585.7
147;16341.9;-6840.7;15748.9;-594.7
148;17172.4;-6838.8;16574.6;-549.7
149;16578.7;-6859.3;15985.1;-578.7
150;17273.5;-6826.8;16674.7;-546.6
151;15747.8;-6694.1;15153.3;-623.7
152;12582.9;-3518.0;11904.4;-799.7
153;17824.0;-6689.2;17218.2;-514.6
154;19618.2;-5864.2;18973.8;-418.6
155;16899.6;-6862.8;16304.4;-560.7
156;16065.9;-6783.1;15472.6;-605.7
157;16013.9;-6773.5;15420.6;-609.7
158;16038.9;-6777.4;15445.6;-607.7
159;16248.7;-6834.2;15655.8;-605.7
160;14526.1;-6011.6;13916.2;-693.0
161;15440.5;-6578.3;14844.1;-641.7
162;14712.6;-6152.8;14106.4;-679.8
163;16606.8;-6867.0;16013.1;-581.7
164;15771.5;-6704.6;15177.4;-622.7
165;16981.4;-6859.5;16385.5;-558.7
166;15959.0;-6756.5;15365.5;-610.7
167;17742.7;-6710.6;17138.1;-516.6
168;16550.7;-6853.3;15957.1;-577.7
169;19622.4;-5861.2;18977.8;-418.6
170;13370.0;-4780.3;12727.1;-756.0
171;15238.5;-6479.9;14639.9;-652.7
172;17612.0;-6740.9;17009.0;-520.6
173;20159.6;-5429.7;19496.3;-393.6
174;15845.4;-6722.6;15251.4;-615.7
175;16290.7;-6834.6;15697.8;-597.7
176;15876.3;-6735.1;15282.5;-616.7
177;18277.9;-6546.0;17665.6;-487.6
178;15784.5;-6706.8;15190.4;-620.7
179;17269.6;-6821.6;16670.7;-542.6
180;15734.7;-6692.0;15140.3;-625.7
181;14298.8;-5819.9;13684.0;-704.2
182;16703.4;-6863.7;16109.2;-571.7
183;16996.6;-6855.4;16400.5;-556.7
184;18221.9;-6568.0;17610.6;-492.6
185;16053.9;-6782.3;15460.6;-607.7
186;15286.1;-6501.7;14687.9;-647.7
187;17091.5;-6844.5;16494.6;-549.7
188;16590.8;-6865.2;15997.1;-582.7
189;16649.1;-6859.9;16055.2;-572.7
190;16110.8;-6789.5;15517.7;-599.7
191;18016.7;-6636.9;17408.4;-505.6
192;16791.9;-6867.1;16197.3;-568.7
193;19176.9;-6152.0;18545.4;-440.6
194;17938.4;-6659.3;17331.3;-507.6
195;17239.1;-6826.1;16640.7;-542.6
196;13770.7;-5277.0;13141.5;-731.6
197;17150.1;-6836.9;16552.6;-546.6
198;16868.4;-6861.6;16273.4;-560.7
199;17473.0;-6781.9;16871.9;-529.6
200;17833.1;-6685.9;17227.2;-513.6
201;15610.5;-6650.6;15015.2;-635.7
202;17494.3;-6773.6;16892.9;-526.6
203;15364.4;-6543.6;14767.0;-646.7
204;19253.2;-6107.2;18619.5;-438.6
205;14210.8;-5738.8;13593.9;-708.3
206;13571.0;-5036.6;12935.3;-740.8
207;13735.7;-5238.6;13105.5;-733.7
208;14875.0;-6265.1;14271.5;-671.7
209;14529.0;-6014.2;13919.2;-692.0
210;19257.2;-6105.2;18623.5;-437.6
211;15725.8;-6689.1;15131.3;-626.7
212;14194.1;-5722.4;13576.9;-708.3
213;17942.4;-6657.7;17335.3;-506.6
214;15331.6;-6526.5;14734.0;-646.7
215;14355.5;-5866.1;13742.0;-698.1
216;17573.4;-6756.7;16971.0;-526.6
217;17183.7;-6831.1;16585.6;-545.6
218;15562.7;-6628.9;14967.2;-634.7
219;18398.0;-6515.2;17783.7;-481.6
220;16425.1;-6848.8;15832.0;-587.7
221;18724.8;-6386.1;18104.0;-465.6
222;16996.6;-6855.4;16400.5;-556.7
223;18631.7;-6425.0;18012.9;-468.6
224;16396.0;-6845.3;15802.9;-589.7
225;14382.9;-5891.5;13770.1;-697.1
226;20034.6;-5536.5;19376.2;-395.6
227;15394.2;-6548.5;14797.0;-643.7
228;15919.1;-6747.1;15325.5;-613.7
229;15160.2;-6431.9;14560.8;-649.7
230;15913.1;-6743.7;15319.5;-612.7
231;16592.8;-6865.2;15999.1;-582.7
232;16532.6;-6854.2;15939.1;-579.7
233;17242.1;-6824.1;16643.7;-541.6
234;18994.4;-6246.0;18367.3;-447.6
235;16037.9;-6777.1;15444.6;-607.7
236;14359.5;-5869.9;13746.1;-698.1
237;14433.9;-5932.1;13822.1;-693.1
238;15210.6;-6467.9;14611.8;-654.7
239;13702.8;-5198.7;13071.4;-735.7
240;17496.3;-6772.6;16894.9;-525.6
241;15467.5;-6584.8;14871.1;-637.7
242;15746.8;-6694.1;15152.3;-623.7
243;16219.8;-6805.9;15626.8;-588.7
244;14112.3;-5640.0;13492.8;-711.3
245;14917.5;-6292.3;14314.6;-669.7
246;17258.3;-6824.2;16659.7;-542.6
247;17173.4;-6838.7;16575.6;-549.7
248;15547.9;-6619.3;14952.2;-633.7
249;19029.0;-6236.8;18401.3;-449.6
250;14249.0;-5770.0;13633.0;-704.2
251;15697.0;-6679.2;15102.3;-627.7
252;15870.4;-6729.0;15276.4;-613.7
253;12069.3;-2441.5;11359.9;-828.8
254;19226.3;-6122.7;18593.5;-438.6
255;16783.9;-6865.6;16189.3;-568.7
256;14640.0;-6097.2;14032.3;-682.9
257;19406.5;-6016.7;18768.6;-434.6
258;17120.9;-6840.7;16523.6;-549.7
259;16885.6;-6862.3;16290.4;-561.7
260;15302.7;-6515.3;14704.9;-649.7
261;16384.1;-6839.6;15790.9;-588.7
262;13919.2;-5448.8;13294.6;-725.5
263;17447.7;-6795.1;16846.9;-537.6
264;15653.2;-6657.6;15058.2;-625.7
265;16429.1;-6848.1;15836.0;-586.7
266;18078.6;-6616.1;17469.4;-500.6
267;16659.1;-6863.3;16065.2;-574.7
268;16621.8;-6869.3;16028.1;-581.7
269;16645.1;-6860.3;16051.2;-573.7
270;15107.9;-6403.6;14507.7;-653.7
271;17509.6;-6772.6;16907.9;-528.6
272;18608.2;-6434.5;17989.9;-469.6
273;17392.0;-6798.9;16791.8;-534.6
274;17584.6;-6752.3;16982.0;-524.6
275;14889.9;-6269.5;14286.5;-667.7
276;14906.7;-6284.4;14303.6;-669.7
277;14047.9;-5569.2;13426.8;-715.4
278;18124.5;-6588.7;17514.5;-492.6
279;15833.4;-6719.4;15239.4;-616.7
280;18386.7;-6527.0;17772.7;-487.6
281;15034.0;-6362.9;14432.7;-661.7
282;15557.7;-6624.7;14962.2;-632.7
283;16368.9;-6843.5;15775.9;-592.7
284;17641.4;-6733.9;17038.1;-519.6
285;16317.9;-6835.5;15724.9;-594.7
286;16547.6;-6854.6;15954.1;-578.7
287;16247.7;-6833.5;15654.8;-605.7
288;16493.3;-6857.3;15900.0;-585.7
289;14533.9;-6017.2;13924.2;-691.0
290;16346.9;-6838.6;15753.9;-592.7
291;15937.0;-6755.8;15343.5;-615.7
292;16135.8;-6796.8;15542.7;-599.7
293;16979.3;-6859.2;16383.5;-558.7
294;15191.9;-6455.2;14592.8;-653.7
295;16093.9;-6785.9;15500.7;-601.7
296;15771.5;-6703.5;15177.4;-621.7
297;16861.4;-6861.1;16266.4;-560.7
298;17430.5;-6795.3;16829.9;-535.6
299;14776.7;-6196.1;14171.4;-676.8
300;17121.9;-6840.4;16524.6;-549.7
301;19424.1;-5997.5;18785.7;-428.6
302;14004.0;-5536.5;13381.7;-720.4
303;14964.9;-6316.7;14362.6;-667.7
304;14885.9;-6271.5;14282.5;-670.7
305;15797.6;-6708.4;15203.4;-619.7
306;18731.0;-6381.3;18110.0;-463.6
307;16243.7;-6833.0;15650.8;-605.7
308;15170.0;-6443.5;14570.8;-653.7
309;17181.6;-6832.7;16583.6;-546.7
310;15312.7;-6519.2;14714.9;-649.7
311;17957.7;-6650.4;17350.3;-504.6
312;16693.2;-6864.8;16099.2;-571.7
313;18368.3;-6524.1;17754.7;-481.6
314;15219.7;-6471.5;14620.8;-654.7
315;20963.1;-4591.1;20265.0;-350.5
316;17496.3;-6772.6;16894.9;-525.6
317;17231.1;-6825.9;16632.7;-542.6
318;16146.9;-6796.8;15553.7;-598.7
319;15124.7;-6413.8;14524.8;-653.7
320;14906.7;-6284.4;14303.6;-669.7
321;16014.9;-6774.7;15421.6;-610.7
322;15008.4;-6337.9;14406.7;-660.7
323;16652.2;-6860.6;16058.2;-573.7
324;14967.9;-6322.0;14365.6;-670.7
325;17180.6;-6833.0;16582.6;-546.7
326;17694.1;-6724.3;17090.1;-519.6
327;15154.3;-6432.9;14554.8;-653.7
328;18062.6;-6612.4;17453.4;-501.6
329;15859.3;-6726.1;15265.4;-613.7
330;18007.5;-6640.2;17399.4;-506.6
331;16894.6;-6863.7;16299.4;-561.7
332;17957.7;-6650.5;17350.3;-504.6
333;14712.6;-6152.8;14106.4;-679.8
334;16061.8;-6787.0;15468.6;-608.7
335;18466.3;-6493.6;17850.8;-480.6
336;15286.1;-6504.2;14687.9;-649.7
337;13164.9;-4485.8;12513.9;-763.2
338;13306.3;-4689.6;12661.1;-756.0
339;12482.4;-3319.9;11798.3;-801.8
340;13053.7;-4312.7;12397.8;-767.3
341;15596.5;-6641.1;15001.2;-632.7
342;18195.6;-6571.4;17584.6;-492.6
343;15552.8;-6622.0;14957.2;-633.7
344;16716.5;-6859.9;16122.2;-567.7
345;16053.9;-6782.3;15460.6;-607.7
346;16233.7;-6831.9;15640.8;-606.7
347;15969.0;-6761.8;15375.5;-612.7
348;15959.0;-6756.5;15365.5;-610.7
349;16927.9;-6856.9;16332.4;-556.7
350;14445.8;-5941.7;13834.1;-694.1
351;17776.2;-6702.1;17171.2;-516.6
352;17641.4;-6735.6;17038.1;-520.6
353;15924.1;-6747.4;15330.5;-612.7
354;17466.0;-6787.4;16864.9;-533.6
355;15160.2;-6431.9;14560.8;-649.7
356;15404.1;-6553.6;14807.0;-643.7
357;16461.3;-6849.8;15868.0;-585.7
358;15930.1;-6752.1;15336.5;-614.7
359;15540.9;-6620.5;14945.1;-636.7
360;15200.9;-6464.0;14601.8;-657.7
361;15375.4;-6542.3;14778.0;-646.7
362;17672.8;-6730.6;17069.1;-521.6
363;13303.5;-4684.6;12658.1;-756.0
364;16764.7;-6864.7;16170.3;-567.7
365;15860.3;-6724.2;15266.4;-611.7
366;17339.3;-6815.0;16739.8;-543.6
367;17014.7;-6856.3;16418.5;-557.7
368;12082.4;-2474.3;11373.9;-829.8
369;17120.9;-6840.7;16523.6;-549.7
370;16718.5;-6860.5;16124.2;-567.7
371;16257.7;-6834.1;15664.8;-604.7
372;15508.2;-6600.8;14912.1;-634.7
373;17539.8;-6766.5;16938.0;-527.6
374;15592.5;-6639.8;14997.2;-632.7
375;19064.1;-6211.5;18435.3;-444.6
376;17094.5;-6846.9;16497.6;-551.7
377;19536.7;-5916.0;18894.8;-418.6
378;15028.1;-6357.3;14426.7;-660.7
379;13583.5;-5053.2;12948.3;-739.8
380;17320.1;-6818.6;16720.8;-544.6
381;17538.8;-6766.9;16937.0;-527.6
382;16281.7;-6833.1;15688.8;-598.7
383;13904.6;-5434.4;13279.6;-728.5
384;15540.9;-6617.8;14945.1;-634.7
385;17170.4;-6838.8;16572.6;-549.7
386;15942.0;-6755.8;15348.5;-614.7
387;16043.9;-6779.3;15450.6;-607.7
388;15959.0;-6755.3;15365.5;-609.7
389;14804.2;-6214.0;14199.5;-673.8
390;15411.1;-6553.5;14814.0;-641.7
391;14072.3;-5607.8;13451.8;-718.4
392;18959.5;-6259.4;18333.2;-450.6
393;15497.3;-6597.4;14901.1;-636.7
394;16954.3;-6856.6;16358.4;-557.7
395;14673.3;-6122.3;14066.3;-680.9
396;17446.7;-6794.9;16845.9;-537.6
397;13409.6;-4830.2;12768.2;-751.0
398;17641.4;-6735.6;17038.1;-520.6
399;16170.8;-6804.5;15577.7;-598.7
400;19500.3;-5956.5;18859.7;-431.6
401;14248.0;-5768.8;13632.0;-704.2
402;16339.9;-6840.7;15746.9;-595.7
403;16786.9;-6866.3;16192.3;-568.7
404;18124.5;-6590.5;17514.5;-494.6
405;15575.7;-6634.9;14980.2;-636.7
406;16356.0;-6842.7;15762.9;-594.7
407;13009.4;-4249.8;12351.8;-772.3
408;14964.9;-6316.7;14362.6;-667.7
409;16918.9;-6856.6;16323.4;-556.7
410;17926.3;-6659.1;17319.3;-506.6
411;15796.6;-6709.1;15202.4;-620.7
412;19410.8;-6015.2;18772.6;-436.6
413;18950.1;-6271.9;18324.2;-453.6
414;16130.8;-6797.1;15537.7;-601.7
415;12616.8;-3587.0;11940.4;-799.6
416;13545.9;-5009.5;12909.3;-746.8
417;15041.9;-6368.5;14440.7;-661.7
418;17946.6;-6653.8;17339.3;-505.6
419;16700.4;-6864.0;16106.2;-571.7
420;13081.4;-4361.2;12426.9;-769.2
421;15875.2;-6730.8;15281.5;-612.7
422;18720.6;-6391.7;18100.0;-467.6
423;15653.2;-6657.6;15058.2;-625.7
424;15083.4;-6391.3;14482.7;-658.7
425;19408.6;-6015.7;18770.6;-435.6
426;16305.8;-6837.6;15712.8;-598.7
427;15490.3;-6595.0;14894.1;-636.7
428;16761.7;-6865.0;16167.3;-567.7
429;16247.7;-6833.5;15654.8;-605.7
430;15572.7;-6631.2;14977.2;-633.7
431;18089.9;-6606.1;17480.5;-500.6
432;17945.5;-6654.3;17338.3;-505.6
433;17518.7;-6768.4;16916.9;-526.6
434;16065.9;-6785.3;15472.6;-606.7
435;17992.2;-6646.7;17384.4;-508.6
436;16149.8;-6799.1;15556.7;-598.7
437;16939.1;-6863.4;16343.4;-562.7
438;17817.8;-6690.2;17212.2;-513.6
439;17468.0;-6781.8;16866.9;-529.6
440;18991.3;-6246.3;18364.3;-446.6
441;16917.9;-6857.3;16322.4;-557.7
442;13684.5;-5173.6;13052.4;-734.7
443;14463.5;-5953.1;13852.2;-691.0
444;18303.5;-6533.6;17690.7;-483.6
445;15718.8;-6688.9;15124.3;-627.7
446;16815.1;-6861.9;16220.3;-563.7
447;14931.2;-6299.6;14328.6;-667.7
448;17766.0;-6704.8;17161.2;-515.6
449;15638.3;-6658.4;15043.2;-631.7
450;18473.4;-6489.9;17857.8;-478.6
451;15412.1;-6553.8;14815.0;-641.7
452;17951.7;-6650.7;17344.3;-504.6
453;17257.3;-6824.4;16658.7;-542.6
454;15128.6;-6415.9;14528.8;-652.7
455;17919.3;-6660.3;17312.3;-506.6
456;14856.5;-6251.4;14252.5;-673.7
457;14970.8;-6320.1;14368.6;-667.7
458;17333.3;-6817.2;16733.8;-545.6
459;15274.3;-6497.3;14675.9;-650.7
460;15321.7;-6520.5;14723.9;-645.7
461;15698.9;-6680.6;15104.3;-627.7
462;14711.6;-6151.1;14105.4;-678.8
463;17833.1;-6685.9;17227.2;-513.6
464;17158.2;-6835.9;16560.6;-545.6
465;16116.8;-6792.4;15523.7;-600.7
466;16056.9;-6784.7;15463.6;-608.7
467;16915.8;-6857.5;16320.4;-557.7
468;18957.5;-6258.6;18331.2;-449.6
469;17564.3;-6756.3;16962.0;-524.6
470;15452.4;-6582.0;14856.1;-639.7
471;17420.4;-6794.0;16819.9;-533.6
472;16038.9;-6777.4;15445.6;-607.7
473;15919.1;-6747.1;15325.5;-613.7
474;19119.5;-6187.9;18489.4;-446.6
475;15584.6;-6636.3;14989.2;-633.7
476;15490.3;-6595.0;14894.1;-636.7
477;13290.8;-4669.5;12645.1;-757.1
478;14104.6;-5628.9;13484.8;-709.4
479;16917.9;-6857.3;16322.4;-557.7
480;15170.0;-6443.5;14570.8;-653.7
481;17014.7;-6856.3;16418.5;-557.7
482;14535.8;-6018.7;13926.2;-691.0
483;15059.6;-6375.7;14458.7;-657.7
484;17257.3;-6824.4;16658.7;-542.6
485;18479.5;-6487.9;17863.8;-478.6
486;17132.0;-6840.9;16534.6;-549.7
487;18071.6;-6609.7;17462.4;-500.6
488;18861.9;-6320.6;18238.1;-461.6
489;17826.0;-6690.3;17220.2;-515.6
490;14829.9;-6226.8;14225.5;-669.7
491;16064.9;-6788.5;15471.6;-609.7
492;17190.7;-6825.8;16592.6;-540.6
493;15591.5;-6639.3;14996.2;-632.7
494;16918.9;-6856.6;16323.4;-556.7
495;13840.6;-5357.8;13213.6;-729.6
496;14965.8;-6318.0;14363.6;-667.7
497;17032.1;-6853.0;16435.5;-557.7
498;12872.5;-4032.3;12208.7;-783.4
499;14545.6;-6029.0;13936.2;-692.0
500;16195.8;-6803.4;15602.7;-591.7
501;13633.1;-5109.7;12999.4;-735.8
502;16311.9;-6836.4;15718.8;-596.7
503;15006.4;-6337.7;14404.7;-661.7
504;15779.5;-6704.1;15185.4;-619.7
505;15827.4;-6714.2;15233.4;-613.7
506;16516.3;-6855.5;15923.0;-580.7
507;15362.3;-6540.8;14765.0;-644.7
508;16363.0;-6845.9;15769.9;-595.7
509;15309.7;-6515.7;14711.9;-647.7
510;17077.3;-6847.9;16480.5;-551.7
511;18844.5;-6332.0;18221.1;-463.6
512;16525.5;-6855.8;15932.0;-580.7
513;16483.4;-6854.1;15890.0;-585.7
514;14457.5;-5950.2;13846.1;-692.1
515;17291.7;-6819.2;16692.7;-541.6
516;15073.4;-6385.8;14472.7;-658.7
517;14996.5;-6335.8;14394.6;-665.7
518;17080.3;-6846.4;16483.5;-550.7
519;16500.4;-6854.5;15907.0;-582.7
520;17933.3;-6656.3;17326.3;-504.6
521;18449.1;-6498.1;17833.8;-480.6
522;15398.1;-6551.3;14801.0;-644.7
523;16424.1;-6848.1;15830.9;-587.7
524;18950.1;-6271.9;18324.2;-453.6
525;17715.3;-6720.2;17111.1;-518.6
526;17320.1;-6817.4;16720.8;-543.6
527;18241.3;-6560.8;17629.6;-489.6
528;15305.7;-6515.7;14707.9;-648.7
529;17198.7;-6824.5;16600.7;-540.6
530;18399.0;-6515.8;17784.7;-482.6
531;18727.9;-6384.9;18107.0;-465.6
532;14997.5;-6330.9;14395.6;-661.7
533;15838.4;-6720.9;15244.4;-615.7
534;16811.0;-6863.9;16216.3;-565.7
535;15781.5;-6705.5;15187.4;-620.7
536;15631.3;-6658.3;15036.2;-633.7
537;17275.6;-6824.4;16676.7;-545.6
538;15683.0;-6673.0;15088.3;-627.7
539;13529.3;-4991.7;12892.3;-747.8
540;16777.8;-6865.7;16183.3;-568.7
541;15572.7;-6633.2;14977.2;-635.7
542;15112.9;-6405.9;14512.8;-653.7
543;13864.0;-5379.9;13237.6;-725.6
544;17783.3;-6698.2;17178.2;-514.6
545;12887.7;-4058.4;12224.7;-782.4
546;13666.0;-5151.2;13033.4;-734.7
547;15800.6;-6710.1;15206.4;-619.7
548;18119.4;-6591.7;17509.5;-494.6
549;18249.4;-6560.1;17637.6;-490.6
550;14476.0;-5966.9;13865.2;-691.0
551;15954.0;-6754.8;15360.5;-610.7
552;13943.7;-5470.5;13319.7;-722.5
553;17778.2;-6701.0;17173.2;-515.6
554;13995.4;-5524.0;13372.7;-720.5
555;16006.8;-6772.3;15413.6;-609.7
556;17817.8;-6690.2;17212.2;-513.6
557;15885.4;-6733.3;15291.5;-613.7
558;18494.7;-6480.6;17878.8;-475.6
559;14902.8;-6281.3;14299.6;-669.7
560;16791.9;-6867.1;16197.3;-568.7
561;17539.8;-6766.5;16938.0;-527.6
562;16010.9;-6774.7;15417.6;-611.7
563;18366.3;-6522.7;17752.7;-479.6
564;17064.2;-6852.6;16467.5;-554.7
565;13757.1;-5258.4;13127.5;-729.7
566;22480.5;-2261.2;21686.3;-270.5
567;17219.9;-6825.6;16621.7;-541.6
568;16385.1;-6839.6;15791.9;-588.7
569;14108.3;-5631.5;13488.8;-707.4
570;16347.9;-6839.3;15754.9;-592.7
571;15523.1;-6611.0;14927.1;-636.7
572;17212.8;-6824.7;16614.7;-540.6
573;16793.8;-6867.9;16199.3;-568.7
574;19092.4;-6209.3;18463.4;-450.6
575;16440.2;-6846.7;15847.0;-584.7
576;17012.7;-6855.3;16416.5;-556.7
577;16793.8;-6866.8;16199.3;-567.7
578;15995.8;-6769.5;15402.6;-609.7
579;15944.0;-6757.2;15350.5;-614.7
580;17920.3;-6658.0;17313.3;-505.6
581;17427.5;-6793.3;16826.9;-533.6
582;15264.3;-6494.8;14665.9;-652.7
583;14537.8;-6020.4;13928.2;-691.0
584;16119.8;-6793.5;15526.7;-600.7
585;18016.7;-6635.4;17408.4;-504.6
586;16183.9;-6803.0;15590.7;-594.7
587;18923.6;-6282.0;18298.2;-454.6
588;15048.7;-6373.6;14447.7;-660.7
589;16440.2;-6845.7;15847.0;-583.7
590;12468.0;-3295.4;11783.3;-803.8
591;15319.7;-6521.8;14721.9;-648.7
592;15750.8;-6694.6;15156.3;-622.7
593;17008.7;-6857.2;16412.5;-558.7
594;18873.3;-6311.6;18249.2;-459.6
595;16280.8;-6833.3;15687.8;-599.7
596;18469.3;-6490.9;17853.8;-478.6
597;17243.2;-6823.8;16644.7;-541.6
598;17742.7;-6710.6;17138.1;-516.6
599;15511.2;-6603.7;14915.1;-635.7
600;18366.3;-6522.7;17752.7;-479.6
601;14594.6;-6066.3;13986.3;-687.9
602;16981.4;-6859.5;16385.5;-558.7
603;14782.5;-6202.4;14177.4;-677.8
604;15437.6;-6576.1;14841.0;-641.7
605;14019.6;-5549.6;13397.7;-717.4
606;15442.5;-6577.6;14846.1;-639.7
607;16762.7;-6864.8;16168.3;-567.7
608;16116.8;-6792.4;15523.7;-600.7
609;14185.5;-5711.4;13567.9;-708.3
610;18495.7;-6479.0;17879.8;-474.6
611;16742.6;-6862.9;16148.2;-567.7
612;17773.2;-6698.0;17168.2;-512.6
613;17432.5;-6795.0;16831.9;-535.6
614;15213.6;-6470.6;14614.8;-655.7
615;13302.4;-4687.8;12657.1;-759.0
616;14835.7;-6233.1;14231.5;-670.7
617;18114.3;-6595.7;17504.5;-496.6
618;14629.1;-6092.2;14021.3;-685.9
619;17480.1;-6779.6;16878.9;-528.6
620;15290.9;-6506.4;14692.9;-648.7
621;16826.1;-6860.1;16231.3;-561.7
622;13479.2;-4919.4;12840.2;-745.9
623;18021.8;-6632.4;17413.4;-503.6
624;16160.8;-6799.5;15567.7;-596.7
625;17586.6;-6750.5;16984.0;-523.6
626;16518.4;-6855.4;15925.0;-580.7
627;17452.8;-6794.1;16851.9;-537.6
628;16065.9;-6783.1;15472.6;-605.7
629;17367.6;-6805.1;16767.8;-536.6
630;13944.6;-5471.0;13320.7;-721.5
631;14586.0;-6057.2;13977.3;-687.9
632;17337.3;-6814.0;16737.8;-542.6
633;16161.8;-6800.2;15568.7;-596.7
634;15875.2;-6730.8;15281.5;-612.7
635;15951.0;-6758.0;15357.5;-613.7
636;16994.6;-6855.5;16398.5;-556.7
637;15321.7;-6519.9;14723.9;-645.7
638;17008.7;-6857.2;16412.5;-558.7
639;14834.7;-6232.7;14230.5;-670.7
640;15604.6;-6647.6;15009.2;-635.7
641;17739.7;-6710.9;17135.1;-516.6
642;17875.7;-6668.8;17269.3;-506.6
643;14560.4;-6041.6;13951.2;-693.0
644;17516.7;-6771.8;16914.9;-529.6
645;14648.8;-6101.9;14041.3;-680.9
646;17348.5;-6811.7;16748.8;-542.6
647;13368.0;-4777.7;12725.1;-756.0
648;14532.9;-6016.7;13923.2;-691.0
649;15451.4;-6580.8;14855.1;-638.7
650;15972.0;-6762.0;15378.5;-611.7
651;18424.6;-6503.7;17809.8;-479.6
652;17616.0;-6742.0;17013.0;-521.6
653;18659.3;-6414.6;18040.0;-468.6
654;18084.8;-6606.8;17475.5;-500.6
655;15794.5;-6709.4;15200.4;-620.7
656;15818.4;-6711.9;15224.4;-614.7
657;17868.6;-6670.5;17262.3;-506.6
658;16288.6;-6836.4;15695.8;-599.7
659;15984.9;-6762.7;15391.6;-607.7
660;14205.9;-5733.4;13588.9;-708.3
661;16061.8;-6787.0;15468.6;-608.7
662;12070.2;-2445.6;11360.9;-829.8
663;15528.0;-6612.7;14932.1;-635.7
664;14734.4;-6167.2;14128.4;-679.8
665;17291.7;-6819.2;16692.7;-541.6
666;15493.3;-6596.4;14897.1;-636.7
667;15721.8;-6689.5;15127.3;-627.7
668;18301.4;-6534.6;17688.6;-483.6
669;14633.9;-6095.9;14026.3;-684.9
670;16710.4;-6862.7;16116.2;-569.7
671;13371.0;-4781.4;12728.1;-756.0
672;16363.0;-6843.2;15769.9;-593.7
673;16853.3;-6861.5;16258.3;-561.7
674;17549.0;-6761.9;16947.0;-525.6
675;14858.4;-6253.9;14254.5;-674.7
676;16714.5;-6862.2;16120.2;-569.7
677;16711.4;-6862.4;16117.2;-569.7
678;16194.8;-6801.6;15601.7;-590.7
679;16453.3;-6843.8;15860.0;-581.7
680;16936.0;-6859.3;16340.4;-558.7
681;16831.2;-6859.7;16236.3;-561.7
682;14715.6;-6155.2;14109.4;-679.8
683;14416.2;-5916.6;13804.1;-693.1
684;20126.1;-5460.1;19464.3;-394.6
685;19200.6;-6137.5;18568.4;-438.6
686;14121.9;-5650.4;13502.8;-710.3
687;16915.8;-6857.5;16320.4;-557.7
688;17185.6;-6832.1;16587.6;-545.6
689;17381.8;-6801.9;16781.8;-535.6
690;16437.1;-6845.8;15844.0;-583.7
691;14816.2;-6219.8;14211.5;-672.8
692;15945.0;-6756.0;15351.5;-613.7
693;15474.5;-6585.2;14878.1;-635.7
694;16429.1;-6848.1;15836.0;-586.7
695;15815.5;-6710.8;15221.4;-615.7
696;16023.8;-6777.3;15430.6;-609.7
697;17792.5;-6695.2;17187.2;-513.6
698;18123.5;-6591.4;17513.5;-495.6
699;14437.8;-5936.7;13826.1;-695.1
700;15523.1;-6611.0;14927.1;-636.7
701;15020.1;-6351.6;14418.7;-659.7
702;18113.3;-6594.3;17503.5;-495.6
703;16132.9;-6795.2;15539.7;-599.7
704;18464.2;-6494.6;17848.8;-480.6
705;15494.3;-6596.6;14898.1;-636.7
706;16266.7;-6832.9;15673.8;-601.7
707;14184.5;-5709.9;13566.9;-708.3
708;18232.1;-6564.1;17620.6;-490.6
709;15672.1;-6665.7;15077.3;-624.7
710;13980.7;-5507.1;13357.7;-718.5
711;15322.6;-6520.9;14724.9;-645.7
712;12776.2;-3865.7;12107.6;-788.5
713;16175.8;-6805.0;15582.7;-597.7
714;16398.0;-6843.3;15804.9;-587.7
715;16667.1;-6866.2;16073.2;-575.7
716;18543.9;-6458.5;17926.9;-472.6
717;15766.6;-6702.4;15172.4;-622.7
718;17468.0;-6781.8;16866.9;-529.6
719;16703.4;-6863.7;16109.2;-571.7
720;15925.1;-6747.5;15331.5;-612.7
721;13103.6;-4391.9;12449.9;-766.2
722;17680.9;-6727.1;17077.1;-519.6
723;15458.6;-6582.9;14862.1;-639.7
724;16249.7;-6834.4;15656.8;-605.7
725;14299.7;-5822.5;13685.0;-705.2
726;16652.2;-6860.6;16058.2;-573.7
727;16390.0;-6841.9;15796.9;-588.7
728;16268.8;-6833.7;15675.8;-602.7
729;16017.8;-6775.6;15424.6;-609.7
730;17839.1;-6683.7;17233.2;-512.6
731;17715.3;-6721.3;17111.1;-519.6
732;17337.3;-6814.0;16737.8;-542.6
733;21434.7;-3982.0;20711.4;-324.5
734;15311.7;-6517.9;14713.9;-648.7
735;15646.2;-6658.6;15051.2;-628.7
736;14685.0;-6133.0;14078.4;-680.9
737;16892.6;-6860.3;16297.4;-559.7
738;15179.1;-6443.9;14579.8;-650.7
739;12201.8;-2741.2;11501.0;-821.8
740;14388.7;-5896.3;13776.1;-696.1
741;16333.9;-6840.1;15740.9;-595.7
742;17776.2;-6698.8;17171.2;-513.6
743;13876.6;-5396.1;13250.6;-726.6
744;15290.9;-6506.4;14692.9;-648.7
745;16011.9;-6773.7;15418.6;-610.7
746;15115.9;-6408.1;14515.8;-653.7
747;17036.1;-6854.0;16439.5;-557.7
748;16229.7;-6831.2;15636.8;-607.7
749;16714.5;-6861.0;16120.2;-568.7
750;15125.6;-6415.3;14525.8;-653.7
751;18601.1;-6432.8;17982.9;-467.6
752;16220.8;-6806.0;15627.8;-588.7
753;18222.9;-6567.7;17611.6;-492.6
754;15556.7;-6625.6;14961.2;-633.7
755;17128.9;-6840.7;16531.6;-548.7
756;15193.9;-6455.9;14594.8;-653.7
757;14783.5;-6203.6;14178.4;-677.8
758;15157.2;-6432.5;14557.8;-651.7
759;16153.7;-6800.6;15560.7;-598.7
760;15891.3;-6735.8;15297.5;-613.7
761;18602.2;-6431.2;17983.9;-466.6
762;14484.0;-5971.8;13873.2;-690.0
763;14571.2;-6044.8;13962.3;-688.0
764;18856.7;-6327.2;18233.1;-463.6
765;17158.2;-6835.9;16560.6;-545.6
766;13394.2;-4808.3;12752.1;-752.0
767;16986.4;-6859.4;16390.5;-558.7
768;16589.8;-6865.3;15996.1;-582.7
769;13007.4;-4247.4;12349.8;-772.3
770;15660.2;-6659.3;15065.3;-624.7
771;16195.8;-6803.4;15602.7;-591.7
772;17345.4;-6812.6;16745.8;-542.6
773;17694.0;-6723.4;17090.1;-518.6
774;16368.9;-6843.5;15775.9;-592.7
775;17817.8;-6690.2;17212.2;-513.6
776;16000.8;-6772.1;15407.6;-610.7
777;14922.4;-6296.0;14319.6;-669.7
778;14804.2;-6214.0;14199.5;-673.8
779;17057.1;-6852.3;16460.5;-553.7
780;13285.0;-4662.7;12639.0;-758.1
781;17265.4;-6823.4;16666.7;-542.6
782;14548.6;-6032.7;13939.2;-693.0
783;15676.0;-6670.3;15081.3;-626.7
784;16998.6;-6857.0;16402.5;-558.7
785;18105.1;-6600.5;17495.5;-498.6
786;13308.2;-4692.9;12663.1;-756.0
787;14997.5;-6330.9;14395.6;-661.7
788;16298.7;-6837.2;15705.8;-598.7
789;15318.8;-6522.2;14720.9;-649.7
790;17551.0;-6760.3;16949.0;-524.6
791;13093.9;-4379.8;12439.9;-768.2
792;16777.8;-6865.7;16183.3;-568.7
793;16880.5;-6860.3;16285.4;-559.7
794;16298.7;-6837.2;15705.8;-598.7
795;17923.3;-6659.3;17316.3;-506.6
796;14363.3;-5874.5;13750.1;-698.1
797;17934.4;-6657.0;17327.3;-505.6
798;15159.2;-6431.0;14559.8;-649.7
799;17337.3;-6814.0;16737.8;-542.6
800;15729.7;-6692.3;15135.3;-627.7
801;17477.0;-6781.0;16875.9;-529.6
802;17428.4;-6793.8;16827.9;-533.6
803;14014.8;-5540.7;13392.7;-715.4
804;15989.9;-6765.7;15396.6;-608.7
805;16080.8;-6783.8;15487.6;-601.7
806;15859.3;-6726.1;15265.4;-613.7
807;15075.5;-6383.8;14474.7;-656.7
808;19092.4;-6208.3;18463.4;-449.6
809;16544.5;-6857.2;15951.1;-580.7
810;18628.7;-6428.1;18009.9;-470.6
811;15358.3;-6537.6;14761.0;-643.7
812;14615.1;-6083.6;14007.3;-685.9
813;16428.1;-6849.5;15835.0;-587.7
814;15364.4;-6543.6;14767.0;-646.7
815;19942.1;-5617.5;19287.1;-402.6
816;16596.9;-6864.4;16003.1;-581.7
817;18004.5;-6641.3;17396.4;-506.6
818;15883.3;-6736.1;15289.5;-615.7
819;15726.8;-6690.0;15132.3;-626.7
820;16177.8;-6805.6;15584.7;-597.7
821;16770.7;-6864.3;16176.3;-567.7
822;17535.9;-6765.2;16934.0;-526.6
823;16035.9;-6777.0;15442.6;-607.7
824;15191.9;-6455.2;14592.8;-653.7
825;14606.4;-6077.4;13998.3;-687.9
826;16106.8;-6791.4;15513.7;-601.7
827;17107.6;-6848.3;16510.6;-553.7
828;16926.9;-6859.4;16331.4;-558.7
829;16195.8;-6803.4;15602.7;-591.7
830;15312.7;-6518.2;14714.9;-648.7
831;16447.2;-6844.6;15854.0;-582.7
832;17107.6;-6845.1;16510.6;-550.7
833;16168.9;-6802.6;15575.7;-597.7
834;16398.0;-6843.3;15804.9;-587.7
835;15993.9;-6769.7;15400.6;-610.7
836;17633.2;-6740.1;17030.0;-522.6
837;15557.7;-6624.7;14962.2;-632.7
838;16510.4;-6853.2;15917.0;-580.7
839;16826.1;-6860.1;16231.3;-561.7
840;17337.3;-6814.0;16737.8;-542.6
841;18537.8;-6460.0;17920.9;-472.6
842;17259.3;-6824.1;16660.7;-542.6
843;17147.0;-6838.0;16549.6;-546.7
844;14006.0;-5537.1;13383.7;-719.4
845;17154.2;-6835.6;16556.6;-545.6
846;19788.8;-5741.3;19139.0;-412.6
847;14964.9;-6316.7;14362.6;-667.7
848;14677.2;-6125.9;14070.3;-680.9
849;15897.3;-6739.4;15303.5;-614.7
850;17798.6;-6693.5;17193.2;-513.6
851;17028.0;-6851.7;16431.5;-555.7
852;15494.3;-6596.6;14898.1;-636.7
853;16170.8;-6804.5;15577.7;-598.7
854;17824.0;-6688.1;17218.2;-513.6
855;17255.2;-6821.5;16656.7;-539.6
856;20002.5;-5555.8;19345.2;-391.6
857;17772.1;-6701.4;17167.2;-514.6
858;16766.7;-6865.1;16172.3;-567.7
859;17167.3;-6836.8;16569.6;-547.7
860;15692.0;-6678.0;15097.3;-628.7
861;14736.3;-6168.5;14130.4;-678.8
862;16484.3;-6854.8;15891.0;-585.7
863;16976.3;-6859.2;16380.5;-558.7
864;14113.2;-5641.6;13493.8;-711.3
865;15425.8;-6562.9;14829.0;-641.7
866;15660.2;-6659.3;15065.3;-624.7
867;16629.9;-6868.7;16036.1;-580.7
868;15827.4;-6715.4;15233.4;-614.7
869;16911.8;-6860.4;16316.4;-559.7
870;16372.0;-6842.1;15778.9;-591.7
871;17858.4;-6678.2;17252.2;-510.6
872;13647.5;-5130.1;13014.4;-735.7
873;18790.1;-6359.7;18168.1;-462.6
874;18410.2;-6506.8;17795.7;-477.6
875;16299.7;-6836.4;15706.8;-597.7
876;17220.9;-6826.3;16622.7;-542.6
877;17154.2;-6835.6;16556.6;-545.6
878;15100.1;-6397.4;14499.7;-654.7
879;16474.4;-6850.9;15881.0;-584.7
880;17423.5;-6791.9;16822.9;-532.6
881;16697.3;-6865.2;16103.2;-572.7
882;17844.1;-6684.2;17238.2;-512.6
883;16367.9;-6843.5;15774.9;-592.7
884;16345.9;-6838.6;15752.9;-592.7
885;15057.6;-6375.2;14456.7;-658.7
886;15668.1;-6662.1;15073.3;-623.7
887;15523.1;-6611.0;14927.1;-636.7
888;18862.9;-6319.9;18239.1;-461.6
889;16590.8;-6865.2;15997.1;-582.7
890;14712.6;-6152.8;14106.4;-679.8
891;16832.2;-6859.5;16237.3;-561.7
892;15928.1;-6748.5;15334.5;-612.7
893;11698.4;-1491.4;10961.5;-849.8
894;16958.3;-6856.5;16362.4;-557.7
895;13881.5;-5400.1;13255.6;-725.5
896;17112.7;-6843.5;16515.6;-550.7
897;14768.8;-6191.0;14163.4;-677.8
898;14022.6;-5551.8;13400.7;-717.4
899;16981.4;-6859.5;16385.5;-558.7
900;13967.2;-5493.5;13343.7;-720.5
901;15543.9;-6617.4;14948.1;-633.7
902;16535.6;-6854.9;15942.1;-579.7
903;17164.3;-6835.8;16566.6;-546.6
904;17369.6;-6804.4;16769.8;-536.6
905;16169.9;-6804.0;15576.7;-598.7
906;14961.9;-6315.5;14359.6;-668.7
907;19203.6;-6136.3;18571.5;-438.6
908;15302.7;-6514.2;14704.9;-648.7
909;19016.8;-6240.1;18389.3;-448.6
910;15533.9;-6618.1;14938.1;-637.7
911;18016.7;-6635.4;17408.4;-504.6
912;17872.6;-6669.7;17266.3;-506.6
913;14640.0;-6098.3;14032.3;-683.9
914;16770.7;-6865.9;16176.3;-568.7
915;17386.8;-6800.8;16786.8;-535.6
916;17303.9;-6821.1;16704.7;-544.6
917;15919.1;-6747.1;15325.5;-613.7
918;16687.2;-6865.2;16093.2;-572.7
919;15624.3;-6657.0;15029.2;-634.7
920;14449.6;-5947.2;13838.1;-695.1
921;17738.7;-6711.4;17134.1;-516.6
922;15369.4;-6545.2;14772.0;-646.7
923;18357.1;-6527.9;17743.7;-481.6
924;17150.1;-6836.9;16552.6;-546.6
925;14872.1;-6263.6;14268.5;-672.7
926;15981.0;-6763.1;15387.5;-609.7
927;15786.5;-6706.1;15192.4;-619.7
928;14902.8;-6281.3;14299.6;-669.7
929;16994.5;-6857.1;16398.5;-557.7
930;15493.3;-6596.4;14897.1;-636.7
931;18746.3;-6377.3;18125.0;-464.6
932;17549.0;-6761.9;16947.0;-525.6
933;14885.9;-6269.8;14282.5;-669.7
934;16194.8;-6801.6;15601.7;-590.7
935;15876.3;-6735.1;15282.5;-616.7
936;13864.9;-5379.7;13238.6;-724.6
937;17659.7;-6727.4;17056.1;-517.6
938;17683.0;-6725.2;17079.1;-518.6
939;17648.4;-6735.4;17045.1;-521.6
940;15528.0;-6612.7;14932.1;-635.7
941;17868.6;-6670.5;17262.3;-506.6
942;15902.1;-6741.5;15308.5;-613.7
943;17665.7;-6731.0;17062.1;-520.6
944;19029.0;-6236.8;18401.3;-449.6
945;16436.1;-6845.9;15843.0;-583.7
946;14081.0;-5615.9;13460.8;-717.4
947;15736.8;-6694.3;15142.3;-627.7
948;17208.9;-6822.8;16610.7;-539.6
949;18108.2;-6599.7;17498.5;-498.6
950;14507.4;-5996.2;13897.2;-693.0
951;15930.1;-6752.1;15336.5;-614.7
952;16579.7;-6862.7;15986.1;-581.7
953;16892.6;-6860.3;16297.4;-559.7
954;17628.2;-6740.2;17025.0;-522.6
955;14787.4;-6207.0;14182.4;-677.8
956;15574.7;-6634.8;14979.2;-636.7
957;17773.2;-6698.0;17168.2;-512.6
958;16823.1;-6859.9;16228.3;-561.7
959;16912.8;-6860.5;16317.4;-559.7
960;17961.7;-6649.6;17354.3;-504.6
961;16380.0;-6839.7;15786.9;-588.7
962;17031.1;-6853.3;16434.5;-557.7
963;15740.8;-6695.0;15146.3;-626.7
964;14189.4;-5716.7;13571.9;-709.3
965;14265.5;-5788.7;13650.0;-705.2
966;16339.0;-6840.2;15745.9;-595.7
967;15918.1;-6746.8;15324.5;-613.7
968;15225.6;-6471.6;14626.9;-651.7
969;16711.4;-6862.4;16117.2;-569.7
970;14875.0;-6265.1;14271.5;-671.7
971;16398.0;-6844.4;15804.9;-588.7
972;16194.8;-6801.6;15601.7;-590.7
973;14950.0;-6315.0;14347.6;-669.7
974;12785.6;-3878.2;12117.6;-783.5
975;18471.4;-6490.4;17855.8;-478.6
976;16710.4;-6862.7;16116.2;-569.7
977;12256.2;-2864.6;11559.1;-819.9
978;15572.7;-6632.2;14977.2;-634.7
979;16826.1;-6860.1;16231.3;-561.7
980;15875.2;-6730.8;15281.5;-612.7
981;17117.8;-6841.6;16520.6;-549.7
982;14747.1;-6174.9;14141.4;-677.8
983;16487.3;-6856.5;15894.0;-586.7
984;16141.8;-6796.6;15548.7;-598.7
985;15945.0;-6757.3;15351.5;-614.7
986;15889.4;-6735.7;15295.5;-614.7
987;16530.5;-6853.0;15937.0;-578.7
988;17661.7;-6730.6;17058.1;-520.6
989;15414.1;-6552.5;14817.0;-639.7
990;15604.6;-6647.6;15009.2;-635.7
991;16467.4;-6849.5;15874.0;-584.7
992;16037.9;-6777.1;15444.6;-607.7
993;16813.1;-6861.7;16218.3;-563.7
994;17327.2;-6818.7;16727.8;-545.6
995;18218.9;-6566.8;17607.6;-491.6
996;16041.9;-6778.2;15448.6;-607.7
997;12815.2;-3930.6;12148.6;-782.5
998;16116.8;-6792.4;15523.7;-600.7
999;16767.7;-6865.2;16173.3;-567.7
1000;15937.0;-6755.8;15343.5;-615.7
