CASO;pATIVA;pREATIVA;dATIVA;dREATIVA
1;20029.6;-3567.3;19246.1;-402.6
2;15074.4;-1944.1;14271.5;-672.7
3;15251.3;-2188.8;14455.7;-658.7
4;14103.9;-93.5;13243.6;-725.6
5;18303.3;-4119.9;17553.5;-492.6
7;20303.0;-3385.3;19510.3;-393.6
8;14755.9;-1427.7;13937.2;-693.0
9;17092.2;-3842.8;16341.4;-559.7
10;15850.7;-2914.3;15076.3;-624.7
11;19655.2;-3783.9;18882.7;-421.6
12;12163.1;7876.2;11049.6;-845.8
13;15690.7;-2739.1;14911.1;-634.7
14;15561.8;-2597.6;14778.0;-646.7
15;18908.8;-4058.9;18152.1;-463.6
16;14047.0;40.4;13182.5;-729.6
17;16018.3;-3080.4;15248.4;-615.7
18;14508.8;-968.0;13676.0;-703.2
19;16485.1;-3481.9;15725.9;-594.7
20;17678.0;-4033.7;16930.0;-526.6
21;14045.3;47.4;13180.5;-728.6
22;18937.0;-4054.1;18180.1;-461.6
23;18389.9;-4125.4;17639.6;-491.6
24;17492.9;-4004.6;16744.8;-543.6
25;18387.9;-4124.6;17637.6;-490.6
26;14920.7;-1701.0;14110.4;-680.8
27;16127.5;-3186.5;15360.5;-612.7
28;14387.3;-721.8;13546.9;-709.3
29;15813.7;-2885.2;15038.2;-634.7
30;17556.9;-4006.3;16808.8;-534.6
31;14903.4;-1675.0;14092.4;-681.9
32;15532.5;-2560.4;14748.0;-643.7
33;14916.8;-1693.5;14106.4;-679.8
34;14579.6;-1102.9;13751.1;-698.1
35;14943.8;-1731.4;14134.4;-676.8
36;16364.3;-3377.3;15602.7;-590.7
37;14011.6;122.9;13144.5;-732.6
38;16908.0;-3747.8;16155.2;-568.7
39;20112.3;-3514.6;19326.1;-398.6
40;18031.5;-4107.4;17283.3;-507.6
41;15974.5;-3038.8;15203.4;-619.7
42;14487.2;-922.6;13653.0;-703.2
43;14784.5;-1473.4;13967.3;-689.0
44;20186.0;-3459.7;19397.2;-392.6
45;16504.8;-3499.7;15745.9;-596.7
46;15017.4;-1845.8;14211.5;-672.8
47;16806.3;-3687.4;16052.2;-573.7
48;21133.4;-2603.2;20304.0;-345.5
49;16650.4;-3596.0;15894.0;-585.7
50;17753.0;-4051.7;17005.0;-522.6
51;17048.6;-3820.0;16297.4;-560.7
52;15632.1;-2681.4;14851.1;-639.7
53;13955.2;268.0;13083.5;-733.7
54;15637.0;-2682.4;14856.1;-637.7
55;15941.2;-3011.5;15169.3;-623.7
56;17685.8;-4039.0;16938.0;-527.6
57;18247.7;-4125.4;17498.5;-498.6
58;18449.6;-4114.5;17698.7;-482.6
59;17015.8;-3803.8;16264.3;-561.7
60;18353.5;-4123.2;17603.6;-490.6
61;14769.4;-1449.7;13951.2;-693.0
62;19180.8;-3982.5;18419.3;-447.6
63;17522.8;-4008.5;16774.8;-537.6
64;15746.7;-2808.9;14969.2;-634.7
65;17467.1;-3994.8;16718.8;-543.6
66;16225.3;-3274.6;15460.6;-607.7
67;18902.7;-4058.3;18146.1;-462.6
68;19785.9;-3715.4;19009.9;-414.6
69;21334.0;-2356.9;20493.2;-336.5
70;13446.6;1773.6;12525.9;-764.2
71;13348.3;2108.3;12416.8;-767.2
72;15300.3;-2254.2;14506.7;-653.7
73;16740.1;-3650.8;15985.1;-578.7
74;18328.5;-4122.1;17578.5;-492.6
75;17082.3;-3834.7;16331.4;-557.7
76;12229.6;7386.5;11130.7;-841.8
77;15728.5;-2783.5;14950.1;-633.7
78;18221.5;-4127.0;17472.4;-501.6
79;16895.2;-3735.1;16142.2;-565.7
80;18075.5;-4115.2;17327.3;-505.6
81;15909.9;-2983.9;15137.3;-627.7
82;15955.8;-3021.9;15184.4;-619.7
83;16797.4;-3685.0;16043.1;-575.7
84;17292.8;-3925.6;16543.6;-546.7
85;16829.0;-3706.5;16075.2;-575.7
86;16648.5;-3595.6;15892.0;-586.7
87;14945.7;-1735.0;14136.4;-677.8
88;17217.2;-3900.2;16467.5;-554.7
89;16656.2;-3602.1;15900.0;-585.7
90;18899.6;-4061.9;18143.1;-464.6
91;19052.4;-4017.6;18293.2;-452.6
92;16796.4;-3685.5;16042.1;-576.7
93;15580.2;-2616.8;14797.0;-643.7
94;15016.4;-1846.3;14210.5;-673.8
95;17319.7;-3939.0;16570.6;-547.7
96;16562.7;-3534.0;15804.9;-587.7
97;15648.9;-2696.5;14868.1;-638.7
98;16488.0;-3483.5;15728.9;-593.7
99;15056.4;-1915.2;14252.5;-673.7
100;17930.1;-4096.3;17182.2;-514.6
101;15423.6;-2421.1;14634.9;-651.7
102;19114.5;-3998.0;18354.3;-447.6
103;17275.1;-3917.5;16525.6;-548.7
104;17697.9;-4037.1;16950.0;-524.6
105;14062.0;7.5;13198.6;-726.6
106;16760.8;-3671.2;16006.1;-582.7
107;18026.5;-4107.5;17278.3;-508.6
108;14350.7;-644.6;13507.8;-711.3
109;15815.6;-2883.9;15040.2;-631.7
110;16464.3;-3471.2;15704.8;-598.7
111;13492.4;1618.3;12577.0;-763.1
112;17082.2;-3836.3;16331.4;-558.7
113;18263.0;-4119.6;17513.5;-495.6
114;14550.0;-1054.7;13720.0;-703.2
115;17161.7;-3874.7;16411.5;-558.7
116;13616.6;1218.4;12714.1;-757.0
117;16306.6;-3337.5;15543.7;-599.7
118;13009.5;3401.0;12034.5;-792.6
119;18879.2;-4065.0;18123.0;-464.6
120;17290.9;-3925.5;16541.6;-548.7
121;16339.9;-3365.5;15577.7;-598.7
122;14727.5;-1374.3;13907.2;-692.0
123;19225.2;-3980.5;18463.4;-450.6
124;20822.1;-2927.0;20007.8;-362.5
125;12536.6;5535.0;11494.0;-819.8
126;19138.9;-3992.3;18378.3;-445.6
127;20037.8;-3563.9;19254.1;-403.6
128;17132.8;-3862.9;16382.5;-558.7
129;13842.6;561.0;12961.3;-742.8
130;18298.3;-4120.4;17548.5;-493.6
131;16000.7;-3060.2;15230.4;-613.7
132;15088.9;-1959.4;14286.5;-668.7
133;13778.1;737.6;12891.3;-747.8
134;17605.0;-4021.2;16856.9;-535.6
135;18144.9;-4125.6;17396.4;-506.6
136;15047.7;-1901.6;14243.5;-673.7
137;17536.7;-4011.4;16788.8;-534.6
138;13952.3;272.2;13080.5;-734.7
139;18162.1;-4123.5;17413.4;-504.6
140;16492.0;-3486.8;15732.9;-594.7
141;15987.0;-3054.8;15216.4;-620.7
142;16169.4;-3226.5;15403.6;-610.7
143;18310.4;-4121.1;17560.5;-493.6
144;18049.4;-4114.6;17301.3;-508.6
145;17556.7;-4015.4;16808.8;-532.6
146;16693.9;-3619.0;15938.0;-579.7
147;16565.7;-3537.7;15807.9;-588.7
148;17755.1;-4049.5;17007.0;-521.6
149;16902.1;-3744.8;16149.2;-568.7
150;17900.8;-4093.8;17153.2;-514.6
151;15717.6;-2777.9;14939.1;-636.7
153;18695.4;-4098.2;17941.9;-474.6
154;21338.1;-2355.2;20497.2;-336.5
155;17360.5;-3947.7;16611.7;-540.6
156;16174.2;-3232.3;15408.6;-610.7
157;16093.3;-3154.9;15325.5;-613.7
158;16133.4;-3187.9;15366.5;-609.7
159;16432.9;-3450.3;15672.8;-602.7
160;14005.0;139.7;13137.5;-730.6
161;15276.3;-2222.4;14481.7;-657.7
162;14260.7;-448.5;13411.7;-715.4
163;16935.7;-3763.8;16183.3;-568.7
164;15749.6;-2811.8;14972.2;-633.7
165;17480.0;-4001.9;16731.8;-545.6
166;16009.5;-3072.7;15239.4;-616.7
167;18574.0;-4111.2;17821.8;-480.6
168;16859.6;-3721.5;16106.2;-571.7
169;21344.4;-2351.5;20503.2;-338.5
170;12465.7;5908.7;11411.9;-823.8
171;15001.1;-1822.7;14194.5;-673.8
172;18389.9;-4125.4;17639.6;-491.6
173;22147.8;-1199.3;21253.9;-296.5
174;15852.7;-2916.3;15078.3;-624.7
175;16488.0;-3483.5;15728.9;-593.7
176;15900.2;-2973.1;15127.3;-627.7
177;19358.6;-3920.4;18593.5;-438.6
178;15768.2;-2829.7;14991.2;-633.7
179;17890.0;-4086.6;17142.1;-513.6
180;15697.5;-2747.2;14918.1;-634.7
181;13697.6;977.5;12803.2;-749.9
182;17081.2;-3836.1;16330.4;-558.7
183;17494.9;-4003.6;16746.8;-542.6
184;19268.6;-3954.8;18505.4;-443.6
185;16154.0;-3206.7;15387.5;-608.7
186;15060.1;-1922.9;14256.5;-674.7
187;17630.9;-4021.5;16882.9;-527.6
188;16919.8;-3755.5;16167.3;-567.7
189;17007.0;-3797.7;16255.3;-561.7
190;16233.0;-3285.0;15468.6;-608.7
191;18969.6;-4051.3;18212.1;-463.6
192;17200.4;-3891.6;16450.5;-555.7
193;20675.1;-3072.3;19867.6;-370.5
194;18858.9;-4068.3;18103.0;-465.6
195;17840.7;-4084.8;17093.1;-519.6
196;12988.2;3486.3;12010.5;-791.6
197;17718.9;-4046.9;16971.0;-526.6
198;17313.7;-3933.7;16564.6;-545.6
199;18184.5;-4118.8;17435.4;-501.6
200;18706.5;-4098.4;17952.9;-474.6
201;15523.9;-2548.8;14739.0;-644.7
202;18211.5;-4122.8;17462.4;-499.6
203;15177.1;-2094.5;14378.6;-668.7
204;20791.7;-2956.2;19978.7;-364.5
205;13574.8;1352.7;12668.1;-756.0
206;12730.0;4589.5;11716.2;-810.8
207;12945.0;3661.3;11961.4;-793.6
208;14484.3;-919.8;13650.0;-705.2
209;14008.9;131.9;13141.5;-731.6
210;20798.1;-2948.0;19984.7;-363.5
211;15681.0;-2729.9;14901.1;-636.7
212;13552.9;1420.1;12644.0;-757.1
213;18863.0;-4067.5;18107.0;-465.6
214;15127.2;-2020.1;14326.6;-668.7
215;13764.7;780.0;12876.3;-748.9
216;18326.5;-4121.7;17576.5;-492.6
217;17764.0;-4052.6;17016.0;-520.6
218;15446.9;-2453.0;14658.9;-653.7
219;19528.7;-3854.9;18759.6;-435.6
220;16677.9;-3610.0;15922.0;-579.7
221;20009.7;-3584.1;19227.0;-403.6
222;17492.9;-4003.2;16744.8;-542.6
223;19878.4;-3664.2;19099.9;-408.6
224;16629.9;-3578.3;15873.0;-584.7
225;13804.0;672.3;12919.3;-743.8
226;21958.9;-1497.7;21078.7;-304.5
227;15210.8;-2131.6;14413.7;-659.7
228;15958.7;-3026.7;15187.4;-620.7
229;14882.6;-1636.1;14070.4;-680.9
230;15949.9;-3019.3;15178.4;-621.7
231;16922.8;-3756.5;16170.3;-567.7
232;16837.8;-3712.0;16084.2;-574.7
233;17848.8;-4085.9;17101.1;-518.6
234;20413.5;-3291.5;19616.4;-383.6
235;16132.5;-3186.7;15365.5;-609.7
236;13774.4;746.7;12887.3;-748.9
237;13876.8;477.8;12998.4;-735.8
238;14958.9;-1759.1;14150.4;-677.8
239;12895.2;3870.1;11904.4;-799.7
240;18216.4;-4125.4;17467.4;-500.6
241;15318.4;-2281.6;14525.8;-653.7
242;15716.6;-2777.0;14938.1;-637.7
243;16386.0;-3392.7;15624.8;-588.7
244;13446.6;1773.6;12525.9;-764.2
245;14547.3;-1046.5;13717.0;-702.2
246;17878.8;-4090.1;17131.1;-516.6
247;17755.1;-4047.6;17007.0;-520.6
248;15429.5;-2430.1;14640.9;-653.7
249;20456.9;-3264.9;19658.4;-385.6
250;13624.8;1195.3;12723.1;-756.0
251;15644.1;-2690.6;14863.1;-639.7
252;15890.7;-2962.8;15117.3;-629.7
254;20750.9;-2994.4;19939.7;-366.5
255;17192.6;-3888.0;16442.5;-556.7
256;14161.6;-229.6;13305.7;-721.5
257;21015.4;-2732.0;20191.9;-352.5
258;17681.9;-4035.6;16934.0;-526.6
259;17335.7;-3942.3;16586.6;-544.6
260;15082.1;-1953.4;14279.5;-670.7
261;16623.0;-3572.9;15866.0;-584.7
262;13187.7;2694.3;12236.7;-781.4
263;18150.0;-4124.9;17401.4;-506.6
264;15581.1;-2619.5;14798.0;-644.7
265;16682.9;-3615.9;15927.0;-581.7
266;19063.5;-4020.4;18304.2;-455.6
267;17012.9;-3803.4;16261.3;-562.7
268;16966.4;-3779.5;16214.3;-566.7
269;16999.1;-3792.0;16247.3;-561.7
270;14814.8;-1527.2;13999.3;-687.9
271;18240.6;-4126.8;17491.5;-499.6
272;19841.4;-3684.1;19063.9;-409.6
273;18067.5;-4114.0;17319.3;-506.6
274;18353.5;-4123.2;17603.6;-490.6
275;14509.7;-969.8;13677.0;-703.2
276;14531.4;-1013.4;13700.0;-703.2
277;13353.4;2082.7;12422.8;-769.2
278;19127.9;-3993.6;18367.3;-447.6
279;15840.1;-2900.0;15065.3;-624.7
280;19514.3;-3855.3;18745.6;-430.6
281;14715.2;-1346.9;13894.2;-689.0
282;15445.0;-2449.2;14656.9;-652.7
283;16599.1;-3559.4;15842.0;-584.7
284;18430.3;-4118.5;17679.6;-485.6
285;16527.3;-3517.1;15768.9;-595.7
286;16855.6;-3719.0;16102.2;-570.7
287;16429.9;-3450.0;15669.8;-603.7
288;16778.5;-3683.3;16024.1;-582.7
289;14013.5;118.0;13146.5;-732.6
290;16571.5;-3544.7;15813.9;-589.7
291;15987.0;-3054.8;15216.4;-620.7
292;16267.5;-3303.3;15503.7;-601.7
293;17470.0;-3998.5;16721.8;-545.6
294;14927.2;-1716.2;14117.4;-682.8
295;16206.7;-3257.1;15441.6;-607.7
296;15746.7;-2807.9;14969.2;-633.7
297;17306.8;-3930.6;16557.6;-545.6
298;18127.7;-4124.8;17379.4;-507.6
299;14348.8;-640.9;13505.8;-712.3
300;17681.9;-4035.6;16934.0;-526.6
301;21048.9;-2696.4;20224.0;-348.5
302;13293.5;2295.8;12355.8;-773.3
303;14609.0;-1154.5;13782.1;-695.1
304;14506.0;-958.8;13673.0;-701.2
305;15785.7;-2853.3;15009.2;-635.7
306;20023.2;-3574.7;19240.1;-403.6
307;16420.1;-3444.2;15659.8;-605.7
308;14898.7;-1662.8;14087.4;-678.9
309;17761.0;-4051.9;17013.0;-521.6
310;15100.6;-1977.5;14298.6;-669.7
311;18885.3;-4067.2;18129.0;-467.6
312;17065.3;-3828.9;16314.4;-559.7
313;19490.7;-3862.1;18722.6;-428.6
314;14970.6;-1774.3;14162.4;-676.8
315;23394.7;1462.4;22378.7;-233.5
316;18213.5;-4122.4;17464.4;-499.6
317;17833.6;-4083.1;17086.1;-518.6
318;16278.1;-3314.2;15514.7;-600.7
319;14832.1;-1551.6;14017.3;-684.9
320;14532.3;-1015.7;13701.0;-703.2
321;16094.3;-3155.5;15326.5;-613.7
322;14678.4;-1277.9;13855.2;-691.0
323;17010.9;-3801.7;16259.3;-562.7
324;14619.3;-1176.6;13793.1;-695.1
325;17760.1;-4050.8;17012.0;-521.6
326;18507.9;-4118.8;17756.7;-482.6
327;14873.1;-1619.2;14060.3;-681.9
328;19038.9;-4025.3;18280.2;-454.6
329;15875.1;-2942.9;15101.3;-626.7
330;18959.5;-4048.3;18202.1;-460.6
331;17350.7;-3939.3;16601.7;-538.6
332;18882.2;-4067.9;18126.0;-467.6
333;14260.7;-448.5;13411.7;-715.4
334;16160.8;-3212.9;15394.6;-607.7
335;19633.4;-3805.9;18861.7;-430.6
336;15058.3;-1919.5;14254.5;-674.7
337;12203.9;7567.8;11099.6;-842.8
338;12375.3;6425.7;11305.8;-830.8
340;12065.5;8695.6;10927.5;-848.8
341;15501.8;-2524.8;14715.9;-649.7
342;19238.8;-3968.6;18476.4;-446.6
343;15434.5;-2434.6;14645.9;-653.7
344;17099.2;-3843.5;16348.4;-558.7
345;16154.0;-3206.7;15387.5;-608.7
346;16409.2;-3438.1;15648.8;-606.7
347;16030.9;-3091.9;15261.4;-613.7
348;16012.4;-3076.1;15242.4;-616.7
349;17405.1;-3968.8;16656.7;-540.6
350;13892.4;433.7;13015.4;-735.7
351;18629.4;-4106.3;17876.8;-476.6
352;18429.3;-4120.0;17678.6;-486.6
353;15969.5;-3036.9;15198.4;-620.7
354;18170.3;-4118.1;17421.4;-500.6
355;14882.6;-1636.1;14070.3;-680.9
356;15230.1;-2163.5;14433.7;-662.7
357;16735.3;-3648.5;15980.1;-580.7
358;15976.4;-3040.8;15205.4;-619.7
359;15419.9;-2415.1;14630.9;-651.7
360;14939.8;-1730.7;14130.4;-679.8
361;15189.8;-2107.2;14391.6;-665.7
362;18471.8;-4120.1;17720.7;-485.6
363;12371.9;6445.5;11301.8;-830.8
364;17165.7;-3875.9;16415.5;-557.7
365;15877.9;-2948.6;15104.3;-627.7
366;17999.3;-4106.6;17251.2;-510.6
367;17527.8;-4007.1;16779.8;-534.6
369;17681.9;-4035.6;16934.0;-526.6
370;17102.2;-3843.6;16351.4;-557.7
371;16440.9;-3452.3;15680.8;-600.7
372;15381.1;-2367.3;14590.8;-653.7
373;18277.0;-4122.7;17527.5;-495.6
374;15499.8;-2521.3;14713.9;-648.7
375;20513.3;-3208.7;19712.5;-375.6
376;17634.0;-4018.3;16885.9;-525.6
377;21223.4;-2495.8;20389.1;-341.5
378;14705.7;-1331.5;13884.2;-690.0
379;12736.9;4558.4;11724.2;-809.8
380;17967.2;-4104.9;17219.2;-515.6
381;18274.9;-4123.1;17525.5;-495.6
382;16468.2;-3475.0;15708.8;-598.7
383;13161.5;2809.2;12206.7;-783.4
384;15421.8;-2417.0;14632.9;-651.7
385;17754.0;-4051.9;17006.0;-522.6
386;15992.0;-3051.8;15221.4;-615.7
387;16139.3;-3195.2;15372.5;-611.7
388;16007.6;-3067.4;15237.4;-614.7
389;14390.2;-728.4;13549.9;-710.3
390;15240.6;-2178.1;14444.7;-660.7
391;13381.3;1987.1;12453.9;-767.2
392;20360.3;-3335.9;19565.4;-387.6
393;15362.8;-2341.7;14571.8;-652.7
394;17443.0;-3983.6;16694.7;-541.6
395;14209.3;-333.7;13356.7;-717.5
396;18149.0;-4125.1;17400.4;-506.6
397;12511.7;5652.0;11466.0;-821.8
398;18430.3;-4119.9;17679.6;-486.6
399;16316.5;-3341.5;15553.7;-597.7
400;21156.4;-2579.3;20326.0;-343.5
401;13623.9;1200.4;12722.1;-754.0
402;16562.7;-3535.2;15804.9;-588.7
403;17194.6;-3888.6;16444.5;-556.7
404;19128.9;-3992.4;18368.3;-446.6
405;15476.8;-2487.9;14689.9;-648.7
406;16583.4;-3550.5;15825.9;-587.7
407;12018.1;9143.0;10866.4;-855.9
408;14609.0;-1154.5;13782.1;-695.1
409;17383.2;-3962.5;16634.7;-542.6
410;18840.4;-4073.8;18085.0;-465.6
411;15783.7;-2849.7;15007.2;-633.7
412;21028.1;-2718.4;20203.9;-351.5
413;20339.5;-3348.1;19545.3;-384.6
414;16259.6;-3294.8;15495.6;-599.7
416;12695.1;4760.1;11676.2;-807.9
417;14719.0;-1356.7;13898.2;-692.0
418;18866.1;-4064.2;18110.0;-463.6
419;17073.5;-3828.6;16322.4;-557.7
420;12101.9;8374.2;10973.5;-846.8
421;15895.4;-2968.3;15122.3;-628.7
422;20002.5;-3588.6;19220.0;-404.6
423;15581.1;-2619.5;14798.0;-644.7
424;14779.8;-1463.3;13962.3;-689.0
425;21025.8;-2722.8;20201.9;-352.5
426;16507.6;-3500.5;15748.9;-594.7
427;15359.9;-2338.8;14568.8;-653.7
428;17159.8;-3873.0;16409.5;-558.7
429;16431.9;-3449.9;15671.8;-602.7
430;15463.4;-2470.4;14675.9;-650.7
431;19077.6;-4017.9;18318.2;-453.6
432;18866.1;-4064.2;18110.0;-463.6
433;18252.8;-4120.0;17503.5;-495.6
434;16166.5;-3225.3;15400.6;-611.7
435;18941.1;-4051.9;18184.1;-460.6
436;16284.0;-3319.2;15520.7;-600.7
437;17416.1;-3976.8;16667.7;-543.6
438;18687.4;-4098.1;17933.9;-474.6
439;18176.4;-4117.3;17427.4;-500.6
440;20408.2;-3297.3;19611.4;-383.6
441;17383.2;-3962.5;16634.7;-542.6
442;12874.2;3962.3;11880.4;-799.7
443;13923.8;347.4;13049.4;-736.7
444;19402.6;-3901.8;18636.5;-435.6
445;15671.2;-2720.0;14891.1;-636.7
446;17244.1;-3907.8;16494.6;-549.7
447;14568.3;-1080.3;13739.0;-698.1
448;18608.3;-4109.0;17855.8;-478.6
449;15556.1;-2589.0;14772.0;-646.7
450;19647.8;-3798.7;18875.7;-428.6
451;15243.4;-2183.0;14447.7;-660.7
452;18872.2;-4064.5;18116.0;-464.6
453;17877.8;-4089.3;17130.1;-516.6
454;14838.8;-1563.6;14024.3;-684.9
455;18831.4;-4076.6;18076.0;-467.6
456;14460.7;-871.3;13624.9;-704.2
457;14628.9;-1190.6;13803.1;-693.1
458;17982.2;-4105.1;17234.2;-512.6
459;15044.0;-1892.5;14239.5;-671.7
460;15111.0;-1994.4;14309.6;-668.7
461;15648.9;-2696.5;14868.1;-638.7
462;14254.1;-436.0;13404.7;-716.4
463;18706.5;-4098.4;17952.9;-474.6
464;17729.9;-4047.9;16982.0;-524.6
465;16237.1;-3282.3;15472.6;-605.7
466;16154.9;-3207.9;15388.6;-608.7
467;17381.4;-3960.0;16632.7;-542.6
468;20354.1;-3342.9;19559.3;-388.6
469;18316.5;-4118.6;17566.5;-491.6
470;15292.7;-2245.7;14498.7;-657.7
471;18113.6;-4121.1;17365.3;-504.6
472;16133.4;-3187.9;15366.5;-609.7
473;15958.7;-3026.7;15187.4;-620.7
474;20586.2;-3154.3;19782.6;-376.6
475;15485.3;-2502.6;14698.9;-649.7
476;15359.9;-2338.8;14568.8;-653.7
477;12362.2;6512.2;11289.8;-831.8
478;13431.0;1825.1;12508.9;-762.2
479;17383.2;-3962.5;16634.7;-542.6
480;14896.9;-1658.3;14085.4;-678.9
481;17527.8;-4007.1;16779.8;-534.6
482;14019.0;103.3;13152.5;-732.6
483;14743.6;-1401.4;13924.2;-691.0
484;17877.8;-4089.3;17130.1;-516.6
485;19654.1;-3785.7;18881.7;-422.6
486;17696.9;-4037.3;16949.0;-524.6
487;19052.4;-4017.6;18293.2;-452.6
488;20211.7;-3449.6;19422.2;-395.6
489;18697.3;-4100.0;17943.9;-474.6
490;14426.8;-807.1;13588.9;-709.3
491;16163.6;-3220.1;15397.6;-610.7
492;17781.8;-4071.7;17034.0;-522.6
493;15493.9;-2515.0;14707.9;-648.7
494;17383.2;-3963.7;16634.7;-543.6
495;13083.4;3108.7;12118.6;-783.5
496;14612.7;-1163.0;13786.1;-695.1
497;17555.7;-4016.9;16807.8;-533.6
499;14031.3;79.0;13165.5;-729.6
500;16353.7;-3372.5;15591.7;-595.7
501;12809.4;4247.7;11806.3;-801.7
502;16513.6;-3503.2;15754.9;-593.7
503;14669.8;-1263.5;13846.1;-692.1
504;15755.6;-2818.2;14978.2;-635.7
505;15829.4;-2890.6;15054.2;-625.7
506;16803.3;-3685.3;16049.2;-572.7
507;15173.3;-2087.9;14374.6;-668.7
508;16589.2;-3555.8;15832.0;-587.7
509;15094.8;-1965.4;14292.6;-666.7
510;17615.0;-4018.4;16866.9;-529.6
511;20191.1;-3458.1;19402.2;-393.6
512;16819.1;-3699.7;16065.2;-575.7
513;16764.8;-3671.9;16010.1;-581.7
514;13917.1;364.5;13042.4;-735.7
515;17916.1;-4090.4;17168.2;-512.6
516;14762.7;-1435.8;13944.2;-691.0
517;14657.4;-1245.1;13833.1;-695.1
518;17619.9;-4021.2;16871.9;-529.6
519;16784.4;-3685.2;16030.1;-581.7
520;18850.5;-4073.6;18095.0;-466.6
521;19613.8;-3815.2;18842.7;-429.6
522;15224.5;-2150.4;14427.7;-660.7
523;16676.9;-3611.0;15921.0;-580.7
524;20339.5;-3348.1;19545.3;-384.6
525;18533.3;-4115.3;17781.7;-481.6
526;17966.2;-4102.3;17218.2;-513.6
527;19300.1;-3941.9;18536.4;-439.6
528;15086.1;-1956.2;14283.5;-669.7
529;17793.7;-4073.7;17046.1;-521.6
530;19532.8;-3853.1;18763.6;-434.6
531;20022.1;-3576.2;19239.1;-403.6
532;14662.1;-1254.5;13838.1;-695.1
533;15846.9;-2908.9;15072.3;-624.7
534;17231.1;-3904.4;16481.5;-551.7
535;15765.2;-2828.5;14988.2;-634.7
536;15544.3;-2573.6;14760.0;-644.7
537;17902.8;-4093.4;17155.2;-514.6
538;15629.2;-2677.1;14848.1;-638.7
539;12673.0;4861.8;11651.1;-807.9
540;17183.8;-3881.4;16433.5;-556.7
541;15474.9;-2483.3;14687.9;-647.7
542;14818.6;-1532.7;14003.3;-686.9
543;13110.0;3004.9;12148.6;-782.5
544;18639.6;-4103.2;17886.8;-475.6
546;12846.5;4087.5;11848.3;-801.7
547;15791.5;-2860.5;15015.2;-635.7
548;19122.7;-3992.7;18362.3;-445.6
549;19310.4;-3939.1;18546.4;-440.6
550;13932.9;322.0;13059.4;-736.7
551;16004.6;-3064.0;15234.4;-613.7
552;13218.5;2572.1;12271.7;-778.4
553;18632.5;-4103.4;17879.8;-474.6
554;13284.3;2327.1;12345.8;-771.3
555;16080.7;-3139.8;15312.5;-612.7
556;18686.4;-4096.4;17932.9;-473.6
557;15909.9;-2983.9;15137.3;-627.7
558;19667.7;-3771.1;18894.8;-417.6
559;14524.9;-997.7;13693.0;-702.2
560;17200.4;-3891.6;16450.5;-555.7
561;18277.0;-4122.7;17527.5;-495.6
562;16087.5;-3147.2;15319.5;-612.7
563;19484.7;-3861.4;18716.6;-427.6
564;17597.8;-4025.2;16849.9;-537.6
565;12969.7;3559.7;11989.5;-793.6
567;17823.7;-4081.7;17076.1;-520.6
568;16625.0;-3575.4;15868.0;-585.7
569;13437.3;1801.9;12515.9;-764.2
570;16575.3;-3550.6;15817.9;-590.7
571;15397.5;-2392.3;14607.8;-655.7
572;17810.8;-4076.9;17063.1;-520.6
573;17210.2;-3896.2;16460.5;-553.7
574;20554.2;-3172.2;19751.5;-374.6
575;16703.6;-3627.9;15948.1;-580.7
576;17523.8;-4008.5;16775.8;-537.6
577;17210.2;-3896.2;16460.5;-553.7
578;16069.1;-3130.0;15300.5;-614.7
579;15993.9;-3053.1;15223.4;-614.7
580;18835.4;-4074.2;18080.0;-466.6
581;18118.7;-4120.9;17370.4;-504.6
582;15036.3;-1878.7;14231.5;-670.7
583;14019.9;100.3;13153.5;-732.6
584;16242.0;-3285.8;15477.6;-605.7
585;18972.6;-4047.9;18215.1;-461.6
586;16330.1;-3353.9;15567.7;-596.7
587;20307.3;-3378.9;19514.3;-391.6
588;14727.5;-1374.3;13907.2;-692.0
589;16701.7;-3625.7;15946.1;-580.7
591;15106.3;-1983.8;14304.6;-667.7
592;15720.5;-2781.8;14942.1;-636.7
593;17514.8;-4005.3;16766.8;-536.6
594;20227.4;-3431.7;19437.2;-390.6
595;16466.2;-3472.6;15706.8;-597.7
596;19637.6;-3801.9;18865.7;-428.6
597;17853.7;-4088.3;17106.1;-518.6
598;18574.0;-4111.2;17821.8;-480.6
599;15385.0;-2373.2;14594.8;-654.7
600;19482.6;-3862.7;18714.6;-427.6
601;14103.9;-93.5;13243.6;-725.6
602;17480.0;-4001.9;16731.8;-545.6
603;14355.2;-658.7;13512.8;-712.3
604;15273.5;-2217.2;14478.7;-657.7
605;13314.6;2211.6;12379.8;-773.3
606;15276.3;-2224.0;14481.7;-658.7
607;17162.7;-3875.8;16412.5;-558.7
608;16238.1;-3282.8;15473.6;-605.7
609;13548.1;1430.7;12639.0;-758.1
610;19669.7;-3770.7;18896.8;-417.6
611;17130.9;-3861.5;16380.5;-558.7
612;18624.6;-4104.5;17871.8;-477.6
613;18127.7;-4124.8;17379.4;-507.6
614;14963.6;-1768.3;14155.4;-677.8
615;12369.3;6461.8;11298.8;-829.8
616;14431.4;-816.2;13593.9;-708.3
617;19117.7;-3996.4;18357.3;-447.6
618;14143.8;-194.0;13286.6;-726.5
619;18194.4;-4122.9;17445.4;-502.6
620;15074.4;-1942.9;14271.5;-671.7
621;17259.9;-3916.8;16510.6;-550.7
622;12606.3;5173.9;11575.1;-814.9
623;18987.7;-4051.3;18230.1;-464.6
624;16305.5;-3337.1;15542.7;-599.7
625;18355.5;-4123.1;17605.6;-490.6
626;16805.3;-3687.1;16051.2;-573.7
627;18157.0;-4123.5;17408.4;-504.6
628;16169.4;-3226.5;15403.6;-610.7
629;18033.5;-4108.6;17285.3;-508.6
630;13221.2;2562.2;12274.7;-778.4
631;14085.2;-52.0;13223.6;-728.6
632;17995.2;-4108.8;17247.2;-512.6
633;16305.5;-3337.1;15542.7;-599.7
634;15895.4;-2968.3;15122.3;-628.7
635;16002.6;-3063.9;15232.4;-614.7
636;17489.9;-4003.8;16741.8;-543.6
637;15114.8;-2001.4;14313.6;-669.7
638;17513.8;-4005.1;16765.8;-536.6
639;14431.4;-816.2;13593.9;-708.3
640;15510.5;-2532.0;14724.9;-645.7
641;18571.9;-4112.8;17819.8;-481.6
642;18767.5;-4083.1;18012.9;-467.6
643;14055.4;20.5;13191.5;-727.6
644;18247.7;-4125.4;17498.5;-498.6
645;14173.9;-255.9;13318.7;-722.5
646;18006.4;-4103.2;17258.3;-507.6
647;12460.6;5934.7;11405.9;-826.8
648;14012.6;121.2;13145.5;-732.6
649;15291.7;-2244.8;14497.7;-657.7
650;16033.8;-3095.0;15264.4;-613.7
651;19567.8;-3827.5;18797.7;-427.6
652;18395.8;-4130.2;17645.6;-493.6
653;19917.8;-3649.1;19138.0;-413.6
654;19073.6;-4018.4;18314.2;-454.6
655;15777.8;-2841.3;15001.2;-632.7
656;15815.6;-2883.9;15040.2;-631.7
657;18764.5;-4086.9;18009.9;-470.6
658;16480.2;-3481.8;15720.9;-597.7
659;16050.4;-3110.6;15281.5;-612.7
660;13569.2;1369.5;12662.1;-756.0
661;16161.7;-3214.0;15395.6;-607.7
663;15408.1;-2406.9;14618.8;-655.7
664;14298.1;-540.4;13451.8;-718.4
665;17916.1;-4090.4;17168.2;-512.6
666;15360.8;-2340.9;14569.8;-653.7
667;15677.0;-2726.7;14897.1;-636.7
668;19395.4;-3907.0;18629.5;-437.6
669;14151.1;-211.4;13294.6;-724.5
670;17083.3;-3833.7;16332.4;-556.7
671;12468.3;5897.7;11414.9;-821.8
672;16589.2;-3555.8;15832.0;-587.7
673;17292.8;-3925.6;16543.6;-546.7
674;18291.1;-4121.7;17541.5;-493.6
675;14465.7;-876.9;13629.9;-704.2
676;17092.2;-3842.8;16341.4;-559.7
677;17089.2;-3840.4;16338.4;-558.7
678;16352.7;-3371.2;15590.7;-594.7
679;16714.6;-3630.1;15959.1;-577.7
680;17407.1;-3972.0;16658.7;-542.6
681;17265.0;-3915.5;16515.6;-549.7
682;14261.6;-450.0;13412.8;-714.4
683;13848.3;555.5;12967.3;-737.8
684;22094.7;-1287.1;21204.9;-299.5
685;20708.8;-3033.1;19899.7;-366.5
686;13454.9;1750.9;12535.0;-762.1
687;17381.4;-3960.0;16632.7;-542.6
688;17774.7;-4070.1;17027.0;-522.6
689;18049.4;-4114.6;17301.3;-508.6
690;16697.8;-3622.2;15942.1;-579.7
691;14407.2;-761.1;13567.9;-708.3
692;15995.9;-3053.9;15225.4;-613.7
693;15330.1;-2293.0;14537.8;-650.7
694;16686.9;-3616.9;15931.0;-580.7
695;15811.8;-2883.2;15036.2;-634.7
696;16103.2;-3162.2;15335.5;-612.7
697;18647.7;-4101.6;17894.8;-474.6
698;19125.8;-3992.5;18365.3;-446.6
699;13880.4;465.4;13002.4;-736.8
700;15397.5;-2392.3;14607.8;-655.7
701;14694.5;-1307.8;13872.2;-690.0
702;19112.5;-3997.7;18352.3;-446.6
703;16262.5;-3298.7;15498.6;-600.7
704;19625.1;-3812.7;18853.7;-431.6
705;15361.7;-2342.5;14570.8;-653.7
706;16451.5;-3462.6;15691.8;-599.7
707;13546.3;1436.9;12637.0;-758.1
708;19293.0;-3944.6;18529.4;-440.6
709;15603.3;-2642.7;14821.0;-640.7
710;13265.1;2408.3;12323.8;-770.3
711;15114.8;-2001.4;14313.6;-669.7
713;16323.2;-3351.1;15560.7;-598.7
714;16635.7;-3581.9;15879.0;-583.7
715;17022.7;-3807.1;16271.4;-560.7
716;19740.4;-3747.2;18965.8;-420.6
717;15739.9;-2799.5;14962.2;-632.7
718;18174.3;-4119.2;17425.4;-501.6
719;17077.4;-3828.3;16326.4;-555.7
720;15973.5;-3039.0;15202.4;-620.7
721;12132.3;8112.7;11011.6;-850.8
722;18492.8;-4115.8;17741.7;-481.6
723;15302.2;-2257.5;14508.8;-653.7
724;16433.9;-3449.6;15673.8;-601.7
725;13701.2;962.4;12807.2;-751.9
726;17010.9;-3801.7;16259.3;-562.7
727;16627.9;-3577.9;15871.0;-585.7
728;16457.4;-3465.4;15697.8;-597.7
729;16097.3;-3158.1;15329.5;-613.7
730;18720.6;-4093.1;17966.9;-470.6
731;18533.3;-4118.6;17781.7;-483.6
732;17998.2;-4109.8;17250.2;-512.6
733;24141.2;3705.1;23018.9;-200.5
734;15098.6;-1974.1;14296.6;-668.7
735;15567.6;-2599.1;14784.0;-642.7
736;14224.4;-370.6;13372.7;-720.4
737;17346.6;-3940.9;16597.7;-539.6
738;14915.9;-1692.0;14105.4;-679.8
740;13815.8;637.3;12932.3;-742.8
741;16547.2;-3518.6;15788.9;-587.7
742;18628.5;-4104.9;17875.8;-476.6
743;13128.5;2927.4;12169.6;-786.4
744;15073.4;-1941.9;14270.5;-671.7
745;16087.5;-3147.2;15319.5;-612.7
746;14827.2;-1547.3;14012.3;-685.9
747;17560.0;-4006.4;16811.8;-534.6
748;16399.5;-3430.2;15638.8;-607.7
749;17096.2;-3845.7;16345.4;-560.7
750;14833.1;-1553.0;14018.3;-684.9
751;19830.8;-3697.1;19053.9;-412.6
752;16388.9;-3395.3;15627.8;-588.7
753;19268.6;-3954.8;18505.4;-443.6
754;15442.1;-2446.9;14653.9;-654.7
755;17693.8;-4039.3;16946.0;-525.6
756;14927.2;-1716.2;14117.4;-682.8
757;14358.0;-664.4;13515.8;-711.3
758;14874.0;-1620.6;14061.3;-680.9
759;16290.9;-3325.1;15527.7;-600.7
760;15914.0;-2985.1;15141.3;-626.7
761;19837.1;-3692.6;19059.9;-412.6
762;13944.9;289.5;13072.4;-736.7
763;14066.5;-10.8;13203.6;-730.6
764;20201.4;-3454.5;19412.2;-394.6
765;17731.0;-4046.7;16983.0;-523.6
766;12494.5;5748.1;11446.0;-819.8
767;17485.0;-4000.4;16736.8;-542.6
768;16914.8;-3752.5;16162.3;-567.7
769;12013.6;9195.0;10860.4;-853.9
770;15589.7;-2630.2;14807.0;-643.7
771;16353.7;-3371.5;15591.7;-594.7
772;18003.3;-4104.0;17255.3;-508.6
773;18505.9;-4116.4;17754.7;-481.6
774;16599.1;-3559.4;15842.0;-584.7
775;18686.4;-4098.2;17932.9;-474.6
776;16072.9;-3134.4;15304.5;-614.7
777;14553.1;-1053.4;13723.0;-700.2
778;14390.2;-728.4;13549.9;-710.3
779;17586.0;-4019.9;16837.9;-538.6
780;12348.3;6590.3;11273.8;-833.8
781;17884.9;-4090.4;17137.1;-516.6
782;14032.2;76.0;13166.5;-730.6
783;15611.0;-2655.1;14829.0;-641.7
784;17501.9;-4005.9;16753.8;-541.6
785;19099.2;-4004.6;18339.2;-449.6
786;12380.3;6392.1;11311.8;-831.8
787;14662.1;-1254.5;13838.1;-695.1
788;16498.8;-3493.9;15739.9;-594.7
789;15105.4;-1982.2;14303.6;-667.7
790;18292.1;-4120.0;17542.5;-492.6
791;12113.0;8276.1;10987.5;-848.8
792;17183.8;-3881.4;16433.5;-556.7
793;17325.7;-3942.1;16576.6;-548.7
794;16498.8;-3493.9;15739.9;-594.7
795;18838.4;-4074.6;18083.0;-466.6
796;13778.9;733.8;12892.3;-747.8
797;18853.6;-4073.7;18098.0;-467.6
798;14877.8;-1627.0;14065.3;-680.9
799;17996.3;-4108.7;17248.2;-512.6
800;15686.8;-2736.6;14907.1;-635.7
801;18190.4;-4121.9;17441.4;-502.6
802;18118.7;-4120.9;17370.4;-504.6
803;13307.6;2241.3;12371.8;-772.3
804;16057.3;-3120.8;15288.5;-615.7
805;16191.0;-3244.3;15425.6;-609.7
806;15875.1;-2942.9;15101.3;-626.7
807;14766.5;-1444.9;13948.2;-693.0
808;20551.1;-3173.4;19748.5;-373.6
809;16849.6;-3716.3;16096.2;-571.7
810;19871.2;-3665.9;19092.9;-407.6
811;15163.7;-2073.1;14364.6;-667.7
812;14128.0;-154.9;13269.6;-726.5
813;16681.9;-3616.5;15926.0;-582.7
814;15175.2;-2089.8;14376.6;-667.7
815;21816.9;-1711.3;20946.6;-310.5
816;16929.7;-3759.8;16177.3;-567.7
817;18950.4;-4049.4;18193.1;-461.6
818;15905.1;-2976.7;15132.3;-626.7
819;15683.9;-2733.6;14904.1;-636.7
820;16323.2;-3352.1;15560.7;-599.7
821;17171.7;-3876.6;16421.5;-555.7
822;18269.0;-4120.5;17519.5;-494.6
823;16127.6;-3183.5;15360.5;-610.7
824;14926.2;-1715.1;14116.4;-682.8
825;14115.0;-123.0;13255.6;-726.5
826;16223.3;-3275.0;15458.6;-609.7
827;17650.9;-4027.9;16902.9;-528.6
828;17402.2;-3967.8;16653.7;-541.6
829;16353.7;-3372.5;15591.7;-595.7
830;15098.6;-1974.1;14296.6;-668.7
831;16712.7;-3627.9;15957.1;-577.7
832;17649.9;-4027.6;16901.9;-528.6
833;16311.5;-3339.7;15548.7;-598.7
834;16634.8;-3580.3;15878.0;-583.7
835;16066.2;-3125.4;15297.5;-613.7
836;18417.1;-4121.1;17666.6;-487.6
837;15445.0;-2451.6;14656.9;-654.7
838;16796.4;-3685.5;16042.1;-576.7
839;17259.9;-3920.2;16510.6;-553.7
840;17996.3;-4108.7;17248.2;-512.6
841;19737.4;-3746.0;18962.8;-419.6
842;17880.8;-4090.3;17133.1;-516.6
843;17709.9;-4041.6;16962.0;-524.6
844;13295.9;2282.3;12358.8;-773.3
845;17723.0;-4046.2;16975.0;-525.6
846;21590.2;-2029.8;20734.4;-322.5
847;14610.0;-1156.2;13783.1;-695.1
848;14214.8;-349.3;13362.7;-718.5
849;15924.7;-2994.6;15152.3;-624.7
850;18655.8;-4103.0;17902.8;-475.6
851;17545.8;-4014.1;16797.8;-535.6
852;15361.7;-2342.5;14570.8;-653.7
853;16314.4;-3342.0;15551.7;-598.7
854;18691.4;-4098.8;17937.9;-474.6
855;17873.7;-4092.8;17126.1;-518.6
856;21918.8;-1559.9;21041.7;-304.5
857;18621.4;-4107.9;17868.8;-478.6
858;17167.7;-3876.9;16417.5;-557.7
859;17745.9;-4051.9;16998.0;-523.6
860;15638.0;-2683.4;14857.1;-637.7
861;14302.6;-548.6;13456.8;-715.4
862;16769.5;-3677.4;16015.1;-581.7
863;17469.1;-3995.4;16720.8;-543.6
864;13449.2;1764.4;12528.9;-763.2
865;15265.6;-2209.6;14470.7;-658.7
866;15589.7;-2630.2;14807.0;-643.7
867;16971.4;-3779.2;16219.3;-563.7
868;15827.4;-2892.6;15052.2;-628.7
869;17366.4;-3952.3;16617.7;-541.6
870;16604.1;-3560.8;15847.0;-584.7
871;18742.1;-4088.3;17987.9;-469.6
872;12823.6;4183.4;11822.3;-804.7
873;20102.7;-3527.0;19317.1;-401.6
874;19551.2;-3843.3;18781.6;-432.6
875;16502.8;-3498.3;15743.9;-596.7
876;17824.7;-4080.8;17077.1;-519.6
877;17723.9;-4047.3;16976.0;-525.6
878;14803.5;-1507.6;13987.3;-688.9
879;16752.0;-3663.7;15997.1;-582.7
880;18113.6;-4121.1;17365.3;-504.6
881;17071.4;-3826.7;16320.4;-556.7
882;18724.8;-4091.6;17970.9;-470.6
883;16598.0;-3561.0;15841.0;-585.7
884;16571.5;-3544.7;15813.9;-589.7
885;14742.6;-1400.2;13923.2;-691.0
886;15599.6;-2634.2;14817.0;-639.7
887;15398.4;-2394.4;14608.8;-655.7
888;20215.8;-3447.3;19426.2;-395.6
889;16919.8;-3755.5;16167.3;-567.7
890;14256.1;-438.8;13406.7;-716.4
891;17267.9;-3917.7;16518.6;-549.7
892;15974.5;-3038.8;15203.4;-619.7
894;17447.1;-3982.7;16698.7;-539.6
895;13133.0;2911.4;12174.6;-787.4
896;17666.0;-4028.8;16917.9;-525.6
897;14333.0;-603.0;13488.8;-711.4
898;13319.5;2206.5;12384.8;-769.3
899;17479.1;-4001.2;16730.8;-545.6
900;13248.8;2458.5;12305.7;-776.3
901;15423.6;-2421.1;14634.9;-651.7
902;16841.6;-3714.8;16088.2;-573.7
903;17740.0;-4049.6;16992.0;-524.6
904;18035.5;-4111.0;17287.3;-509.6
905;16313.5;-3341.0;15550.7;-598.7
906;14607.1;-1150.8;13780.1;-694.1
907;20719.4;-3026.1;19909.7;-368.5
908;15084.0;-1956.3;14281.5;-670.7
909;20439.6;-3274.1;19641.4;-385.6
910;15411.1;-2406.1;14621.9;-653.7
911;18972.6;-4049.9;18215.1;-462.6
912;18766.5;-4084.1;18011.9;-468.6
913;14160.6;-227.8;13304.7;-721.5
914;17171.6;-3877.8;16421.5;-556.7
915;18057.5;-4112.2;17309.3;-506.6
916;17937.1;-4096.3;17189.2;-513.6
917;15958.7;-3026.7;15187.4;-620.7
918;17052.5;-3823.0;16301.4;-560.7
919;15540.3;-2568.1;14756.0;-642.7
920;13900.5;410.6;13024.4;-734.7
921;18568.9;-4111.7;17816.8;-480.6
922;15186.8;-2105.0;14388.6;-666.7
923;19469.1;-3872.5;18701.6;-429.6
924;17718.9;-4046.9;16971.0;-526.6
925;14480.6;-912.1;13646.0;-706.2
926;16037.7;-3096.9;15268.4;-611.7
927;15771.1;-2833.7;14994.2;-633.7
928;14522.1;-992.1;13690.0;-703.2
929;17488.9;-4003.7;16740.8;-543.6
930;15360.8;-2340.9;14569.8;-653.7
931;20046.1;-3558.6;19262.1;-402.6
932;18291.1;-4121.7;17541.5;-493.6
933;14507.0;-960.3;13674.0;-701.2
934;16352.7;-3371.2;15590.7;-594.7
935;15900.2;-2973.1;15127.3;-627.7
936;13113.4;2990.0;12152.6;-782.5
937;18451.6;-4115.8;17700.7;-483.6
938;18498.9;-4116.2;17747.7;-481.6
939;18438.5;-4113.1;17687.6;-481.6
940;15405.2;-2402.6;14615.8;-655.7
941;18764.5;-4086.9;18009.9;-470.6
942;15937.3;-3007.1;15165.3;-623.7
943;18459.7;-4117.1;17708.7;-483.6
944;20463.1;-3263.5;19664.4;-386.6
945;16696.7;-3621.9;15941.1;-579.7
946;13396.6;1936.4;12470.9;-765.2
947;15705.1;-2760.4;14926.1;-636.7
948;17804.8;-4071.0;17057.1;-517.6
949;19102.2;-4004.1;18342.2;-449.6
950;13977.2;206.6;13107.5;-733.7
951;15976.4;-3040.8;15205.4;-619.7
952;16905.0;-3745.2;16152.2;-567.7
953;17346.6;-3940.9;16597.7;-539.6
954;18405.0;-4124.6;17654.6;-489.6
955;14362.9;-673.8;13520.8;-712.3
956;15475.8;-2487.0;14688.9;-648.7
957;18624.6;-4104.5;17871.8;-477.6
958;17258.9;-3918.5;16509.6;-551.7
959;17374.5;-3955.5;16625.7;-542.6
960;18891.4;-4067.6;18135.1;-468.6
961;16619.0;-3567.6;15862.0;-582.7
962;17552.7;-4017.1;16804.8;-534.6
963;15710.8;-2767.2;14932.1;-635.7
964;13549.1;1429.6;12640.0;-757.1
965;13646.9;1133.7;12747.1;-753.0
966;16555.0;-3527.3;15796.9;-588.7
967;15958.7;-3026.7;15187.4;-620.7
968;14984.7;-1802.3;14177.4;-677.8
969;17089.2;-3840.4;16338.4;-558.7
970;14485.1;-922.6;13651.0;-705.2
971;16633.8;-3579.9;15877.0;-583.7
972;16351.7;-3370.8;15589.7;-594.7
973;14592.8;-1128.0;13765.1;-697.1
975;19643.6;-3800.9;18871.7;-428.6
976;17083.3;-3833.7;16332.4;-556.7
978;15467.2;-2475.1;14679.9;-649.7
979;17259.9;-3920.2;16510.6;-553.7
980;15896.4;-2969.6;15123.3;-628.7
981;17671.9;-4033.6;16923.9;-526.6
982;14309.4;-558.4;13463.8;-714.4
983;16775.6;-3679.3;16021.1;-581.7
984;16275.2;-3311.8;15511.7;-601.7
985;15994.9;-3054.9;15224.4;-614.7
986;15912.0;-2983.3;15139.3;-626.7
987;16833.8;-3709.3;16080.2;-574.7
988;18454.6;-4118.5;17703.7;-484.6
989;15243.5;-2181.1;14447.7;-659.7
990;15510.5;-2532.0;14724.9;-645.7
991;16742.1;-3655.8;15987.1;-581.7
992;16132.4;-3188.2;15365.5;-610.7
993;17243.1;-3906.8;16493.6;-549.7
994;17975.3;-4103.7;17227.2;-513.6
995;19266.5;-3955.5;18503.4;-443.6
996;16136.3;-3193.5;15369.5;-611.7
998;16237.1;-3282.3;15472.6;-605.7
999;17168.6;-3877.8;16418.5;-557.7
1000;15985.1;-3052.3;15214.4;-620.7
