CASO;pATIVA;pREATIVA;dATIVA;dREATIVA
1;101450.0;-6047.5;97475.4;24023.9
2;99077.6;-9735.9;95317.2;23433.6
3;98986.6;-10997.6;95399.0;23457.7
4;98608.3;-10323.9;94877.0;23312.6
5;100499.9;-8516.7;96743.9;23817.4
6;97251.6;-12822.9;93710.5;22989.4
7;101623.0;-5379.3;97588.3;24053.2
8;98811.4;-10791.2;95171.8;23397.8
9;99972.6;-8939.8;96209.2;23679.9
10;99393.8;-9768.0;95674.4;23523.2
11;101306.4;-6053.5;97309.6;23977.3
12;97577.6;-11778.2;93931.3;23050.0
13;99395.7;-9230.9;95601.4;23507.1
14;99224.2;-10117.6;95536.0;23493.8
15;100949.6;-6677.0;96991.4;23889.6
16;98520.8;-10849.2;94853.5;23309.2
17;99548.3;-9023.9;95742.6;23542.7
18;98805.8;-10041.8;95058.2;23366.7
19;99710.5;-9177.5;95947.3;23606.7
20;100354.3;-7718.2;96466.2;23751.7
21;98494.6;-11048.4;94853.5;23309.2
22;100938.3;-6815.2;96998.0;23893.5
23;100709.0;-7105.9;96778.7;23828.3
24;100183.9;-8566.2;96393.9;23732.2
25;100671.3;-7377.2;96773.7;23826.2
26;98987.4;-9954.6;95247.2;23415.5
27;99542.0;-9372.5;95784.3;23555.9
28;98640.6;-11012.7;95011.9;23351.6
29;99323.8;-10160.6;95653.4;23517.6
30;100290.8;-7888.5;96418.4;23738.4
31;98977.4;-9987.4;95240.7;23414.8
32;99322.2;-9255.0;95524.3;23491.8
33;98789.5;-11448.0;95245.0;23415.2
34;98841.9;-10031.2;95096.0;23372.5
35;99024.9;-9741.8;95259.9;23418.5
36;99716.9;-8681.8;95884.3;23578.1
37;98562.9;-10407.3;94838.5;23303.7
38;99908.4;-8922.0;96133.6;23655.9
39;101531.2;-5649.8;97515.1;24031.6
40;100537.3;-7374.2;96623.5;23792.5
41;99503.6;-9233.1;95721.6;23539.1
42;98794.1;-10066.0;95048.6;23364.8
43;98775.9;-11182.2;95188.6;23399.1
44;101570.0;-5480.8;97538.7;24040.1
45;99797.4;-8547.2;95956.8;23607.5
46;99027.0;-9954.7;95290.8;23425.4
47;99944.7;-8326.5;96091.3;23648.2
48;101992.8;-4549.5;97917.2;24141.7
49;99783.2;-9109.3;96019.5;23625.3
50;100401.3;-7622.2;96505.0;23758.5
51;100056.7;-8151.5;96192.1;23674.3
52;99330.4;-9528.4;95569.7;23499.5
53;98503.9;-10739.3;94818.1;23294.5
54;99356.5;-9317.5;95569.9;23499.8
55;99514.1;-9012.2;95703.6;23534.6
56;100367.7;-7633.0;96469.4;23752.0
57;100579.9;-7720.0;96718.5;23813.3
58;100732.4;-7048.9;96798.2;23838.6
59;100039.2;-8196.3;96178.4;23668.1
60;100509.9;-8533.0;96757.9;23820.9
61;98897.0;-10198.6;95181.2;23398.4
62;101049.7;-6620.4;97096.3;23918.0
63;100276.6;-7868.4;96399.5;23733.1
64;99427.0;-9149.6;95624.7;23511.1
65;100072.8;-9310.6;96378.2;23724.0
66;99660.0;-8830.5;95840.9;23567.8
67;100880.2;-7228.7;96990.3;23889.5
68;101226.5;-7084.9;97366.4;23998.8
69;102095.6;-4239.5;98000.2;24170.3
70;98276.3;-10812.6;94576.2;23224.7
71;98160.4;-11392.8;94528.4;23208.4
72;99205.0;-9458.2;95421.3;23461.7
73;99871.4;-8690.4;96059.6;23639.6
74;100676.9;-7187.9;96753.4;23819.3
75;99965.8;-8980.1;96207.0;23677.6
76;97618.3;-11735.4;93970.6;23058.5
77;99182.6;-10970.5;95616.3;23509.4
78;100614.4;-7341.7;96705.0;23811.4
79;99983.5;-8268.0;96126.4;23655.5
80;100374.1;-8835.3;96649.6;23796.2
81;99485.8;-9199.4;95696.9;23531.5
82;99514.2;-9092.6;95714.1;23535.3
83;99941.8;-8326.6;96088.1;23646.8
84;100183.7;-7948.7;96305.0;23696.5
85;99909.4;-8650.9;96096.7;23649.8
86;99733.3;-9494.2;96019.4;23625.2
87;99031.4;-9711.2;95262.9;23418.6
88;100147.1;-8005.8;96272.3;23689.8
89;99819.2;-8833.6;96020.6;23625.4
90;100944.7;-6697.8;96988.2;23886.3
91;101012.4;-6579.1;97048.6;23907.8
92;99939.9;-8333.3;96087.0;23646.7
93;99342.9;-9267.3;95548.4;23495.5
94;99060.7;-9669.9;95289.7;23425.3
95;100036.6;-9227.2;96321.7;23698.6
96;99822.4;-8514.4;95980.2;23613.7
97;99374.1;-9219.1;95576.2;23501.2
98;99761.9;-8777.0;95948.4;23606.8
99;99083.1;-9644.1;95310.8;23429.9
100;100276.6;-9131.2;96584.2;23783.0
101;99262.8;-9358.1;95472.5;23479.5
102;101040.5;-6535.8;97073.9;23911.8
103;100063.9;-8850.2;96297.7;23694.0
104;100374.4;-7639.8;96477.7;23753.5
105;98559.2;-10615.4;94862.8;23309.7
106;99923.3;-8325.8;96067.1;23641.4
107;100540.5;-7347.3;96623.5;23792.4
108;98734.9;-10167.6;94995.9;23345.1
109;99390.5;-9664.9;95655.5;23517.8
110;99722.6;-9059.0;95943.8;23605.9
111;98265.4;-11044.4;94595.6;23227.9
112;100014.4;-8594.4;96205.9;23677.6
113;100564.8;-7913.9;96728.9;23814.8
114;98771.0;-10490.4;95081.2;23369.3
115;100084.2;-8300.8;96242.8;23685.5
116;98304.9;-11109.0;94649.2;23245.4
117;99624.9;-9289.3;95865.9;23574.9
118;97936.4;-11865.5;94347.2;23165.8
119;100944.1;-6656.5;96981.8;23885.7
120;100036.5;-9096.0;96302.9;23696.4
121;99603.9;-9504.8;95873.7;23577.1
122;98913.8;-9901.4;95159.0;23395.6
123;101061.2;-6705.2;97121.4;23926.6
124;101844.6;-4865.0;97782.9;24106.4
125;97784.9;-11509.4;94125.7;23101.7
126;101053.0;-6495.2;97082.5;23913.7
127;101498.5;-5664.2;97478.6;24024.1
128;100006.9;-8854.8;96235.2;23683.5
129;98491.8;-10506.2;94771.8;23275.5
130;100501.6;-8495.4;96742.8;23817.2
131;99531.5;-9082.3;95732.2;23542.0
132;99044.1;-10030.6;95321.7;23436.3
133;98354.3;-11349.3;94739.0;23269.7
134;100323.5;-7718.5;96431.5;23741.1
135;100573.4;-7461.0;96675.2;23802.6
136;99075.6;-9657.2;95304.6;23429.6
137;100156.6;-8891.2;96410.9;23734.7
138;98541.4;-10435.6;94818.0;23294.4
139;100603.3;-7268.4;96682.6;23805.3
140;99786.9;-8603.0;95952.5;23607.1
141;99405.3;-10032.1;95726.9;23539.5
142;99605.1;-9042.7;95808.5;23560.6
143;100521.0;-8350.0;96744.0;23818.7
144;100352.5;-8893.9;96634.0;23794.2
145;100315.9;-7686.3;96418.4;23737.4
146;99886.8;-8412.4;96038.4;23633.7
147;99824.7;-8496.3;95980.2;23613.7
148;100362.9;-7938.1;96506.0;23759.6
149;99989.3;-8259.2;96131.5;23655.7
150;100472.8;-7475.1;96565.4;23778.7
151;99417.7;-9152.3;95615.1;23509.1
152;97178.6;-12452.6;93577.3;22958.8
153;100824.3;-7061.3;96902.7;23863.2
154;101889.3;-5955.4;98001.3;24170.4
155;100220.7;-7904.9;96339.7;23701.1
156;99631.1;-8835.5;95809.6;23561.8
157;99593.1;-8875.0;95772.6;23550.7
158;99581.1;-9090.0;95788.5;23557.2
159;99775.2;-8578.0;95936.0;23602.7
160;98515.5;-10772.5;94836.2;23302.3
161;99072.5;-10408.7;95408.6;23459.6
162;98687.8;-10226.2;94951.4;23331.3
163;99957.6;-8625.1;96146.5;23660.2
164;99311.0;-10070.8;95625.8;23512.2
165;100268.3;-7835.1;96385.5;23728.6
166;99554.0;-8944.1;95738.5;23542.5
167;100790.3;-6957.6;96851.0;23855.0
168;99963.2;-8303.6;96108.5;23651.1
169;102110.8;-4138.9;98004.4;24170.7
170;97747.7;-11563.5;94091.3;23092.1
171;99056.1;-9676.8;95285.2;23422.6
172;100521.2;-8577.1;96778.7;23828.3
173;102479.5;-3233.1;98330.1;24259.6
174;99483.4;-9054.1;95674.4;23523.2
175;99750.3;-8870.6;95948.4;23606.8
176;99417.7;-9706.1;95692.7;23531.1
177;101152.9;-6338.0;97174.2;23940.2
178;99413.7;-9377.3;95640.3;23514.0
179;100406.8;-7973.2;96560.3;23777.6
180;99405.7;-9156.1;95602.5;23507.3
181;98412.2;-10611.5;94698.5;23255.9
182;100068.6;-8147.4;96204.9;23677.5
183;100235.0;-8163.7;96394.0;23732.2
184;101114.4;-6401.3;97139.3;23933.2
185;99621.3;-8837.9;95799.0;23558.9
186;99085.2;-9648.8;95313.9;23431.1
187;100195.2;-8815.1;96443.1;23742.1
188;99965.5;-8518.8;96140.0;23658.4
189;100037.3;-8194.3;96176.1;23667.7
190;99667.0;-8771.0;95841.0;23569.1
191;100967.6;-6640.9;97006.7;23894.7
192;100132.9;-8034.6;96260.8;23689.1
193;101667.3;-5960.9;97728.0;24093.6
194;100852.2;-7306.6;96969.3;23883.9
195;100327.1;-8466.5;96541.2;23767.8
196;98018.6;-11140.8;94337.5;23161.7
197;100381.3;-7639.1;96485.2;23754.3
198;100200.3;-7936.4;96321.6;23698.3
199;100616.2;-7241.9;96693.1;23806.1
200;100826.3;-7107.2;96912.0;23870.6
201;99206.6;-10160.7;95523.0;23491.4
202;100583.5;-7585.3;96703.8;23807.1
203;99124.5;-9703.4;95365.0;23447.8
204;101839.5;-4855.3;97775.3;24103.4
205;98339.2;-10721.1;94633.0;23239.6
206;97785.3;-12172.4;94220.5;23128.6
207;97992.1;-11203.1;94316.1;23154.6
208;98789.3;-10073.8;95044.5;23364.6
209;98462.8;-11189.4;94838.4;23302.6
210;101821.4;-5008.9;97775.4;24103.5
211;99227.7;-10504.8;95597.2;23506.7
212;98326.6;-10750.7;94623.4;23238.6
213;100896.3;-6985.1;96973.5;23884.1
214;98989.0;-10593.3;95341.7;23439.7
215;98377.7;-11121.9;94731.6;23266.2
216;100681.0;-7153.6;96753.4;23819.3
217;100354.1;-8042.0;96510.3;23759.9
218;99271.4;-9365.0;95483.2;23484.5
219;101234.3;-6170.9;97244.9;23967.0
220;99792.6;-9100.5;96029.0;23630.0
221;101454.1;-5969.2;97469.1;24021.3
222;100285.4;-7755.6;96394.0;23732.2
223;101408.4;-5876.9;97403.3;24007.8
224;99772.0;-9138.0;96010.9;23622.4
225;98457.3;-10597.8;94746.6;23272.7
226;102247.5;-4660.7;98250.5;24239.6
227;99161.9;-9520.3;95382.0;23450.2
228;99526.7;-8996.7;95715.2;23535.5
229;98990.6;-9772.9;95226.2;23410.1
230;99522.9;-8987.4;95709.9;23535.1
231;99997.5;-8256.6;96140.1;23658.5
232;99957.2;-8303.3;96101.9;23650.1
233;100443.9;-7538.0;96541.3;23769.0
234;101606.0;-5822.9;97633.5;24072.9
235;99509.8;-9648.9;95788.5;23557.1
236;98403.7;-10934.7;94733.8;23267.5
237;98275.3;-12212.3;94779.8;23280.0
238;99040.4;-9692.5;95270.2;23419.0
239;97810.8;-12453.3;94292.7;23151.5
240;100614.5;-7336.0;96703.8;23807.2
241;99093.6;-10410.8;95432.6;23465.2
242;99230.1;-10603.8;95614.0;23509.0
243;99706.1;-8796.9;95887.9;23580.1
244;98245.6;-11062.5;94576.2;23223.7
245;98810.1;-10173.7;95080.1;23369.1
246;100460.0;-7497.3;96554.0;23775.1
247;100345.1;-8081.0;96506.0;23759.6
248;99266.9;-9370.3;95478.7;23481.9
249;101690.7;-5209.7;97647.4;24075.3
250;98333.0;-10950.7;94657.5;23246.9
251;99342.9;-9454.1;95573.1;23501.2
252;99497.3;-9032.9;95687.4;23529.8
253;96791.8;-13001.9;93219.8;22860.6
254;101814.1;-4947.5;97757.5;24098.2
255;99910.1;-9743.1;96257.7;23688.8
256;98633.1;-10352.4;94907.7;23316.1
257;101943.0;-4635.6;97868.9;24125.9
258;100348.5;-7781.3;96468.3;23751.9
259;100204.1;-7937.7;96326.0;23699.1
260;99093.4;-9612.2;95318.5;23435.0
261;99847.5;-8512.0;96007.7;23621.1
262;98126.8;-11014.6;94439.6;23191.0
263;100513.8;-7961.2;96678.3;23803.8
264;99263.8;-9913.5;95550.5;23495.7
265;99832.9;-8819.3;96034.2;23631.4
266;100915.0;-7381.3;97051.8;23908.0
267;100029.7;-8266.1;96177.3;23668.1
268;99926.2;-8953.7;96158.1;23663.2
269;100010.5;-8369.4;96169.9;23666.4
270;98824.3;-10883.8;95199.3;23403.3
271;100478.8;-8474.0;96714.4;23813.1
272;101325.9;-6444.4;97388.5;24003.6
273;100457.3;-8175.2;96645.4;23795.9
274;100621.6;-7666.1;96757.9;23820.9
275;98744.1;-10535.5;95058.2;23366.7
276;98785.5;-10315.1;95072.7;23368.5
277;98228.4;-10874.4;94531.6;23209.7
278;101052.0;-6494.4;97081.3;23913.4
279;99472.9;-9069.6;95665.2;23522.8
280;101188.3;-6486.4;97236.5;23966.5
281;98904.7;-9893.9;95147.6;23390.0
282;99125.8;-10488.3;95481.0;23483.3
283;99653.2;-9957.4;95998.2;23617.2
284;100722.7;-7074.2;96790.7;23836.9
285;99798.1;-8626.1;95968.3;23611.3
286;99944.6;-8440.8;96106.4;23650.9
287;99764.0;-8671.5;95935.9;23602.6
288;99772.7;-9583.7;96077.6;23643.1
289;98454.7;-11259.0;94839.5;23304.8
290;99824.4;-8507.3;95981.4;23614.0
291;99541.8;-8957.4;95726.9;23539.5
292;99609.4;-9327.5;95853.9;23571.4
293;100270.5;-7789.1;96381.4;23725.3
294;98914.6;-10552.4;95251.3;23415.7
295;99596.7;-9259.7;95829.4;23564.1
296;99427.9;-9149.2;95625.8;23512.2
297;100079.9;-8863.3;96317.4;23698.1
298;100537.0;-7710.2;96668.8;23801.0
299;98714.2;-10327.0;94994.8;23344.9
300;100325.2;-7969.3;96468.3;23751.9
301;101962.4;-4568.9;97883.6;24133.0
302;98194.8;-10926.3;94501.8;23204.0
303;98756.4;-10792.6;95109.9;23380.8
304;98738.5;-10579.2;95058.0;23365.5
305;99448.0;-9125.2;95644.8;23515.7
306;101482.0;-5781.5;97475.4;24023.8
307;99693.6;-9231.8;95935.8;23602.3
308;98992.9;-9786.1;95230.5;23410.6
309;100412.2;-7572.1;96510.2;23759.8
310;99036.9;-10117.2;95325.9;23437.6
311;100941.4;-6693.4;96983.9;23885.8
312;99904.5;-9372.7;96195.4;23675.8
313;101052.4;-7478.1;97225.0;23965.6
314;99039.3;-9718.7;95272.4;23419.4
315;102936.3;-2771.5;98807.1;24391.2
316;100528.4;-8025.4;96703.8;23807.1
317;100413.0;-7752.9;96535.9;23765.5
318;99618.7;-9277.4;95857.2;23572.9
319;98961.9;-9834.2;95202.8;23404.9
320;98682.5;-11103.7;95072.7;23368.5
321;99557.5;-9181.0;95774.6;23550.8
322;98896.1;-9877.2;95135.7;23386.7
323;100034.7;-8215.8;96176.2;23667.9
324;98687.1;-11337.5;95112.1;23381.2
325;100408.2;-7581.1;96507.2;23759.8
326;100758.9;-7004.2;96821.5;23842.6
327;98986.5;-9775.8;95221.9;23408.6
328;101002.3;-6607.1;97041.3;23905.3
329;99425.1;-9561.0;95680.1;23527.2
330;100968.8;-6630.7;97006.5;23894.3
331;100216.1;-7910.4;96335.5;23700.8
332;100765.9;-8073.5;96982.9;23885.8
333;98687.4;-10229.8;94951.4;23331.3
334;99598.3;-9042.9;95801.2;23560.2
335;101289.7;-6067.8;97293.0;23976.5
336;99047.2;-9952.3;95312.9;23431.1
337;97599.0;-11774.3;93954.7;23056.1
338;97695.3;-11653.8;94045.5;23079.9
339;97110.8;-12503.1;93507.8;22936.0
340;97502.1;-11979.4;93875.0;23035.0
341;99258.8;-9654.4;95508.4;23489.5
342;101098.0;-6469.1;97129.6;23928.0
343;99268.2;-9359.4;95478.8;23481.9
344;100080.9;-8124.0;96215.4;23680.3
345;99624.2;-8821.2;95800.0;23558.9
346;99767.0;-8620.4;95932.5;23601.9
347;99562.0;-8934.8;95745.9;23544.1
348;99562.2;-8908.9;95742.5;23542.5
349;100229.6;-7920.7;96352.7;23711.7
350;98501.5;-10499.4;94782.1;23280.6
351;100754.0;-7406.8;96872.3;23857.9
352;100714.5;-7127.2;96788.7;23836.7
353;99534.2;-8957.7;95718.4;23536.8
354;100605.6;-7273.7;96685.8;23805.6
355;98990.3;-9767.6;95225.2;23410.0
356;99072.4;-10309.8;95393.4;23454.9
357;99774.4;-9434.0;96057.4;23638.3
358;99535.9;-8981.7;95723.7;23539.2
359;99132.6;-10378.8;95472.4;23479.4
360;99031.6;-9685.7;95259.8;23418.4
361;99149.1;-9538.8;95370.3;23448.2
362;100620.1;-8000.0;96806.6;23840.3
363;97677.8;-11796.7;94045.4;23079.8
364;100054.3;-8540.8;96242.9;23685.7
365;99489.4;-9050.8;95681.1;23527.3
366;100517.2;-7481.6;96615.8;23789.4
367;100290.7;-7769.2;96401.6;23733.2
368;96819.0;-12912.8;93237.5;22862.6
369;100339.1;-7850.8;96467.3;23751.8
370;99968.0;-9022.3;96215.4;23680.4
371;99776.7;-8597.3;95940.2;23603.0
372;99223.7;-9561.0;95456.3;23475.7
373;100667.5;-7153.3;96738.3;23816.4
374;99283.1;-9458.0;95508.4;23489.4
375;101715.1;-5146.8;97667.6;24079.1
376;100337.5;-7706.6;96445.2;23742.2
377;102014.1;-4589.3;97950.0;24152.6
378;98853.4;-10280.5;95144.4;23389.7
379;97893.6;-11349.8;94225.8;23130.0
380;100517.6;-7370.3;96601.1;23787.4
381;100666.6;-7160.5;96738.2;23816.4
382;99766.0;-8717.6;95944.9;23606.2
383;98112.8;-11034.6;94426.8;23186.8
384;99257.4;-9402.3;95472.4;23479.5
385;100283.2;-8565.0;96506.0;23759.5
386;99541.7;-8975.1;95729.0;23539.7
387;99614.0;-8834.8;95790.7;23557.5
388;99519.5;-9214.0;95736.5;23542.4
389;98647.5;-10966.1;95013.0;23352.8
390;99177.8;-9505.0;95397.7;23456.2
391;98250.0;-10832.0;94549.4;23215.0
392;101643.7;-5323.8;97605.4;24058.0
393;99234.6;-9409.6;95447.9;23472.1
394;100259.5;-7809.0;96370.6;23714.1
395;98670.4;-10241.6;94934.0;23324.1
396;100598.9;-7274.2;96678.3;23803.7
397;97746.6;-11722.8;94111.7;23097.3
398;100719.9;-7090.1;96789.7;23836.8
399;99681.5;-8845.4;95867.1;23575.2
400;102009.3;-4460.5;97924.7;24142.5
401;98280.6;-11353.9;94657.5;23246.9
402;99821.7;-8505.5;95978.1;23613.6
403;100128.1;-8065.9;96259.7;23688.9
404;101008.2;-6849.1;97081.3;23913.4
405;99286.3;-9330.9;95494.8;23485.6
406;99636.1;-10010.5;95986.7;23616.4
407;97407.4;-12584.1;93852.3;23027.3
408;98796.4;-10487.2;95109.9;23380.8
409;100230.9;-7878.1;96348.2;23708.9
410;100861.5;-7160.3;96959.0;23881.3
411;99451.1;-9090.6;95643.6;23515.5
412;101899.2;-5024.6;97872.1;24128.3
413;101634.1;-5354.6;97598.0;24055.4
414;99608.4;-9321.0;95851.7;23571.1
415;97205.9;-12347.4;93593.6;22962.8
416;97840.7;-11601.1;94200.5;23120.0
417;98906.7;-9908.0;95151.8;23392.4
418;100878.0;-7130.9;96973.5;23885.2
419;99960.3;-8985.7;96201.7;23677.2
420;97512.4;-12060.0;93897.2;23040.8
421;99502.1;-9016.7;95690.6;23529.9
422;101379.3;-6542.4;97464.9;24021.1
423;99201.9;-10385.0;95550.5;23495.7
424;98914.7;-10108.4;95187.4;23398.8
425;101948.4;-4609.6;97872.0;24128.2
426;99699.2;-9366.1;95961.9;23608.7
427;99176.1;-9864.5;95445.7;23470.8
428;100110.5;-8085.3;96242.8;23685.5
429;99739.1;-8875.5;95936.0;23602.6
430;99276.2;-9358.3;95487.5;23485.0
431;101023.6;-6542.4;97056.1;23908.5
432;100921.2;-6782.1;96973.5;23885.2
433;100634.0;-7297.6;96720.6;23813.4
434;99631.2;-8827.2;95808.4;23560.5
435;100947.5;-6756.1;97000.1;23893.7
436;99592.0;-9484.3;95857.3;23573.0
437;100147.6;-8649.4;96363.0;23712.2
438;100735.3;-7745.5;96899.5;23861.8
439;100612.9;-7230.8;96688.0;23805.9
440;101661.4;-5345.5;97631.4;24072.7
441;100230.2;-7883.8;96348.2;23708.9
442;97956.3;-11250.5;94283.1;23149.6
443;98429.2;-11183.0;94799.0;23286.0
444;101180.2;-6279.7;97197.1;23948.6
445;99336.7;-9644.9;95592.9;23505.3
446;99961.4;-9520.7;96281.8;23691.5
447;98818.5;-10196.9;95092.7;23371.0
448;100699.0;-7771.9;96862.7;23856.1
449;99297.3;-9542.9;95534.9;23493.8
450;101300.3;-6073.5;97305.3;23977.0
451;99183.8;-9464.0;95398.7;23456.3
452;100881.3;-7126.6;96976.6;23885.4
453;100438.9;-7661.0;96553.0;23775.1
454;98968.8;-9823.6;95209.0;23406.2
455;100910.7;-6761.5;96958.7;23880.9
456;98759.5;-10240.1;95033.8;23360.6
457;98767.9;-10771.9;95119.3;23381.5
458;100424.8;-8161.2;96607.5;23788.9
459;99049.2;-9844.3;95300.4;23429.4
460;99000.1;-10482.4;95337.2;23438.1
461;99310.7;-9728.3;95576.2;23501.2
462;98565.2;-11150.5;94947.2;23331.0
463;100862.9;-6815.5;96913.0;23870.7
464;100245.8;-8750.4;96491.5;23756.8
465;99676.0;-8736.1;95846.2;23570.4
466;99564.9;-9309.9;95801.1;23560.1
467;100127.6;-8701.6;96348.1;23708.8
468;101518.2;-6338.4;97602.3;24056.8
469;100672.9;-7150.8;96744.2;23818.8
470;99196.2;-9467.3;95413.1;23461.3
471;100497.1;-7991.2;96663.4;23798.4
472;99607.8;-8869.8;95788.6;23557.2
473;99510.3;-9132.2;95715.2;23535.5
474;101724.1;-5291.9;97699.1;24086.6
475;99288.7;-9347.7;95500.1;23488.9
476;99231.7;-9418.4;95445.7;23470.8
477;97514.7;-13013.0;94037.9;23077.0
478;98074.7;-12330.3;94571.9;23221.2
479;100228.4;-7898.3;96348.2;23708.9
480;98982.1;-9875.6;95230.5;23410.5
481;100290.0;-7774.7;96401.6;23733.2
482;98412.2;-11617.9;94843.6;23304.9
483;98827.0;-10634.3;95165.4;23396.3
484;100462.7;-7476.6;96554.0;23775.1
485;101176.6;-7100.0;97309.5;23977.2
486;100373.0;-7643.9;96476.7;23752.5
487;100932.5;-7218.6;97048.6;23907.7
488;101539.6;-5842.0;97553.3;24042.1
489;100715.5;-7917.8;96902.8;23864.3
490;98773.6;-10093.4;95028.9;23354.2
491;99449.0;-10224.9;95805.3;23560.3
492;100304.4;-8491.1;96518.6;23760.5
493;99210.7;-10020.4;95507.3;23489.2
494;100231.8;-7870.9;96348.2;23709.0
495;98072.8;-11101.0;94391.4;23173.1
496;98861.1;-9972.4;95110.0;23381.0
497;100298.6;-7827.0;96418.3;23737.3
498;97379.8;-12109.3;93755.5;23002.5
499;98577.9;-10386.3;94852.0;23305.6
500;99712.6;-8684.9;95880.1;23577.7
501;97922.8;-11313.1;94254.0;23141.4
502;99661.9;-9667.8;95964.1;23610.0
503;98887.4;-9924.7;95132.6;23386.5
504;99432.2;-9161.0;95632.1;23512.7
505;99363.4;-9925.1;95662.9;23522.4
506;99922.5;-8499.9;96090.2;23648.1
507;99045.5;-10314.7;95363.9;23447.6
508;99836.3;-8472.1;95989.9;23616.7
509;99063.8;-9901.7;95324.8;23437.5
510;100140.3;-9185.3;96436.8;23741.5
511;101567.4;-5518.4;97540.8;24040.3
512;99867.5;-8973.8;96095.6;23649.7
513;99919.8;-8354.4;96067.2;23641.5
514;98511.1;-10505.5;94793.8;23285.7
515;100313.5;-8793.3;96574.0;23779.6
516;98884.5;-10267.4;95176.9;23398.1
517;98776.7;-10763.6;95128.1;23384.7
518;100253.8;-8320.0;96436.8;23741.6
519;99868.0;-8864.7;96079.8;23644.4
520;100725.4;-8242.6;96963.1;23881.6
521;101275.4;-6115.7;97283.6;23975.8
522;99086.2;-10189.3;95391.3;23454.7
523;99784.2;-9141.8;96025.9;23629.9
524;101634.9;-5348.2;97598.0;24055.4
525;100772.9;-6952.5;96831.0;23849.4
526;100447.1;-7926.7;96599.0;23786.2
527;101138.0;-6338.2;97156.9;23935.2
528;98905.8;-11091.8;95321.6;23436.2
529;100423.4;-7560.9;96521.0;23762.0
530;101178.3;-6657.0;97249.0;23969.2
531;101480.7;-5784.6;97474.3;24023.7
532;98787.1;-10694.2;95129.2;23384.9
533;99419.0;-9544.5;95670.3;23523.1
534;100118.2;-8275.1;96276.5;23690.2
535;99409.2;-9398.5;95638.2;23513.8
536;99320.7;-9292.1;95527.6;23492.2
537;100478.7;-7434.6;96566.5;23778.9
538;99306.0;-9719.0;95569.7;23499.4
539;97839.2;-11549.2;94191.9;23119.1
540;99962.4;-9336.6;96255.4;23688.5
541;99056.9;-11090.6;95493.7;23485.4
542;98962.6;-9811.3;95200.5;23403.4
543;97958.9;-12041.9;94398.2;23175.4
544;100742.3;-7515.5;96874.4;23858.2
545;97389.4;-12138.4;93770.1;23005.4
546;97940.7;-11269.1;94268.2;23145.2
547;99453.4;-9112.1;95649.0;23516.0
548;101050.8;-6488.6;97079.1;23913.1
549;101116.0;-6540.1;97160.1;23935.5
550;98358.7;-11760.6;94804.3;23288.4
551;99546.9;-8978.3;95735.3;23542.2
552;98137.1;-11024.7;94452.5;23195.4
553;100732.9;-7570.7;96872.3;23858.0
554;98157.7;-11195.0;94497.5;23202.4
555;99527.5;-9366.9;95767.2;23550.2
556;100849.3;-6833.0;96899.4;23861.7
557;99447.3;-9505.7;95696.9;23531.5
558;101175.4;-7154.6;97315.9;23978.9
559;98814.9;-10054.0;95069.6;23368.4
560;99960.4;-9381.1;96259.8;23689.1
561;100664.8;-7175.5;96738.3;23816.4
562;99588.1;-8900.1;95770.4;23550.4
563;101122.9;-6915.8;97222.9;23964.4
564;100263.8;-8185.6;96429.3;23740.9
565;97946.4;-11654.5;94327.9;23158.8
567;100434.1;-7551.0;96531.6;23764.0
568;99738.8;-9388.0;96009.8;23622.2
569;98155.8;-11735.3;94573.1;23222.5
570;99810.2;-8625.5;95981.4;23614.1
571;99240.4;-9470.5;95462.8;23478.4
572;100354.8;-8166.7;96528.4;23763.7
573;100134.6;-8045.5;96263.9;23689.3
574;101706.2;-5318.7;97681.5;24083.6
575;99893.2;-8398.6;96043.7;23634.1
576;100287.6;-7786.3;96400.5;23733.1
577;100124.3;-8145.8;96266.0;23689.4
578;99574.4;-8933.1;95759.9;23549.7
579;99459.4;-9644.7;95731.0;23541.8
580;100913.6;-6737.9;96958.8;23881.1
581;100582.1;-7312.2;96664.5;23799.6
582;99026.0;-10010.4;95298.2;23429.1
583;98565.3;-10426.4;94843.7;23305.1
584;99619.7;-9201.9;95847.4;23570.5
585;100973.0;-6605.0;97007.8;23894.8
586;99656.1;-9088.5;95872.5;23576.8
587;101625.4;-5374.6;97590.3;24053.4
588;98913.6;-9903.2;95159.0;23395.6
589;99811.6;-9044.0;96042.6;23634.1
590;97092.6;-12582.6;93498.2;22935.1
591;99075.2;-9879.6;95334.1;23438.0
592;99416.2;-9165.8;95615.1;23509.2
593;100282.4;-7798.3;96396.4;23732.9
594;101593.2;-5450.2;97561.6;24043.5
595;99782.3;-8582.7;95944.9;23606.1
596;101251.9;-6432.1;97300.1;23976.7
597;100392.3;-7954.9;96541.3;23769.1
598;100731.8;-7431.8;96851.0;23855.0
599;99160.6;-10064.8;95457.4;23476.9
600;101039.0;-7562.4;97221.8;23964.3
601;98605.5;-10346.4;94877.0;23312.6
602;100259.0;-7911.4;96385.5;23728.6
603;98714.9;-10344.7;94998.0;23345.2
604;99034.9;-10693.8;95408.5;23459.5
605;98061.9;-12009.6;94508.4;23204.9
606;98963.7;-11226.4;95408.6;23459.7
607;100098.1;-8187.3;96242.9;23685.6
608;99673.0;-8761.1;95846.3;23570.4
609;98324.2;-10746.1;94620.1;23237.1
610;101300.2;-6150.4;97316.0;23979.0
611;99996.3;-8915.9;96232.1;23683.4
612;100804.1;-6993.1;96871.2;23857.8
613;100579.7;-7364.0;96668.8;23801.0
614;99038.5;-9715.8;95271.2;23419.1
615;97694.2;-11640.1;94042.3;23079.7
616;98747.1;-10314.1;95030.1;23357.4
617;101032.9;-6612.6;97075.9;23911.8
618;98627.5;-10319.1;94897.2;23314.3
619;100619.3;-7249.6;96697.4;23806.5
620;99068.3;-9812.0;95317.2;23433.5
621;99959.0;-9552.1;96284.1;23693.1
622;97757.0;-11968.8;94158.7;23110.8
623;100979.0;-6619.6;97017.0;23900.2
624;99690.6;-8753.2;95864.9;23574.8
625;100688.5;-7124.1;96757.9;23821.0
626;99909.6;-8606.3;96090.2;23648.1
627;100596.4;-7309.2;96680.4;23805.0
628;99631.4;-8826.1;95808.5;23560.6
629;100538.7;-7370.8;96624.6;23792.6
630;98139.8;-11003.2;94452.5;23195.5
631;98600.9;-10342.4;94871.6;23311.9
632;100528.3;-7374.8;96613.7;23789.2
633;99695.5;-8712.7;95864.9;23574.9
634;99344.9;-10246.1;95690.6;23529.9
635;99498.4;-9356.1;95733.2;23542.1
636;100248.2;-8060.8;96393.9;23732.1
637;99075.6;-9899.1;95337.3;23438.2
638;100126.3;-9026.4;96396.4;23732.8
639;98774.1;-10087.4;95029.0;23357.4
640;99209.4;-10068.0;95512.7;23490.9
641;100786.7;-6981.1;96850.0;23853.9
642;100658.6;-8572.6;96935.3;23872.8
643;98537.2;-10774.1;94860.7;23309.5
644;100617.0;-7420.0;96718.5;23813.3
645;98550.7;-11007.0;94910.0;23319.6
646;100530.4;-7383.2;96617.1;23789.8
647;97749.2;-11534.8;94089.2;23091.9
648;98478.5;-11071.1;94838.5;23303.7
649;99111.3;-10144.5;95413.0;23461.3
650;99565.2;-8908.2;95745.9;23545.2
651;101250.7;-6143.1;97259.7;23970.3
652;100677.5;-7364.9;96778.8;23828.5
653;101307.1;-6833.6;97423.1;24010.1
654;101022.0;-6554.6;97056.0;23908.4
655;99445.9;-9126.9;95642.6;23514.4
656;99464.5;-9069.8;95655.5;23517.8
657;100794.6;-7495.0;96931.2;23872.6
658;99764.0;-8751.1;95947.2;23606.6
659;99539.0;-9179.4;95753.5;23548.0
660;98313.6;-10920.5;94631.8;23239.3
661;99624.2;-8829.9;95801.2;23560.2
662;96801.7;-12944.4;93222.9;22860.8
663;99193.3;-9883.7;95468.0;23478.7
664;98698.5;-10308.2;94974.4;23336.8
665;100457.2;-7666.1;96573.9;23779.6
666;99232.1;-9414.7;95445.7;23470.9
667;99375.1;-9351.1;95595.0;23506.5
668;101065.6;-7184.5;97194.9;23946.4
669;98596.4;-10586.4;94899.4;23315.7
670;100062.7;-8220.2;96208.0;23677.7
671;97748.9;-11561.0;94092.4;23092.2
672;99835.1;-8489.4;95990.9;23616.7
673;100183.9;-7945.6;96305.0;23697.5
674;100668.5;-7169.4;96741.6;23816.9
675;98728.2;-10505.2;95036.0;23360.9
676;100076.1;-8122.9;96210.2;23680.0
677;100051.6;-8310.8;96208.1;23678.8
678;99647.6;-9203.8;95879.0;23577.6
679;99899.7;-8410.1;96052.1;23635.8
680;100240.8;-7876.3;96358.9;23711.9
681;100163.1;-7984.7;96287.4;23693.5
682;98603.0;-10919.9;94954.5;23331.4
683;98339.3;-11715.5;94775.0;23276.8
684;102462.7;-3275.0;98315.1;24255.9
685;101702.7;-5800.9;97746.7;24095.7
686;98283.9;-10797.9;94582.5;23226.2
687;100121.6;-8748.3;96348.1;23708.8
688;100357.7;-8052.3;96515.5;23760.3
689;100377.3;-8717.6;96635.0;23794.2
690;99894.6;-8379.2;96042.6;23634.0
691;98718.5;-10495.7;95023.4;23353.4
692;99532.7;-9071.9;95732.1;23541.8
693;99169.9;-9868.1;95439.1;23467.8
694;99855.3;-8640.7;96034.3;23631.5
695;99459.3;-9087.8;95652.4;23517.6
696;99597.3;-8910.3;95781.8;23552.1
697;100812.2;-6984.5;96878.7;23858.6
698;101049.2;-6503.5;97079.2;23913.2
699;98372.6;-11495.7;94780.8;23280.1
700;99251.8;-9375.4;95462.8;23478.4
701;98897.8;-9903.1;95141.1;23388.2
702;100902.8;-7623.7;97072.9;23911.7
703;99677.2;-8768.8;95851.8;23571.2
704;101155.5;-7127.1;97289.9;23976.3
705;99039.3;-10921.6;95446.8;23470.9
706;99692.0;-9277.4;95940.4;23603.4
707;98322.8;-10749.9;94619.0;23237.0
708;101128.9;-6374.7;97151.8;23934.9
709;99320.3;-9544.5;95561.2;23497.6
710;98095.3;-11613.8;94488.0;23200.7
711;99064.8;-9981.5;95337.3;23438.2
712;97258.8;-12751.1;93708.3;22989.1
713;99634.2;-9242.5;95869.3;23575.5
714;99635.9;-10205.4;96015.1;23624.6
715;100018.1;-8392.4;96181.5;23668.4
716;101331.8;-6112.2;97347.3;23990.2
717;99427.8;-9110.1;95620.6;23510.9
718;100607.4;-7260.4;96685.9;23805.8
719;100049.7;-8294.3;96203.8;23677.3
720;99527.7;-9027.6;95720.5;23536.9
721;97556.7;-11844.5;93917.3;23046.5
722;100674.8;-7615.7;96812.1;23840.9
723;99012.9;-10952.4;95421.3;23461.7
724;99699.0;-9198.5;95937.0;23602.7
725;98385.3;-10830.1;94698.6;23256.1
726;100034.3;-8219.8;96176.2;23667.9
727;99782.1;-9061.3;96010.8;23622.3
728;99686.8;-9330.9;95942.6;23604.6
729;99563.5;-9133.8;95774.7;23551.9
730;100855.5;-6893.5;96915.2;23871.0
731;100769.6;-6980.4;96831.0;23849.4
732;100499.4;-7610.7;96613.7;23789.3
733;103423.1;100.0;99100.8;24470.3
734;99000.3;-10402.0;95325.9;23437.6
735;99337.3;-9257.6;95541.2;23494.2
736;98659.1;-10357.3;94937.4;23325.7
737;100079.8;-8970.0;96332.4;23699.6
738;98981.7;-9984.4;95245.0;23415.2
739;96910.8;-12821.5;93327.8;22888.8
740;98366.9;-11354.4;94754.0;23274.2
741;99816.9;-8528.1;95975.9;23613.2
742;100779.8;-7198.0;96872.2;23857.9
743;98100.8;-11058.6;94416.7;23184.2
744;98991.6;-10411.3;95317.2;23433.5
745;99588.8;-8902.1;95771.4;23550.5
746;98963.1;-9822.9;95202.6;23404.7
747;100263.6;-8122.4;96420.4;23738.5
748;99742.0;-8810.4;95930.2;23601.5
749;100019.0;-8600.7;96212.3;23680.1
750;98961.7;-9836.1;95202.8;23405.0
751;101378.6;-5963.1;97381.2;24002.1
752;99718.4;-8695.2;95888.0;23580.2
753;101101.6;-6506.2;97139.3;23933.2
754;99148.2;-10311.5;95479.9;23483.2
755;100241.3;-8659.1;96472.5;23752.3
756;98971.3;-10123.3;95253.4;23415.8
757;98737.3;-10161.8;94998.0;23347.3
758;98989.0;-9755.7;95222.0;23408.7
759;99690.4;-8730.3;95861.5;23573.3
760;99447.0;-9514.7;95698.1;23531.8
761;101191.0;-7472.2;97383.3;24002.3
762;98533.4;-10453.7;94811.7;23293.0
763;98584.8;-10438.6;94867.0;23311.1
764;101453.2;-6517.8;97549.1;24040.7
765;100391.4;-7603.1;96491.5;23756.8
766;97755.7;-11621.4;94108.2;23096.5
767;100229.1;-8157.5;96386.7;23730.8
768;99811.8;-9681.4;96136.8;23657.1
769;97485.6;-11935.6;93850.1;23027.1
770;99344.5;-9296.0;95553.8;23496.1
771;99683.6;-8923.2;95880.1;23577.7
772;100432.5;-8167.8;96617.0;23789.7
773;100718.1;-7325.8;96820.4;23842.5
774;99844.2;-8477.8;95999.2;23617.2
775;100845.6;-6863.3;96899.4;23861.8
776;99583.6;-8873.4;95762.1;23549.9
777;98832.8;-10010.6;95083.3;23370.4
778;98753.4;-10138.4;95013.0;23352.8
779;100320.3;-7719.7;96428.1;23739.4
780;97677.1;-11684.9;94029.5;23076.5
781;100320.1;-8615.9;96556.2;23775.4
782;98518.3;-10860.2;94852.1;23306.7
783;99360.8;-9239.7;95564.3;23497.9
784;100188.9;-8537.4;96395.1;23732.4
785;100983.4;-6983.9;97071.6;23909.3
786;97582.5;-12550.2;94046.6;23080.1
787;98884.8;-9921.6;95129.2;23384.9
788;99667.9;-9565.6;95955.7;23607.3
789;99007.2;-10408.0;95334.1;23437.9
790;100580.3;-7887.1;96742.7;23817.1
791;97544.2;-11847.1;93903.7;23042.6
792;100128.0;-8034.3;96255.4;23688.5
793;100143.1;-8400.4;96321.9;23698.8
794;99793.9;-8567.7;95955.7;23607.3
795;100821.7;-7472.0;96958.9;23881.2
796;98445.8;-10642.7;94740.0;23269.8
797;100930.0;-6680.5;96969.2;23882.7
798;98987.7;-9781.1;95224.1;23409.8
799;100515.2;-7481.7;96613.7;23789.2
800;99274.8;-10162.2;95599.3;23506.9
801;100586.4;-7509.4;96696.3;23806.3
802;100455.1;-8320.8;96664.6;23799.7
803;98007.1;-12405.7;94507.2;23204.6
804;99572.8;-8915.2;95755.6;23548.2
805;99642.5;-8811.2;95819.0;23563.4
806;99487.4;-9060.1;95680.1;23527.2
807;98938.8;-9855.5;95180.1;23398.3
808;101559.9;-6506.8;97679.4;24081.5
809;99963.1;-8287.7;96106.3;23650.7
810;101299.3;-6747.0;97401.1;24005.5
811;99136.7;-9575.0;95361.6;23447.2
812;98621.7;-10333.2;94892.7;23313.6
813;99879.2;-8422.6;96031.1;23631.3
814;99145.4;-9528.8;95365.0;23447.7
815;102324.0;-3655.5;98197.7;24227.0
816;99961.3;-8558.3;96141.2;23658.8
817;100854.2;-7536.9;97005.3;23894.1
818;99501.7;-9035.5;95692.8;23531.3
819;99315.5;-9838.4;95597.2;23506.7
820;99569.0;-9742.4;95869.3;23575.6
821;100097.3;-8248.4;96250.1;23687.0
822;100659.0;-7178.1;96732.1;23815.1
823;99574.1;-9125.4;95785.4;23555.9
824;98916.4;-10538.9;95251.3;23415.7
825;98609.3;-10363.3;94883.3;23313.1
826;99547.7;-9715.8;95840.9;23567.8
827;100197.0;-8844.0;96449.6;23746.9
828;100237.5;-7855.4;96352.6;23711.5
829;99708.4;-8719.5;95880.1;23577.7
830;99101.9;-9596.4;95325.9;23437.6
831;99758.7;-9519.5;96051.9;23635.5
832;100343.7;-7677.0;96448.6;23746.8
833;99674.8;-8899.7;95867.0;23575.1
834;99865.7;-8416.4;96015.1;23624.6
835;99553.9;-9102.8;95759.8;23548.6
836;100673.4;-7444.9;96786.4;23835.4
837;99269.5;-9365.1;95481.0;23483.3
838;99937.9;-8350.6;96087.0;23646.8
839;100111.7;-8377.2;96284.2;23693.2
840;100527.3;-7383.1;96613.7;23789.2
841;101344.6;-5976.3;97343.2;23990.0
842;100460.9;-7490.8;96554.0;23775.2
843;100381.2;-7631.7;96484.0;23754.0
844;98125.7;-11474.1;94501.9;23204.1
845;100318.5;-8185.8;96490.4;23754.6
846;102215.6;-3936.7;98103.2;24193.6
847;98769.9;-10693.6;95109.9;23380.8
848;98671.9;-10238.3;94935.1;23324.3
849;99502.4;-9078.2;95699.3;23533.1
850;100747.0;-7534.0;96882.8;23859.8
851;100303.8;-7746.6;96413.1;23735.0
852;99222.6;-9501.6;95446.8;23471.0
853;99697.3;-8713.8;95867.1;23575.2
854;100847.8;-6869.3;96902.6;23862.1
855;100461.0;-7474.0;96551.9;23775.0
856;102324.7;-3902.0;98233.5;24235.0
857;100604.2;-8517.0;96866.0;23857.6
858;99967.8;-9217.0;96244.0;23685.8
859;100239.8;-8841.3;96497.8;23757.3
860;99368.4;-9219.0;95569.9;23499.8
861;98715.5;-10170.4;94974.5;23337.0
862;99897.7;-8551.0;96069.3;23641.6
863;100137.8;-8835.5;96380.3;23724.2
864;98279.6;-10809.6;94579.3;23224.9
865;99185.9;-9494.7;95405.3;23458.2
866;99314.0;-9552.9;95554.8;23496.1
867;100018.9;-8223.3;96159.3;23663.5
868;99459.9;-9148.4;95660.8;23518.2
869;100114.1;-8787.5;96344.9;23705.4
870;99846.2;-8484.2;96002.3;23617.4
871;100819.2;-7235.6;96921.8;23871.9
872;97838.7;-12013.3;94258.5;23142.1
873;101511.0;-5803.9;97513.0;24031.4
874;101249.7;-6126.8;97256.4;23969.8
875;99798.7;-8536.6;95956.7;23607.4
876;100439.5;-7521.3;96533.7;23765.1
877;100338.4;-8024.9;96490.4;23754.6
878;98859.8;-10609.8;95198.1;23401.9
879;99910.9;-8387.7;96061.9;23640.0
880;100562.4;-7466.1;96663.4;23798.5
881;100062.1;-8168.7;96200.7;23677.2
882;100752.0;-7718.9;96915.3;23871.2
883;99755.0;-9183.2;95998.1;23617.2
884;99719.2;-9344.8;95981.4;23614.0
885;98922.3;-9880.5;95165.4;23396.3
886;99359.8;-9223.3;95561.1;23496.5
887;99184.6;-9914.3;95462.8;23478.5
888;101583.4;-5473.7;97553.4;24042.2
889;99998.7;-8245.6;96140.0;23658.4
890;98611.2;-10810.8;94948.2;23331.0
891;100158.7;-8052.5;96291.4;23693.5
892;99535.7;-8967.5;95721.6;23539.0
893;96432.4;-14096.2;92969.1;22790.2
894;100257.9;-7830.7;96371.7;23714.3
895;98081.7;-11230.1;94418.9;23185.5
896;100348.2;-7716.8;96458.9;23749.3
897;98705.1;-10370.6;94990.5;23343.4
898;98067.8;-11993.3;94512.6;23205.2
899;100270.6;-7816.8;96385.5;23728.5
900;98157.4;-11040.0;94476.4;23198.9
901;99221.0;-9706.2;95473.5;23479.5
902;99933.5;-8506.2;96103.0;23650.3
903;100395.3;-7609.5;96496.7;23757.1
904;100525.4;-7509.5;96628.7;23793.8
905;99642.0;-9163.6;95867.1;23575.1
906;98854.0;-10015.0;95107.8;23379.6
907;101806.3;-4944.5;97747.9;24096.1
908;99082.5;-9703.6;95318.6;23435.1
909;101598.5;-5918.6;97639.1;24073.8
910;99259.3;-9369.5;95470.2;23479.1
911;100935.9;-6907.0;97007.8;23894.8
912;100886.4;-6788.2;96935.3;23872.7
913;98615.2;-10450.1;94901.6;23316.0
914;100027.4;-8802.0;96250.1;23685.9
915;100434.4;-8329.4;96642.2;23795.6
916;100407.3;-8159.4;96587.4;23783.2
917;99503.3;-9189.8;95715.2;23535.5
918;99851.9;-9758.7;96194.2;23674.5
919;99318.1;-9296.5;95525.4;23491.9
920;98505.7;-10483.1;94784.4;23281.0
921;100762.8;-7160.1;96847.9;23853.8
922;99038.0;-10395.5;95367.2;23448.0
923;101038.6;-7530.3;97216.5;23962.9
924;100384.0;-7632.8;96487.2;23754.3
925;98786.9;-10085.9;95043.3;23364.4
926;99561.9;-8975.4;95751.2;23545.6
927;99445.4;-9114.2;95640.4;23514.1
928;98748.7;-10566.1;95067.6;23368.3
929;100253.8;-8005.6;96392.8;23732.0
930;99229.8;-9434.0;95445.8;23470.9
931;101479.7;-5865.9;97484.8;24025.4
932;100670.2;-7163.5;96742.6;23817.0
933;98803.7;-10059.1;95058.0;23365.5
934;99681.1;-8935.4;95879.0;23577.6
935;99407.9;-9773.7;95691.7;23531.1
936;98011.2;-11638.3;94398.2;23175.5
937;100734.2;-7034.9;96798.2;23838.6
938;100632.4;-7957.2;96814.2;23841.1
939;100721.8;-7106.3;96793.9;23837.2
940;99157.9;-10142.8;95465.9;23478.7
941;100886.4;-6759.1;96931.2;23872.6
942;99451.7;-9506.7;95702.6;23534.6
943;100735.4;-7040.8;96800.4;23838.9
944;101593.4;-6032.2;97649.6;24075.5
945;99897.5;-8356.1;96042.6;23633.9
946;98132.7;-11818.2;94558.9;23216.7
947;99408.5;-9172.6;95607.7;23508.5
948;100307.1;-8514.0;96525.2;23763.4
949;101039.8;-6527.2;97071.7;23909.4
950;98434.9;-11338.8;94828.6;23299.3
951;99492.6;-9333.7;95723.6;23539.2
952;99839.1;-9456.4;96133.6;23655.8
953;100170.6;-8248.1;96331.3;23699.6
954;100706.4;-7150.1;96782.2;23832.0
955;98748.2;-10117.2;95004.2;23349.5
956;99076.0;-10954.2;95493.8;23485.5
957;100814.4;-6909.0;96871.2;23857.8
958;100151.2;-8059.7;96284.1;23693.0
959;100167.6;-8383.3;96347.1;23706.7
960;100916.9;-6894.3;96984.0;23886.1
961;99850.8;-8484.7;96007.6;23619.9
962;100296.7;-7836.2;96417.3;23735.3
963;99401.2;-9249.7;95609.8;23508.7
964;98249.7;-11339.3;94621.2;23238.4
965;98339.4;-10987.8;94670.2;23248.9
966;99816.2;-8534.2;95976.0;23613.4
967;99437.5;-9707.6;95715.2;23535.4
968;98995.9;-10120.6;95279.8;23420.9
969;100068.5;-8171.5;96208.1;23678.8
970;98787.9;-10086.2;95044.5;23364.6
971;99856.6;-8475.6;96013.0;23623.5
972;99684.8;-8899.2;95878.0;23577.5
973;98669.8;-11416.8;95104.3;23375.9
974;97335.0;-12165.1;93712.7;22989.7
975;101297.8;-6062.6;97301.3;23976.9
976;100075.3;-8116.5;96208.0;23677.7
977;96947.8;-12747.8;93359.0;22897.0
978;99284.0;-9333.6;95492.6;23485.3
979;100127.3;-8255.6;96284.1;23693.1
980;99393.5;-9881.8;95690.6;23530.0
981;100338.8;-7830.0;96464.0;23749.5
982;98688.5;-10398.1;94975.8;23337.3
983;99929.0;-8347.9;96076.4;23642.9
984;99683.0;-8743.6;95855.1;23572.7
985;99492.9;-9384.3;95731.1;23541.8
986;99465.9;-9365.4;95698.0;23531.6
987;99940.6;-8408.1;96097.8;23650.0
988;100728.2;-7092.3;96799.3;23838.8
989;99181.7;-9481.6;95398.8;23456.5
990;99255.5;-9709.8;95512.7;23490.9
991;99911.4;-8367.2;96059.7;23639.7
992;99477.0;-9901.4;95788.5;23557.1
993;100088.3;-8549.0;96281.7;23691.4
994;100520.1;-7381.1;96605.3;23787.6
995;101111.2;-6412.3;97137.2;23933.0
996;99604.5;-8897.6;95788.7;23557.4
997;97353.6;-12135.9;93730.0;22996.7
998;99647.1;-8966.9;95845.2;23570.4
999;100111.4;-8125.9;96249.0;23685.8
1000;99538.9;-8981.8;95726.8;23539.5
