CASO;pATIVA;pREATIVA;dATIVA;dREATIVA
1;61583.0;-22907.8;59994.9;11600.9
2;58896.3;-25400.9;57445.9;11093.7
3;59018.9;-25058.2;57546.6;11108.2
4;58342.5;-26226.7;56922.4;10987.3
5;60676.2;-23565.1;59130.6;11427.2
6;56931.9;-28311.3;55526.3;10707.7
7;61720.4;-22848.3;60128.2;11626.1
8;58725.6;-25453.2;57272.3;11059.2
9;60015.4;-24203.7;58509.0;11303.6
10;59328.0;-24875.3;57854.0;11175.8
11;61379.0;-23163.2;59809.2;11566.9
12;57182.9;-28329.8;55796.3;10763.2
13;59241.9;-25066.1;57778.7;11158.3
14;59192.5;-24999.5;57722.4;11144.0
15;60981.9;-23513.5;59435.3;11485.2
16;58321.0;-26019.0;56886.9;10981.1
17;59414.2;-24872.9;57942.8;11192.5
18;58575.8;-25884.1;57145.6;11031.3
19;59679.9;-24542.5;58191.7;11246.0
20;60322.6;-24023.6;58808.9;11365.0
21;58322.2;-25983.8;56885.7;10981.0
22;61000.6;-23445.7;59449.0;11486.6
23;60701.3;-23726.4;59168.5;11434.2
24;60225.0;-24005.5;58708.4;11345.8
25;60705.0;-23675.5;59168.4;11434.1
26;58809.5;-25480.7;57361.2;11075.1
27;59481.2;-24744.7;58002.6;11202.1
28;58517.4;-25697.0;57072.1;11020.5
29;59306.0;-24836.3;57828.6;11173.5
30;60253.0;-24059.4;58741.1;11352.1
31;58802.9;-25485.4;57354.7;11074.4
32;59148.8;-25343.1;57702.0;11141.7
33;58827.1;-25203.5;57358.5;11074.8
34;58616.5;-25721.1;57177.9;11039.4
35;58821.0;-25524.8;57376.6;11079.5
36;59589.9;-24805.3;58119.1;11228.7
37;58298.7;-26167.8;56873.3;10978.1
38;59912.6;-24320.0;58412.4;11284.0
39;61626.3;-22906.2;60038.1;11607.9
40;60514.3;-23902.4;58993.2;11399.3
41;59392.9;-24866.0;57920.3;11188.4
42;58568.1;-25855.0;57135.7;11030.3
43;58746.6;-25347.0;57286.0;11062.9
44;61656.6;-22989.4;60073.7;11614.4
45;59677.7;-24725.9;58203.3;11247.9
46;58874.5;-25402.5;57423.1;11087.5
47;59856.6;-24501.4;58368.9;11272.0
48;62158.8;-22407.3;60536.4;11708.9
49;59774.1;-24449.2;58280.5;11257.1
50;60367.5;-23987.3;58851.6;11375.9
51;59980.0;-24411.2;58488.8;11300.6
52;59211.0;-25057.9;57746.2;11152.7
53;58273.8;-26101.2;56843.1;10974.1
54;59210.4;-25087.2;57747.8;11153.1
55;59364.4;-24971.1;57898.3;11182.3
56;60320.6;-24112.9;58813.5;11365.5
57;60634.3;-23702.5;59099.3;11423.3
58;60737.7;-23713.0;59204.3;11443.7
59;59969.6;-24365.2;58474.3;11293.9
60;60702.4;-23524.9;59153.8;11431.4
61;58722.9;-25548.5;57276.6;11061.0
62;61120.9;-23337.3;59562.7;11515.7
63;60229.2;-24088.7;58719.1;11348.0
64;59263.8;-25057.4;57801.1;11167.0
65;60215.6;-23910.2;58691.0;11343.1
66;59530.5;-24765.4;58055.0;11212.7
67;60987.0;-23412.7;59433.0;11485.0
68;61460.9;-22925.9;59873.7;11577.4
69;62265.8;-22334.3;60638.0;11727.1
70;57974.3;-26651.3;56560.3;10914.0
71;57925.4;-26539.3;56502.2;10902.4
72;59023.0;-25361.4;57574.0;11118.0
73;59819.9;-24449.4;58327.4;11267.6
74;60674.8;-23733.5;59142.3;11429.5
75;60012.2;-24199.2;58505.4;11303.4
76;57230.6;-28112.4;55838.8;10769.8
77;59283.9;-24711.9;57795.7;11163.0
78;60614.6;-23767.2;59084.5;11420.0
79;59897.8;-24468.9;58408.7;11282.6
80;60556.1;-23637.0;59014.5;11403.5
81;59348.4;-24930.1;57878.9;11179.9
82;59377.7;-24911.1;57907.7;11184.3
83;59851.2;-24525.7;58365.1;11271.5
84;60099.8;-24311.4;58603.7;11322.1
85;59872.9;-24405.2;58378.1;11274.9
86;59778.1;-24395.5;58280.3;11256.9
87;58815.0;-25617.3;57376.7;11079.6
88;60067.5;-24342.2;58573.1;11317.5
89;59775.6;-24483.9;58284.8;11258.2
90;60975.0;-23504.4;59427.6;11482.8
91;61060.0;-23434.4;59508.4;11501.6
92;59850.4;-24506.0;58362.8;11271.4
93;59190.1;-25137.0;57730.0;11144.9
94;58858.6;-25573.3;57418.8;11086.3
95;60138.1;-24015.6;58620.0;11324.7
96;59711.3;-24661.8;58232.9;11250.9
97;59217.8;-25119.7;57757.8;11153.8
98;59677.4;-24588.7;58193.0;11246.2
99;58879.0;-25531.7;57437.4;11092.6
100;60485.5;-23662.0;58945.0;11391.2
101;59086.5;-25319.5;57636.7;11131.7
102;61093.9;-23405.5;59540.3;11508.6
103;60109.5;-24102.2;58597.5;11321.3
104;60328.5;-24046.1;58816.7;11367.2
105;58328.7;-26048.2;56896.9;10982.7
106;59820.6;-24666.3;58344.1;11269.6
107;60505.4;-23998.4;58991.0;11399.2
108;58484.2;-25922.3;57052.6;11016.5
109;59301.3;-24920.0;57829.9;11173.7
110;59671.9;-24563.6;58185.1;11240.9
111;58007.8;-26464.9;56585.2;10921.8
112;60006.5;-24258.0;58504.4;11303.3
113;60644.6;-23674.0;59107.5;11424.9
114;58604.5;-25663.5;57161.1;11034.6
115;60049.8;-24246.0;58547.5;11309.5
116;58075.9;-26328.5;56649.9;10937.1
117;59577.7;-24643.9;58094.5;11220.9
118;57727.3;-26785.9;56306.8;10863.9
119;60954.7;-23669.2;59418.4;11481.8
120;60117.2;-24063.8;58602.5;11322.0
121;59594.7;-24591.6;58108.0;11225.3
122;58693.8;-25665.1;57254.6;11055.6
123;61150.9;-23297.7;59589.8;11519.9
124;61983.7;-22594.7;60373.7;11675.4
125;57421.0;-27632.6;56020.7;10807.7
126;61103.0;-23457.8;59553.1;11511.8
127;61581.1;-22996.2;59999.4;11602.3
128;60036.6;-24187.0;58529.3;11307.0
129;58200.9;-26358.7;56782.3;10959.5
130;60671.4;-23570.9;59126.3;11426.9
131;59406.8;-24876.3;57935.2;11190.6
132;58905.1;-25350.2;57451.4;11095.5
133;58174.8;-26133.2;56740.9;10954.8
134;60268.4;-24106.6;58760.5;11356.3
135;60573.2;-23795.3;59044.6;11412.1
136;58877.3;-25519.9;57434.7;11092.1
137;60253.1;-23937.5;58731.4;11350.0
138;58263.6;-26248.4;56841.7;10973.9
139;60582.0;-23839.7;59057.1;11416.1
140;59679.8;-24616.0;58197.5;11246.5
141;59411.0;-24732.1;57929.3;11190.0
142;59510.3;-24758.1;58033.3;11206.5
143;60678.1;-23584.4;59134.2;11428.6
144;60543.8;-23644.1;59002.6;11401.0
145;60235.9;-24306.7;58740.9;11352.0
146;59785.8;-24590.4;58303.5;11261.9
147;59707.6;-24719.7;58233.0;11251.0
148;60374.2;-23940.0;58854.8;11376.1
149;59901.5;-24462.9;58412.1;11283.8
150;60443.8;-23973.5;58927.4;11387.5
151;59249.2;-25100.5;57789.0;11161.6
152;56751.2;-29006.2;55355.1;10680.3
153;60864.9;-23552.7;59320.4;11463.7
154;62280.6;-22109.4;60638.2;11727.3
155;60144.0;-24220.7;58642.0;11328.7
156;59505.7;-24826.4;58033.6;11206.7
157;59450.8;-24941.1;57985.2;11198.7
158;59482.1;-24783.3;58006.2;11203.6
159;59648.3;-24777.9;58176.4;11237.3
160;58297.2;-26067.0;56865.3;10977.6
161;59018.6;-25162.1;57554.7;11113.5
162;58429.3;-26053.8;57002.9;11003.4
163;59923.7;-24347.2;58425.9;11285.7
164;59279.2;-24885.9;57804.4;11167.2
165;60202.7;-24126.4;58695.2;11343.9
166;59408.5;-24950.5;57942.4;11192.2
167;60805.5;-23639.0;59267.2;11454.9
168;59884.6;-24465.5;58394.8;11277.7
169;62257.7;-22538.3;60639.7;11727.7
170;57377.0;-27696.0;55977.4;10803.2
171;58847.0;-25598.6;57408.2;11083.3
172;60718.4;-23506.1;59168.5;11434.2
173;62681.8;-21909.1;61024.5;11803.7
174;59316.1;-25046.9;57854.1;11175.9
175;59678.4;-24575.5;58193.0;11246.2
176;59347.9;-24855.8;57873.2;11179.2
177;61210.0;-23303.0;59649.6;11530.4
178;59278.6;-24983.1;57811.1;11170.3
179;60450.7;-23862.7;58926.0;11387.2
180;59235.5;-25164.5;57779.2;11159.7
181;58111.5;-26499.3;56697.1;10946.9
182;59998.4;-24337.4;58502.1;11303.1
183;60221.8;-24059.1;58709.5;11346.8
184;61174.5;-23344.2;59616.8;11522.1
185;59487.8;-24877.6;58018.7;11204.7
186;58886.1;-25477.2;57440.9;11093.0
187;60301.9;-23904.6;58778.5;11359.8
188;59911.9;-24369.0;58415.5;11284.8
189;59963.7;-24381.6;58469.4;11292.3
190;59527.2;-24817.9;58055.4;11213.0
191;61010.4;-23520.1;59464.4;11491.3
192;60062.6;-24311.0;58565.7;11315.6
193;61921.4;-22534.8;60307.9;11661.5
194;60957.3;-23436.1;59404.8;11479.7
195;60425.6;-23824.5;58897.5;11383.7
196;57688.4;-27252.4;56288.3;10862.5
197;60344.5;-24012.1;58830.1;11369.2
198;60119.3;-24241.3;58618.4;11324.3
199;60587.0;-23875.6;59064.7;11417.2
200;60876.9;-23535.3;59331.3;11465.4
201;59165.3;-25024.3;57696.3;11141.3
202;60613.8;-23744.7;59081.8;11418.5
203;58962.7;-25330.2;57509.2;11104.2
204;61970.7;-22680.1;60366.0;11674.1
205;58046.0;-26555.9;56630.8;10930.8
206;57557.3;-27031.2;56138.7;10832.5
207;57669.1;-27130.2;56262.3;10855.6
208;58561.4;-25858.5;57129.1;11029.9
209;58307.7;-25975.5;56869.9;10977.9
210;61978.0;-22563.8;60366.1;11674.2
211;59254.4;-24854.2;57776.0;11157.9
212;58037.3;-26503.8;56618.6;10928.3
213;60959.6;-23465.6;59409.3;11481.0
214;58931.1;-25234.9;57469.7;11098.5
215;58166.8;-26193.0;56736.5;10954.0
216;60673.7;-23746.8;59142.3;11429.5
217;60382.2;-23923.6;58861.6;11376.7
218;59104.8;-25227.5;57649.0;11134.1
219;61310.7;-23226.9;59745.0;11550.9
220;59790.6;-24434.0;58296.0;11259.0
221;61577.1;-22918.5;59989.8;11600.1
222;60206.9;-24266.4;58709.4;11346.8
223;61495.9;-23026.4;59916.4;11586.7
224;59760.7;-24459.2;58267.6;11255.7
225;58174.6;-26277.7;56750.1;10956.1
226;62592.3;-21865.3;60933.3;11789.3
227;58970.8;-25438.0;57525.3;11106.2
228;59376.2;-24951.3;57909.1;11184.5
229;58781.6;-25627.7;57343.0;11073.3
230;59368.8;-25004.4;57905.3;11184.0
231;59910.6;-24429.7;58418.9;11285.0
232;59866.7;-24521.9;58380.8;11275.4
233;60418.1;-23951.0;58899.8;11383.9
234;61790.6;-22695.0;60188.0;11638.4
235;59488.0;-24697.2;58006.0;11203.4
236;58166.3;-26225.3;56738.3;10954.5
237;58247.9;-25856.1;56797.8;10962.5
238;58821.9;-25648.4;57385.6;11080.2
239;57654.7;-26757.1;56228.3;10850.9
240;60611.8;-23773.1;59082.0;11418.6
241;59048.7;-25125.2;57583.2;11118.9
242;59270.5;-24803.0;57788.8;11161.5
243;59605.1;-24671.5;58125.0;11229.9
244;57981.9;-26513.3;56560.3;10913.9
245;58597.7;-25718.2;57157.8;11034.5
246;60441.1;-23964.3;58924.1;11386.5
247;60376.0;-23918.0;58854.8;11376.1
248;59096.3;-25243.3;57641.5;11133.3
249;61804.2;-22772.0;60206.6;11640.4
250;58085.2;-26338.1;56660.2;10939.9
251;59216.0;-25060.3;57751.6;11153.7
252;59334.6;-25006.1;57870.3;11178.9
253;56359.5;-30661.1;54963.2;10596.4
254;61956.9;-22600.3;60347.5;11671.3
255;60085.4;-23996.6;58564.2;11314.2
256;58380.9;-26028.1;56950.2;10991.7
257;62098.6;-22489.6;60481.5;11693.7
258;60328.9;-24000.4;58813.4;11365.4
259;60133.0;-24208.5;58630.0;11327.5
260;58887.2;-25579.6;57448.8;11095.2
261;59750.8;-24555.4;58265.0;11255.3
262;57819.3;-26877.4;56408.9;10882.7
263;60587.8;-23724.1;59054.0;11414.3
264;59198.2;-25025.4;57730.1;11145.0
265;59792.6;-24466.3;58300.9;11261.5
266;61075.1;-23305.0;59513.8;11501.9
267;59971.3;-24340.8;58474.1;11293.8
268;59951.7;-24279.1;58449.3;11288.3
269;59962.1;-24341.0;58464.7;11291.9
270;58766.3;-25389.3;57309.7;11065.3
271;60640.5;-23605.1;59097.8;11421.9
272;61482.7;-22974.5;59899.1;11582.9
273;60544.1;-23742.6;59011.0;11403.1
274;60691.9;-23656.6;59153.8;11431.4
275;58588.7;-25677.9;57145.7;11031.4
276;58596.7;-25702.2;57155.5;11032.6
277;57916.5;-26764.1;56506.0;10904.7
278;61098.5;-23470.8;59549.5;11511.3
279;59310.1;-25048.3;57848.1;11175.2
280;61309.6;-23157.1;59738.9;11550.0
281;58682.9;-25775.4;57250.2;11053.6
282;59118.7;-25027.7;57648.5;11133.9
283;59756.9;-24338.7;58254.1;11254.2
284;60728.9;-23701.6;59194.7;11442.5
285;59700.4;-24583.1;58216.0;11249.1
286;59886.3;-24411.8;58392.4;11277.5
287;59656.6;-24642.8;58175.2;11237.1
288;59855.3;-24294.2;58351.5;11270.5
289;58313.2;-25958.7;56874.4;10978.2
290;59713.7;-24678.1;58236.6;11251.4
291;59393.3;-24985.5;57929.3;11190.0
292;59557.6;-24662.2;58075.3;11216.9
293;60192.0;-24270.7;58694.7;11343.6
294;58820.2;-25378.4;57364.8;11075.5
295;59527.5;-24704.7;58047.4;11210.6
296;59264.1;-25054.3;57801.3;11167.1
297;60126.1;-24080.9;58612.9;11324.0
298;60569.5;-23773.3;59039.3;11411.1
299;58488.3;-25857.7;57052.2;11014.3
300;60330.4;-23980.8;58813.4;11365.4
301;62114.9;-22506.1;60498.6;11699.2
302;57885.2;-26756.6;56472.5;10898.1
303;58647.3;-25553.5;57197.9;11043.0
304;58585.4;-25676.1;57142.0;11031.1
305;59281.0;-25024.3;57816.6;11171.2
306;61579.6;-22937.3;59993.7;11600.7
307;59661.3;-24559.6;58173.7;11236.7
308;58790.0;-25560.9;57347.1;11074.0
309;60372.3;-24039.6;58860.4;11376.5
310;58915.5;-25323.7;57460.2;11096.9
311;60963.9;-23548.4;59419.7;11482.1
312;60003.0;-24155.9;58492.7;11302.3
313;61299.1;-23049.1;59720.1;11546.7
314;58835.8;-25521.6;57391.5;11080.8
315;63303.6;-21154.6;61594.6;11919.7
316;60618.6;-23683.6;59081.9;11418.6
317;60411.3;-23922.5;58890.8;11383.2
318;59563.6;-24661.7;58081.3;11217.5
319;58757.8;-25582.5;57315.2;11066.2
320;58606.1;-25564.9;57155.5;11032.6
321;59460.7;-24796.8;57985.3;11199.8
322;58663.7;-25931.7;57239.3;11047.9
323;59967.7;-24358.6;58471.8;11293.5
324;58660.2;-25438.1;57202.7;11043.5
325;60370.3;-24022.4;58857.2;11376.4
326;60764.8;-23695.0;59230.4;11449.4
327;58774.7;-25658.7;57337.9;11072.7
328;61051.1;-23423.1;59498.4;11498.8
329;59336.6;-24891.3;57864.0;11178.0
330;60997.9;-23561.1;59454.6;11489.7
331;60138.5;-24235.4;58637.5;11328.3
332;60981.4;-23314.0;59419.5;11481.9
333;58430.7;-26031.1;57002.9;11003.4
334;59504.1;-24765.4;58027.5;11205.3
335;61365.0;-23215.7;59798.6;11562.8
336;58892.1;-25376.1;57439.8;11092.9
337;57213.1;-28008.2;55816.5;10768.0
338;57336.9;-27674.0;55933.3;10791.6
339;56672.2;-29496.0;55280.1;10664.5
340;57138.7;-28007.4;55737.1;10753.4
341;59145.4;-25127.2;57683.3;11136.9
342;61157.6;-23325.7;59598.6;11520.5
343;59094.8;-25266.8;57641.6;11133.4
344;60009.9;-24338.2;58513.8;11304.2
345;59484.8;-24938.6;58019.9;11204.8
346;59648.5;-24680.2;58169.8;11236.2
347;59415.4;-24934.3;57948.5;11194.0
348;59401.3;-25059.4;57942.5;11192.3
349;60162.5;-24156.6;58656.4;11336.1
350;58231.3;-26261.0;56808.1;10963.3
351;60836.2;-23542.4;59290.9;11458.6
352;60728.9;-23686.3;59193.5;11442.3
353;59376.0;-25051.3;57915.8;11185.0
354;60584.8;-23822.9;59058.7;11416.5
355;58779.3;-25661.7;57342.8;11073.1
356;59000.9;-25201.4;57538.9;11107.2
357;59824.0;-24349.0;58323.8;11266.1
358;59390.9;-24926.0;57922.6;11188.6
359;59102.4;-25064.1;57634.4;11130.4
360;58808.3;-25725.6;57376.3;11079.5
361;58958.6;-25455.7;57514.1;11104.8
362;60756.3;-23547.5;59210.6;11446.6
363;57339.3;-27615.5;55933.1;10791.5
364;60052.5;-24213.1;58547.8;11309.6
365;59330.1;-25000.9;57865.3;11178.2
366;60500.6;-23867.3;58976.9;11397.7
367;60225.4;-24170.3;58721.5;11349.3
368;56360.3;-31214.2;54972.8;10597.5
369;60328.1;-23996.3;58812.2;11365.3
370;60022.7;-24184.8;58514.9;11304.3
371;59656.3;-24684.1;58178.2;11237.7
372;59073.3;-25220.8;57615.7;11125.2
373;60641.5;-23839.0;59116.6;11425.9
374;59142.5;-25152.7;57682.0;11136.7
375;61823.4;-22774.2;60226.0;11646.9
376;60290.5;-24067.6;58779.8;11359.9
377;62207.4;-22341.3;60580.6;11718.0
378;58693.1;-25580.9;57247.5;11051.3
379;57544.4;-27374.4;56140.8;10833.1
380;60472.2;-24068.8;58962.7;11396.2
381;60643.1;-23815.8;59116.5;11425.8
382;59669.1;-24604.1;58185.6;11244.2
383;57801.6;-26912.1;56392.1;10880.2
384;59091.0;-25225.2;57634.6;11131.6
385;60378.5;-23859.4;58852.7;11376.0
386;59402.3;-24917.5;57933.7;11190.3
387;59472.4;-24946.9;58007.8;11204.0
388;59414.7;-24845.2;57941.2;11192.1
389;58520.7;-25695.8;57075.5;11020.7
390;58991.8;-25366.2;57541.7;11107.8
391;57931.2;-26839.5;56525.0;10909.4
392;61756.8;-22847.7;60164.5;11633.7
393;59051.7;-25344.9;57602.5;11123.4
394;60175.2;-24306.7;58680.2;11342.0
395;58403.8;-26151.9;56981.8;10997.4
396;60577.3;-23862.1;59053.9;11414.2
397;57417.3;-27466.0;56009.4;10806.0
398;60728.7;-23689.9;59193.6;11442.4
399;59578.0;-24700.4;58099.1;11221.2
400;62166.9;-22452.7;60546.9;11710.2
401;58089.8;-26261.7;56660.1;10939.8
402;59705.1;-24705.8;58229.8;11250.9
403;60065.0;-24259.7;58564.3;11315.3
404;61109.6;-23330.4;59550.6;11511.4
405;59120.2;-25263.0;57667.2;11135.5
406;59750.4;-24341.6;58247.5;11252.1
407;57118.7;-27905.1;55710.7;10746.0
408;58643.3;-25609.6;57197.9;11043.0
409;60153.0;-24227.1;58651.8;11332.1
410;60952.4;-23460.2;59401.7;11478.8
411;59270.5;-25141.2;57814.1;11171.0
412;62110.6;-22420.1;60489.2;11695.2
413;61746.1;-22826.0;60152.4;11631.9
414;59554.8;-24665.2;58072.6;11216.4
415;56775.7;-29308.5;55387.0;10684.9
416;57530.6;-27232.3;56120.1;10830.6
417;58689.7;-25675.5;57251.1;11055.3
418;60963.8;-23449.9;59412.5;11481.2
419;60005.8;-24206.5;58499.5;11302.8
420;57160.0;-27935.9;55756.7;10757.0
421;59332.6;-25054.1;57871.7;11179.0
422;61579.0;-22856.7;59987.3;11599.8
423;59203.9;-24945.9;57730.1;11145.0
424;58728.2;-25554.0;57282.5;11062.6
425;62100.6;-22514.8;60485.0;11695.1
426;59697.4;-24492.9;58205.7;11248.2
427;59058.2;-25203.2;57598.8;11120.9
428;60047.0;-24282.7;58547.4;11309.4
429;59659.6;-24603.0;58175.3;11237.2
430;59110.2;-25221.8;57654.1;11134.8
431;61074.0;-23486.0;59525.8;11502.6
432;60960.2;-23498.7;59412.5;11481.1
433;60634.7;-23753.5;59103.6;11423.4
434;59503.1;-24858.2;58033.1;11206.4
435;61000.3;-23454.0;59449.3;11486.9
436;59566.2;-24630.9;58081.5;11217.7
437;60180.0;-24041.5;58665.4;11338.7
438;60868.5;-23467.6;59317.6;11463.2
439;60581.2;-23940.8;59063.3;11416.9
440;61783.9;-22747.3;60184.6;11638.1
441;60154.4;-24206.7;58651.7;11332.0
442;57625.6;-27209.1;56220.2;10849.6
443;58254.4;-26054.8;56819.4;10969.1
444;61232.8;-23303.4;59672.4;11533.6
445;59238.6;-25005.9;57771.1;11157.2
446;60098.9;-24013.5;58579.6;11319.6
447;58610.4;-25698.2;57169.7;11036.6
448;60827.7;-23505.8;59279.5;11456.5
449;59184.6;-25093.9;57721.2;11143.9
450;61374.3;-23151.5;59803.6;11564.5
451;58983.7;-25519.9;57543.9;11107.9
452;60967.4;-23446.7;59415.9;11481.4
453;60445.7;-23904.9;58924.1;11386.5
454;58764.1;-25585.7;57321.7;11066.5
455;60944.4;-23518.8;59397.9;11476.4
456;58555.3;-25768.3;57116.9;11028.8
457;58659.2;-25542.6;57209.4;11044.0
458;60502.8;-23786.8;58972.9;11397.1
459;58880.9;-25405.6;57430.4;11091.9
460;58924.1;-25259.3;57464.3;11097.7
461;59224.3;-25014.2;57756.8;11153.8
462;58443.6;-25791.3;57000.3;11002.1
463;60869.5;-23652.3;59332.4;11465.5
464;60369.3;-23846.4;58842.1;11370.9
465;59525.1;-24917.5;58060.1;11215.5
466;59502.3;-24728.7;58023.2;11205.0
467;60162.4;-24059.0;58648.6;11331.9
468;61764.0;-22675.9;60160.1;11633.6
469;60662.4;-23796.1;59134.5;11428.8
470;59016.1;-25382.6;57568.3;11116.6
471;60568.1;-23739.6;59035.2;11409.4
472;59478.0;-24841.9;58006.3;11203.6
473;59379.9;-24899.6;57909.1;11184.5
474;61870.2;-22652.4;60264.5;11654.5
475;59131.8;-25190.0;57673.9;11136.1
476;59049.4;-25328.7;57598.7;11120.9
477;57347.2;-27242.1;55924.2;10789.4
478;57996.4;-26204.2;56556.1;10912.4
479;60154.5;-24177.9;58649.7;11332.0
480;58793.6;-25507.3;57347.1;11074.0
481;60226.9;-24150.0;58721.6;11349.3
482;58319.7;-25881.5;56875.8;10978.4
483;58718.4;-25484.1;57267.1;11058.4
484;60436.0;-24036.9;58924.1;11386.5
485;61388.9;-23000.1;59807.0;11566.7
486;60329.0;-24039.6;58816.5;11366.1
487;61066.3;-23334.1;59507.2;11501.4
488;61676.5;-22822.9;60082.5;11616.9
489;60873.4;-23443.5;59320.6;11463.9
490;58521.7;-25953.8;57093.6;11023.7
491;59519.1;-24567.3;58027.7;11206.2
492;60392.9;-23853.0;58866.7;11377.4
493;59146.8;-25073.0;57680.7;11136.5
494;60151.0;-24255.9;58651.9;11332.1
495;57762.1;-26921.5;56350.6;10870.2
496;58634.6;-25757.3;57199.2;11043.2
497;60252.0;-24068.8;58740.8;11351.9
498;57005.6;-28380.1;55608.2;10724.7
499;58306.0;-26157.7;56880.3;10980.3
500;59584.9;-24825.6;58115.2;11227.1
501;57587.5;-27205.6;56179.6;10842.5
502;59705.6;-24445.1;58210.4;11248.7
503;58667.7;-25766.6;57233.8;11047.6
504;59273.7;-25028.7;57809.3;11168.8
505;59316.7;-24860.4;57841.2;11174.5
506;59858.3;-24436.0;58365.6;11271.8
507;58967.3;-25233.6;57506.9;11104.0
508;59722.7;-24731.4;58249.1;11252.4
509;58906.7;-25361.4;57453.9;11096.7
510;60299.5;-23849.7;58771.3;11356.9
511;61665.6;-22885.0;60075.9;11614.6
512;59876.3;-24357.9;58377.9;11274.7
513;59826.7;-24577.7;58344.2;11269.7
514;58243.9;-26193.9;56817.6;10968.6
515;60473.9;-23734.0;58939.2;11389.5
516;58720.8;-25541.3;57273.9;11059.5
517;58676.5;-25526.3;57226.0;11046.5
518;60290.0;-23983.5;58772.6;11357.1
519;59854.1;-24395.1;58358.1;11270.9
520;60966.3;-23301.8;59403.2;11479.1
521;61361.1;-23152.5;59790.3;11560.9
522;58994.4;-25231.4;57534.5;11107.0
523;59786.5;-24434.2;58291.9;11258.9
524;61744.9;-22844.4;60152.4;11631.9
525;60776.8;-23778.4;59248.1;11452.6
526;60487.3;-23827.3;58960.5;11395.0
527;61181.0;-23426.0;59628.7;11525.6
528;58919.3;-25154.2;57451.3;11095.4
529;60386.9;-24009.2;58872.8;11378.2
530;61318.0;-23128.9;59745.3;11551.0
531;61579.3;-22937.7;59993.4;11600.5
532;58677.3;-25535.2;57227.6;11046.8
533;59321.0;-24912.6;57849.6;11175.5
534;60081.4;-24205.2;58577.0;11318.2
535;59277.4;-24983.4;57809.8;11169.1
536;59166.5;-25179.7;57708.9;11142.1
537;60435.9;-24090.5;58927.6;11387.7
538;59213.0;-25026.6;57746.0;11152.6
539;57515.4;-27269.9;56105.9;10829.3
540;60073.3;-24081.3;58558.4;11310.6
541;59148.0;-24875.3;57666.9;11135.3
542;58745.7;-25691.0;57310.0;11065.5
543;57787.8;-26644.4;56362.4;10873.8
544;60839.6;-23532.0;59293.5;11459.0
545;57023.4;-28309.1;55624.5;10726.3
546;57612.9;-27266.7;56208.9;10845.9
547;59284.7;-25035.3;57821.2;11171.6
548;61093.6;-23508.2;59547.0;11511.1
549;61194.9;-23275.6;59632.3;11525.9
550;58272.7;-25923.1;56829.5;10971.8
551;59409.9;-24896.1;57939.8;11190.9
552;57836.8;-26777.3;56422.2;10885.3
553;60837.7;-23525.5;59291.1;11458.7
554;57885.8;-26638.6;56466.4;10896.4
555;59456.0;-24776.7;57979.0;11197.9
556;60849.3;-23703.7;59315.5;11463.1
557;59351.8;-24880.3;57878.9;11179.9
558;61403.7;-22981.5;59820.3;11567.8
559;58591.6;-25773.4;57155.1;11032.3
560;60081.2;-24065.4;58565.7;11315.6
561;60645.5;-23782.9;59116.6;11425.9
562;59453.5;-24878.2;57983.6;11198.3
563;61290.7;-23128.4;59717.9;11546.5
564;60273.3;-24010.8;58758.1;11356.0
565;57696.2;-26874.4;56279.1;10860.2
567;60400.8;-23980.5;58884.8;11382.5
568;59763.2;-24423.0;58267.2;11255.4
569;57988.8;-26369.0;56558.8;10913.7
570;59723.3;-24562.1;58237.7;11251.5
571;59081.5;-25220.4;57624.3;11128.2
572;60404.5;-23884.4;58881.1;11382.2
573;60065.8;-24270.5;58566.1;11315.9
574;61856.1;-22670.8;60251.6;11652.0
575;59789.2;-24593.3;58307.3;11263.5
576;60226.0;-24132.1;58719.2;11348.1
577;60068.4;-24238.3;58566.2;11316.0
578;59446.5;-24858.5;57975.0;11197.4
579;59411.4;-24790.1;57933.8;11190.3
580;60941.6;-23575.0;59399.2;11478.5
581;60562.1;-23848.4;59037.6;11410.6
582;58880.6;-25387.8;57428.6;11089.5
583;58304.3;-26120.4;56876.1;10978.6
584;59542.6;-24693.4;58062.4;11215.6
585;61005.0;-23621.2;59465.6;11491.4
586;59588.4;-24653.4;58106.4;11225.1
587;61724.7;-22846.0;60132.4;11627.4
588;58694.5;-25655.3;57254.6;11055.6
589;59801.7;-24428.2;58307.2;11263.4
590;56666.5;-29361.0;55270.8;10661.3
591;58914.7;-25358.3;57462.0;11097.5
592;59252.6;-25067.5;57790.1;11161.7
593;60226.7;-24117.0;58718.8;11347.9
594;61686.8;-22904.3;60098.3;11617.5
595;59662.8;-24688.8;58185.5;11244.2
596;61374.8;-23095.9;59799.9;11564.0
597;60424.6;-23892.2;58901.9;11384.0
598;60811.0;-23564.6;59267.2;11454.9
599;59080.3;-25142.1;57617.2;11125.5
600;61297.3;-23040.2;59717.7;11546.3
601;58348.7;-26119.1;56922.4;10987.3
602;60203.9;-24110.8;58695.1;11343.8
603;58491.5;-25843.7;57054.9;11016.7
604;59022.1;-25116.2;57554.5;11110.4
605;57916.2;-26430.3;56485.6;10899.4
606;59033.5;-24990.9;57556.8;11113.6
607;60048.8;-24261.0;58547.6;11309.6
608;59532.1;-24813.2;58060.2;11215.5
609;58027.0;-26547.8;56610.5;10926.8
610;61395.8;-23102.4;59821.4;11567.8
611;60036.9;-24180.4;58529.2;11306.9
612;60832.2;-23593.1;59290.6;11458.3
613;60567.1;-23820.3;59040.4;11411.1
614;58829.4;-25545.4;57386.8;11080.4
615;57327.8;-27792.0;55928.7;10790.2
616;58536.7;-25784.6;57098.2;11024.0
617;61099.9;-23365.6;59543.4;11509.7
618;58368.5;-26107.8;56942.3;10990.7
619;60594.2;-23827.9;59068.5;11417.6
620;58895.9;-25391.4;57444.8;11093.6
621;60104.3;-23995.0;58583.8;11320.3
622;57474.9;-27268.8;56062.1;10818.0
623;61016.5;-23506.3;59469.5;11492.2
624;59569.3;-24728.7;58092.3;11220.7
625;60682.0;-23792.8;59153.9;11431.5
626;59860.6;-24419.5;58366.7;11271.8
627;60581.8;-23809.5;59054.5;11414.6
628;59503.2;-24859.5;58033.3;11206.5
629;60514.6;-23915.7;58994.5;11399.3
630;57836.1;-26813.9;56423.4;10885.4
631;58340.7;-26179.3;56917.8;10986.3
632;60492.0;-23979.0;58976.5;11397.3
633;59561.6;-24842.1;58092.4;11220.8
634;59353.3;-24761.2;57871.7;11179.0
635;59409.7;-24835.5;57935.5;11190.8
636;60215.3;-24078.1;58704.2;11344.7
637;58917.4;-25353.6;57464.4;11097.8
638;60240.9;-23933.8;58718.7;11347.8
639;58524.8;-25959.8;57097.1;11023.9
640;59158.7;-25048.3;57691.1;11138.5
641;60806.2;-23627.7;59267.0;11454.7
642;60924.9;-23293.6;59360.5;11471.4
643;58326.7;-26027.8;56893.4;10981.5
644;60631.5;-23739.2;59099.2;11423.2
645;58397.6;-25885.1;56958.3;10994.4
646;60503.0;-23927.9;58983.8;11398.2
647;57364.6;-27946.6;55974.8;10802.8
648;58309.4;-25999.2;56873.3;10978.1
649;59026.4;-25194.7;57565.2;11116.5
650;59410.9;-25022.5;57949.9;11194.3
651;61333.2;-23209.5;59766.4;11555.6
652;60707.6;-23673.2;59170.9;11435.5
653;61530.9;-22878.3;59940.8;11592.5
654;61075.2;-23450.5;59524.6;11502.4
655;59276.7;-25033.8;57812.9;11170.9
656;59286.5;-25132.0;57829.9;11173.7
657;60910.4;-23459.1;59359.2;11471.1
658;59674.4;-24596.5;58190.4;11245.8
659;59436.5;-24827.8;57962.5;11196.3
660;58052.2;-26417.9;56629.1;10929.3
661;59495.7;-24885.4;58027.5;11206.3
662;56358.7;-30944.7;54967.7;10596.6
663;59087.8;-25155.4;57626.0;11128.7
664;58457.8;-25904.1;57023.3;11008.4
665;60461.9;-23886.1;58939.1;11389.4
666;59049.7;-25339.6;57599.8;11121.0
667;59236.0;-25049.2;57771.5;11157.6
668;61242.8;-23148.1;59670.9;11533.2
669;58379.0;-25983.1;56945.3;10991.1
670;60004.4;-24303.8;58505.6;11303.5
671;57377.6;-27707.3;55978.6;10803.3
672;59726.9;-24667.7;58249.1;11252.4
673;60099.5;-24316.4;58603.7;11322.1
674;60653.5;-23770.1;59123.7;11426.6
675;58560.5;-25723.6;57119.5;11029.1
676;60005.0;-24356.1;58510.1;11303.7
677;60005.6;-24291.9;58505.9;11303.7
678;59596.8;-24626.0;58112.9;11226.9
679;59806.2;-24516.5;58318.7;11265.4
680;60166.2;-24177.6;58661.8;11338.3
681;60088.0;-24296.2;58590.6;11320.6
682;58443.3;-25834.3;57003.1;11003.5
683;58227.0;-25995.9;56786.0;10961.0
684;62650.2;-21949.8;60995.6;11799.3
685;61936.7;-22530.6;60323.0;11666.4
686;57978.8;-26668.0;56566.3;10916.5
687;60163.0;-24051.6;58648.6;11331.9
688;60384.5;-23915.6;58863.3;11377.2
689;60541.2;-23677.8;59002.8;11401.1
690;59783.9;-24666.8;58307.0;11263.3
691;58523.5;-25772.1;57083.9;11022.7
692;59406.5;-24877.4;57935.0;11190.4
693;59046.5;-25213.8;57587.5;11119.7
694;59791.2;-24487.0;58301.0;11261.5
695;59286.9;-25078.6;57826.5;11172.4
696;59464.5;-24837.9;57992.0;11200.3
697;60841.5;-23584.9;59299.3;11459.6
698;61098.0;-23459.0;59548.3;11511.2
699;58236.3;-26029.1;56798.1;10962.7
700;59073.8;-25330.9;57624.3;11128.2
701;58677.6;-25791.3;57245.5;11049.6
702;61105.7;-23245.5;59540.2;11508.5
703;59549.0;-24763.4;58073.8;11216.5
704;61377.1;-23016.0;59796.2;11562.5
705;59074.5;-24999.2;57600.0;11121.1
706;59669.7;-24543.1;58180.9;11239.1
707;58027.4;-26537.8;56610.3;10926.6
708;61184.2;-23353.7;59627.2;11525.3
709;59203.8;-25069.3;57739.3;11148.6
710;57881.4;-26567.0;56457.6;10895.5
711;58919.4;-25340.3;57465.5;11097.9
712;56927.8;-28352.6;55523.5;10707.3
713;59586.1;-24636.5;58102.7;11223.7
714;59781.8;-24275.2;58274.1;11256.1
715;59973.3;-24322.0;58474.7;11294.2
716;61424.3;-23068.3;59847.5;11573.9
717;59251.4;-25222.2;57799.6;11164.7
718;60584.1;-23850.3;59060.1;11416.7
719;60001.2;-24298.2;58501.9;11303.0
720;59387.6;-24912.2;57918.1;11187.2
721;57172.0;-28004.3;55772.6;10760.1
722;60764.0;-23593.8;59222.0;11447.4
723;59046.9;-25031.4;57574.1;11118.1
724;59663.9;-24562.0;58176.5;11237.3
725;58123.2;-26298.7;56697.6;10947.1
726;59967.8;-24358.0;58471.8;11293.5
727;59759.1;-24476.6;58267.3;11255.5
728;59674.1;-24531.5;58184.5;11240.5
729;59461.4;-24804.2;57986.5;11199.9
730;60877.2;-23566.9;59334.1;11467.1
731;60783.6;-23677.2;59248.0;11452.6
732;60501.6;-23851.0;58976.6;11397.4
733;63654.3;-20853.3;61922.1;11980.1
734;58918.6;-25281.0;57460.1;11096.9
735;59182.2;-25196.6;57726.2;11144.5
736;58420.1;-25964.6;56987.3;10998.3
737;60149.7;-24042.7;58634.1;11328.1
738;58806.9;-25480.6;57358.5;11074.8
739;56471.8;-30238.6;55075.7;10620.1
740;58191.1;-26109.3;56756.4;10957.9
741;59706.9;-24641.2;58227.0;11250.4
742;60834.3;-23568.0;59290.9;11458.5
743;57783.2;-26907.8;56372.3;10874.9
744;58902.8;-25296.5;57444.8;11093.6
745;59454.5;-24864.2;57983.7;11198.4
746;58752.5;-25624.4;57312.6;11065.9
747;60255.1;-24032.2;58741.2;11352.1
748;59650.1;-24623.3;58167.0;11235.7
749;60015.4;-24246.0;58512.4;11303.9
750;58758.0;-25580.9;57315.2;11066.3
751;61471.6;-23045.1;59893.2;11581.1
752;59601.7;-24722.3;58125.3;11230.2
753;61177.9;-23298.2;59616.8;11522.2
754;59113.1;-25059.1;57645.2;11133.8
755;60339.4;-23887.3;58815.1;11365.7
756;58816.2;-25449.4;57366.0;11075.7
757;58486.9;-25916.5;57055.1;11017.8
758;58771.4;-25735.2;57339.2;11072.8
759;59555.9;-24808.7;58084.2;11219.0
760;59355.9;-24871.3;57882.6;11181.2
761;61489.8;-22841.7;59896.6;11582.4
762;58260.1;-26208.4;56835.8;10973.3
763;58333.2;-26068.6;56902.8;10983.1
764;61676.7;-22751.9;60077.8;11616.4
765;60352.7;-24062.9;58842.2;11370.8
766;57408.1;-27508.9;56001.6;10805.1
767;60206.7;-24077.4;58695.5;11344.1
768;59924.0;-24193.0;58413.9;11284.4
769;57100.9;-28287.4;55707.3;10745.8
770;59194.0;-25121.3;57733.0;11147.7
771;59596.2;-24664.7;58115.2;11227.1
772;60513.5;-23773.0;58982.5;11398.0
773;60769.2;-23618.3;59229.1;11449.3
774;59732.2;-24661.2;58254.2;11254.2
775;60855.3;-23616.9;59315.6;11463.2
776;59436.0;-25019.4;57975.4;11197.7
777;58595.2;-25847.8;57163.5;11034.9
778;58508.8;-25877.1;57075.5;11020.7
779;60262.1;-24136.5;58756.1;11353.3
780;57322.3;-27701.4;55918.9;10787.6
781;60455.8;-23781.4;58924.6;11386.9
782;58315.6;-26022.5;56881.5;10980.4
783;59202.8;-25131.3;57742.9;11150.0
784;60231.1;-24009.4;58714.9;11347.1
785;61094.0;-23334.7;59535.3;11507.7
786;57349.5;-27388.2;55933.7;10792.6
787;58658.6;-25818.3;57227.6;11046.8
788;59695.7;-24467.5;58202.0;11246.7
789;58920.6;-25277.2;57461.9;11097.4
790;60663.1;-23659.8;59125.0;11426.7
791;57155.7;-28148.7;55761.4;10757.9
792;60052.7;-24352.8;58558.4;11310.6
793;60130.1;-24135.3;58621.4;11326.0
794;59681.4;-24653.4;58202.0;11246.7
795;60954.1;-23421.6;59400.4;11478.6
796;58166.4;-26269.2;56741.0;10954.9
797;60938.7;-23685.6;59403.4;11479.3
798;58780.8;-25617.1;57341.5;11073.0
799;60500.2;-23867.8;58976.5;11397.3
800;59252.7;-24910.2;57778.4;11158.1
801;60597.6;-23766.3;59067.2;11417.5
802;60575.1;-23692.6;59038.6;11410.7
803;57919.1;-26312.7;56481.1;10899.1
804;59432.9;-24911.9;57965.0;11196.7
805;59508.3;-24834.3;58037.0;11208.7
806;59330.5;-24977.5;57864.1;11178.0
807;58713.0;-25692.2;57276.4;11059.8
808;61857.3;-22543.1;60244.4;11650.9
809;59875.3;-24542.0;58391.0;11277.2
810;61500.3;-22920.2;59912.9;11586.5
811;58951.3;-25389.2;57501.9;11103.5
812;58365.3;-26086.0;56937.7;10989.6
813;59780.1;-24602.6;58298.6;11261.3
814;58947.2;-25526.8;57507.0;11104.1
815;62518.5;-22073.1;60872.4;11773.0
816;59918.2;-24360.7;58421.3;11285.3
817;61012.1;-23347.7;59453.2;11488.3
818;59344.9;-24973.3;57878.5;11179.5
819;59246.3;-24966.8;57776.1;11157.9
820;59594.2;-24558.2;58104.9;11224.8
821;60053.5;-24247.7;58551.3;11309.9
822;60638.3;-23805.6;59111.0;11425.3
823;59478.8;-24782.2;58002.7;11202.3
824;58819.8;-25383.7;57364.7;11075.5
825;58358.1;-26059.8;56928.4;10987.9
826;59538.6;-24625.8;58052.8;11212.5
827;60322.4;-23882.3;58797.2;11360.8
828;60152.9;-24268.1;58654.9;11335.7
829;59592.6;-24712.5;58115.2;11227.0
830;58898.4;-25575.4;57460.1;11096.9
831;59817.9;-24344.3;58317.1;11264.9
832;60302.5;-24112.0;58795.0;11360.6
833;59576.2;-24695.1;58096.8;11221.1
834;59746.5;-24748.4;58274.1;11256.1
835;59444.4;-24828.7;57970.7;11197.1
836;60724.0;-23647.0;59185.8;11442.0
837;59100.0;-25244.3;57645.4;11133.8
838;59855.3;-24467.5;58364.9;11271.4
839;60090.7;-24182.6;58585.0;11320.3
840;60494.4;-23946.0;58976.5;11397.3
841;61415.8;-23140.3;59844.2;11573.7
842;60439.4;-23990.7;58924.2;11386.6
843;60338.2;-24035.9;58825.6;11368.9
844;57895.4;-26574.0;56472.7;10898.2
845;60361.4;-23929.4;58840.8;11370.6
846;62392.0;-22216.4;60755.6;11746.7
847;58646.8;-25575.2;57198.9;11043.0
848;58405.0;-26155.5;56983.3;10997.7
849;59355.3;-24945.8;57887.3;11181.6
850;60847.8;-23517.8;59300.7;11460.9
851;60238.4;-24163.9;58734.1;11350.4
852;59056.3;-25248.8;57600.1;11121.2
853;59569.3;-24823.2;58098.9;11221.2
854;60861.8;-23589.8;59320.2;11463.5
855;60426.4;-24056.5;58915.8;11385.3
856;62563.8;-21972.1;60911.6;11784.2
857;60844.4;-23380.3;59286.3;11458.2
858;60062.4;-24113.9;58550.0;11309.8
859;60378.9;-23822.5;58850.2;11375.6
860;59206.0;-25149.3;57747.8;11153.1
861;58449.4;-26100.3;57026.7;11008.6
862;59838.6;-24450.0;58346.5;11270.0
863;60209.5;-23989.4;58691.4;11343.4
864;57976.9;-26641.4;56562.5;10914.1
865;59002.4;-25352.4;57551.7;11108.9
866;59198.3;-25074.7;57734.1;11147.7
867;59944.7;-24406.0;58451.8;11288.7
868;59305.9;-24994.6;57840.0;11174.3
869;60158.1;-24053.9;58643.6;11330.2
870;59740.0;-24612.6;58258.6;11254.5
871;60893.3;-23507.0;59345.8;11470.1
872;57611.6;-26974.3;56193.4;10843.5
873;61624.6;-22882.7;60034.7;11607.6
874;61322.4;-23285.5;59760.5;11553.0
875;59674.9;-24765.9;58203.2;11247.9
876;60397.6;-24056.0;58887.1;11382.7
877;60359.8;-23949.5;58840.8;11370.7
878;58754.5;-25449.8;57301.9;11063.8
879;59822.2;-24504.7;58334.3;11269.1
880;60564.2;-23804.4;59036.2;11409.4
881;59996.6;-24327.4;58499.4;11302.7
882;60887.2;-23452.5;59335.4;11467.2
883;59745.5;-24470.4;58253.1;11253.1
884;59730.0;-24462.1;58236.5;11251.4
885;58703.6;-25681.7;57266.0;11058.4
886;59193.8;-25206.4;57739.0;11148.3
887;59086.1;-25156.0;57624.4;11128.2
888;61672.1;-22900.6;60083.6;11617.0
889;59905.4;-24454.7;58415.5;11284.8
890;58439.9;-25862.4;57001.3;11002.1
891;60093.0;-24228.1;58590.7;11320.7
892;59385.1;-24977.9;57920.3;11188.4
893;56077.2;-31220.4;54670.0;10537.4
894;60185.1;-24225.3;58684.6;11342.3
895;57791.2;-26804.5;56375.2;10875.4
896;60316.6;-24030.7;58803.2;11362.5
897;58483.6;-25853.2;57047.0;11013.7
898;57921.9;-26423.9;56491.3;10900.7
899;60201.3;-24143.4;58695.0;11343.7
900;57866.5;-26707.2;56449.6;10891.3
901;59097.9;-25171.6;57637.8;11131.7
902;59881.3;-24411.2;58387.2;11276.6
903;60362.4;-24018.3;58848.8;11373.3
904;60522.3;-23842.4;58996.7;11399.3
905;59579.8;-24660.2;58097.9;11221.2
906;58633.9;-25697.8;57194.5;11042.8
907;61933.8;-22666.1;60328.6;11666.6
908;58898.5;-25409.9;57449.0;11095.3
909;61804.7;-22673.8;60200.6;11639.7
910;59079.0;-25301.2;57627.7;11130.0
911;61019.0;-23417.7;59465.6;11491.4
912;60901.0;-23586.7;59359.3;11471.2
913;58381.4;-26002.5;56949.0;10991.5
914;60059.0;-24174.5;58551.3;11309.9
915;60540.7;-23728.6;59006.5;11401.7
916;60474.3;-23817.1;58946.5;11392.5
917;59380.4;-24892.0;57909.1;11184.5
918;60007.5;-24081.8;58491.1;11300.9
919;59162.0;-25181.2;57704.4;11141.9
920;58229.5;-26317.7;56810.0;10965.8
921;60807.3;-23597.9;59265.8;11454.6
922;58973.1;-25218.4;57511.7;11104.5
923;61289.6;-23052.2;59710.9;11545.9
924;60347.2;-24015.9;58833.1;11369.2
925;58559.0;-25825.8;57124.7;11029.6
926;59429.9;-24870.6;57958.8;11194.8
927;59271.8;-25082.0;57811.3;11170.5
928;58597.6;-25664.4;57153.9;11032.3
929;60214.9;-24084.7;58704.2;11344.6
930;59053.7;-25281.4;57599.8;11121.0
931;61594.8;-22910.9;60007.0;11603.9
932;60652.8;-23781.1;59123.8;11426.6
933;58576.7;-25812.5;57142.1;11031.1
934;59593.8;-24666.7;58113.0;11227.0
935;59347.6;-24845.5;57872.1;11179.2
936;57783.5;-26740.6;56363.7;10874.0
937;60735.6;-23757.5;59205.3;11443.7
938;60772.6;-23540.3;59226.3;11447.7
939;60731.9;-23684.1;59196.4;11443.1
940;59090.8;-25112.1;57625.9;11128.6
941;60892.5;-23711.6;59359.2;11471.1
942;59371.1;-24858.7;57897.1;11182.2
943;60740.8;-23720.0;59208.0;11444.2
944;61813.6;-22648.7;60207.9;11641.6
945;59779.2;-24744.2;58307.0;11263.3
946;57961.5;-26390.4;56531.5;10910.3
947;59245.4;-25083.6;57783.7;11159.9
948;60404.6;-23839.6;58877.5;11379.7
949;61088.6;-23443.4;59537.6;11508.0
950;58293.7;-25970.6;56854.9;10975.2
951;59396.0;-24852.1;57922.6;11188.6
952;59918.7;-24237.9;58412.3;11283.9
953;60141.8;-24143.1;58633.9;11328.1
954;60714.5;-23698.4;59179.9;11439.3
955;58482.0;-26042.8;57057.6;11018.1
956;59146.1;-24903.2;57667.1;11135.4
957;60828.7;-23641.6;59290.6;11458.3
958;60083.5;-24236.2;58581.6;11320.2
959;60158.7;-24102.8;58648.2;11331.6
960;60975.5;-23462.0;59425.0;11482.3
961;59747.4;-24579.7;58263.6;11255.2
962;60250.8;-24070.0;58739.7;11351.8
963;59248.6;-25045.0;57784.2;11160.1
964;58042.2;-26351.6;56615.1;10928.1
965;58095.0;-26318.5;56669.4;10942.1
966;59709.8;-24620.3;58228.4;11250.7
967;59385.6;-24816.5;57909.0;11184.4
968;58851.5;-25410.0;57399.8;11082.6
969;60003.7;-24316.4;58505.8;11303.7
970;58564.5;-25808.5;57129.1;11029.9
971;59757.2;-24572.2;58272.9;11256.0
972;59593.4;-24672.3;58112.9;11226.9
973;58640.6;-25444.8;57183.0;11041.8
974;56922.7;-28692.5;55530.0;10708.0
975;61369.4;-23204.8;59802.3;11564.3
976;59996.5;-24412.2;58505.6;11303.5
977;56510.4;-30160.6;55116.1;10628.3
978;59115.3;-25268.7;57662.6;11135.1
979;60089.5;-24199.7;58584.9;11320.3
980;59348.9;-24824.4;57871.8;11179.0
981;60320.7;-24006.4;58805.5;11363.7
982;58468.7;-25875.0;57032.6;11009.1
983;59832.6;-24549.9;58348.1;11270.4
984;59550.9;-24807.3;58078.9;11217.2
985;59408.4;-24833.3;57933.9;11190.3
986;59351.4;-24901.9;57880.1;11179.9
987;59872.0;-24433.1;58379.4;11275.1
988;60742.6;-23676.4;59206.6;11443.9
989;58989.9;-25445.0;57545.3;11107.9
990;59154.1;-25110.2;57691.1;11138.5
991;59810.7;-24582.8;58328.5;11268.6
992;59491.0;-24658.4;58006.1;11203.5
993;60085.5;-24170.5;58578.5;11318.5
994;60483.3;-24001.7;58969.3;11396.6
995;61172.7;-23336.5;59614.5;11521.9
996;59481.1;-24816.9;58007.7;11203.9
997;56950.1;-28572.5;55555.9;10714.7
998;59538.2;-24724.8;58060.0;11215.4
999;60050.2;-24274.5;58550.0;11309.8
1000;59398.6;-24910.1;57929.2;11188.9
