CASO;pATIVA;pREATIVA;dATIVA;dREATIVA
1;100238.8;-9383.8;96659.0;23829.8
2;96737.4;-14284.6;93472.0;22991.6
3;96791.7;-14591.5;93581.6;23018.4
4;96026.8;-15113.9;92809.3;22824.9
5;98987.1;-11589.6;95579.8;23541.2
7;100450.2;-8901.9;96830.4;23875.1
8;96466.3;-14843.9;93257.4;22929.0
9;98139.3;-12644.4;94787.7;23344.9
10;97257.3;-13779.3;93975.5;23129.4
11;99991.6;-9680.5;96423.4;23781.7
12;94521.5;-17315.7;91412.7;22446.9
13;97160.0;-13736.0;93859.1;23095.0
14;97037.4;-14102.1;93780.5;23076.1
15;99471.4;-10509.5;95957.5;23644.4
16;95961.3;-15344.1;92769.7;22812.3
17;97410.0;-13422.1;94089.3;23158.2
18;96333.3;-14732.6;93093.5;22892.8
19;97735.2;-13140.7;94409.8;23245.4
20;98592.8;-11821.2;95167.5;23435.6
21;95948.8;-15420.0;92766.6;22811.2
22;99488.5;-10532.3;95980.3;23651.6
23;99097.5;-11074.7;95621.5;23553.4
24;98431.0;-12229.4;95051.2;23414.1
25;99084.1;-11171.5;95621.4;23553.3
26;96618.4;-14465.0;93367.4;22963.2
27;97473.4;-13459.6;94166.6;23184.5
28;96201.8;-15160.7;93011.1;22871.2
29;97203.5;-13940.7;93941.9;23120.0
30;98503.3;-11964.2;95090.4;23421.4
31;96608.8;-14483.4;93359.7;22961.2
32;97061.0;-13847.5;93765.4;23069.4
33;96551.8;-14927.4;93367.1;22962.7
34;96374.2;-14693.2;93132.6;22902.0
35;96643.1;-14375.4;93381.6;22967.8
36;97667.8;-13070.1;94323.1;23219.5
37;95951.4;-15215.8;92740.0;22805.9
38;98012.0;-12784.7;94665.8;23310.4
39;100308.5;-9162.0;96706.5;23846.6
40;98855.1;-11431.4;95402.7;23495.5
41;97373.2;-13524.1;94063.6;23151.8
42;96318.1;-14751.7;93079.6;22889.5
43;96469.7;-14935.8;93276.6;22939.9
44;100362.1;-9045.4;96750.7;23857.3
45;97777.2;-12918.0;94422.5;23248.5
46;96691.0;-14392.8;93436.7;22980.3
47;97984.3;-12645.7;94612.2;23297.0
48;101015.5;-7839.6;97330.6;24008.1
49;97847.2;-13005.0;94514.3;23268.2
50;98650.7;-11734.2;95219.1;23449.7
51;98147.8;-12417.0;94760.2;23333.6
52;97111.6;-13870.0;93825.4;23085.2
53;95899.7;-15368.3;92704.6;22795.5
54;97124.6;-13796.2;93828.6;23086.5
55;97350.6;-13478.6;94032.1;23146.6
56;98607.0;-11788.2;95177.8;23436.1
57;98980.8;-11392.8;95538.9;23531.0
58;99143.8;-10998.8;95662.7;23567.9
59;98118.0;-12461.8;94734.0;23326.8
60;99007.7;-11564.4;95600.3;23546.5
61;96505.2;-14633.9;93268.0;22935.9
62;99662.5;-10247.9;96135.2;23701.1
63;98479.5;-11971.7;95065.0;23417.4
64;97194.5;-13680.8;93889.2;23104.1
65;98372.3;-12481.2;95028.1;23406.4
66;97587.5;-13192.5;94251.7;23202.5
67;99443.3;-10709.7;95957.4;23644.2
68;100019.2;-9955.0;96499.5;23795.2
69;101172.1;-7539.1;97467.3;24041.3
70;95517.0;-15849.0;92339.1;22696.9
71;95424.3;-16167.7;92276.4;22680.3
72;96896.1;-14066.9;93614.7;23025.4
73;97922.6;-12814.6;94568.7;23282.2
74;99064.3;-11131.8;95592.6;23545.4
75;98132.2;-12659.4;94782.4;23343.5
76;94570.4;-17242.1;91458.7;22458.4
77;97108.2;-14249.6;93884.5;23103.1
78;98978.9;-11281.7;95519.0;23525.7
79;98036.3;-12572.0;94659.4;23309.9
80;98818.7;-11868.1;95434.1;23503.9
81;97324.8;-13559.8;94015.9;23141.9
82;97359.0;-13493.8;94043.8;23148.6
83;97975.4;-12654.5;94603.9;23296.5
84;98330.9;-12168.5;94926.9;23374.0
85;97982.5;-12739.1;94624.8;23300.0
86;97826.7;-13126.9;94512.2;23268.1
87;96646.1;-14366.8;93383.6;22967.9
88;98261.2;-12260.8;94863.4;23360.1
89;97861.8;-12908.4;94515.5;23269.4
90;99464.2;-10518.9;95951.2;23643.9
91;99582.8;-10326.8;96057.3;23681.9
92;97975.0;-12656.2;94603.8;23296.3
93;97087.4;-13820.8;93791.3;23079.2
94;96701.4;-14301.9;93434.6;22980.1
95;98288.7;-12557.1;94944.0;23381.6
96;97814.6;-12873.0;94456.7;23254.8
97;97131.3;-13763.5;93831.1;23087.2
98;97756.8;-13006.7;94412.9;23245.6
99;96725.8;-14269.8;93457.3;22989.5
100;98710.5;-12068.9;95344.4;23480.3
101;96993.4;-13942.6;93703.9;23049.9
102;99620.7;-10268.7;96091.1;23687.8
103;98272.7;-12481.0;94912.4;23372.2
104;98620.3;-11765.8;95190.3;23443.9
105;95979.9;-15256.3;92777.2;22813.0
106;97953.0;-12680.9;94582.5;23288.4
107;98852.5;-11429.8;95399.5;23495.4
108;96212.7;-14888.7;92982.5;22863.8
109;97230.8;-13784.2;93946.0;23122.2
110;97729.9;-13116.1;94400.0;23242.2
111;95544.0;-15894.0;92375.3;22708.1
112;98149.2;-12536.3;94781.4;23342.5
113;98981.6;-11442.4;95548.4;23534.9
114;96330.7;-14872.6;93112.2;22899.1
115;98212.0;-12394.5;94829.3;23354.8
116;95638.4;-15800.1;92469.2;22735.5
117;97615.9;-13300.3;94299.9;23212.2
118;95147.3;-16631.9;92027.6;22614.3
119;99456.3;-10521.3;95942.6;23641.0
120;98269.7;-12545.3;94919.9;23372.8
121;97623.4;-13345.6;94316.1;23215.0
122;96487.4;-14564.5;93237.1;22923.2
123;99687.2;-10245.7;96162.7;23707.4
124;100817.4;-8210.6;97154.6;23962.6
125;94814.6;-16866.4;91686.5;22518.1
126;99635.8;-10240.6;96104.0;23691.2
127;100267.5;-9233.3;96668.2;23831.1
128;98173.7;-12589.6;94817.3;23350.3
129;95826.2;-15390.9;92624.2;22772.9
130;98985.7;-11588.1;95577.7;23539.9
131;97396.2;-13461.2;94079.6;23155.2
132;96730.7;-14371.8;93478.7;22997.6
133;95745.8;-15771.7;92585.2;22761.7
134;98539.0;-11870.6;95116.0;23427.8
135;98926.3;-11383.7;95475.4;23513.5
136;96718.9;-14280.9;93450.9;22986.1
137;98441.0;-12303.0;95075.6;23419.3
138;95910.3;-15263.3;92701.4;22795.3
139;98949.4;-11295.9;95488.1;23518.6
140;97768.6;-12940.4;94416.1;23245.9
141;97347.3;-13761.0;94074.1;23153.4
142;97533.8;-13305.0;94209.4;23195.2
143;98996.2;-11538.9;95581.1;23541.6
144;98798.8;-11908.9;95417.3;23496.6
145;98512.7;-11895.0;95090.3;23421.3
146;97897.8;-12759.3;94532.8;23274.4
147;97816.2;-12867.9;94457.8;23254.9
148;98635.5;-11843.4;95219.2;23449.9
149;98039.8;-12568.4;94662.6;23310.2
150;98760.8;-11563.6;95317.2;23474.5
151;97183.8;-13694.5;93879.1;23101.6
152;93928.4;-18303.0;90860.0;22312.7
153;99300.0;-10824.8;95812.6;23608.5
154;101092.0;-8107.9;97470.4;24042.5
155;98367.4;-12112.9;94960.4;23386.7
156;97549.0;-13227.2;94214.6;23195.5
157;97468.7;-13327.7;94140.4;23173.8
158;97497.4;-13355.5;94176.9;23188.0
159;97735.7;-12980.4;94384.7;23236.3
160;95928.2;-15344.1;92733.6;22805.3
161;96837.6;-14385.3;93600.6;23021.8
162;96141.1;-14972.4;92915.4;22849.0
163;98044.8;-12660.5;94683.0;23315.2
164;97158.3;-13970.1;93895.3;23104.3
165;98455.1;-11993.4;95040.7;23409.2
166;97408.4;-13406.9;94085.1;23156.9
167;99228.5;-10882.5;95739.7;23584.3
168;98016.8;-12603.8;94642.1;23303.8
169;101180.9;-7498.0;97472.6;24045.9
170;94746.9;-16968.1;91623.6;22502.7
171;96689.9;-14313.6;93423.8;22979.0
172;99027.1;-11554.0;95621.5;23553.4
173;101713.0;-6297.4;97933.9;24176.9
174;97289.5;-13552.7;93975.6;23129.5
175;97752.3;-13039.0;94412.9;23245.6
176;97294.4;-13726.5;94008.5;23139.3
177;99791.0;-10006.2;96243.9;23729.0
178;97202.8;-13741.5;93907.2;23107.5
179;98733.5;-11739.2;95314.0;23474.2
180;97165.8;-13715.1;93862.3;23095.4
181;95723.0;-15550.1;92529.1;22744.9
182;98170.2;-12387.7;94781.3;23341.3
183;98453.0;-12087.8;95053.3;23414.2
184;99739.0;-10088.9;96197.2;23715.6
185;97527.5;-13252.9;94194.7;23191.1
186;96733.3;-14264.3;93464.5;22989.9
187;98515.2;-12206.5;95142.9;23432.3
188;98036.3;-12649.2;94671.3;23312.2
189;98114.6;-12466.2;94730.6;23325.2
190;97593.9;-13173.5;94255.9;23203.8
191;99524.0;-10425.7;96004.5;23658.4
192;98254.7;-12271.9;94857.8;23359.1
193;100661.5;-8756.1;97059.4;23934.8
194;99402.8;-10769.4;95921.9;23638.8
195;98673.9;-11945.3;95280.4;23464.7
196;95165.8;-16363.5;92013.5;22610.7
197;98631.4;-11754.1;95201.0;23446.0
198;98346.8;-12146.8;94941.8;23379.2
199;98960.6;-11276.8;95497.8;23520.7
200;99302.8;-10836.2;95818.0;23611.1
201;97010.9;-14143.4;93757.0;23068.9
202;98961.5;-11371.8;95513.7;23525.2
203;96800.9;-14225.3;93533.5;23008.0
204;100802.9;-8229.1;97140.8;23960.3
205;95621.6;-15683.5;92435.3;22728.7
206;94921.5;-16979.9;91821.3;22555.0
207;95130.3;-16420.2;91981.2;22602.4
208;96313.6;-14755.1;93075.4;22889.1
209;95910.4;-15515.1;92736.9;22805.7
210;100796.5;-8286.3;97141.8;23960.4
211;97098.5;-14147.9;93856.7;23092.5
212;95607.1;-15705.8;92422.3;22725.3
213;99424.4;-10653.0;95927.1;23639.2
214;96727.4;-14531.8;93501.3;23001.9
215;95747.9;-15691.7;92576.6;22757.8
216;99063.2;-11126.1;95590.6;23545.4
217;98640.0;-11861.2;95227.6;23452.5
218;97010.1;-13925.8;93720.0;23053.5
219;99913.1;-9818.3;96353.4;23755.6
220;97856.1;-12997.5;94523.1;23270.3
221;100230.1;-9375.9;96647.4;23827.9
222;98469.8;-11959.9;95052.2;23414.1
223;100133.6;-9467.8;96551.3;23806.5
224;97826.8;-13036.0;94496.4;23264.8
225;95792.9;-15449.9;92595.2;22767.1
226;101532.4;-7046.1;97830.7;24139.5
227;96833.5;-14140.0;93557.0;23015.1
228;97367.9;-13457.1;94048.0;23149.9
229;96602.8;-14419.2;93343.9;22958.0
230;97359.1;-13465.5;94039.6;23148.3
231;98050.4;-12554.3;94672.5;23313.5
232;98003.9;-12618.7;94630.1;23300.4
233;98724.7;-11621.7;95285.5;23466.9
234;100502.5;-8952.2;96901.6;23898.3
235;97467.7;-13532.9;94172.8;23187.9
236;95765.0;-15590.5;92582.9;22761.3
237;95772.2;-15986.8;92646.8;22776.2
238;96657.9;-14348.5;93394.0;22972.5
239;95043.4;-16938.6;91952.9;22592.1
240;98973.7;-11285.1;95513.8;23525.4
241;96858.1;-14369.3;93621.3;23027.3
242;97118.2;-14148.1;93879.1;23101.5
243;97674.6;-13091.5;94334.1;23220.9
244;95505.2;-15950.6;92339.0;22696.9
245;96345.2;-14767.7;93112.1;22898.9
246;98747.8;-11581.9;95305.6;23472.6
247;98627.4;-11900.5;95219.2;23449.9
248;97000.8;-13936.9;93711.3;23051.4
249;100559.3;-8685.1;96925.9;23905.4
250;95654.7;-15727.3;92477.9;22736.4
251;97120.7;-13840.8;93831.0;23087.1
252;97314.9;-13524.0;93999.1;23135.8
254;100773.9;-8300.5;97116.6;23948.4
255;98173.1;-12809.5;94855.5;23357.7
256;96061.0;-15083.6;92842.9;22832.7
257;100943.3;-7961.6;97265.3;23994.8
258;98596.4;-11843.9;95174.7;23436.0
259;98355.2;-12133.4;94949.5;23382.3
260;96748.0;-14240.8;93477.4;22995.2
261;97854.0;-12826.8;94494.2;23264.4
262;95336.3;-16131.3;92172.4;22649.0
263;98906.0;-11544.2;95478.6;23513.8
264;97059.2;-14024.2;93792.4;23079.3
265;97873.1;-12897.5;94526.5;23272.9
266;99550.0;-10597.0;96063.5;23683.3
267;98114.3;-12481.1;94732.9;23326.7
268;98044.8;-12751.4;94698.1;23319.9
269;98097.3;-12536.6;94722.2;23322.7
270;96498.7;-14834.7;93292.9;22942.7
271;98943.3;-11634.2;95536.6;23530.7
272;100082.4;-9702.9;96530.2;23801.8
273;98846.6;-11663.8;95430.9;23503.6
274;99046.8;-11298.9;95599.3;23546.5
275;96309.5;-14905.5;93093.6;22892.8
276;96330.4;-14818.2;93103.5;22896.0
277;95456.0;-15945.0;92282.7;22681.7
278;99631.0;-10247.3;96099.7;23690.7
279;97281.2;-13566.7;93968.1;23124.8
280;99881.6;-9956.8;96338.9;23751.7
281;96472.6;-14574.1;93222.5;22920.3
282;96959.2;-14276.6;93719.7;23052.1
283;97777.3;-13297.6;94484.3;23258.1
284;99132.6;-11018.6;95652.9;23564.7
285;97790.9;-12924.6;94438.3;23250.7
286;98008.9;-12653.7;94640.9;23303.5
287;97732.7;-13001.9;94384.6;23236.1
288;97911.1;-13055.6;94597.1;23293.4
289;95910.5;-15536.4;92740.1;22806.1
290;97820.6;-12864.2;94462.0;23255.3
291;97396.4;-13423.6;94074.1;23153.4
292;97591.7;-13337.2;94278.3;23205.9
293;98452.5;-11985.8;95036.4;23408.9
294;96594.5;-14653.3;93370.7;22964.6
295;97546.7;-13355.6;94231.9;23200.4
296;97201.2;-13674.2;93895.3;23104.2
297;98295.9;-12462.3;94935.5;23377.9
298;98897.4;-11478.0;95457.8;23509.6
299;96202.4;-14951.6;92980.3;22863.5
300;98589.3;-11901.9;95175.7;23436.0
301;100963.1;-7918.2;97282.3;23999.4
302;95408.9;-16027.0;92239.8;22664.6
303;96360.8;-14937.3;93155.0;22906.0
304;96304.5;-14927.6;93091.3;22892.4
305;97238.5;-13629.6;93929.9;23113.6
306;100249.7;-9291.2;96656.8;23829.6
307;97701.5;-13201.2;94380.4;23232.8
308;96613.8;-14409.8;93354.4;22959.7
309;98658.3;-11711.7;95224.5;23452.3
310;96731.4;-14397.6;93484.1;22999.1
311;99456.5;-10526.9;95943.8;23641.2
312;98101.7;-12786.2;94769.6;23335.2
313;99822.0;-10297.0;96327.1;23747.5
314;96665.2;-14347.1;93401.5;22973.2
316;98940.6;-11517.1;95513.8;23525.3
317;98696.5;-11720.6;95269.0;23463.2
318;97599.2;-13316.9;94283.8;23207.6
319;96563.3;-14470.5;93307.6;22946.7
320;96293.6;-15087.4;93103.5;22896.0
321;97454.8;-13430.3;94140.5;23173.9
322;96453.6;-14593.0;93204.1;22915.3
323;98114.9;-12471.4;94731.7;23325.4
324;96345.1;-15091.8;93162.4;22907.5
325;98658.1;-11712.9;95224.4;23452.2
326;99182.1;-10946.4;95697.5;23574.8
327;96590.5;-14433.1;93332.4;22956.3
328;99578.2;-10340.0;96053.8;23680.2
329;97281.7;-13705.7;93990.5;23134.9
330;99516.1;-10436.7;95997.1;23655.9
331;98363.0;-12118.8;94956.2;23385.3
332;99390.0;-10986.8;95943.7;23641.1
333;96141.0;-14973.6;92915.4;22849.0
334;97526.1;-13312.3;94202.0;23193.6
335;99980.0;-9695.3;96412.6;23780.5
336;96719.8;-14361.5;93464.4;22989.8
337;94548.9;-17276.5;91439.1;22456.3
338;94685.8;-17074.9;91567.9;22488.0
340;94427.0;-17488.8;91328.1;22425.0
341;97022.9;-13987.3;93745.1;23067.5
342;99710.6;-10141.8;96173.1;23709.0
343;97001.1;-13935.1;93711.3;23051.5
344;98181.1;-12371.2;94791.1;23345.5
345;97529.2;-13248.0;94195.7;23191.2
346;97727.3;-13000.9;94378.0;23232.2
347;97420.0;-13392.0;94095.7;23158.8
348;97411.5;-13397.7;94087.2;23157.0
349;98399.8;-12073.2;94991.0;23397.1
350;95862.0;-15340.5;92657.4;22780.0
351;99248.8;-10981.8;95779.5;23600.1
352;99128.6;-11034.5;95650.8;23564.6
353;97375.7;-13442.0;94054.3;23150.3
354;98951.6;-11293.7;95490.4;23519.0
355;96601.9;-14418.6;93342.8;22957.9
356;96809.4;-14386.5;93568.8;23016.2
357;97883.1;-13054.1;94564.4;23280.7
358;97389.0;-13436.2;94067.7;23151.9
359;96941.8;-14273.4;93699.8;23047.7
360;96644.5;-14364.0;93381.5;22967.7
361;96815.1;-14162.8;93539.9;23010.6
362;99104.7;-11320.3;95670.2;23569.8
363;94678.6;-17142.9;91567.8;22486.9
364;98207.8;-12461.5;94835.4;23356.1
365;97310.0;-13529.7;93994.7;23135.0
366;98831.4;-11487.2;95384.6;23490.9
367;98485.6;-11942.3;95067.2;23417.6
369;98591.2;-11867.4;95172.6;23435.9
370;98141.2;-12659.6;94793.1;23345.6
371;97744.1;-12972.7;94393.1;23237.8
372;96945.2;-14052.7;93667.0;23039.1
373;99030.2;-11170.1;95559.9;23538.7
374;97027.4;-13936.2;93742.0;23066.3
375;100604.3;-8603.8;96965.6;23912.0
376;98568.1;-11838.6;95143.0;23432.5
377;101071.8;-7785.6;97388.1;24020.2
378;96449.7;-14706.6;93217.1;22918.8
379;94963.8;-16653.7;91825.8;22556.7
380;98820.3;-11472.3;95369.6;23486.3
381;99029.9;-11171.8;95559.9;23538.7
382;97746.6;-13003.4;94401.2;23243.5
383;95314.5;-16159.2;92152.1;22645.2
384;96989.5;-13958.0;93701.8;23047.8
385;98605.0;-12051.8;95219.2;23449.8
386;97399.4;-13423.9;94077.3;23153.7
387;97515.6;-13263.8;94183.2;23188.4
388;97396.5;-13495.2;94085.0;23156.8
389;96203.9;-15145.4;93011.3;22872.4
390;96849.6;-14124.5;93572.2;23017.8
391;95476.5;-15906.0;92301.1;22687.7
392;100489.1;-8818.9;96864.0;23887.7
393;96944.9;-14006.4;93659.4;23035.2
394;98425.8;-12022.3;95012.3;23402.1
395;96108.7;-15012.0;92885.0;22841.7
396;98937.8;-11314.0;95477.5;23513.8
397;94778.0;-16991.6;91661.0;22511.0
398;99130.8;-11024.9;95651.9;23564.6
399;97638.9;-13149.0;94302.2;23212.6
400;101038.9;-7782.8;97349.3;24012.3
401;95634.2;-15893.6;92476.8;22736.3
402;97814.8;-12870.8;94456.7;23254.7
403;98251.3;-12281.8;94855.6;23358.8
404;99615.4;-10366.7;96100.8;23690.8
405;97023.8;-13900.4;93732.1;23061.0
406;97764.0;-13324.2;94473.5;23257.0
407;94357.0;-17788.0;91286.1;22418.9
408;96374.8;-14836.4;93155.0;22906.0
409;98383.0;-12086.1;94974.2;23394.0
410;99407.2;-10713.9;95917.4;23637.0
411;97227.4;-13636.5;93918.7;23111.2
412;100933.4;-8085.3;97273.7;23997.4
413;100473.2;-8854.5;96850.4;23882.8
414;97581.9;-13347.1;94269.0;23205.4
415;93960.1;-18221.1;90887.3;22320.9
416;94922.6;-16787.0;91796.6;22548.6
417;96481.9;-14570.2;93231.8;22920.9
418;99424.8;-10687.3;95933.2;23640.4
419;98124.3;-12671.8;94775.0;23338.8
420;94456.4;-17494.9;91361.2;22432.9
421;97317.7;-13516.8;94001.3;23137.0
422;100196.1;-9584.1;96642.2;23825.6
423;97038.1;-14167.8;93792.4;23079.3
424;96517.3;-14593.9;93275.4;22938.6
425;100948.5;-7947.3;97269.6;23996.2
426;97745.8;-13181.6;94428.7;23248.8
427;96915.9;-14158.8;93651.0;23034.8
428;98222.2;-12319.6;94829.2;23354.8
429;97722.6;-13076.5;94384.7;23236.2
430;97012.9;-13920.7;93722.5;23055.2
431;99598.9;-10296.1;96071.0;23685.0
432;99441.0;-10564.8;95932.2;23639.4
433;99003.0;-11240.2;95540.0;23532.3
434;97541.4;-13233.4;94207.3;23195.1
435;99495.9;-10498.2;95983.5;23651.9
436;97591.7;-13374.2;94284.9;23207.8
437;98372.1;-12317.1;94998.4;23398.8
438;99256.2;-11073.5;95803.2;23605.9
439;98958.7;-11276.2;95495.6;23520.5
440;100524.3;-8775.1;96898.5;23897.1
441;98382.9;-12087.1;94974.2;23393.9
442;95079.4;-16494.5;91933.9;22588.8
443;95850.7;-15573.5;92677.9;22790.2
444;99824.1;-9952.3;96273.3;23736.1
445;97131.9;-13881.0;93850.3;23091.9
446;98210.5;-12715.0;94882.1;23366.1
447;96360.1;-14760.2;93127.0;22900.2
448;99215.6;-11126.9;95764.7;23591.9
449;97062.0;-13921.3;93778.5;23076.0
450;99985.4;-9690.4;96418.1;23781.3
451;96853.9;-14113.0;93575.2;23017.9
452;99428.1;-10683.1;95936.4;23640.6
453;98738.4;-11644.6;95304.6;23472.6
454;96563.7;-14468.2;93307.9;22948.1
455;99415.5;-10595.8;95908.0;23632.4
456;96286.3;-14834.9;93057.3;22885.6
457;96370.5;-14925.8;93163.7;22908.0
458;98793.6;-11727.9;95380.2;23488.2
459;96707.9;-14346.9;93448.8;22985.8
460;96721.7;-14505.5;93490.6;22999.9
461;97107.5;-13932.9;93831.1;23087.2
462;96093.3;-15313.7;92912.1;22848.7
463;99317.8;-10733.5;95819.0;23611.2
464;98584.8;-12117.1;95207.5;23448.7
465;97598.2;-13164.6;94259.2;23204.3
466;97509.3;-13403.3;94197.9;23191.4
467;98343.0;-12363.8;94973.1;23393.8
468;100436.5;-9181.9;96861.8;23887.4
469;99057.9;-11133.4;95585.2;23541.8
470;96889.4;-14074.8;93608.4;23023.9
471;98870.5;-11592.5;95446.3;23508.8
472;97507.7;-13278.6;94177.0;23188.1
473;97361.0;-13508.8;94048.0;23148.8
474;100624.6;-8627.4;96993.8;23919.6
475;97027.5;-13901.5;93736.4;23062.5
476;96935.6;-14016.8;93651.0;23034.7
478;95439.9;-16449.9;92333.5;22695.1
479;98382.2;-12091.8;94974.2;23393.9
480;96608.6;-14441.3;93353.4;22959.7
481;98485.5;-11943.5;95067.2;23417.7
482;95901.2;-15655.6;92746.3;22806.3
483;96465.4;-14796.5;93248.8;22928.2
484;98748.4;-11576.7;95305.6;23472.6
485;99937.3;-10049.8;96421.3;23781.6
486;98618.0;-11768.5;95188.2;23443.8
487;99550.1;-10552.4;96056.2;23681.8
488;100371.5;-9129.0;96775.6;23864.6
489;99258.2;-11113.6;95812.7;23608.6
490;96265.5;-14810.9;93030.8;22880.4
491;97472.5;-13676.1;94202.1;23193.8
492;98627.3;-12001.9;95237.1;23456.3
493;97001.2;-14109.1;93740.8;23066.1
494;98383.3;-12084.0;94974.2;23394.0
495;95236.5;-16273.0;92080.2;22627.5
496;96403.0;-14652.5;93158.1;22907.2
497;98504.5;-11933.8;95087.3;23421.3
498;94234.3;-17773.0;91145.1;22384.0
499;95966.5;-15197.4;92754.0;22808.2
500;97665.3;-13073.2;94320.7;23218.8
501;95014.2;-16585.6;91873.4;22571.8
502;97737.9;-13260.8;94434.0;23250.3
503;96449.1;-14605.3;93200.8;22914.0
504;97205.1;-13674.7;93899.8;23106.0
505;97237.7;-13843.3;93963.7;23124.2
506;97968.1;-12715.8;94605.1;23296.9
507;96772.2;-14416.2;93532.3;23007.8
508;97836.1;-12841.2;94475.8;23257.4
509;96740.7;-14327.9;93483.0;22998.0
510;98483.3;-12325.2;95128.4;23431.5
511;100363.2;-9048.7;96752.8;23858.5
512;97967.5;-12842.7;94624.7;23299.8
513;97953.2;-12687.0;94583.5;23288.5
514;95881.1;-15313.1;92675.6;22787.6
515;98709.5;-11985.1;95328.1;23477.8
516;96494.4;-14665.1;93260.6;22932.4
517;96395.8;-14896.4;93187.0;22912.8
518;98526.0;-12055.9;95130.5;23431.6
519;97945.5;-12839.7;94599.4;23294.8
520;99355.4;-11070.7;95918.6;23638.4
521;99963.6;-9730.6;96399.0;23775.6
522;96814.9;-14343.6;93568.5;23015.9
523;97854.8;-13006.4;94523.0;23270.2
524;100473.4;-8853.4;96850.4;23882.8
525;99202.9;-10911.5;95715.3;23578.0
526;98789.2;-11667.7;95365.5;23485.1
527;99752.1;-10057.3;96208.1;23723.1
528;96683.1;-14705.4;93478.6;22996.5
529;98680.6;-11677.9;95244.7;23458.0
530;99888.8;-9992.5;96353.6;23755.8
531;100246.1;-9299.3;96653.7;23828.4
532;96405.7;-14866.2;93193.2;22913.1
533;97265.2;-13712.5;93973.3;23128.1
534;98262.0;-12335.5;94875.8;23364.7
535;97196.2;-13754.8;93902.0;23107.3
536;97064.7;-13848.8;93769.8;23071.0
537;98764.1;-11554.4;95319.3;23474.7
538;97102.0;-13935.9;93825.3;23085.0
539;94910.1;-16783.4;91782.6;22546.2
540;98181.3;-12701.6;94846.1;23357.2
541;96941.3;-14450.3;93727.9;23057.8
542;96549.6;-14481.0;93294.1;22942.9
543;95218.4;-16617.6;92105.5;22633.4
544;99247.3;-11011.7;95782.7;23600.5
545;94245.6;-17766.7;91157.2;22386.4
546;95054.6;-16526.9;91910.4;22580.6
547;97242.6;-13620.5;93933.2;23116.0
548;99629.9;-10247.3;96098.5;23690.3
549;99748.9;-10121.9;96214.3;23724.5
550;95832.8;-15777.0;92686.4;22790.9
551;97406.1;-13417.0;94083.8;23155.6
552;95350.9;-16115.8;92186.9;22652.1
553;99242.6;-11030.1;95780.6;23600.2
554;95391.6;-16141.3;92235.2;22662.8
555;97436.0;-13500.9;94130.9;23172.0
556;99300.5;-10760.1;95803.2;23605.8
557;97310.7;-13659.9;94015.9;23141.9
558;99946.3;-10051.9;96432.0;23782.6
559;96342.1;-14724.9;93102.3;22895.7
560;98190.8;-12698.8;94856.7;23359.0
561;99029.6;-11174.4;95559.9;23538.7
562;97463.5;-13337.8;94136.2;23172.4
563;99847.9;-10113.2;96325.9;23747.2
564;98513.6;-12032.3;95112.8;23427.5
565;95125.6;-16586.3;91997.5;22608.3
567;98699.0;-11653.9;95261.6;23460.5
568;97812.5;-13116.4;94494.3;23264.6
569;95472.9;-16222.4;92338.8;22696.6
570;97817.8;-12896.8;94464.1;23256.4
571;96970.5;-13990.8;93685.8;23044.3
572;98661.5;-11874.6;95254.2;23459.9
573;98255.5;-12272.2;94858.9;23359.4
574;100615.4;-8643.0;96984.8;23915.1
575;97904.8;-12751.0;94539.2;23275.0
576;98483.9;-11947.0;95066.1;23417.4
577;98251.8;-12306.6;94860.0;23359.4
578;97449.9;-13361.8;94124.4;23167.3
579;97368.7;-13640.6;94077.3;23153.8
580;99419.9;-10582.4;95911.1;23633.7
581;98907.7;-11356.6;95450.5;23509.1
582;96695.1;-14403.8;93443.4;22983.3
583;95961.6;-15210.8;92750.4;22807.4
584;97580.9;-13310.9;94262.4;23204.6
585;99528.5;-10412.9;96007.5;23658.6
586;97638.6;-13214.3;94311.8;23214.6
587;100451.4;-8899.4;96831.4;23875.3
588;96487.3;-14564.7;93237.1;22923.2
589;97874.4;-12961.8;94538.1;23274.9
590;93794.4;-18585.5;90734.9;22279.5
591;96747.6;-14314.2;93488.5;22999.7
592;97184.6;-13695.2;93880.2;23102.7
593;98478.2;-11954.8;95060.9;23416.1
594;100397.7;-8984.6;96783.0;23866.3
595;97753.2;-12954.6;94401.2;23243.5
596;99965.0;-9818.3;96414.8;23780.8
597;98704.8;-11764.7;95285.6;23467.0
598;99204.8;-11050.8;95739.7;23584.3
599;96928.1;-14201.7;93672.2;23039.4
600;99813.4;-10338.4;96323.8;23746.0
601;96026.2;-15118.9;92809.3;22824.9
602;98451.4;-12020.0;95040.6;23409.2
603;96209.3;-14949.7;92987.6;22864.0
604;96824.4;-14472.5;93599.5;23021.7
605;95366.0;-16447.2;92247.7;22668.9
606;96805.5;-14624.7;93602.6;23021.9
607;98218.5;-12352.6;94830.3;23354.9
608;97598.6;-13168.3;94260.3;23204.4
609;95600.3;-15714.9;92415.8;22723.6
610;99997.3;-9701.6;96433.0;23782.7
611;98169.3;-12612.6;94816.2;23350.2
612;99259.9;-10847.4;95770.3;23594.9
613;98916.0;-11357.8;95459.9;23509.7
614;96660.7;-14350.8;93397.2;22972.7
615;94682.0;-17077.0;91563.6;22485.6
616;96261.3;-14884.6;93037.0;22882.9
617;99617.4;-10292.5;96091.2;23687.9
618;96056.2;-15080.4;92837.1;22831.5
619;98963.8;-11275.4;95501.1;23521.3
620;96733.3;-14314.3;93471.9;22991.5
621;98223.8;-12711.0;94896.6;23367.9
622;94840.1;-17003.7;91732.9;22535.0
623;99534.4;-10410.9;96013.9;23660.2
624;97639.9;-13118.2;94298.8;23212.0
625;99074.8;-11103.8;95600.3;23546.6
626;97965.7;-12746.7;94607.1;23296.9
627;98942.1;-11315.4;95482.8;23516.2
628;97543.6;-13230.8;94209.4;23195.2
629;98858.7;-11426.0;95405.8;23495.7
630;95352.0;-16107.5;92187.0;22652.2
631;96011.7;-15137.8;92795.5;22818.9
632;98832.5;-11459.7;95381.4;23488.6
633;97641.3;-13108.3;94298.8;23212.1
634;97261.7;-13903.5;94001.3;23137.0
635;97388.5;-13537.8;94082.7;23155.3
636;98454.9;-12061.5;95051.2;23414.0
637;96749.3;-14322.1;93491.7;23000.0
638;98420.5;-12354.1;95060.8;23415.1
639;96272.3;-14802.3;93037.0;22881.8
640;97008.1;-14113.6;93749.5;23068.0
641;99221.8;-10898.5;95734.6;23582.2
642;99277.7;-11249.3;95860.0;23619.2
643;95968.2;-15315.2;92773.0;22812.7
644;98994.3;-11291.2;95537.8;23531.0
645;96051.9;-15305.5;92864.4;22837.4
646;98842.5;-11447.2;95391.0;23492.5
647;94744.3;-16964.2;91620.4;22502.3
648;95919.9;-15458.3;92740.1;22806.0
649;96858.6;-14288.7;93608.3;23023.9
650;97425.1;-13383.4;94099.8;23159.0
651;99934.6;-9779.0;96372.6;23764.4
652;99089.6;-11160.3;95625.7;23554.7
653;100118.9;-9764.4;96582.5;23813.3
654;99594.0;-10304.2;96066.9;23684.8
655;97225.1;-13645.8;93917.6;23111.1
656;97257.5;-13593.7;93946.0;23121.2
657;99323.1;-10920.1;95854.8;23618.0
658;97753.1;-13004.0;94408.6;23245.2
659;97428.6;-13453.6;94114.7;23165.2
660;95603.2;-15773.7;92427.0;22727.4
661;97535.8;-13240.5;94202.0;23193.6
663;96956.0;-14128.4;93691.1;23044.7
664;96158.1;-14979.9;92936.0;22856.3
665;98762.6;-11619.4;95328.0;23477.7
666;96936.9;-14014.8;93652.1;23034.8
667;97149.8;-13789.5;93855.5;23092.2
668;99775.7;-10277.0;96270.1;23733.7
669;96044.7;-15177.2;92838.5;22832.1
670;98169.3;-12405.2;94783.5;23344.6
671;94748.1;-16965.7;91624.7;22502.8
672;97835.6;-12845.1;94475.8;23257.4
673;98330.9;-12168.4;94927.0;23374.0
674;99044.4;-11156.1;95573.4;23539.5
675;96281.3;-14913.8;93063.6;22887.0
676;98177.6;-12374.2;94787.8;23345.0
677;98166.3;-12441.3;94785.6;23344.8
678;97640.9;-13248.2;94320.6;23218.6
679;97922.3;-12733.0;94555.8;23278.0
680;98403.5;-12060.3;94993.1;23397.4
681;98305.3;-12203.5;94904.0;23368.5
682;96108.0;-15225.2;92915.5;22849.2
683;95775.7;-15848.8;92630.5;22773.3
684;101672.4;-6416.4;97899.5;24159.5
685;100697.2;-8664.1;97085.4;23942.4
686;95525.4;-15834.9;92346.5;22698.5
687;98340.6;-12375.3;94973.1;23393.8
688;98644.0;-11864.7;95232.9;23455.0
689;98808.0;-11856.0;95418.4;23496.7
690;97902.0;-12750.0;94536.0;23274.7
691;96236.3;-14956.1;93020.0;22878.3
692;97395.9;-13456.4;94078.4;23154.0
693;96899.7;-14180.1;93636.0;23028.2
694;97881.5;-12844.4;94527.5;23273.0
695;97252.5;-13602.4;93941.8;23119.9
696;97475.0;-13326.8;94147.8;23180.4
697;99277.5;-10817.4;95786.1;23602.1
698;99629.7;-10249.9;96098.6;23690.5
699;95803.6;-15751.1;92647.9;22776.3
700;96973.7;-13967.5;93685.8;23044.3
701;96457.7;-14592.3;93208.7;22917.1
702;99566.4;-10646.7;96091.1;23687.7
703;97611.2;-13155.2;94272.1;23205.6
704;99920.9;-10074.1;96406.4;23777.3
705;96875.1;-14486.0;93658.2;23035.0
706;97715.5;-13190.2;94395.4;23240.3
707;95595.8;-15724.8;92411.7;22720.5
708;99747.7;-10071.0;96204.8;23720.7
709;97095.4;-13890.1;93810.5;23081.8
710;95355.7;-16324.6;92219.4;22659.6
711;96750.0;-14336.6;93494.8;23000.1
712;94104.4;-18203.0;91047.0;22357.0
713;97625.6;-13278.2;94307.5;23214.0
714;97784.6;-13348.8;94501.7;23265.2
715;98116.2;-12524.7;94741.2;23327.1
716;100041.0;-9646.6;96473.9;23790.8
717;97194.5;-13672.9;93888.0;23103.8
718;98957.7;-11282.8;95495.5;23520.3
719;98158.1;-12447.4;94777.2;23341.1
720;97382.0;-13451.9;94062.5;23150.5
721;94492.5;-17370.2;91387.0;22440.5
722;99134.9;-11174.9;95680.9;23573.8
723;96829.8;-14538.7;93615.8;23025.5
724;97708.6;-13182.9;94385.7;23236.3
725;95718.4;-15622.9;92534.3;22745.2
726;98115.9;-12471.1;94732.8;23325.5
727;97828.2;-13013.6;94494.3;23264.7
728;97715.4;-13203.5;94397.7;23240.8
729;97463.8;-13407.5;94146.6;23174.0
730;99325.5;-10739.5;95828.4;23611.7
731;99201.9;-10918.3;95715.2;23578.0
732;98821.9;-11544.3;95382.5;23488.6
734;96718.0;-14486.4;93483.1;22998.1
735;97084.6;-13818.8;93787.9;23077.6
736;96113.8;-15039.5;92894.7;22843.7
737;98313.0;-12464.8;94956.0;23383.1
738;96615.8;-14475.4;93366.1;22962.7
740;95769.3;-15740.8;92607.8;22768.0
741;97811.3;-12881.7;94454.3;23252.2
742;99250.9;-10926.3;95772.4;23595.1
743;95275.7;-16216.6;92116.4;22637.6
744;96706.1;-14503.6;93471.9;22991.5
745;97463.4;-13337.6;94136.2;23173.5
746;96559.2;-14473.4;93303.4;22944.3
747;98493.8;-12031.6;95090.5;23421.5
748;97715.6;-13071.6;94375.6;23231.6
749;98157.2;-12533.1;94789.9;23345.2
750;96563.3;-14470.7;93307.6;22946.7
751;100095.2;-9531.2;96517.7;23800.0
752;97679.5;-13057.2;94334.2;23221.1
753;99733.9;-10126.1;96197.2;23715.7
754;96964.1;-14228.9;93717.6;23051.9
755;98564.8;-12113.8;95184.0;23442.5
756;96617.1;-14507.4;93372.8;22964.8
757;96218.4;-14882.4;92987.7;22864.2
758;96596.6;-14423.0;93337.6;22956.5
759;97631.7;-13123.1;94290.3;23209.3
760;97315.7;-13659.3;94021.2;23143.3
761;100023.1;-10047.1;96520.9;23800.3
762;95904.3;-15270.9;92696.0;22794.7
763;95994.4;-15180.4;92782.6;22815.6
764;100327.5;-9382.8;96766.2;23863.1
765;98639.7;-11735.6;95207.5;23448.7
766;94775.4;-16950.5;91653.1;22508.8
767;98443.0;-12102.4;95043.8;23409.5
768;97978.6;-13012.3;94667.0;23310.8
769;94380.9;-17527.3;91281.9;22418.6
770;97093.3;-13821.6;93797.8;23080.9
771;97654.2;-13156.0;94320.7;23218.9
772;98804.7;-11714.1;95390.9;23492.3
773;99163.5;-11060.6;95694.4;23574.6
774;97846.0;-12832.0;94485.3;23258.1
775;99299.7;-10767.2;95803.2;23605.8
776;97455.1;-13343.9;94127.6;23168.6
777;96358.0;-14702.7;93116.4;22899.4
778;96243.8;-14846.1;93011.3;22872.4
779;98526.4;-11889.3;95104.4;23423.9
780;94667.8;-17104.8;91551.3;22482.8
781;98696.5;-11956.3;95307.8;23472.9
782;95943.3;-15375.5;92754.1;22808.4
783;97118.6;-13782.2;93819.8;23084.2
784;98436.1;-12213.4;95054.5;23414.5
785;99589.7;-10436.4;96082.7;23687.1
786;94646.6;-17445.1;91570.1;22488.3
787;96441.4;-14609.6;93193.2;22913.1
788;97726.6;-13250.1;94419.4;23246.2
789;96723.0;-14485.5;93488.4;22999.6
790;99011.8;-11393.6;95574.5;23539.7
791;94473.9;-17392.7;91369.0;22436.1
792;98242.1;-12287.0;94846.1;23357.2
793;98329.7;-12294.6;94946.2;23381.9
794;97773.1;-12929.0;94419.4;23246.2
795;99385.1;-10837.7;95912.2;23634.8
796;95781.8;-15481.5;92586.3;22761.8
797;99431.8;-10554.2;95920.7;23638.5
798;96599.2;-14425.2;93340.7;22956.7
799;98828.1;-11492.3;95381.4;23488.6
800;97113.9;-14042.4;93856.9;23092.8
801;98951.2;-11366.7;95501.0;23521.1
802;98859.6;-11700.7;95451.5;23509.1
803;95342.8;-16598.3;92243.4;22667.5
804;97444.9;-13360.3;94118.9;23166.5
805;97559.6;-13213.4;94224.2;23197.4
806;97305.1;-13537.4;93990.5;23134.9
807;96519.0;-14519.2;93265.9;22935.7
808;100558.0;-9044.9;96984.7;23914.9
809;98014.8;-12603.4;94639.7;23303.3
810;100086.8;-9781.7;96548.0;23805.1
811;96796.0;-14189.2;93522.9;23006.1
812;96040.3;-15098.7;92822.3;22829.4
813;97890.7;-12768.2;94526.4;23272.7
814;96807.5;-14169.5;93532.4;23007.9
815;101497.7;-6830.3;97749.8;24120.2
816;98042.0;-12648.4;94677.7;23314.8
817;99468.2;-10756.7;95993.9;23655.6
818;97328.5;-13505.0;94011.7;23140.6
819;97129.4;-13937.6;93856.7;23092.6
820;97602.9;-13426.7;94307.5;23214.2
821;98226.3;-12366.0;94840.7;23356.5
822;99021.7;-11183.9;95552.6;23538.3
823;97489.6;-13371.2;94170.7;23186.6
824;96595.1;-14649.0;93370.7;22964.6
825;96028.0;-15118.4;92811.7;22828.6
826;97544.5;-13482.6;94250.6;23202.4
827;98533.2;-12193.1;95160.7;23433.5
828;98391.7;-12072.4;94981.7;23394.7
829;97664.2;-13081.1;94320.7;23218.8
830;96754.4;-14228.7;93483.1;22999.1
831;97867.2;-13091.7;94552.6;23277.5
832;98586.9;-11813.3;95159.6;23433.3
833;97635.8;-13171.4;94302.0;23212.4
834;97863.7;-12799.2;94500.7;23265.2
835;97441.6;-13422.8;94124.2;23167.0
836;99103.9;-11159.9;95642.5;23561.0
837;97009.9;-13926.6;93719.7;23052.1
838;97974.4;-12661.1;94603.8;23296.4
839;98281.2;-12334.8;94897.7;23368.1
840;98832.3;-11461.7;95381.4;23488.6
841;100047.2;-9595.1;96472.8;23788.5
842;98748.0;-11580.2;95305.7;23472.7
843;98627.4;-11756.3;95196.7;23444.6
844;95383.8;-16250.6;92240.8;22664.7
845;98610.7;-11936.1;95206.3;23447.5
846;101343.4;-7180.6;97616.5;24078.9
847;96367.1;-14900.5;93156.0;22906.0
848;96112.2;-15008.4;92888.3;22842.0
849;97338.2;-13505.8;94022.6;23143.8
850;99253.0;-11010.0;95789.3;23602.4
851;98504.3;-11915.5;95084.0;23419.8
852;96940.4;-14031.9;93658.2;23035.0
853;97644.6;-13106.7;94302.1;23212.5
854;99306.1;-10761.0;95809.5;23607.3
855;98746.2;-11579.5;95303.4;23472.4
856;101548.2;-6817.2;97808.4;24132.4
857;99183.4;-11353.0;95768.2;23594.6
858;98177.6;-12668.7;94836.5;23356.2
859;98590.4;-12132.3;95215.9;23449.4
860;97128.8;-13766.3;93828.7;23086.6
861;96167.5;-14930.4;92939.2;22856.6
862;97948.3;-12749.1;94587.7;23289.7
863;98400.8;-12331.8;95034.3;23408.7
864;95517.2;-15847.3;92339.2;22698.1
865;96869.0;-14102.2;93590.1;23020.1
866;97081.7;-13906.5;93797.9;23081.0
867;98086.8;-12502.6;94705.3;23320.3
868;97271.8;-13592.1;93961.5;23123.9
869;98329.7;-12402.4;94964.7;23388.2
870;97850.2;-12827.7;94489.5;23260.4
871;99324.8;-10844.6;95844.2;23616.0
872;94998.4;-16841.1;91889.2;22575.0
873;100298.5;-9231.6;96705.3;23844.4
874;99925.9;-9788.1;96364.2;23762.7
875;97776.3;-12917.3;94421.5;23248.4
876;98699.8;-11646.7;95261.7;23461.7
877;98619.1;-11874.5;95206.3;23447.5
878;96508.6;-14746.8;93289.5;22941.2
879;97944.4;-12700.2;94576.1;23287.8
880;98897.2;-11418.7;95448.3;23508.8
881;98162.6;-12403.5;94774.9;23337.8
882;99289.5;-11025.3;95833.5;23612.9
883;97811.6;-13065.4;94483.2;23258.0
884;97781.8;-13138.5;94462.0;23255.2
885;96497.0;-14549.9;93245.7;22926.2
886;97103.5;-13797.4;93805.3;23081.6
887;96948.4;-14145.4;93685.8;23044.3
888;100389.4;-8996.8;96775.6;23865.7
889;98049.3;-12555.9;94671.3;23312.2
890;96111.0;-15186.0;92913.1;22848.7
891;98304.1;-12219.0;94905.0;23368.6
892;97385.0;-13435.9;94063.6;23151.7
894;98433.2;-12017.9;95019.4;23402.4
895;95278.0;-16277.7;92126.8;22640.2
896;98587.8;-11822.5;95162.1;23434.1
897;96186.1;-14980.9;92966.8;22860.8
898;95372.3;-16433.5;92253.0;22670.4
899;98453.7;-11991.0;95038.6;23409.1
900;95370.2;-16101.6;92206.5;22656.4
901;96978.2;-14052.4;93703.9;23049.9
902;97995.6;-12687.2;94631.3;23300.7
903;98642.9;-11734.1;95210.8;23449.2
904;98853.6;-11478.3;95407.9;23495.9
905;97624.6;-13251.6;94302.1;23212.5
906;96397.9;-14668.8;93154.7;22905.6
907;100753.2;-8335.2;97097.7;23942.9
908;96745.2;-14263.2;93477.5;22995.3
909;100516.9;-8947.0;96918.4;23903.6
910;96984.8;-13957.5;93696.4;23045.2
911;99514.5;-10516.2;96007.5;23658.6
912;99359.7;-10673.2;95856.9;23618.1
913;96054.4;-15126.9;92841.8;22832.6
914;98199.8;-12544.6;94839.6;23356.4
915;98832.0;-11730.8;95424.6;23499.1
916;98763.0;-11753.5;95349.6;23480.7
917;97358.7;-13525.5;94048.0;23148.8
918;98077.1;-12920.3;94764.3;23334.8
919;97061.1;-13854.4;93766.6;23069.7
920;95870.5;-15323.7;92664.8;22783.6
921;99212.7;-10965.4;95734.5;23582.1
922;96774.9;-14439.3;93538.7;23009.3
923;99804.4;-10334.9;96313.4;23745.4
924;98631.7;-11752.6;95201.0;23446.0
925;96310.9;-14759.6;93073.2;22888.8
926;97432.0;-13389.1;94108.3;23159.7
927;97214.6;-13654.7;93907.2;23107.6
928;96316.8;-14907.3;93102.2;22895.6
929;98454.9;-12049.9;95049.1;23413.0
930;96936.3;-14018.8;93652.1;23034.8
931;100259.2;-9311.0;96670.5;23831.6
932;99044.7;-11154.7;95573.5;23539.6
933;96330.5;-14738.3;93091.3;22892.5
934;97653.8;-13157.7;94320.6;23218.7
935;97287.8;-13751.6;94005.5;23137.3
936;95239.8;-16459.5;92107.6;22633.5
937;99144.2;-10995.6;95662.7;23567.9
938;99117.8;-11293.0;95681.0;23574.0
939;99133.9;-11023.1;95655.2;23566.2
940;96944.5;-14203.1;93691.0;23044.6
941;99358.4;-10668.5;95854.8;23618.0
942;97326.5;-13644.9;94031.0;23146.5
943;99149.7;-10990.1;95668.0;23569.3
944;100520.3;-8978.7;96928.0;23906.6
945;97901.7;-12745.8;94535.0;23274.7
946;95439.6;-16296.0;92310.8;22688.7
947;97172.1;-13712.5;93868.6;23095.7
948;98638.8;-11995.2;95249.0;23459.6
949;99615.2;-10273.8;96085.8;23687.3
950;95881.7;-15604.0;92716.5;22798.7
951;97372.4;-13550.7;94066.7;23151.9
952;97986.9;-12943.1;94664.7;23310.3
953;98346.3;-12233.6;94954.9;23383.0
954;99114.2;-11061.9;95638.1;23558.4
955;96224.9;-14867.5;92992.9;22865.5
956;96950.6;-14409.6;93732.0;23061.0
957;99263.1;-10824.2;95770.3;23594.9
958;98291.8;-12233.3;94893.5;23367.8
959;98355.5;-12263.5;94971.0;23391.6
960;99449.7;-10596.2;95946.9;23643.5
961;97855.0;-12818.2;94494.0;23264.1
962;98504.2;-11935.1;95087.2;23421.2
963;97171.4;-13731.6;93870.8;23097.0
964;95574.6;-15951.0;92418.1;22725.0
965;95663.9;-15734.7;92488.9;22737.8
966;97811.4;-12882.3;94454.5;23252.4
967;97335.4;-13686.3;94047.9;23148.8
968;96658.7;-14468.6;93413.1;22977.0
969;98173.9;-12387.0;94785.6;23344.8
970;96313.2;-14757.8;93075.4;22889.1
971;97861.0;-12811.8;94499.6;23265.1
972;97655.5;-13144.8;94320.5;23218.6
973;96317.9;-15140.6;93140.1;22903.7
974;94143.4;-17927.0;91059.7;22362.0
975;99983.7;-9689.7;96416.0;23781.1
976;98173.5;-12375.5;94783.5;23344.6
978;97017.9;-13911.3;93726.7;23056.6
979;98286.4;-12300.0;94897.7;23368.0
980;97280.5;-13790.1;94003.4;23137.1
981;98581.0;-11872.5;95162.3;23434.4
982;96164.7;-15002.0;92946.6;22859.2
983;97967.8;-12666.5;94597.0;23293.1
984;97623.3;-13134.7;94282.6;23207.3
985;97380.7;-13561.1;94077.4;23153.9
986;97317.9;-13610.0;94016.0;23142.0
987;97998.5;-12650.2;94629.0;23300.2
988;99143.5;-11009.0;95663.8;23568.0
989;96855.8;-14114.3;93577.4;23018.1
990;97024.3;-14005.2;93749.5;23068.0
991;97940.5;-12702.0;94571.7;23285.3
992;97456.3;-13609.1;94173.8;23187.9
993;98252.1;-12429.0;94880.0;23366.0
994;98824.5;-11469.8;95373.9;23486.7
995;99733.0;-10100.2;96192.0;23712.4
996;97509.1;-13283.3;94179.2;23188.4
997;94175.8;-17871.8;91089.9;22367.0
998;97587.9;-13241.1;94259.2;23204.3
999;98230.0;-12317.7;94837.5;23356.2
1000;97394.4;-13431.8;94073.0;23153.4
