CASO;pATIVA;pREATIVA;dATIVA;dREATIVA
1;97293.5;-9532.6;93611.4;20988.6
2;95548.9;-11703.9;92000.2;20627.2
3;95635.1;-11415.0;92070.6;20642.4
4;95229.3;-12085.2;91703.0;20560.2
5;96691.4;-10175.4;93051.9;20869.4
6;94272.2;-13171.8;90804.8;20357.9
7;97389.7;-9436.8;93700.5;21009.8
8;95447.1;-11722.6;91901.0;20604.8
9;96278.7;-10756.5;92673.8;20780.5
10;95823.8;-11312.7;92252.8;20686.8
11;97172.3;-9719.5;93500.8;20967.0
12;94456.5;-13026.5;90981.6;20398.6
13;95769.0;-11447.7;92204.8;20677.3
14;95720.8;-11412.7;92156.4;20667.4
15;96912.7;-10061.5;93262.4;20911.4
16;95211.3;-12045.7;91683.9;20557.5
17;95887.6;-11310.7;92314.8;20696.5
18;95359.0;-11935.6;91824.2;20591.5
19;96075.5;-11040.9;92487.3;20732.7
20;96476.5;-10597.7;92859.6;20821.5
21;95211.7;-12022.0;91682.9;20557.4
22;96918.9;-10038.1;93267.8;20912.1
23;96715.0;-10298.9;93080.2;20877.6
24;96419.9;-10588.5;92804.7;20814.7
25;96715.7;-10272.9;93080.2;20877.5
26;95505.1;-11749.1;91959.3;20614.7
27;95922.4;-11227.1;92345.8;20704.6
28;95328.3;-11864.6;91790.8;20579.9
29;95809.2;-11282.1;92237.0;20685.7
30;96433.6;-10633.4;92819.7;20818.3
31;95499.5;-11754.0;91953.9;20613.2
32;95712.3;-11530.2;92152.9;20663.7
33;95517.6;-11517.7;91959.1;20614.5
34;95384.7;-11898.7;91847.6;20593.6
35;95516.8;-11757.4;91970.8;20616.5
36;95994.9;-11199.7;92415.2;20717.3
37;95190.9;-12128.4;91667.1;20552.3
38;96215.9;-10853.4;92616.6;20766.4
39;97314.9;-9526.9;93631.6;20993.7
40;96598.2;-10451.9;92972.5;20850.1
41;95867.8;-11321.2;92296.1;20692.4
42;95356.5;-11937.9;91821.8;20589.9
43;95463.4;-11641.1;91912.6;20605.7
44;97355.9;-9484.8;93669.7;21002.6
45;96076.4;-11105.0;92490.7;20734.2
46;95536.6;-11703.5;91988.2;20622.6
47;96183.0;-10969.1;92589.0;20757.7
48;97666.9;-9054.0;93953.6;21064.9
49;96125.8;-10965.6;92533.3;20746.4
50;96508.1;-10562.9;92888.9;20826.6
51;96261.1;-10870.6;92661.1;20778.4
52;95744.9;-11451.4;92181.6;20673.4
53;95179.5;-12109.3;91655.1;20547.8
54;95747.5;-11467.4;92184.8;20673.6
55;95852.0;-11364.5;92282.4;20691.3
56;96479.4;-10604.5;92862.8;20821.7
57;96667.7;-10312.9;93035.0;20861.8
58;96740.8;-10273.0;93104.3;20880.4
59;96249.9;-10877.3;92650.5;20776.5
60;96706.5;-10148.4;93065.6;20874.6
61;95450.0;-11796.9;91907.3;20605.2
62;96998.1;-9939.1;93340.6;20925.5
63;96421.8;-10654.1;92809.0;20816.3
64;95781.5;-11439.9;92216.8;20679.8
65;96406.8;-10495.4;92787.1;20812.8
66;95964.5;-11232.1;92386.7;20708.5
67;96914.3;-10005.3;93262.3;20911.3
68;97221.3;-9538.0;93541.8;20975.4
69;97729.1;-8980.2;94010.4;21074.0
70;94956.4;-12402.9;91448.2;20508.6
71;94914.0;-12392.7;91406.1;20498.5
72;95641.4;-11611.1;92086.5;20646.9
73;96162.4;-10962.8;92568.8;20752.8
74;96694.0;-10318.0;93060.3;20873.1
75;96278.8;-10753.7;92673.7;20780.3
76;94484.1;-12986.5;91007.3;20407.1
77;95790.5;-11152.8;92210.5;20679.3
78;96658.6;-10359.9;93027.6;20861.2
79;96210.7;-10933.3;92614.4;20765.1
80;96622.8;-10235.7;92987.2;20856.3
81;95843.8;-11351.0;92273.9;20690.5
82;95860.4;-11341.4;92289.7;20691.8
83;96179.6;-10973.8;92585.8;20757.5
84;96345.4;-10765.9;92739.2;20798.1
85;96189.0;-10929.2;92593.2;20758.2
86;96128.4;-10911.7;92533.2;20746.3
87;95516.5;-11762.1;91970.8;20616.6
88;96319.6;-10796.5;92715.0;20792.1
89;96124.7;-10998.9;92533.3;20746.5
90;96912.6;-10059.6;93262.3;20911.2
91;96955.3;-10007.5;93301.7;20918.3
92;96178.5;-10974.1;92584.7;20757.4
93;95726.6;-11502.7;92165.7;20670.0
94;95533.0;-11740.3;91986.1;20622.5
95;96359.7;-10590.9;92745.7;20801.9
96;96097.2;-11076.4;92509.7;20738.8
97;95752.7;-11474.4;92190.0;20673.9
98;96073.8;-11085.9;92487.4;20732.7
99;95545.7;-11723.6;91997.9;20626.7
100;96572.6;-10267.6;92938.9;20843.4
101;95676.0;-11570.3;92118.8;20655.5
102;96982.6;-9974.2;93326.6;20920.9
103;96342.6;-10670.5;92733.0;20797.7
104;96489.3;-10593.5;92872.0;20823.2
105;95214.8;-12067.7;91688.1;20558.8
106;96163.5;-10993.8;92571.1;20756.4
107;96596.9;-10456.8;92971.4;20850.0
108;95308.6;-11996.3;91777.1;20574.8
109;95805.8;-11350.5;92237.1;20685.8
110;96071.1;-11063.5;92484.0;20732.1
111;94970.7;-12348.7;91460.2;20516.0
112;96275.2;-10809.7;92672.7;20780.3
113;96674.6;-10280.1;93040.2;20864.3
114;95377.2;-11862.7;91839.0;20592.7
115;96302.1;-10792.1;92698.0;20787.5
116;95020.2;-12276.1;91505.8;20522.9
117;95989.8;-11144.1;92408.2;20715.7
118;94792.0;-12517.8;91290.6;20472.5
119;96904.3;-10075.9;93255.0;20909.7
120;96350.2;-10629.4;92738.2;20798.0
121;95995.1;-11107.4;92411.7;20716.6
122;95434.8;-11848.1;91894.5;20604.0
123;97021.0;-9897.9;93361.3;20931.8
124;97556.1;-9212.9;93853.1;21043.0
125;94609.9;-12831.2;91124.7;20434.8
126;96987.2;-9972.3;93331.0;20921.6
127;97294.8;-9563.0;93613.5;20988.8
128;96295.4;-10746.3;92689.5;20782.7
129;95126.4;-12201.1;91606.7;20538.1
130;96689.1;-10179.2;93049.8;20869.3
131;95878.5;-11318.4;92306.5;20696.0
132;95563.4;-11661.1;92012.5;20627.7
133;95088.1;-12139.6;91566.4;20533.2
134;96447.0;-10634.7;92832.4;20819.5
135;96633.2;-10388.0;93004.3;20858.1
136;95543.4;-11727.1;91995.7;20624.5
137;96428.4;-10529.4;92810.3;20816.7
138;95175.8;-12150.4;91653.0;20545.7
139;96640.8;-10396.4;93011.6;20858.6
140;96074.5;-11099.4;92488.5;20733.9
141;95878.1;-11212.0;92301.3;20692.7
142;95945.8;-11236.6;92368.7;20705.9
143;96692.4;-10197.9;93054.0;20869.6
144;96613.8;-10245.2;92978.8;20853.6
145;96431.6;-10658.6;92818.7;20818.3
146;96140.8;-11020.3;92549.9;20749.5
147;96097.1;-11078.2;92509.7;20738.8
148;96511.0;-10532.0;92891.0;20827.6
149;96213.0;-10929.7;92616.5;20766.3
150;96549.1;-10514.9;92927.4;20841.5
151;95773.4;-11450.7;92209.3;20679.1
152;94156.6;-13379.4;90699.8;20340.1
153;96827.9;-10148.3;93184.1;20893.8
154;97739.3;-8785.5;94013.5;21076.1
155;96365.3;-10734.9;92757.4;20806.9
156;95948.2;-11256.9;92371.7;20706.0
157;95903.6;-11305.5;92330.3;20701.7
158;95926.9;-11251.8;92351.0;20704.8
159;96063.0;-11127.0;92478.4;20729.2
160;95188.2;-12092.2;91662.9;20550.1
161;95639.6;-11500.5;92080.0;20644.1
162;95281.8;-12028.1;91752.3;20569.0
163;96226.0;-10873.7;92627.1;20770.3
164;95787.4;-11325.5;92217.9;20679.9
165;96410.1;-10675.6;92798.4;20813.2
166;95885.8;-11326.8;92313.8;20696.4
167;96785.3;-10217.0;93145.2;20888.6
168;96199.0;-10950.6;92603.8;20760.1
169;97732.3;-8978.1;94013.6;21078.3
170;94587.6;-12865.5;91104.0;20425.3
171;95529.5;-11745.5;91982.8;20620.0
172;96722.9;-10115.6;93080.2;20877.6
173;97999.5;-8587.2;94255.8;21136.1
174;95820.1;-11399.0;92252.8;20686.9
175;96074.1;-11076.9;92487.4;20732.8
176;95846.0;-11293.6;92273.7;20690.2
177;97062.9;-9863.8;93400.4;20941.3
178;95789.3;-11405.9;92223.3;20681.5
179;96549.6;-10466.8;92926.3;20841.4
180;95769.8;-11455.5;92206.0;20678.5
181;95055.2;-12286.8;91540.6;20525.5
182;96273.7;-10852.3;92672.6;20780.2
183;96417.9;-10635.1;92804.7;20814.7
184;97035.1;-9904.5;93375.0;20934.0
185;95935.9;-11270.4;92360.3;20705.3
186;95545.9;-11721.4;91998.0;20626.9
187;96463.5;-10491.1;92842.9;20820.3
188;96218.7;-10893.0;92620.8;20767.8
189;96246.5;-10883.7;92647.4;20775.2
190;95964.3;-11240.7;92386.8;20708.6
191;96925.6;-10045.7;93274.3;20914.0
192;96312.8;-10804.5;92708.7;20790.6
193;97502.5;-9186.2;93801.0;21037.3
194;96888.5;-10036.2;93238.6;20905.1
195;96542.4;-10421.1;92917.5;20839.1
196;94777.2;-12629.1;91281.0;20470.7
197;96494.2;-10582.8;92876.4;20825.7
198;96351.3;-10755.5;92744.6;20801.7
199;96647.6;-10390.1;93018.0;20859.2
200;96832.6;-10137.5;93188.3;20894.2
201;95710.5;-11424.6;92146.7;20662.4
202;96656.9;-10342.9;93025.4;20860.9
203;95600.7;-11640.9;92048.2;20637.3
204;97550.1;-9223.5;93847.6;21042.3
205;94994.7;-12350.3;91483.9;20521.6
206;94688.2;-12633.5;91193.0;20449.1
207;94761.3;-12646.4;91266.0;20466.2
208;95355.3;-11940.2;91820.7;20588.8
209;95195.6;-12023.5;91667.1;20551.2
210;97550.5;-9206.9;93847.7;21042.3
211;95774.8;-11282.5;92202.7;20676.1
212;94983.8;-12360.4;91473.5;20518.9
213;96897.5;-10055.3;93247.7;20907.3
214;95583.3;-11554.3;92027.2;20631.8
215;95082.6;-12183.6;91563.1;20531.7
216;96693.8;-10321.9;93060.3;20873.0
217;96511.4;-10524.0;92891.2;20828.0
218;95684.3;-11556.4;92126.3;20656.3
219;97119.1;-9788.9;93452.0;20957.7
220;96131.7;-10955.4;92538.6;20747.9
221;97288.6;-9546.3;93607.2;20987.2
222;96416.3;-10678.4;92804.7;20814.7
223;97245.6;-9622.5;93568.2;20979.8
224;96118.9;-10972.7;92526.9;20744.8
225;95103.3;-12219.6;91584.8;20533.8
226;97944.8;-8556.9;94203.2;21122.5
227;95611.3;-11648.9;92058.9;20640.3
228;95860.1;-11353.8;92289.8;20691.9
229;95494.6;-11788.9;91950.6;20611.7
230;95854.3;-11364.5;92284.6;20691.6
231;96217.9;-10920.7;92620.9;20767.9
232;96191.0;-10961.0;92596.4;20758.4
233;96539.8;-10522.6;92918.6;20839.2
234;97423.5;-9340.5;93730.2;21015.6
235;95926.5;-11187.0;92347.9;20704.7
236;95081.7;-12207.2;91563.2;20533.0
237;95160.2;-11905.7;91624.4;20539.2
238;95518.8;-11761.0;91973.0;20616.8
239;94750.0;-12489.2;91246.9;20462.7
240;96657.3;-10362.0;93026.5;20861.0
241;95650.4;-11480.3;92089.8;20647.3
242;95782.4;-11249.7;92208.3;20679.0
243;95998.2;-11178.3;92417.7;20718.1
244;94957.7;-12370.8;91448.2;20508.5
245;95372.5;-11900.8;91835.9;20592.5
246;96547.8;-10516.5;92926.1;20841.1
247;96511.5;-10515.1;92891.0;20827.7
248;95677.5;-11564.1;92120.0;20655.8
249;97438.0;-9371.8;93744.8;21019.7
250;95021.0;-12288.8;91507.1;20523.3
251;95752.5;-11449.8;92189.0;20673.9
252;95836.0;-11380.8;92267.5;20689.0
253;93880.9;-13734.9;90441.4;20280.5
254;97535.6;-9235.3;93834.1;21040.3
255;96323.3;-10565.2;92707.6;20790.4
256;95248.2;-12054.2;91720.2;20563.0
257;97627.0;-9122.5;93917.9;21053.0
258;96480.0;-10585.3;92862.8;20821.7
259;96356.2;-10745.6;92748.9;20803.2
260;95555.9;-11713.6;92007.4;20627.5
261;96115.2;-11042.9;92525.7;20744.6
262;94858.0;-12534.3;91356.5;20482.3
263;96639.7;-10327.8;93008.4;20858.2
264;95729.6;-11429.4;92165.8;20670.0
265;96135.9;-10984.1;92543.8;20749.2
266;96963.7;-9918.8;93306.8;20918.5
267;96250.2;-10868.3;92650.5;20776.5
268;96236.8;-10821.3;92635.7;20771.1
269;96244.6;-10871.7;92645.2;20774.0
270;95474.0;-11677.0;91925.2;20608.6
271;96670.0;-10217.9;93032.9;20861.7
272;97236.7;-9583.3;93558.6;20978.8
273;96615.4;-10337.7;92985.1;20856.1
274;96701.1;-10262.1;93065.6;20874.6
275;95362.5;-11874.0;91825.2;20591.6
276;95370.6;-11890.7;91833.6;20592.2
277;94911.3;-12459.8;91406.2;20498.7
278;96987.0;-9972.9;93330.8;20921.3
279;95813.5;-11404.9;92246.6;20686.5
280;97116.3;-9763.5;93448.7;20957.3
281;95431.1;-11855.8;91891.2;20602.5
282;95688.6;-11417.8;92124.2;20656.1
283;96117.3;-10861.9;92519.3;20741.9
284;96735.2;-10277.5;93098.9;20879.8
285;96084.1;-11079.5;92497.0;20735.8
286;96198.4;-10934.6;92602.7;20760.0
287;96063.5;-11115.1;92478.4;20729.1
288;96176.6;-10824.0;92576.4;20756.9
289;95195.9;-12014.0;91667.2;20553.4
290;96100.6;-11072.1;92512.8;20740.0
291;95872.2;-11346.4;92301.3;20692.7
292;95972.7;-11168.6;92392.5;20710.6
293;96405.0;-10690.0;92794.3;20813.0
294;95510.0;-11668.5;91960.4;20614.9
295;95957.0;-11202.7;92378.3;20708.0
296;95781.6;-11439.6;92216.9;20679.8
297;96355.3;-10649.0;92744.5;20801.5
298;96629.4;-10372.3;93000.0;20857.7
299;95308.2;-11978.5;91776.0;20574.7
300;96480.7;-10568.8;92862.8;20821.7
301;97638.5;-9111.5;93928.4;21053.9
302;94892.8;-12486.6;91388.9;20490.7
303;95401.4;-11791.4;91859.2;20594.5
304;95361.7;-11869.0;91824.1;20591.4
305;95794.3;-11421.4;92228.6;20684.0
306;97291.8;-9553.2;93610.4;20988.5
307;96064.5;-11054.8;92477.3;20728.9
308;95497.2;-11782.6;91952.8;20612.0
309;96509.9;-10569.7;92891.1;20827.9
310;95566.1;-11643.4;92014.7;20627.9
311;96905.7;-10071.3;93256.1;20909.8
312;96275.9;-10705.9;92668.3;20778.7
313;97103.2;-9671.9;93432.3;20952.6
314;95521.4;-11753.9;91975.2;20617.1
315;98394.7;-7958.3;94614.0;21215.3
316;96660.0;-10291.3;93026.4;20861.0
317;96531.5;-10512.5;92910.3;20837.8
318;95980.4;-11161.9;92399.7;20711.0
319;95469.2;-11809.4;91926.5;20609.1
320;95376.0;-11782.1;91833.6;20592.2
321;95904.9;-11272.0;92330.3;20701.8
322;95419.4;-11873.9;91880.6;20599.6
323;96247.8;-10878.4;92648.4;20775.3
324;95409.6;-11700.1;91862.4;20594.8
325;96509.9;-10568.8;92891.1;20827.8
326;96759.0;-10252.9;93121.1;20882.8
327;95491.1;-11792.9;91947.3;20611.3
328;96955.1;-10004.8;93301.5;20918.0
329;95834.6;-11326.7;92264.2;20687.5
330;96919.8;-10055.6;93269.2;20912.7
331;96364.1;-10737.0;92756.3;20806.8
332;96912.2;-9908.2;93256.0;20909.8
333;95281.8;-12027.2;91752.3;20569.0
334;95943.4;-11239.6;92366.5;20705.6
335;97164.2;-9731.6;93493.5;20966.4
336;95547.3;-11687.9;91998.0;20626.8
337;94471.7;-13001.2;90995.6;20404.2
338;94546.4;-12906.5;91064.9;20417.3
339;94110.1;-13435.1;90656.5;20331.4
340;94413.5;-13058.5;90940.2;20390.1
341;95700.6;-11503.6;92140.3;20661.7
342;97024.0;-9911.9;93364.5;20932.1
343;95677.4;-11566.6;92120.0;20655.8
344;96282.7;-10843.4;92681.0;20781.8
345;95937.0;-11270.9;92361.3;20705.4
346;96059.7;-11127.2;92475.1;20728.6
347;95887.2;-11324.6;92315.0;20696.8
348;95885.6;-11330.1;92313.8;20696.4
349;96376.2;-10714.4;92767.1;20808.1
350;95150.9;-12176.7;91629.7;20540.6
351;96807.1;-10144.2;93164.1;20891.1
352;96733.2;-10274.6;93096.9;20879.7
353;95862.2;-11357.3;92291.9;20692.2
354;96643.2;-10391.9;93013.8;20858.8
355;95494.6;-11789.7;91950.5;20611.6
356;95623.9;-11534.1;92066.2;20641.9
357;96163.2;-10869.2;92565.7;20752.6
358;95868.1;-11345.9;92297.1;20692.4
359;95680.9;-11436.7;92117.7;20655.4
360;95513.1;-11767.8;91967.7;20616.4
361;95604.5;-11656.8;92052.4;20638.6
362;96751.5;-10157.0;93110.5;20880.8
363;94547.0;-12890.7;91064.9;20417.2
364;96302.9;-10771.3;92698.1;20787.6
365;95832.5;-11385.3;92264.3;20687.6
366;96585.1;-10455.5;92960.0;20848.2
367;96422.4;-10667.3;92810.1;20816.4
368;93886.0;-13740.7;90446.9;20281.2
369;96479.0;-10581.9;92861.7;20821.6
370;96286.6;-10739.7;92681.0;20781.9
371;96066.7;-11118.0;92481.6;20730.4
372;95666.2;-11563.3;92109.0;20652.2
373;96676.2;-10351.8;93044.5;20868.7
374;95699.7;-11521.4;92140.2;20661.6
375;97455.2;-9347.2;93760.6;21025.2
376;96459.5;-10619.7;92844.0;20820.4
377;97691.3;-9013.9;93975.8;21068.2
378;95431.8;-11814.7;91890.0;20601.3
379;94684.2;-12743.1;91194.3;20449.4
380;96578.5;-10481.9;92954.5;20845.5
381;96676.3;-10351.1;93044.5;20868.7
382;96071.1;-11094.2;92485.1;20732.2
383;94841.4;-12550.9;91341.0;20480.4
384;95675.3;-11563.7;92117.8;20655.5
385;96513.9;-10455.7;92891.0;20827.6
386;95874.8;-11336.0;92303.4;20695.8
387;95929.1;-11278.7;92354.1;20705.0
388;95884.7;-11299.5;92311.7;20696.4
389;95329.2;-11867.6;91791.9;20580.0
390;95621.8;-11633.8;92068.4;20642.1
391;94930.0;-12442.1;91423.8;20500.6
392;97403.6;-9418.1;93713.3;21012.2
393;95661.9;-11588.6;92105.7;20651.7
394;96387.1;-10711.1;92777.7;20811.1
395;95261.2;-12055.6;91733.2;20564.4
396;96637.2;-10402.3;93008.4;20858.2
397;94601.8;-12819.3;91116.0;20430.8
398;96735.2;-10275.3;93098.9;20879.7
399;95989.1;-11190.4;92409.3;20715.9
400;97673.5;-9055.3;93959.9;21065.6
401;95023.5;-12234.1;91507.1;20523.3
402;96097.1;-11078.5;92509.6;20737.7
403;96311.9;-10799.4;92707.6;20790.5
404;96988.2;-9938.0;93330.9;20921.3
405;95693.2;-11549.2;92134.8;20659.0
406;96113.8;-10863.2;92516.0;20740.4
407;94393.1;-13017.9;90917.9;20384.3
408;95399.0;-11835.2;91859.2;20594.5
409;96370.0;-10730.0;92761.8;20807.6
410;96885.5;-10058.8;93236.4;20904.7
411;95792.5;-11432.9;92227.5;20681.8
412;97633.7;-9082.0;93923.1;21053.3
413;97401.2;-9420.4;93711.1;21011.7
414;95971.5;-11170.4;92391.3;20710.4
415;94176.3;-13368.1;90718.7;20342.5
416;94671.6;-12730.8;91181.3;20447.0
417;95434.7;-11848.9;91894.4;20603.8
418;96900.2;-10039.7;93249.8;20907.4
419;96276.3;-10757.6;92671.5;20780.0
420;94429.7;-13030.7;90955.1;20391.4
421;95838.1;-11379.5;92269.6;20690.1
422;97288.2;-9492.4;93605.0;20987.0
423;95733.0;-11363.6;92165.7;20670.0
424;95454.1;-11800.8;91911.5;20605.6
425;97629.1;-9124.0;93920.0;21053.2
426;96082.8;-11001.3;92492.8;20734.4
427;95657.2;-11547.3;92099.5;20651.5
428;96301.4;-10814.5;92698.0;20787.5
429;96064.2;-11094.2;92478.4;20729.1
430;95686.7;-11554.0;92128.6;20656.6
431;96965.4;-9999.5;93311.0;20918.9
432;96899.2;-10071.8;93249.8;20907.4
433;96666.6;-10352.6;93035.0;20861.9
434;95943.7;-11263.2;92367.6;20705.8
435;96918.9;-10042.0;93267.9;20912.2
436;95984.0;-11133.2;92401.7;20711.0
437;96383.8;-10627.5;92771.3;20810.5
438;96827.2;-10079.5;93180.9;20893.5
439;96644.1;-10395.8;93014.9;20859.0
440;97421.3;-9383.8;93729.1;21013.5
441;96370.0;-10729.0;92761.7;20807.6
442;94733.9;-12681.9;91240.5;20460.0
443;95166.4;-12071.8;91640.3;20542.7
444;97075.6;-9844.6;93412.0;20947.4
445;95765.7;-11415.8;92200.5;20675.7
446;96337.1;-10581.6;92722.3;20792.7
447;95380.7;-11887.1;91843.3;20593.2
448;96798.9;-10113.8;93154.7;20890.5
449;95717.5;-11486.1;92156.3;20667.4
450;97168.0;-9722.6;93496.7;20966.7
451;95621.5;-11638.5;92068.4;20642.2
452;96903.5;-10034.7;93252.9;20909.5
453;96548.3;-10498.1;92926.1;20841.0
454;95475.7;-11804.5;91932.6;20609.2
455;96878.6;-10102.6;93231.2;20902.4
456;95350.2;-11930.4;91815.2;20585.1
457;95406.9;-11787.1;91864.5;20595.0
458;96585.3;-10389.6;92957.8;20846.9
459;95543.2;-11706.2;91994.7;20624.4
460;95579.5;-11582.2;92024.9;20630.3
461;95754.8;-11416.5;92190.0;20673.9
462;95282.9;-11911.9;91748.1;20568.9
463;96831.7;-10167.0;93188.3;20894.2
464;96508.5;-10440.2;92884.6;20826.1
465;95965.4;-11241.5;92388.0;20709.9
466;95944.3;-11214.1;92366.4;20705.5
467;96370.5;-10636.4;92758.7;20807.5
468;97405.5;-9319.9;93712.2;21012.0
469;96688.0;-10335.6;93055.1;20869.8
470;95635.9;-11618.4;92081.4;20644.7
471;96627.0;-10342.9;92996.8;20857.2
472;95926.0;-11276.9;92351.0;20704.8
473;95860.7;-11337.4;92289.8;20691.9
474;97480.0;-9288.3;93782.7;21033.0
475;95696.9;-11539.0;92138.0;20659.3
476;95655.3;-11594.1;92099.5;20651.5
477;94549.8;-12716.8;91058.5;20413.6
478;94967.8;-12160.5;91446.9;20508.2
479;96370.3;-10724.5;92761.7;20807.5
480;95497.7;-11769.2;91952.8;20612.0
481;96422.4;-10666.4;92810.1;20816.4
482;95200.6;-11953.0;91668.3;20553.5
483;95444.6;-11750.3;91899.8;20604.4
484;96547.7;-10519.1;92926.1;20841.0
485;97175.0;-9608.5;93499.8;20966.9
486;96489.3;-10592.0;92872.0;20823.1
487;96957.1;-9943.0;93301.7;20918.3
488;97366.3;-9436.0;93678.2;21005.4
489;96833.1;-10044.5;93185.2;20893.9
490;95333.6;-11967.0;91800.5;20583.0
491;95952.5;-11075.9;92367.5;20705.7
492;96514.2;-10460.0;92891.4;20829.4
493;95702.6;-11453.9;92140.1;20661.5
494;96370.0;-10730.8;92761.8;20807.6
495;94806.7;-12586.7;91308.2;20475.8
496;95397.7;-11896.0;91860.3;20594.6
497;96432.4;-10640.7;92818.6;20817.2
498;94322.7;-13187.3;90855.6;20370.1
499;95204.4;-12109.2;91679.6;20557.0
500;95992.5;-11203.4;92413.0;20716.9
501;94715.3;-12700.4;91222.9;20455.8
502;96086.1;-10960.9;92493.9;20734.6
503;95419.5;-11870.5;91880.5;20599.4
504;95784.1;-11433.4;92219.1;20680.2
505;95816.6;-11301.4;92245.4;20686.2
506;96183.6;-10950.0;92588.9;20757.6
507;95602.9;-11568.8;92047.1;20637.2
508;96106.4;-11065.5;92518.1;20741.5
509;95565.1;-11670.3;92014.6;20627.9
510;96460.2;-10438.3;92836.6;20819.9
511;97356.3;-9478.7;93669.8;21002.7
512;96190.3;-10890.9;92593.2;20758.1
513;96164.7;-10990.4;92572.2;20756.5
514;95161.4;-12160.4;91639.2;20541.4
515;96564.2;-10339.5;92934.7;20842.2
516;95447.1;-11793.1;91904.2;20605.0
517;95412.9;-11779.9;91870.1;20595.8
518;96456.1;-10562.0;92838.7;20820.0
519;96174.8;-10922.4;92579.6;20757.1
520;96892.3;-9909.5;93236.5;20904.9
521;97154.4;-9737.8;93484.2;20965.9
522;95618.3;-11561.6;92062.1;20641.7
523;96132.1;-10949.9;92538.6;20747.9
524;97401.2;-9421.0;93711.1;21011.7
525;96765.8;-10246.7;93127.5;20884.5
526;96579.1;-10425.5;92953.5;20845.4
527;97044.1;-9895.7;93383.4;20936.7
528;95570.1;-11496.6;92010.5;20627.7
529;96518.2;-10555.2;92898.6;20830.7
530;97122.5;-9740.4;93454.0;20957.8
531;97289.4;-9556.6;93608.3;20988.4
532;95415.8;-11786.9;91873.2;20596.0
533;95818.8;-11348.8;92249.7;20686.7
534;96325.1;-10761.2;92719.2;20792.4
535;95787.2;-11406.5;92221.2;20680.4
536;95715.0;-11520.9;92155.1;20665.0
537;96550.1;-10516.9;92928.4;20841.6
538;95744.6;-11429.1;92180.6;20672.3
539;94663.3;-12746.3;91173.8;20446.3
540;96315.6;-10643.4;92704.4;20788.2
541;95706.1;-11283.7;92133.7;20658.9
542;95467.6;-11816.0;91925.3;20608.7
543;94823.3;-12439.6;91317.8;20476.7
544;96812.2;-10128.2;93168.2;20891.3
545;94331.0;-13169.1;90863.1;20372.7
546;94721.2;-12696.9;91228.8;20458.1
547;95796.5;-11421.2;92230.7;20684.2
548;96986.9;-9974.4;93330.7;20921.1
549;97047.1;-9870.4;93385.5;20936.9
550;95175.0;-11974.0;91643.5;20544.0
551;95881.7;-11325.4;92309.6;20696.2
552;94869.8;-12511.8;91367.2;20486.2
553;96807.8;-10127.9;93164.1;20891.2
554;94890.7;-12456.4;91385.7;20490.4
555;95902.0;-11256.1;92327.0;20701.4
556;96823.6;-10178.4;93180.9;20893.4
557;95845.0;-11315.8;92273.9;20690.5
558;97179.1;-9593.0;93503.1;20968.5
559;95368.3;-11921.3;91832.5;20592.0
560;96319.3;-10634.3;92707.7;20790.6
561;96676.4;-10348.9;93044.5;20868.7
562;95903.7;-11302.4;92330.1;20701.6
563;97099.7;-9744.6;93432.2;20952.5
564;96445.2;-10592.7;92829.4;20819.4
565;94776.1;-12568.3;91277.6;20469.0
566;99126.6;-6871.3;95276.3;21363.7
567;96530.6;-10537.3;92910.1;20836.4
568;96120.3;-10940.2;92526.8;20744.6
569;94962.0;-12278.5;91448.1;20508.4
570;96101.2;-11055.2;92512.8;20740.1
571;95669.8;-11564.1;92112.3;20652.7
572;96526.0;-10482.8;92903.9;20832.2
573;96316.4;-10796.8;92711.8;20790.7
574;97468.5;-9309.8;93772.2;21029.2
575;96142.0;-11018.9;92551.1;20750.8
576;96421.3;-10666.5;92809.1;20816.3
577;96316.7;-10783.2;92711.8;20791.8
578;95899.2;-11302.2;92325.8;20701.0
579;95879.1;-11256.6;92304.4;20695.9
580;96879.5;-10106.7;93232.3;20902.5
581;96625.8;-10413.4;92997.9;20857.4
582;95543.7;-11690.3;91994.5;20624.1
583;95194.6;-12116.9;91670.3;20553.6
584;95968.2;-11193.3;92389.0;20710.0
585;96926.6;-10046.9;93275.4;20914.1
586;95992.7;-11161.9;92411.6;20716.4
587;97390.9;-9434.1;93701.6;21010.9
588;95434.9;-11846.5;91894.5;20604.0
589;96144.7;-10946.1;92551.1;20750.7
590;94099.3;-13441.2;90646.1;20327.7
591;95568.5;-11668.0;92017.9;20629.2
592;95773.7;-11446.7;92209.4;20679.1
593;96421.4;-10665.5;92809.0;20815.1
594;97367.7;-9465.8;93680.4;21005.7
595;96070.4;-11112.7;92485.1;20732.2
596;97167.6;-9693.8;93495.6;20966.5
597;96541.0;-10485.5;92918.6;20839.3
598;96786.5;-10172.2;93145.2;20888.6
599;95668.9;-11503.5;92109.1;20652.3
600;97103.7;-9657.4;93432.2;20952.4
601;95229.5;-12082.0;91703.0;20560.2
602;96410.2;-10667.1;92798.4;20813.2
603;95310.7;-11972.8;91778.1;20574.9
604;95640.0;-11456.8;92078.0;20644.1
605;94906.1;-12321.6;91394.3;20493.4
606;95648.5;-11353.6;92080.0;20644.2
607;96301.7;-10803.6;92698.0;20787.5
608;95965.5;-11238.5;92388.0;20709.9
609;94981.2;-12366.9;91471.3;20518.6
610;97178.3;-9698.8;93506.1;20968.5
611;96295.8;-10736.0;92689.5;20782.7
612;96802.9;-10186.2;93161.0;20891.0
613;96629.4;-10403.1;93001.0;20857.7
614;95519.0;-11758.0;91973.0;20616.8
615;94545.9;-12913.1;91064.8;20417.1
616;95337.2;-11935.7;91802.7;20583.2
617;96984.1;-9962.1;93327.6;20920.9
618;95242.0;-12069.7;91714.9;20562.4
619;96652.2;-10383.2;93022.1;20859.5
620;95548.0;-11700.0;91999.2;20627.2
621;96341.1;-10566.5;92725.6;20795.0
622;94637.8;-12732.3;91148.2;20443.0
623;96931.4;-10036.8;93279.6;20915.5
624;95986.6;-11203.3;92407.1;20715.6
625;96701.5;-10316.8;93067.6;20874.7
626;96184.1;-10938.4;92588.9;20757.7
627;96638.8;-10392.8;93009.5;20858.4
628;95944.7;-11263.4;92368.6;20705.9
629;96600.4;-10450.4;92974.5;20850.2
630;94869.6;-12516.1;91367.2;20486.3
631;95226.8;-12087.2;91700.7;20559.7
632;96583.3;-10473.5;92958.9;20847.1
633;95987.2;-11210.9;92408.1;20715.7
634;95845.7;-11216.0;92269.6;20690.1
635;95880.8;-11291.2;92307.6;20696.1
636;96416.3;-10647.4;92803.6;20814.6
637;95576.1;-11659.5;92024.9;20630.3
638;96427.9;-10513.5;92808.9;20815.1
639;95335.8;-11965.3;91802.6;20583.2
640;95703.2;-11447.0;92140.4;20662.0
641;96785.4;-10213.6;93145.2;20888.6
642;96868.7;-9897.9;93212.2;20898.7
643;95215.4;-12052.6;91688.0;20558.7
644;96666.8;-10342.4;93034.9;20861.8
645;95254.2;-11971.7;91722.4;20563.3
646;96586.9;-10466.5;92962.2;20848.6
647;94584.0;-12873.9;91100.8;20424.1
648;95194.5;-12044.3;91667.2;20552.4
649;95639.2;-11537.3;92081.3;20644.7
650;95887.1;-11327.5;92315.1;20697.0
651;97142.5;-9757.3;93473.5;20962.7
652;96719.1;-10270.2;93083.3;20877.7
653;97259.2;-9507.9;93577.7;20980.8
654;96963.2;-10000.8;93309.0;20918.8
655;95790.8;-11427.4;92225.4;20681.7
656;95803.1;-11417.9;92237.1;20685.7
657;96859.1;-10060.2;93211.2;20898.6
658;96072.4;-11091.0;92486.3;20732.6
659;95895.3;-11286.4;92321.5;20698.5
660;94992.5;-12330.4;91480.9;20520.6
661;95942.5;-11264.8;92366.5;20705.6
662;93881.4;-13745.5;90442.5;20280.7
663;95674.7;-11515.9;92115.5;20653.0
664;95294.1;-11997.7;91763.0;20570.1
665;96557.8;-10482.2;92934.7;20842.1
666;95655.3;-11594.6;92099.6;20651.5
667;95764.7;-11443.5;92200.6;20675.9
668;97078.7;-9749.6;93411.9;20946.2
669;95247.9;-12033.0;91719.0;20562.7
670;96275.3;-10840.0;92673.7;20780.4
671;94587.6;-12865.5;91104.0;20425.3
672;96106.4;-11063.7;92518.1;20741.5
673;96345.4;-10765.9;92739.2;20798.1
674;96680.1;-10342.3;93047.7;20869.1
675;95353.6;-11901.2;91817.4;20586.3
676;96276.0;-10852.1;92674.8;20780.6
677;96275.5;-10832.7;92673.8;20780.5
678;95994.5;-11144.1;92413.0;20716.9
679;96152.3;-11003.2;92560.4;20752.2
680;96379.2;-10717.5;92770.2;20808.3
681;96333.1;-10780.8;92727.8;20795.3
682;95285.9;-11939.0;91752.3;20569.1
683;95138.3;-12022.8;91609.8;20538.4
684;97989.9;-8603.8;94247.0;21131.8
685;97515.7;-9183.8;93813.5;21039.2
686;94956.5;-12402.0;91448.4;20509.9
687;96370.7;-10631.7;92758.7;20807.5
688;96511.7;-10518.7;92891.3;20828.2
689;96613.1;-10275.0;92979.8;20853.7
690;96141.9;-11020.9;92551.0;20750.6
691;95327.8;-11931.3;91793.2;20580.5
692;95876.3;-11321.6;92304.4;20695.9
693;95649.3;-11554.0;92092.1;20650.7
694;96135.3;-11000.0;92543.8;20749.3
695;95803.1;-11416.5;92237.0;20685.6
696;95909.7;-11287.7;92335.5;20703.0
697;96818.4;-10168.9;93175.4;20891.6
698;96987.0;-9972.9;93330.8;20921.2
699;95151.8;-12043.7;91624.5;20539.3
700;95669.0;-11580.4;92112.3;20652.7
701;95427.5;-11861.6;91887.8;20601.0
702;96986.9;-9852.1;93326.6;20920.8
703;95969.3;-11230.7;92391.4;20710.5
704;97166.9;-9619.1;93492.4;20966.2
705;95669.4;-11377.3;92102.6;20651.6
706;96069.9;-11039.2;92481.7;20730.7
707;94981.2;-12366.4;91471.3;20518.6
708;97039.8;-9896.9;93379.3;20936.5
709;95738.0;-11460.2;92175.2;20671.8
710;94888.7;-12406.3;91381.3;20489.9
711;95576.6;-11649.8;92025.0;20630.4
712;94271.4;-13185.4;90804.6;20357.6
713;95990.9;-11147.2;92409.5;20716.1
714;96131.7;-10800.5;92530.0;20744.9
715;96252.8;-10855.0;92652.6;20776.7
716;97192.6;-9675.8;93519.1;20972.1
717;95781.0;-11446.9;92216.7;20679.6
718;96644.2;-10393.4;93014.8;20858.9
719;96274.1;-10836.9;92672.5;20780.1
720;95863.9;-11343.8;92293.0;20692.3
721;94449.7;-13028.9;90974.8;20397.5
722;96757.4;-10197.1;93117.8;20882.3
723;95652.3;-11396.6;92086.5;20647.0
724;96065.8;-11055.4;92478.4;20729.2
725;95056.6;-12256.5;91540.6;20525.6
726;96247.8;-10878.2;92648.4;20775.3
727;96118.4;-10984.1;92526.8;20744.7
728;96071.5;-11029.4;92482.9;20730.9
729;95904.9;-11275.0;92330.4;20701.9
730;96837.7;-10150.2;93193.5;20895.4
731;96766.0;-10243.3;93127.5;20884.4
732;96584.3;-10445.9;92958.9;20847.1
733;98609.3;-7701.3;94809.2;21257.8
734;95568.2;-11604.3;92014.7;20627.9
735;95719.6;-11515.3;92159.5;20668.7
736;95267.8;-12028.5;91738.5;20565.9
737;96367.0;-10610.6;92754.2;20806.6
738;95504.2;-11745.9;91958.1;20614.5
739;93948.3;-13643.0;90504.8;20296.8
740;95116.8;-12107.4;91593.1;20536.2
741;96094.8;-11079.1;92507.5;20737.5
742;96806.5;-10166.1;93164.1;20891.1
743;94822.6;-12569.5;91323.2;20477.3
744;95551.3;-11624.3;91999.2;20627.2
745;95903.8;-11300.5;92330.2;20701.6
746;95468.8;-11813.3;91926.4;20608.9
747;96434.5;-10611.1;92819.7;20818.4
748;96059.1;-11107.8;92473.9;20728.3
749;96284.2;-10794.7;92680.9;20781.7
750;95469.2;-11809.3;91926.5;20609.1
751;97231.8;-9637.2;93555.4;20977.4
752;95997.8;-11193.0;92417.7;20718.1
753;97036.6;-9889.5;93376.0;20934.0
754;95684.0;-11442.0;92121.2;20656.0
755;96491.8;-10473.6;92869.9;20822.9
756;95507.3;-11729.4;91960.4;20615.0
757;95309.8;-11995.0;91778.2;20575.0
758;95492.2;-11793.2;91948.4;20611.4
759;95983.7;-11216.4;92404.9;20713.3
760;95845.3;-11313.9;92274.0;20690.7
761;97240.6;-9453.4;93556.5;20977.6
762;95172.5;-12152.7;91649.8;20544.4
763;95217.7;-12079.7;91691.3;20559.1
764;97363.0;-9371.4;93673.0;21005.1
765;96502.9;-10578.7;92884.6;20826.1
766;94593.6;-12838.0;91108.6;20429.3
767;96411.2;-10644.5;92798.5;20813.3
768;96226.2;-10734.0;92620.7;20767.6
769;94387.9;-13106.7;90916.8;20384.2
770;95734.6;-11489.1;92173.0;20671.4
771;95993.7;-11173.7;92413.0;20717.0
772;96589.0;-10382.5;92961.1;20848.4
773;96760.0;-10221.7;93121.1;20882.7
774;96107.8;-11062.2;92519.4;20741.9
775;96823.8;-10174.6;93180.9;20893.5
776;95899.9;-11310.5;92326.9;20701.1
777;95375.0;-11917.9;91839.1;20592.8
778;95324.6;-11973.0;91791.9;20580.0
779;96443.4;-10639.4;92829.1;20819.1
780;94530.4;-12927.8;91050.2;20413.3
781;96553.2;-10382.1;92926.2;20841.3
782;95206.8;-12048.9;91679.6;20557.1
783;95739.2;-11488.9;92177.4;20672.0
784;96420.9;-10590.2;92805.8;20814.8
785;96980.1;-9940.5;93323.3;20920.5
786;94553.3;-12782.1;91066.0;20417.4
787;95411.4;-11883.3;91873.2;20596.0
788;96079.5;-10980.2;92488.6;20734.1
789;95570.7;-11597.5;92016.8;20629.2
790;96684.0;-10263.5;93048.8;20869.2
791;94429.9;-13057.0;90956.4;20391.9
792;96308.0;-10813.3;92704.4;20788.2
793;96355.3;-10706.8;92746.8;20802.0
794;96074.3;-11105.3;92488.6;20734.1
795;96886.9;-10020.1;93236.3;20904.6
796;95084.0;-12232.4;91566.4;20533.2
797;96884.1;-10102.7;93236.5;20905.0
798;95493.5;-11789.4;91949.5;20611.5
799;96584.0;-10458.1;92958.9;20847.1
800;95774.2;-11330.6;92204.8;20676.2
801;96650.8;-10358.8;93020.1;20859.4
802;96630.2;-10294.9;92997.9;20857.4
803;94911.1;-12235.8;91394.2;20493.2
804;95894.3;-11314.9;92321.6;20698.7
805;95952.6;-11254.0;92376.0;20707.5
806;95832.7;-11381.8;92264.2;20687.5
807;95447.4;-11835.9;91906.3;20605.2
808;97471.1;-9180.0;93770.2;21029.1
809;96197.6;-10954.7;92602.6;20759.8
810;97248.3;-9537.1;93568.1;20979.6
811;95594.4;-11664.2;92042.9;20636.9
812;95238.5;-12071.3;91711.5;20561.9
813;96133.1;-11028.7;92542.7;20749.2
814;95599.8;-11663.8;92048.2;20637.3
815;97896.7;-8731.7;94162.2;21115.0
816;96222.2;-10887.6;92624.0;20768.0
817;96922.1;-9959.7;93268.1;20912.6
818;95843.1;-11369.2;92273.8;20690.4
819;95769.4;-11383.8;92202.7;20676.1
820;95995.5;-11075.0;92410.5;20716.2
821;96305.4;-10794.2;92701.2;20787.8
822;96672.9;-10354.9;93041.3;20868.5
823;95921.4;-11256.2;92345.8;20704.6
824;95509.9;-11670.4;91960.4;20614.9
825;95230.1;-12075.2;91703.2;20560.5
826;95967.8;-11127.0;92385.7;20708.4
827;96466.4;-10481.7;92845.3;20820.9
828;96373.4;-10727.6;92765.0;20807.9
829;95992.8;-11197.1;92413.0;20716.9
830;95563.7;-11705.7;92014.7;20627.9
831;96153.6;-10874.6;92556.3;20751.0
832;96460.6;-10621.8;92845.2;20820.8
833;95989.2;-11187.1;92409.2;20715.8
834;96119.2;-11050.2;92530.0;20744.9
835;95899.6;-11287.8;92325.7;20698.9
836;96730.7;-10247.3;93093.7;20879.4
837;95681.9;-11561.1;92124.2;20656.1
838;96179.8;-10968.0;92585.8;20757.4
839;96333.6;-10740.1;92726.6;20795.1
840;96583.3;-10472.9;92958.9;20847.1
841;97192.1;-9693.1;93519.0;20972.0
842;96547.7;-10517.8;92926.1;20841.1
843;96493.9;-10587.8;92876.3;20824.5
844;94898.0;-12411.9;91390.9;20492.8
845;96501.7;-10520.2;92881.5;20825.9
846;97807.0;-8860.5;94081.0;21095.3
847;95400.5;-11807.5;91859.2;20594.5
848;95264.5;-12051.1;91736.3;20565.6
849;95844.8;-11362.0;92275.2;20691.0
850;96820.1;-10112.7;93175.5;20892.8
851;96427.2;-10661.1;92814.5;20817.0
852;95659.3;-11576.5;92102.6;20651.6
853;95988.5;-11208.6;92409.3;20715.9
854;96826.3;-10167.8;93183.0;20893.7
855;96546.4;-10521.8;92925.0;20840.9
856;97927.2;-8664.6;94189.5;21119.3
857;96810.4;-9991.9;93159.9;20890.8
858;96307.2;-10679.6;92698.1;20787.7
859;96511.9;-10420.8;92886.8;20826.4
860;95747.0;-11482.2;92184.8;20673.6
861;95293.4;-12017.4;91763.1;20570.3
862;96165.7;-10967.5;92572.2;20756.6
863;96407.9;-10565.2;92792.2;20812.9
864;94956.4;-12402.7;91448.2;20508.6
865;95628.9;-11624.6;92074.8;20643.8
866;95735.5;-11464.1;92173.0;20671.4
867;96237.0;-10899.9;92638.8;20771.3
868;95811.5;-11398.7;92244.3;20686.1
869;96369.3;-10631.4;92757.5;20807.1
870;96111.2;-11058.1;92522.4;20742.1
871;96848.9;-10105.7;93202.9;20897.1
872;94723.0;-12604.9;91226.3;20456.3
873;97314.0;-9514.8;93630.5;20993.5
874;97135.5;-9769.9;93467.3;20961.3
875;96074.2;-11108.8;92488.6;20734.2
876;96530.4;-10541.8;92910.2;20836.5
877;96501.0;-10540.2;92881.5;20825.9
878;95467.4;-11719.8;91921.0;20608.3
879;96163.7;-10988.3;92571.0;20755.1
880;96625.0;-10398.6;92996.8;20857.2
881;96272.7;-10850.0;92671.4;20780.0
882;96841.9;-10060.5;93194.5;20895.5
883;96111.1;-10979.6;92519.3;20741.9
884;96104.7;-10971.0;92512.8;20740.0
885;95440.4;-11843.7;91899.8;20604.4
886;95736.4;-11496.3;92175.2;20671.7
887;95671.6;-11514.5;92112.3;20652.7
888;97365.3;-9468.7;93678.2;21005.4
889;96217.7;-10923.4;92620.8;20767.8
890;95281.5;-11962.4;91749.1;20568.9
891;96333.6;-10771.1;92727.8;20795.4
892;95865.6;-11352.5;92295.1;20692.3
893;93699.9;-13879.5;90267.2;20241.3
894;96391.6;-10704.8;92781.8;20811.3
895;94830.3;-12539.0;91329.4;20477.5
896;96468.9;-10605.1;92852.5;20821.2
897;95303.9;-11977.1;91771.8;20573.3
898;94908.4;-12319.8;91396.5;20494.6
899;96406.6;-10682.3;92795.3;20813.1
900;94882.9;-12484.4;91378.9;20488.3
901;95677.7;-11531.5;92118.8;20655.5
902;96197.3;-10930.7;92601.5;20759.5
903;96505.4;-10572.5;92886.7;20826.3
904;96601.0;-10429.3;92974.6;20852.3
905;95990.2;-11162.5;92409.3;20715.8
906;95394.7;-11891.0;91857.1;20594.4
907;97526.0;-9253.8;93825.6;21039.4
908;95556.6;-11701.5;92007.4;20627.6
909;97435.1;-9314.5;93740.5;21018.3
910;95674.7;-11571.7;92117.6;20655.2
911;96927.6;-10016.3;93275.4;20914.1
912;96856.7;-10134.2;93211.2;20898.7
913;95247.5;-12045.7;91719.2;20562.9
914;96307.9;-10731.7;92701.2;20787.8
915;96611.3;-10327.5;92981.0;20853.9
916;96568.1;-10413.2;92942.0;20843.6
917;95860.8;-11332.5;92289.8;20691.9
918;96275.4;-10639.8;92664.2;20778.5
919;95712.7;-11523.6;92152.9;20663.8
920;95152.0;-12178.3;91630.8;20540.9
921;96784.6;-10199.2;93144.2;20888.5
922;95606.8;-11551.4;92050.3;20638.5
923;97099.8;-9669.3;93429.0;20952.1
924;96494.2;-10583.9;92876.4;20825.7
925;95355.3;-11938.6;91820.6;20588.6
926;95892.2;-11310.2;92319.3;20697.2
927;95788.2;-11435.7;92223.3;20681.5
928;95370.7;-11861.0;91832.5;20591.9
929;96416.2;-10651.1;92803.6;20814.6
930;95655.6;-11589.9;92099.6;20651.5
931;97297.8;-9537.9;93615.7;20989.1
932;96681.1;-10342.5;93048.7;20869.2
933;95359.1;-11933.2;91824.1;20591.4
934;95993.6;-11173.5;92413.0;20716.9
935;95845.5;-11283.5;92272.7;20690.2
936;94819.9;-12507.6;91317.8;20476.8
937;96740.7;-10275.4;93104.3;20880.4
938;96760.3;-10152.4;93118.9;20882.4
939;96736.6;-10270.9;93100.1;20880.0
940;95675.4;-11483.0;92114.4;20652.9
941;96856.5;-10138.1;93211.2;20898.6
942;95854.1;-11307.2;92282.3;20691.3
943;96743.1;-10270.1;93106.4;20880.6
944;97440.6;-9291.2;93744.8;21019.8
945;96141.7;-11022.6;92551.0;20750.6
946;94942.5;-12287.0;91429.2;20505.1
947;95772.3;-11449.0;92208.1;20678.7
948;96524.7;-10440.8;92900.8;20832.0
949;96981.1;-9979.2;93325.4;20920.6
950;95188.3;-12015.1;91659.5;20548.3
951;95869.5;-11308.7;92297.1;20692.4
952;96219.7;-10778.3;92616.6;20766.3
953;96359.8;-10709.4;92751.1;20805.6
954;96723.1;-10284.7;93087.5;20879.1
955;95310.7;-11998.0;91779.3;20575.1
956;95705.4;-11311.1;92134.8;20659.0
957;96802.4;-10199.2;93161.0;20891.0
958;96330.2;-10774.2;92724.5;20795.0
959;96368.4;-10678.7;92758.6;20807.4
960;96908.8;-10045.6;93258.1;20911.0
961;96113.8;-11049.9;92524.7;20744.4
962;96431.3;-10642.8;92817.6;20817.2
963;95772.9;-11437.2;92208.2;20678.8
964;94985.7;-12289.2;91472.4;20518.8
965;95026.1;-12277.2;91511.6;20524.0
966;96096.1;-11076.5;92508.5;20737.6
967;95863.5;-11270.4;92289.8;20691.9
968;95527.8;-11704.7;91979.5;20617.6
969;96275.2;-10845.7;92673.8;20780.5
970;95355.6;-11936.6;91820.7;20588.8
971;96119.5;-11043.3;92529.9;20744.9
972;95993.4;-11179.2;92412.9;20716.8
973;95402.7;-11691.6;91854.8;20593.9
974;94271.5;-13258.3;90807.9;20358.1
975;97167.7;-9726.6;93496.7;20966.7
976;96274.6;-10855.7;92673.7;20780.4
977;93968.9;-13620.8;90524.4;20302.0
978;95687.6;-11556.8;92129.7;20656.8
979;96333.1;-10752.0;92726.6;20795.1
980;95846.0;-11269.2;92272.6;20690.1
981;96471.3;-10592.0;92854.6;20821.4
982;95295.9;-11986.4;91764.2;20570.6
983;96167.2;-10986.6;92574.4;20756.8
984;95975.8;-11227.8;92397.6;20710.8
985;95877.4;-11293.5;92304.4;20695.9
986;95844.5;-11334.0;92273.9;20690.6
987;96188.3;-10950.6;92593.3;20758.3
988;96742.3;-10263.9;93105.3;20880.5
989;95622.8;-11635.9;92069.5;20642.3
990;95701.0;-11496.1;92140.4;20662.0
991;96161.1;-10997.9;92568.8;20752.9
992;95929.4;-11149.1;92348.9;20704.8
993;96329.6;-10725.3;92722.3;20792.6
994;96580.7;-10479.4;92956.6;20845.7
995;97035.2;-9902.8;93374.9;20933.8
996;95929.7;-11268.4;92354.1;20705.0
997;94294.8;-13229.9;90829.9;20362.5
998;95966.4;-11214.6;92387.9;20709.8
999;96301.7;-10810.5;92698.1;20787.7
1000;95870.4;-11342.1;92299.3;20692.7
