CASO;pATIVA;pREATIVA;dATIVA;dREATIVA
1;59135.5;-20240.1;57319.6;12289.9
2;56249.8;-22888.8;54561.3;11756.0
4;55722.7;-23133.8;53995.9;11644.2
7;59322.3;-19910.7;57466.6;12319.0
11;58955.8;-20265.9;57123.1;12246.9
13;56633.7;-22499.7;54929.3;11825.0
15;58520.2;-20660.8;56713.4;12173.5
16;55623.1;-23595.0;53966.8;11639.8
17;56813.2;-22320.9;55103.5;11859.4
18;55956.1;-23000.6;54240.5;11690.8
19;57067.5;-22122.1;55367.5;11913.0
20;57793.4;-21406.8;56039.7;12042.8
22;58515.5;-20774.0;56728.4;12178.9
23;58213.7;-20986.1;56431.3;12114.6
25;58193.3;-21092.8;56430.1;12114.4
26;56159.1;-23005.2;54478.9;11737.3
27;56866.9;-22334.3;55172.8;11869.1
30;57713.7;-21500.4;55968.7;12025.8
31;56151.0;-23018.4;54472.2;11735.3
34;55969.0;-23160.8;54283.7;11701.9
35;56192.1;-22886.0;54493.6;11740.6
36;57063.2;-21803.5;55302.3;11899.7
37;55637.9;-23455.3;53949.8;11634.8
38;57320.7;-21891.6;55612.1;11959.0
39;59195.0;-20119.5;57361.5;12296.6
40;58010.8;-21126.3;56231.7;12078.6
41;56777.4;-22395.1;55078.5;11855.1
42;55927.8;-23102.2;54225.3;11689.6
44;59296.6;-19676.2;57402.9;12302.3
45;57149.6;-21688.0;55381.2;11915.9
46;56211.8;-22960.3;54533.0;11749.7
47;57307.9;-21727.6;55560.4;11948.1
49;57175.0;-22021.9;55472.2;11932.0
50;57843.5;-21354.9;56085.2;12048.5
51;57458.4;-21523.1;55692.2;11975.6
52;56580.8;-22611.9;54891.1;11818.7
53;55578.3;-23631.9;53917.1;11628.6
54;56597.6;-22551.9;54897.7;11819.1
55;56774.8;-22296.9;55055.0;11851.1
56;57836.8;-21129.7;56043.4;12045.2
57;58114.5;-21201.2;56363.7;12099.6
58;58258.5;-20902.6;56466.7;12119.8
59;57417.9;-21702.3;55676.3;11972.0
61;56061.5;-23121.8;54389.5;11722.8
62;58667.6;-20643.1;56871.7;12200.8
63;57695.9;-21500.7;55948.4;12022.8
64;56672.7;-22418.4;54959.4;11831.9
66;56944.7;-22172.1;55227.5;11883.6
67;58480.6;-20865.7;56711.0;12173.4
69;59915.8;-19294.0;58018.2;12421.8
70;55291.0;-23767.6;53602.1;11566.7
71;55191.5;-24021.3;53543.9;11556.8
72;56412.2;-22584.6;54693.1;11781.6
73;57234.6;-21938.0;55518.2;11939.5
74;58179.1;-21048.7;56403.6;12109.7
78;58117.8;-21131.4;56350.7;12098.3
79;57355.6;-21668.4;55603.3;11958.5
81;56737.4;-22424.5;55036.2;11847.7
82;56776.2;-22365.7;55069.7;11853.1
83;57306.4;-21688.5;55552.5;11946.6
84;57606.9;-21341.2;55825.7;12001.1
85;57285.9;-21891.1;55567.9;11952.0
87;56225.1;-22658.3;54494.7;11740.7
88;57566.2;-21391.0;55788.3;11990.6
89;57184.7;-21989.6;55472.5;11932.3
90;58511.4;-20701.7;56710.7;12173.1
91;58600.6;-20618.4;56794.1;12189.0
92;57295.1;-21743.5;55549.2;11946.4
93;56568.6;-22541.6;54862.4;11811.9
94;56265.4;-22608.7;54532.6;11749.4
96;57174.6;-21767.9;55419.5;11919.0
97;56614.3;-22474.0;54901.9;11819.6
98;57083.8;-22060.1;55368.7;11913.1
99;56283.8;-22644.2;54558.6;11754.9
101;56499.2;-22437.9;54767.3;11793.4
102;58642.8;-20580.1;56833.7;12196.7
104;57814.3;-21323.8;56048.7;12045.8
105;55635.4;-23565.7;53970.9;11640.4
107;58053.9;-20799.2;56229.4;12078.5
108;55831.6;-23261.9;54141.6;11675.5
109;56674.9;-22524.3;54990.0;11840.6
110;57061.3;-22121.1;55357.5;11910.8
111;55284.1;-23917.9;53626.6;11573.5
112;57434.8;-21784.8;55714.2;11977.4
113;58117.5;-21209.7;56373.0;12101.1
114;55935.6;-23273.9;54271.5;11697.0
115;57479.9;-21721.2;55750.1;11985.4
116;55363.7;-23848.3;53709.9;11590.9
117;56973.3;-22223.7;55276.0;11893.0
119;58585.1;-20110.2;56703.2;12172.2
122;56062.1;-23017.0;54366.0;11717.3
123;58676.5;-20655.9;56886.4;12206.2
125;54715.7;-24290.6;53031.3;11456.9
126;58687.1;-20363.1;56847.8;12199.1
127;59175.4;-20009.1;57322.2;12290.2
129;55552.5;-23438.6;53848.1;11613.7
131;56801.0;-22347.4;55094.8;11857.6
132;56251.6;-22936.8;54576.0;11757.6
134;57769.8;-21336.6;56001.5;12032.0
135;58055.8;-21199.9;56295.1;12090.2
136;56273.2;-22684.2;54552.8;11754.5
138;55613.7;-23432.4;53916.7;11625.3
139;58090.4;-21058.6;56307.8;12091.2
140;57099.1;-21996.0;55373.3;11914.3
142;56904.2;-22260.2;55198.2;11874.6
146;57251.0;-21705.9;55494.7;11936.0
147;57203.4;-21560.5;55420.6;11919.0
148;57832.3;-21434.7;56090.4;12048.7
149;57361.5;-21662.5;55608.7;11958.7
150;57943.4;-21162.7;56163.5;12063.8
151;56661.4;-22382.3;54940.9;11829.5
152;53983.6;-25010.6;52322.4;11322.5
153;58374.1;-20905.1;56597.3;12151.8
155;57617.9;-21465.3;55856.7;12006.7
156;56926.3;-22143.9;55200.5;11874.9
157;56898.4;-22040.7;55153.0;11867.7
158;56883.0;-22287.0;55178.6;11870.6
159;57120.5;-21647.7;55343.4;11907.4
160;55604.3;-23612.7;53944.7;11632.3
162;55795.9;-23213.1;54092.0;11665.2
163;57348.1;-21846.2;55629.0;11961.7
165;57673.1;-21498.7;55922.0;12017.6
166;56835.2;-22176.1;55103.1;11858.2
167;58319.4;-20888.8;56531.9;12137.0
168;57333.2;-21717.7;55586.9;11955.8
169;60003.5;-18746.9;58022.0;12423.3
170;54673.3;-24325.8;52988.5;11448.2
171;56257.8;-22580.3;54519.8;11747.6
173;60366.2;-18853.2;58439.5;12506.1
174;56741.5;-22266.0;55012.7;11843.6
175;57079.0;-22082.4;55368.7;11913.1
177;58784.1;-20454.6;56966.4;12217.6
178;56667.3;-22508.7;54972.7;11835.1
179;57902.0;-21388.3;56161.1;12063.5
180;56669.6;-22268.7;54931.9;11826.4
181;55468.1;-23469.7;53757.1;11599.8
182;57459.1;-21651.2;55712.9;11977.2
183;57666.8;-21579.3;55933.5;12020.5
184;58734.5;-20472.7;56915.7;12210.3
185;56928.2;-22069.3;55190.4;11872.5
186;56268.0;-22767.0;54560.1;11755.2
188;57340.7;-21837.6;55618.4;11959.8
189;57415.8;-21678.6;55670.4;11969.6
190;56964.1;-22065.2;55231.0;11884.9
191;58571.5;-20533.1;56749.2;12180.4
192;57537.0;-21508.2;55774.8;11988.5
194;58461.1;-20884.9;56693.4;12170.0
196;55043.8;-23599.5;53314.2;11518.2
197;57815.3;-21364.0;56056.4;12046.9
198;57595.3;-21494.7;55836.6;12002.3
199;58124.4;-20930.5;56324.5;12092.3
200;58376.9;-20917.1;56603.4;12153.5
202;58096.5;-21193.3;56340.9;12096.9
203;56309.4;-22838.4;54621.9;11771.7
204;59639.7;-19397.1;57730.6;12368.1
205;55367.2;-23659.4;53673.3;11585.4
207;54973.6;-24082.4;53291.5;11509.2
208;55921.3;-23113.4;54219.7;11689.2
212;55342.2;-23776.4;53664.8;11581.2
213;58474.9;-20832.7;56695.9;12170.4
215;55443.9;-23774.2;53793.4;11607.1
216;58183.7;-21017.3;56403.6;12109.7
217;57838.8;-21440.2;56099.4;12051.2
218;56492.2;-22603.4;54785.8;11795.9
219;58882.9;-20331.9;57054.7;12235.9
220;57184.9;-22012.2;55482.0;11935.0
221;59126.6;-20237.7;57308.4;12289.0
222;57754.7;-20980.8;55933.4;12020.5
223;59078.7;-20216.0;57249.6;12273.6
224;57162.8;-22037.2;55461.0;11928.9
225;55490.1;-23666.5;53817.4;11611.3
227;56371.0;-22564.1;54644.4;11773.8
228;56790.0;-22289.7;55071.1;11853.3
229;56179.0;-22769.5;54459.3;11733.4
230;56796.9;-22184.6;55062.1;11852.6
231;57364.8;-21714.5;55620.8;11960.0
232;57330.3;-21634.4;55570.6;11952.5
233;57903.3;-21285.4;56139.5;12059.4
234;59344.8;-20075.5;57522.3;12326.1
236;55454.9;-23755.9;53798.3;11607.5
238;56247.3;-22518.3;54498.8;11741.4
240;58115.8;-21130.8;56348.2;12097.1
243;57023.9;-22105.6;55307.5;11900.9
244;55259.8;-23942.8;53602.1;11566.6
245;55945.9;-23229.2;54269.1;11695.9
246;57932.0;-21199.5;56157.1;12061.8
247;57826.9;-21457.4;56090.5;12048.7
248;56477.7;-22606.0;54770.1;11793.9
249;59409.2;-19822.1;57547.3;12336.3
250;55377.2;-23823.3;53718.4;11592.7
251;56593.8;-22583.9;54900.7;11819.5
252;56753.8;-22295.0;55031.4;11846.9
253;53541.9;-25342.4;51876.0;11235.9
254;59573.8;-19723.9;57710.8;12365.1
256;55710.5;-23439.2;54033.3;11654.6
258;57791.2;-21425.7;56042.2;12045.1
259;57597.3;-21527.3;55844.4;12004.5
260;56320.6;-22421.2;54567.3;11757.4
261;57187.0;-21922.9;55458.4;11927.5
263;58039.5;-21273.4;56297.6;12090.4
264;56541.5;-22668.5;54864.5;11812.0
265;57199.5;-21976.8;55487.0;11935.6
267;57410.4;-21739.6;55675.2;11971.8
269;57393.0;-21777.3;55663.5;11969.1
272;59033.4;-20367.0;57231.0;12269.9
274;58169.5;-21148.6;56416.2;12111.6
275;55903.9;-23307.8;54241.6;11690.8
276;55929.6;-23267.1;54259.7;11695.1
278;58687.4;-20343.1;56845.1;12198.7
279;56735.3;-22278.0;55007.5;11842.0
280;58840.2;-20513.1;57041.4;12235.2
281;56092.3;-22766.0;54360.5;11716.5
284;58240.2;-20959.9;56455.9;12117.9
285;57111.3;-22007.1;55389.2;11917.1
286;57308.7;-21838.7;55581.5;11954.6
287;57064.8;-22048.7;55343.3;11907.2
290;57186.4;-21714.2;55424.3;11919.5
291;56830.7;-22128.1;55090.6;11856.8
292;56954.2;-22243.9;55258.3;11888.8
293;57727.8;-21074.9;55916.4;12017.3
295;56911.7;-22279.9;55213.7;11879.6
296;56672.3;-22421.6;54959.6;11832.1
298;58039.6;-21250.2;56288.6;12088.4
299;55811.7;-23367.8;54139.2;11675.3
300;57782.7;-21468.3;56042.3;12045.1
301;59766.5;-19385.8;57869.4;12396.9
302;55191.1;-23883.4;53508.3;11550.5
304;55895.5;-23316.3;54234.9;11690.4
305;56688.0;-22423.5;54978.4;11835.9
306;59146.3;-20178.3;57318.4;12289.7
307;57039.3;-22156.6;55341.6;11906.8
308;56165.3;-22906.8;54466.5;11735.0
309;57877.0;-21201.9;56097.1;12050.1
310;56255.1;-22939.9;54582.9;11758.3
311;58518.5;-20615.7;56704.6;12172.3
314;56207.8;-22844.5;54504.7;11743.9
317;57876.3;-21371.3;56127.3;12058.9
318;56958.7;-22235.4;55261.5;11890.6
319;56122.9;-22966.0;54427.7;11728.3
321;56858.9;-22320.9;55158.1;11867.7
322;56125.5;-22288.7;54343.2;11713.7
323;57411.6;-21720.0;55672.8;11970.6
325;57867.0;-21251.6;56094.0;12050.0
326;58288.4;-20864.9;56494.3;12130.7
327;56181.7;-22700.8;54452.0;11730.6
328;58585.6;-20666.5;56786.0;12188.2
329;56707.5;-22487.6;55019.9;11845.9
330;58579.7;-20430.1;56742.3;12180.0
331;57617.5;-21445.7;55853.1;12006.3
333;55790.6;-23250.8;54092.0;11665.2
334;56901.9;-22260.0;55195.1;11872.9
336;56237.5;-22939.2;54559.0;11755.1
337;54499.2;-24477.7;52816.1;11415.1
338;54593.0;-24484.2;52926.6;11436.4
339;53907.9;-25022.1;52230.1;11302.5
340;54371.7;-24681.6;52712.0;11399.4
341;56502.7;-22688.1;54816.7;11801.7
342;58697.1;-20579.7;56893.2;12207.8
343;56485.3;-22557.3;54770.3;11794.1
344;57469.9;-21627.6;55720.8;11979.3
345;56957.0;-21862.3;55191.5;11872.6
346;57069.4;-21990.3;55337.7;11906.2
347;56845.9;-22191.7;55117.4;11860.0
348;56884.5;-21797.4;55103.2;11859.2
349;57627.9;-21543.7;55880.5;12011.1
350;55562.6;-23530.3;53875.4;11618.6
351;58328.3;-20994.2;56565.2;12144.7
352;58233.1;-21004.4;56455.7;12117.7
353;56837.3;-21975.9;55075.9;11853.7
354;58095.9;-21089.9;56318.5;12091.7
355;56191.3;-22676.8;54459.0;11733.1
358;56797.8;-22289.5;55079.8;11856.3
361;56366.2;-22536.9;54634.9;11772.4
363;54582.3;-24535.7;52926.4;11436.3
364;57478.1;-21752.5;55756.5;11985.6
365;56739.2;-22335.3;55021.2;11846.1
366;57980.1;-21249.2;56219.0;12076.0
367;57730.0;-21307.6;55953.8;12023.1
369;57788.3;-21443.4;56042.0;12044.0
371;57081.6;-21950.0;55345.3;11907.9
372;56432.0;-22731.8;54740.7;11786.7
373;58185.5;-20852.0;56379.4;12103.0
374;56509.7;-22653.7;54815.4;11801.5
376;57776.6;-21372.9;56015.2;12035.6
378;56026.8;-23165.6;54356.7;11715.9
379;54841.9;-24189.5;53159.3;11484.3
381;58175.7;-20922.8;56379.3;12103.0
382;57078.3;-22053.9;55361.1;11912.1
384;56466.7;-22651.8;54766.1;11793.3
386;56810.6;-22279.8;55092.1;11857.1
387;56947.3;-21884.7;55184.2;11871.0
388;56801.7;-22374.2;55101.9;11858.1
390;56367.9;-22686.8;54660.1;11776.2
393;56458.8;-22504.7;54732.3;11786.0
395;55790.9;-23065.1;54063.4;11661.4
396;58085.4;-21028.0;56297.4;12090.4
398;58236.0;-20985.6;56455.8;12117.8
399;56995.3;-22139.9;55280.7;11893.4
400;59831.8;-19329.6;57931.4;12405.6
402;57191.7;-21632.1;55418.4;11919.1
403;57514.4;-21634.0;55770.3;11988.3
404;58631.3;-20706.6;56846.2;12198.8
405;56521.1;-22486.2;54799.4;11800.3
408;55964.2;-23237.4;54301.0;11705.5
409;57637.0;-21408.8;55868.6;12008.9
410;58462.5;-20864.4;56689.1;12168.4
411;56723.7;-22150.3;54974.8;11835.7
412;59707.9;-19693.9;57854.9;12394.8
413;59343.9;-19887.9;57486.1;12320.8
414;56949.6;-22247.3;55253.6;11888.4
415;54049.5;-24825.1;52354.4;11326.2
416;54784.0;-24368.0;53129.8;11477.7
417;56062.9;-22996.8;54363.4;11716.9
418;58470.0;-20856.7;56696.2;12170.6
421;56772.2;-22168.7;55031.8;11847.0
424;56072.8;-23102.7;54397.6;11723.4
425;59746.1;-19424.4;57853.6;12394.6
427;56408.4;-22788.3;54728.5;11785.5
428;57494.0;-21645.9;55750.1;11985.3
429;57053.5;-22106.8;55343.4;11907.3
430;56500.3;-22598.9;54794.1;11796.5
431;58636.6;-20431.0;56803.8;12189.9
432;58486.9;-20774.1;56696.2;12170.6
433;58136.1;-21112.4;56367.1;12099.7
434;56934.4;-22071.0;55197.9;11874.4
435;58522.1;-20752.2;56731.8;12179.2
439;58154.5;-20694.7;56322.1;12092.1
440;59363.6;-19968.0;57520.9;12325.9
441;57629.5;-21460.2;55868.6;12009.0
442;54934.4;-24106.4;53250.3;11500.3
444;58812.8;-20386.6;56986.8;12221.8
445;56604.9;-22592.6;54918.5;11822.9
447;55952.4;-23228.9;54277.3;11698.1
449;56537.9;-22642.9;54848.4;11808.9
450;58942.5;-20313.8;57116.4;12245.6
452;58472.5;-20853.7;56698.6;12171.8
453;57910.1;-21330.0;56156.0;12061.8
454;56128.0;-22953.3;54431.4;11728.6
455;58476.7;-20760.0;56682.2;12167.8
456;55880.2;-23291.3;54205.2;11686.9
459;56224.8;-22930.3;54541.4;11752.3
461;56584.8;-22618.7;54901.9;11819.6
463;58422.2;-20631.5;56603.4;12153.6
465;57012.5;-21718.9;55233.8;11885.4
466;56890.6;-22306.3;55193.8;11872.8
469;58194.5;-20912.7;56398.7;12109.1
470;56414.4;-22543.9;54689.3;11781.2
471;58024.5;-21287.5;56283.3;12087.6
472;56901.1;-22184.3;55178.6;11870.6
473;56775.3;-22375.0;55071.0;11853.3
474;59465.3;-19897.4;57622.4;12348.4
475;56505.9;-22609.4;54803.2;11800.9
476;56446.8;-22565.6;54728.5;11785.5
479;57617.9;-21534.1;55867.5;12009.0
480;56151.7;-22990.9;54466.4;11735.0
481;57722.6;-21361.1;55953.8;12023.1
484;57965.9;-20954.2;56157.0;12061.8
486;57810.4;-21335.1;56046.5;12045.7
487;58561.9;-20802.4;56790.9;12188.8
488;59240.1;-20143.0;57416.9;12304.7
490;55902.0;-23049.6;54187.5;11683.8
494;57649.7;-21324.6;55869.7;12009.0
496;56003.2;-23036.9;54301.3;11705.8
497;57716.6;-21481.5;55967.4;12025.6
498;54221.6;-24779.9;52555.0;11371.0
499;55644.1;-23443.2;53956.0;11638.9
500;57068.6;-21748.9;55300.3;11898.1
503;56058.1;-22888.4;54340.6;11713.4
504;56675.3;-22445.9;54967.8;11833.6
506;57283.0;-21870.1;55558.1;11947.0
508;57233.5;-21449.6;55438.0;11921.6
509;56261.4;-22916.6;54581.6;11758.1
511;59249.5;-20020.6;57404.1;12302.5
512;57272.5;-21930.6;55565.6;11950.8
513;57298.5;-21589.8;55529.2;11942.6
514;55561.1;-23591.5;53885.2;11621.0
516;56054.5;-23136.5;54384.7;11721.4
518;57735.1;-21540.7;56005.8;12033.8
519;57258.0;-21939.9;55547.4;11944.9
521;58920.6;-20357.4;57099.8;12243.8
523;57181.4;-22018.7;55479.8;11933.9
525;58351.7;-20512.9;56509.3;12133.0
526;57939.0;-21354.9;56197.3;12071.3
529;57885.8;-21239.2;56112.9;12054.9
530;58848.3;-20530.9;57055.0;12236.1
531;59142.5;-20183.0;57315.1;12289.5
533;56696.7;-22498.4;55008.1;11842.3
534;57523.7;-21691.7;55793.3;11992.2
535;56664.0;-22514.5;54970.3;11835.0
536;56554.0;-22531.1;54842.9;11807.0
538;56573.8;-22627.4;54890.9;11818.6
542;56150.4;-22731.0;54421.5;11727.4
544;58330.6;-21002.5;56570.8;12145.1
545;54229.4;-24787.5;52568.7;11373.3
546;54919.6;-24087.4;53230.5;11498.5
547;56696.1;-22394.5;54982.0;11837.3
549;58733.5;-20590.0;56935.6;12213.2
551;56814.4;-22300.5;55100.5;11857.8
552;55120.7;-24010.8;53451.8;11543.6
553;58322.9;-21014.0;56565.4;12144.8
554;55155.8;-24034.5;53500.0;11549.8
555;56842.2;-22354.0;55147.6;11866.7
556;58434.4;-20480.3;56593.3;12151.1
557;56725.3;-22470.8;55036.1;11847.7
559;55945.4;-23167.0;54256.2;11693.8
561;58163.0;-21011.5;56379.4;12103.0
562;56872.4;-22201.4;55149.3;11867.2
563;58812.6;-20584.7;57028.0;12229.6
564;57729.2;-21534.9;55995.1;12030.7
565;54951.9;-24234.1;53305.8;11513.9
567;57891.7;-21262.2;56123.2;12057.2
570;57147.4;-21985.0;55425.4;11920.5
571;56447.7;-22691.3;54751.6;11790.8
572;57854.8;-21438.4;56120.4;12055.7
573;57525.8;-21599.2;55777.2;11988.8
574;59444.3;-19910.8;57601.1;12344.8
575;57261.9;-21673.6;55501.6;11936.6
576;57709.2;-21418.9;55948.5;12022.9
577;57515.6;-21667.3;55778.4;11988.9
578;56857.0;-22258.1;55141.5;11865.2
580;58501.6;-20611.5;56685.5;12168.0
581;58062.1;-21107.0;56284.8;12087.9
582;56216.3;-22962.2;54539.6;11751.7
583;55627.9;-23517.0;53950.7;11637.2
584;56944.5;-22241.7;55244.2;11886.6
585;58635.1;-20076.5;56752.4;12180.6
586;56991.3;-22186.7;55287.3;11896.2
587;59323.3;-19906.0;57466.8;12319.1
588;56060.5;-23025.9;54366.0;11717.2
589;57206.1;-21993.9;55501.5;11936.5
590;53879.0;-25096.6;52217.3;11300.4
591;56267.5;-22908.7;54586.8;11758.9
592;56653.0;-22447.2;54942.1;11829.6
593;57702.2;-21450.5;55946.0;12022.5
594;59285.9;-19902.4;57424.9;12307.3
595;57104.8;-21882.1;55361.0;11912.1
596;58916.7;-20451.8;57114.7;12245.2
597;57882.5;-21399.8;56140.6;12059.4
598;58293.4;-21024.5;56531.9;12137.0
599;56415.8;-22792.0;54743.3;11787.0
601;55687.3;-23390.4;53995.9;11644.2
602;57666.6;-21534.3;55922.0;12017.6
603;55813.3;-23369.6;54142.0;11676.7
607;57486.9;-21691.5;55751.2;11985.4
608;56971.8;-22047.3;55236.9;11886.5
609;55341.4;-23740.1;53656.6;11579.6
610;58951.5;-20369.2;57136.6;12251.8
612;58345.5;-20904.7;56563.8;12144.4
613;58055.9;-21170.6;56288.7;12088.5
614;56208.4;-22813.5;54500.0;11741.5
615;54607.3;-24382.4;52924.0;11436.0
616;55863.0;-23322.8;54192.2;11684.2
617;58631.9;-20652.8;56834.8;12196.8
618;55717.4;-23335.6;54022.3;11652.6
619;58111.3;-21054.6;56329.5;12093.9
620;56246.1;-22907.9;54561.2;11755.9
622;54714.9;-24446.1;53072.0;11465.0
623;58574.9;-20556.5;56756.4;12182.2
624;56995.5;-22106.6;55273.8;11892.9
625;58218.5;-20857.5;56416.4;12111.7
626;57279.5;-21893.8;55560.2;11947.0
627;58070.2;-21146.2;56300.1;12090.8
628;56935.1;-22068.4;55198.1;11874.6
629;58016.6;-21094.5;56232.9;12079.7
630;55128.9;-23968.1;53453.0;11543.7
631;55696.2;-23287.5;53989.2;11642.1
632;58020.9;-20953.2;56216.6;12075.7
633;57035.4;-21830.0;55274.9;11892.9
635;56792.0;-22397.2;55097.1;11857.7
636;57670.5;-21561.7;55933.2;12020.4
637;56269.0;-22910.6;54589.3;11759.1
639;55909.8;-23009.6;54190.1;11684.2
641;58314.2;-20913.6;56530.6;12136.8
643;55628.3;-23585.0;53969.4;11640.1
644;58125.9;-21147.0;56363.7;12099.5
646;58009.0;-21090.2;56224.0;12076.7
649;56359.8;-22841.2;54689.2;11781.1
650;56888.6;-21896.7;55120.7;11861.2
651;58905.3;-20310.4;57075.5;12239.7
652;58198.7;-21085.9;56434.7;12114.9
654;58617.9;-20535.6;56799.5;12189.7
655;56685.1;-22422.5;54974.6;11835.7
656;56745.0;-22089.4;54990.0;11840.6
657;58402.5;-20945.8;56641.8;12160.2
658;57081.2;-22056.2;55365.1;11912.8
659;56834.0;-22341.7;55132.7;11863.1
660;55334.2;-23854.3;53672.5;11584.0
661;56941.2;-22005.2;55195.2;11873.0
662;53567.2;-25244.4;51878.6;11236.2
663;56436.4;-22764.5;54758.4;11792.3
664;55785.2;-23384.9;54110.8;11668.4
665;57930.5;-21320.9;56177.4;12066.9
666;56450.7;-22539.3;54728.6;11785.6
667;56624.5;-22543.7;54927.0;11823.2
669;55693.6;-23508.6;54029.3;11653.1
670;57451.4;-21713.6;55715.5;11977.5
671;54676.6;-24306.9;52988.8;11448.3
672;57202.6;-21687.7;55438.0;11921.6
673;57608.7;-21328.5;55825.7;12001.2
674;58166.0;-21015.3;56383.6;12104.9
675;55874.2;-23329.1;54209.9;11687.3
676;57469.7;-21598.2;55716.1;11978.8
677;57446.8;-21740.6;55715.8;11977.6
678;56996.7;-22193.1;55297.0;11897.9
679;57243.8;-21833.8;55507.3;11938.6
680;57638.3;-21484.0;55881.9;12011.4
681;57578.3;-21452.5;55811.3;11996.9
684;60351.5;-18843.4;58421.2;12503.7
685;59517.7;-19945.1;57692.0;12361.2
688;57842.5;-21439.1;56104.2;12053.7
690;57293.5;-21412.9;55497.2;11936.4
691;55842.1;-23359.6;54177.6;11681.6
692;56801.2;-22344.4;55094.5;11857.4
693;56395.4;-22800.6;54716.0;11783.2
694;57207.1;-21944.6;55488.0;11935.6
695;56717.3;-22287.7;54988.6;11838.3
696;56876.3;-22243.0;55161.0;11868.2
697;58356.6;-20894.6;56574.7;12148.5
698;58675.3;-20396.9;56840.8;12198.5
700;56481.5;-22463.6;54751.6;11790.8
701;56085.5;-22756.3;54351.6;11714.2
703;56979.9;-22108.2;55255.8;11888.5
706;57046.5;-22149.4;55350.2;11909.2
707;55339.1;-23750.7;53656.4;11579.4
708;58751.6;-20416.5;56925.4;12211.5
709;56573.3;-22613.8;54884.0;11815.4
711;56267.4;-22917.0;54590.5;11760.2
713;56982.1;-22209.7;55283.4;11894.8
715;57406.4;-21776.3;55678.8;11972.3
716;58983.3;-20349.7;57168.3;12256.0
718;58107.1;-21022.9;56319.9;12091.9
719;57445.2;-21731.9;55712.7;11977.0
720;56786.9;-22335.7;55076.2;11854.9
721;54436.0;-24595.7;52766.8;11406.9
722;58239.1;-21085.5;56483.7;12125.8
724;57042.5;-22150.9;55343.6;11907.4
725;55421.4;-23774.4;53759.6;11600.1
726;57411.3;-21722.5;55672.8;11970.6
727;57163.0;-22032.4;55458.7;11928.7
729;56862.6;-22309.3;55159.3;11867.8
730;58395.1;-20850.8;56609.2;12154.0
731;58304.1;-20850.4;56509.2;12132.9
732;57970.4;-21288.6;56216.7;12075.8
735;56578.7;-22434.2;54855.5;11810.3
736;55743.6;-23425.0;54070.0;11662.1
738;56153.7;-23018.2;54475.1;11735.8
739;53661.4;-25259.3;51995.8;11256.8
741;57152.1;-21855.1;55408.5;11918.5
742;58335.2;-20960.9;56565.1;12144.6
745;56869.6;-22221.9;55149.4;11867.3
746;56130.2;-22895.6;54424.1;11727.9
747;57705.9;-21546.5;55970.8;12025.9
748;57045.1;-22103.4;55331.8;11905.7
749;57437.8;-21785.5;55718.4;11979.0
750;56122.9;-22966.6;54427.8;11728.3
751;59035.8;-20273.3;57212.8;12268.1
752;57040.3;-22006.2;55307.9;11901.2
753;58716.2;-20588.1;56915.8;12210.3
756;56156.2;-23028.4;54482.8;11737.8
757;55833.3;-23258.2;54143.2;11676.9
759;57011.3;-21973.6;55269.6;11892.3
760;56728.7;-22467.3;55039.9;11849.0
762;55600.7;-23500.5;53913.7;11624.7
763;55649.6;-23517.3;53976.0;11640.9
765;57849.2;-21209.6;56068.6;12047.6
766;54665.3;-24446.5;53004.3;11452.0
767;57657.0;-21585.7;55923.4;12018.9
769;54360.8;-24572.1;52672.9;11389.4
770;56575.2;-22556.9;54872.5;11812.6
771;57010.5;-22144.7;55300.3;11898.2
773;58256.2;-21036.0;56491.0;12130.5
774;57205.9;-21698.6;55443.3;11923.2
775;58392.5;-20775.6;56593.3;12151.1
776;56920.3;-21796.1;55141.9;11865.5
777;55986.8;-22989.3;54274.0;11697.3
778;55856.9;-23248.2;54169.0;11680.0
779;57759.6;-21286.8;55983.0;12030.1
780;54575.6;-24502.8;52910.6;11433.4
782;55613.8;-23602.9;53958.3;11639.0
783;56596.2;-22497.1;54885.7;11816.9
785;58602.7;-20745.8;56822.5;12193.1
787;56070.0;-22739.1;54332.2;11712.5
790;58131.2;-21195.8;56385.9;12105.0
791;54445.8;-24497.7;52757.3;11404.8
792;57539.2;-21435.8;55766.3;11987.6
793;57567.0;-21672.0;55840.7;12004.0
794;57118.9;-21907.4;55380.8;11915.7
795;58447.8;-20910.3;56685.8;12168.2
796;55473.3;-23690.4;53803.1;11609.0
798;56171.9;-22811.0;54457.7;11732.0
799;57977.7;-21249.8;56216.6;12075.8
801;58086.4;-21191.7;56328.1;12093.7
804;56862.4;-22179.9;55134.2;11863.4
805;56935.6;-22103.1;55205.1;11878.6
806;56732.1;-22372.0;55019.9;11845.9
807;56101.8;-22865.8;54387.2;11722.7
809;57353.4;-21522.6;55579.0;11954.3
811;56316.7;-22754.2;54614.4;11768.9
812;55697.8;-23403.0;54010.4;11647.5
813;57246.2;-21687.1;55486.6;11935.4
814;56379.5;-22329.3;54620.7;11771.6
815;60181.9;-19046.2;58269.7;12470.5
816;57343.4;-21840.1;55622.3;11961.4
818;56750.5;-22347.3;55035.8;11847.4
819;56607.0;-22602.4;54927.6;11824.5
821;57492.8;-21702.1;55760.1;11985.9
822;58167.8;-20962.4;56376.7;12102.6
823;56877.1;-22298.3;55173.9;11869.2
825;55684.9;-23459.7;54006.1;11645.9
828;57664.6;-21243.3;55873.8;12010.7
829;57026.0;-22060.8;55300.3;11898.1
830;56339.9;-22381.2;54582.9;11758.3
832;57809.1;-21212.1;56025.6;12039.4
833;56990.4;-22159.1;55278.4;11893.2
835;56845.0;-22318.7;55140.1;11864.9
836;58214.0;-21088.5;56452.8;12116.2
837;56487.2;-22593.8;54778.1;11794.6
838;57287.8;-21813.6;55552.3;11946.5
839;57531.5;-21697.0;55804.6;11996.4
840;58006.1;-21062.0;56216.6;12075.8
841;59004.9;-20193.6;57165.0;12255.6
842;57943.9;-21123.4;56158.2;12062.9
843;57818.9;-21323.2;56053.8;12046.6
844;55158.5;-24053.7;53512.6;11550.5
845;57800.6;-21480.2;56067.2;12047.4
846;60054.2;-19144.3;58144.9;12449.2
848;55795.2;-23035.0;54063.9;11661.7
849;56754.4;-22371.2;55045.8;11850.5
850;58334.9;-20999.3;56576.2;12148.8
851;57743.1;-21271.1;55962.6;12025.1
852;56426.2;-22715.7;54731.0;11785.8
853;57034.4;-21877.7;55280.6;11893.3
854;58386.2;-20833.0;56596.0;12151.6
855;57971.5;-20897.0;56154.7;12061.8
856;60208.6;-19179.3;58318.5;12481.6
860;56616.5;-22432.4;54897.8;11819.0
861;55850.0;-22950.9;54113.2;11670.6
862;57253.3;-21898.8;55530.6;11942.9
864;55289.2;-23782.2;53602.4;11566.8
865;56382.0;-22683.2;54675.4;11779.6
866;56561.6;-22625.7;54872.6;11812.6
867;57391.9;-21689.5;55646.4;11967.7
868;56701.3;-22429.2;54995.2;11841.2
870;57191.7;-21820.1;55446.7;11926.4
871;58391.8;-20922.9;56622.2;12158.3
873;59180.5;-20171.8;57356.1;12296.3
875;57169.1;-21540.9;55381.1;11915.9
876;57926.6;-21029.0;56125.5;12057.4
877;57806.1;-21462.4;56067.2;12047.4
879;57262.4;-21810.8;55524.1;11941.0
880;58045.0;-21202.4;56283.4;12087.7
881;57450.3;-21688.0;55709.2;11976.7
883;57143.0;-22059.5;55443.1;11923.0
885;56082.6;-22934.4;54375.6;11718.2
886;56615.2;-22340.2;54881.6;11815.2
887;56428.6;-22773.6;54751.6;11790.8
888;59272.5;-19950.2;57418.1;12305.8
889;57369.4;-21668.9;55618.3;11959.8
890;55745.8;-23474.4;54090.3;11664.8
891;57555.8;-21617.0;55813.4;11996.9
892;56810.7;-22191.8;55078.5;11855.1
894;57689.1;-21271.6;55904.0;12014.2
895;55063.7;-24114.6;53405.5;11530.3
896;57788.6;-21404.7;56033.8;12041.2
897;55803.9;-23387.5;54133.9;11672.5
899;57678.5;-21459.9;55921.8;12017.5
900;55142.9;-24011.6;53477.8;11545.5
901;56451.7;-22734.9;54767.4;11793.5
902;57297.3;-21861.8;55573.1;11952.8
903;57841.9;-21304.1;56075.3;12047.9
904;57993.3;-21246.4;56234.2;12081.8
905;56981.4;-22203.9;55279.5;11893.3
906;55983.5;-23146.5;54298.5;11705.2
907;59577.7;-19596.4;57697.6;12361.5
908;56265.0;-22864.4;54573.6;11757.5
909;59356.9;-20076.7;57537.2;12332.5
910;56483.2;-22520.7;54762.1;11792.8
911;58535.6;-20776.7;56752.4;12180.6
912;58445.9;-20717.8;56641.9;12160.3
913;55703.1;-23474.6;54032.1;11654.5
916;57921.4;-21382.9;56187.0;12070.0
917;56772.6;-22393.1;55071.0;11853.3
919;56552.6;-22534.5;54842.3;11806.6
920;55583.4;-23407.6;53878.4;11619.0
921;58300.2;-20979.4;56528.4;12135.7
924;57816.9;-21354.5;56056.4;12047.0
925;55908.4;-23184.6;54217.2;11688.9
926;56837.6;-22287.2;55124.8;11862.8
927;56697.7;-22327.2;54972.8;11835.2
928;55917.6;-23295.6;54256.0;11693.7
929;57671.8;-21552.6;55932.2;12020.4
930;56432.6;-22662.5;54728.6;11785.6
931;59149.7;-20199.0;57326.9;12290.7
932;58172.3;-20987.5;56385.8;12104.9
933;55932.9;-23145.9;54238.0;11690.5
934;57007.9;-22148.7;55298.1;11898.0
936;55033.4;-24163.1;53389.7;11529.0
937;58276.9;-20772.3;56466.7;12119.8
939;58237.8;-20996.4;56459.7;12118.5
941;58509.8;-20236.0;56641.8;12160.2
942;56744.1;-22451.6;55054.8;11851.0
943;58262.3;-20880.9;56467.4;12121.3
944;59364.6;-20086.0;57548.6;12336.6
947;56646.7;-22439.5;54933.5;11828.7
949;58647.7;-20497.7;56825.9;12194.1
951;56775.1;-22409.6;55079.8;11855.3
953;57580.2;-21649.1;55849.4;12005.0
954;58217.6;-21023.3;56441.9;12115.6
955;55882.2;-22935.4;54147.8;11677.1
957;58361.8;-20799.6;56563.8;12144.4
958;57545.0;-21620.2;55802.2;11996.2
959;57591.8;-21656.2;55866.0;12008.6
960;58491.5;-20803.6;56707.9;12172.6
961;57193.6;-21870.9;55457.0;11927.3
962;57714.8;-21483.9;55966.2;12025.5
963;56637.0;-22503.8;54935.0;11829.0
964;55308.3;-23912.3;53662.2;11580.9
965;55382.6;-23822.5;53725.9;11595.1
966;57151.5;-21892.9;55413.9;11918.8
968;56185.3;-23003.8;54512.2;11744.5
969;57455.4;-21692.2;55715.8;11977.6
970;55908.8;-23194.3;54219.7;11689.3
971;57201.2;-21863.4;55464.4;11929.0
972;57007.9;-22141.2;55295.9;11897.9
974;54166.6;-24774.2;52484.4;11353.6
976;57488.7;-21463.1;55715.5;11977.5
977;53713.4;-25205.3;52041.7;11264.0
978;56518.2;-22484.8;54795.6;11797.9
979;57535.3;-21675.5;55803.5;11996.3
981;57783.6;-21441.2;56036.2;12041.4
982;55790.6;-23398.2;54121.2;11671.1
983;57298.3;-21659.8;55539.3;11943.3
984;57000.7;-21996.7;55261.0;11889.3
985;56787.3;-22405.6;55093.3;11857.3
986;56731.6;-22450.4;55037.4;11848.7
987;57299.7;-21835.5;55570.2;11952.3
988;58245.7;-20988.6;56467.0;12120.0
989;56401.8;-22472.3;54664.7;11777.5
990;56504.7;-22690.3;54820.6;11803.2
991;57286.5;-21605.6;55518.3;11939.5
993;57517.3;-21726.9;55796.9;11994.3
994;58023.6;-20876.2;56208.2;12074.0
995;58727.3;-20506.5;56913.4;12210.1
996;56899.3;-22222.1;55183.1;11870.9
997;54189.2;-24773.4;52513.1;11361.0
998;56942.2;-22211.5;55233.7;11885.4
999;57499.1;-21662.3;55758.7;11985.6
1000;56800.3;-22306.6;55085.5;11856.7
