CASO;pATIVA;pREATIVA;dATIVA;dREATIVA
1;62958.3;-22566.7;61482.7;11488.9
2;60548.1;-24744.0;59175.3;11030.0
3;60636.6;-24605.7;59265.2;11050.7
4;60069.1;-25195.1;58704.0;10937.3
5;62141.0;-23260.3;60710.7;11333.0
6;58746.5;-26629.8;57421.9;10687.2
7;63094.3;-22435.3;61606.3;11512.5
8;60377.0;-24879.4;59013.0;11001.9
9;61543.0;-23835.5;60136.3;11220.3
10;60944.6;-24399.0;59560.7;11107.4
11;62790.2;-22702.0;61318.6;11458.3
12;59014.8;-26387.2;57674.5;10736.3
13;60860.5;-24490.7;59476.9;11092.1
14;60785.2;-24494.3;59406.9;11080.0
15;62434.1;-23009.2;60980.5;11390.2
16;60027.9;-25224.4;58673.1;10933.2
17;61025.6;-24327.9;59636.2;11124.2
18;60261.5;-25004.6;58893.1;10979.3
19;61238.7;-24112.1;59842.9;11165.2
20;61829.7;-23566.7;60406.8;11279.5
21;60027.3;-25219.0;58673.0;10933.1
22;62443.1;-23007.1;60993.0;11392.5
23;62194.4;-23224.1;60753.6;11343.0
24;61736.3;-23652.1;60321.5;11258.6
25;62190.9;-23231.8;60753.5;11342.9
26;60470.6;-24813.2;59101.2;11016.8
27;61074.9;-24271.1;59685.2;11132.8
28;60185.9;-25060.2;58828.1;10967.6
29;60923.7;-24408.4;59541.8;11104.4
30;61769.7;-23627.0;60350.4;11265.7
31;60462.9;-24820.2;59093.8;11015.9
32;60789.1;-24487.0;59395.8;11077.8
33;60462.0;-24755.5;59096.6;11016.5
34;60289.6;-24980.0;58924.7;10986.1
35;60482.6;-24805.1;59110.3;11018.3
36;61195.3;-24150.5;59792.4;11155.1
37;60014.2;-25249.2;58656.1;10930.1
38;61449.8;-23916.5;60045.9;11206.9
39;63002.2;-22524.6;61522.0;11493.5
40;62010.6;-23392.2;60576.8;11309.6
41;61004.8;-24346.2;59617.1;11120.0
42;60247.4;-25021.6;58881.4;10976.1
43;60392.0;-24841.7;59028.4;11005.6
44;63051.0;-22450.2;61556.9;11498.9
45;61261.4;-24084.8;59855.3;11168.2
46;60520.0;-24765.6;59149.0;11025.2
47;61406.2;-23961.6;59998.5;11196.9
48;63487.1;-22081.9;61979.8;11584.6
49;61328.8;-24030.0;59930.0;11184.0
50;61861.1;-23537.2;60436.6;11285.1
51;61529.7;-23844.9;60114.5;11218.1
52;60828.0;-24516.7;59447.1;11086.7
53;59990.0;-25264.5;58635.5;10926.0
54;60830.5;-24516.3;59448.6;11087.1
55;60990.3;-24363.6;59600.3;11116.1
56;61837.4;-23548.1;60407.3;11279.9
57;62118.4;-23294.7;60685.1;11328.3
58;62219.7;-23199.6;60776.6;11348.2
59;61505.6;-23871.9;60095.4;11215.5
60;62161.5;-23239.9;60730.4;11337.3
61;60383.1;-24892.5;59017.2;11002.7
62;62562.5;-22901.8;61106.0;11418.0
63;61754.0;-23641.9;60335.0;11262.8
64;60888.6;-24462.8;59502.9;11097.0
65;61712.5;-23650.7;60301.5;11256.1
66;61125.4;-24226.4;59731.6;11143.1
67;62423.5;-23022.4;60976.3;11390.0
68;62841.2;-22663.6;61375.8;11468.6
69;63584.8;-21981.3;62068.9;11606.2
70;59710.6;-25580.4;58361.3;10868.9
71;59654.3;-25619.5;58310.6;10859.1
72;60663.5;-24632.6;59283.1;11053.3
73;61371.9;-23994.9;59969.9;11190.6
74;62160.2;-23257.6;60722.1;11335.2
75;61542.3;-23835.9;60135.8;11220.0
76;59049.1;-26344.4;57711.8;10743.7
77;60874.9;-24412.5;59496.6;11096.0
78;62109.7;-23306.1;60674.6;11325.9
79;61451.4;-23918.0;60041.3;11206.5
80;62028.6;-23351.3;60603.6;11313.8
81;60968.8;-24382.6;59582.2;11113.5
82;60996.8;-24356.4;59608.6;11119.0
83;61400.3;-23967.1;59991.8;11195.5
84;61642.5;-23737.6;60221.4;11241.4
85;61411.2;-23957.8;60007.6;11197.8
86;61325.8;-24022.5;59928.8;11183.9
87;60488.5;-24791.6;59111.4;11019.4
88;61609.1;-23772.3;60189.7;11233.9
89;61333.4;-24029.2;59933.2;11184.2
90;62427.3;-23015.6;60975.0;11389.9
91;62505.4;-22946.1;61049.0;11408.4
92;61398.6;-23969.6;59991.6;11195.3
93;60800.6;-24495.3;59417.4;11082.1
94;60525.3;-24758.0;59146.8;11024.9
95;61657.8;-23713.4;60248.3;11243.9
96;61292.8;-24054.6;59887.4;11178.1
97;60840.6;-24506.6;59456.4;11088.7
98;61242.4;-24111.5;59845.2;11166.4
99;60541.0;-24745.1;59162.9;11027.2
100;61958.9;-23411.2;60537.8;11300.9
101;60719.7;-24572.9;59335.6;11065.0
102;62527.9;-22927.0;61070.4;11412.1
103;61626.0;-23752.0;60216.4;11240.6
104;61841.5;-23555.1;60416.3;11280.4
105;60031.6;-25225.7;58676.1;10934.6
106;61395.3;-23940.8;59976.3;11191.5
107;62015.7;-23369.1;60573.6;11308.5
108;60179.3;-25090.3;58817.0;10961.5
109;60926.8;-24419.8;59543.1;11104.5
110;61231.3;-24119.6;59835.5;11162.1
111;59733.1;-25538.1;58386.6;10877.7
112;61544.2;-23839.9;60135.7;11219.9
113;62123.4;-23290.1;60691.0;11328.9
114;60274.4;-24985.4;58912.3;10983.6
115;61571.3;-23811.4;60160.8;11227.8
116;59791.1;-25459.4;58442.8;10890.0
117;61164.2;-24184.0;59771.4;11149.3
118;59475.7;-25798.6;58136.8;10828.6
119;62430.3;-22961.9;60962.9;11388.9
120;61628.9;-23743.5;60220.2;11241.3
121;61174.9;-24163.8;59782.6;11153.7
122;60365.1;-24912.1;58996.7;10998.3
123;62578.0;-22886.7;61121.7;11423.2
124;63347.3;-22206.2;61846.0;11560.8
125;59220.0;-26140.0;57882.7;10777.4
126;62549.0;-22891.3;61084.9;11414.3
127;62969.3;-22543.7;61487.0;11489.2
128;61562.8;-23815.7;60155.0;11224.4
129;59928.6;-25335.8;58570.3;10912.1
130;62137.7;-23264.9;60707.4;11331.8
131;61015.7;-24337.2;59626.9;11122.3
132;60560.4;-24729.3;59188.6;11032.0
133;59888.9;-25348.8;58538.7;10907.6
134;61797.4;-23594.8;60373.2;11273.9
135;62075.8;-23339.1;60642.8;11318.4
136;60537.6;-24748.6;59160.3;11026.8
137;61755.1;-23625.7;60341.0;11263.6
138;59993.1;-25273.4;58634.2;10924.8
139;62085.1;-23325.6;60648.0;11320.1
140;61247.8;-24107.0;59848.6;11166.7
141;61004.9;-24324.8;59619.9;11121.6
142;61097.2;-24251.7;59705.5;11137.2
143;62144.2;-23262.9;60713.1;11333.4
144;62012.2;-23363.9;60587.9;11311.5
145;61791.8;-23544.7;60349.3;11265.6
146;61353.9;-23981.6;59946.6;11186.1
147;61297.3;-24041.6;59887.4;11178.2
148;61861.0;-23536.8;60438.7;11285.2
149;61453.8;-23916.1;60043.6;11206.6
150;61948.1;-23456.6;60516.7;11296.2
151;60879.3;-24473.5;59492.9;11094.5
152;58609.0;-26888.9;57285.0;10661.1
153;62327.2;-23112.3;60883.0;11368.9
154;63573.9;-21996.2;62071.1;11606.4
155;61680.9;-23709.7;60261.8;11247.9
156;61100.2;-24250.3;59705.7;11137.4
157;61066.5;-24282.9;59670.0;11130.2
158;61079.7;-24268.3;59688.8;11134.3
159;61233.0;-24111.8;59826.1;11159.5
160;60007.9;-25247.4;58653.2;10929.5
161;60644.2;-24627.2;59271.0;11051.9
162;60143.9;-25122.2;58780.4;10954.2
163;61465.8;-23904.8;60060.1;11210.6
164;60883.8;-24450.5;59503.1;11097.2
165;61735.6;-23660.9;60316.4;11257.7
166;61026.6;-24325.9;59633.8;11123.9
167;62274.4;-23155.0;60830.0;11358.2
168;61432.2;-23937.1;60023.8;11201.6
169;63625.0;-21800.8;62075.5;11606.8
170;59182.0;-26183.7;57845.5;10770.9
171;60513.5;-24763.8;59134.4;11024.1
172;62185.4;-23216.4;60753.6;11343.0
173;63973.4;-21606.0;62434.8;11678.7
174;60951.0;-24403.1;59561.0;11107.5
175;61242.2;-24109.6;59845.2;11166.4
176;60964.3;-24377.1;59579.5;11113.0
177;62650.6;-22822.3;61187.0;11434.5
178;60899.4;-24449.4;59515.6;11099.2
179;61938.4;-23466.2;60513.3;11295.1
180;60867.1;-24479.5;59478.4;11092.4
181;59843.8;-25413.2;58486.9;10900.6
182;61542.5;-23841.4;60130.5;11219.8
183;61740.5;-23654.2;60323.6;11258.7
184;62601.1;-22860.5;61139.2;11426.4
185;61095.2;-24256.2;59699.1;11136.2
186;60542.7;-24748.6;59167.3;11029.4
187;61801.2;-23579.5;60385.0;11275.4
188;61459.8;-23910.6;60053.9;11208.5
189;61498.2;-23875.6;60087.7;11215.0
190;61131.3;-24221.4;59735.0;11143.4
191;62464.6;-22974.0;61007.0;11396.1
192;61600.1;-23783.1;60183.6;11232.9
193;63273.7;-22284.9;61784.5;11548.3
194;62398.4;-23044.7;60952.6;11385.8
195;61915.2;-23477.7;60493.5;11291.7
196;59471.8;-25838.6;58123.7;10825.1
197;61851.3;-23546.4;60426.5;11281.4
198;61659.8;-23729.4;60241.8;11243.5
199;62100.3;-23305.4;60659.3;11322.1
200;62330.7;-23109.5;60886.7;11369.6
201;60773.0;-24507.3;59395.2;11076.2
202;62102.4;-23311.0;60669.0;11325.5
203;60596.9;-24688.7;59222.6;11043.8
204;63346.2;-22187.4;61837.5;11557.6
205;59779.1;-25503.6;58427.1;10885.6
206;59323.9;-25966.9;57988.8;10796.2
207;59440.5;-25864.4;58098.4;10822.3
208;60246.6;-25023.2;58880.9;10975.8
209;60007.1;-25232.3;58653.7;10929.9
210;63335.1;-22226.9;61837.7;11557.7
211;60850.5;-24465.3;59472.3;11091.7
212;59765.7;-25513.3;58416.2;10884.3
213;62404.5;-23038.8;60957.0;11387.1
214;60572.9;-24694.8;59202.5;11035.9
215;59879.1;-25368.1;58528.4;10905.7
216;62161.3;-23254.7;60722.0;11335.2
217;61865.5;-23532.0;60443.5;11285.7
218;60731.4;-24565.5;59350.6;11067.2
219;62727.2;-22755.8;61258.7;11446.6
220;61338.4;-24022.9;59939.4;11185.1
221;62952.4;-22571.4;61476.7;11486.9
222;61753.4;-23617.6;60321.5;11258.7
223;62891.7;-22618.4;61416.6;11474.9
224;61315.6;-24039.4;59917.3;11182.9
225;59901.8;-25358.8;58548.5;10908.8
226;63867.6;-21728.6;62344.7;11656.9
227;60626.1;-24662.8;59245.3;11046.7
228;61000.2;-24353.0;59610.0;11119.2
229;60456.0;-24823.7;59081.4;11013.9
230;60996.8;-24352.6;59604.2;11118.6
231;61464.5;-23905.5;60055.1;11208.7
232;61420.3;-23946.4;60010.1;11198.2
233;61922.6;-23481.0;60494.7;11291.9
234;63152.0;-22396.4;61667.0;11523.5
235;61076.2;-24263.5;59687.6;11133.1
236;59886.5;-25365.1;58535.1;10906.2
237;59934.2;-25253.6;58584.3;10915.3
238;60496.3;-24775.1;59116.2;11020.9
239;59411.4;-25842.8;58075.0;10815.6
240;62104.1;-23310.5;60669.2;11325.6
241;60663.7;-24607.5;59290.1;11056.1
242;60870.6;-24442.7;59491.8;11094.4
243;61194.1;-24157.7;59798.2;11156.2
244;59707.2;-25572.3;58361.3;10868.9
245;60273.2;-24992.7;58910.0;10983.3
246;61938.8;-23465.3;60508.6;11294.4
247;61860.4;-23535.8;60438.8;11285.3
248;60720.8;-24576.4;59340.2;11065.3
249;63179.8;-22360.9;61687.2;11526.4
250;59800.0;-25449.2;58450.9;10892.6
251;60836.8;-24507.7;59455.3;11088.6
252;60963.2;-24388.8;59573.8;11112.6
253;58238.1;-27637.1;56919.7;10587.3
254;63313.5;-22241.8;61815.5;11554.7
255;61580.4;-23762.7;60175.1;11230.6
256;60087.4;-25179.0;58729.0;10942.8
257;63436.3;-22127.4;61930.0;11576.5
258;61829.2;-23567.1;60407.2;11279.8
259;61670.4;-23722.8;60253.1;11244.6
260;60566.1;-24711.7;59183.1;11031.6
261;61315.4;-24043.7;59913.8;11182.4
262;59573.0;-25715.2;58227.5;10847.4
263;62077.8;-23333.3;60647.1;11318.5
264;60798.0;-24487.6;59418.4;11082.1
265;61343.5;-24021.4;59943.1;11185.6
266;62500.1;-22949.9;61050.4;11408.7
267;61503.9;-23875.1;60095.3;11215.4
268;61475.6;-23890.2;60071.0;11213.1
269;61491.7;-23884.4;60084.1;11214.5
270;60404.4;-24845.5;59039.8;11008.1
271;62107.0;-23291.3;60677.7;11327.9
272;62878.2;-22635.7;61407.8;11473.3
273;62029.9;-23371.7;60602.1;11313.5
274;62165.5;-23251.9;60730.3;11337.3
275;60254.6;-25006.8;58893.2;10979.4
276;60266.3;-24996.1;58903.9;10982.6
277;59662.9;-25625.9;58313.2;10860.5
278;62543.7;-22895.9;61079.3;11413.8
279;60943.5;-24410.5;59554.0;11106.8
280;62719.2;-22769.0;61255.8;11444.9
281;60358.9;-24907.8;58985.5;10997.5
282;60724.3;-24546.2;59349.0;11066.9
283;61299.8;-24026.0;59905.2;11181.1
284;62208.8;-23212.7;60767.3;11345.2
285;61259.5;-24093.1;59860.8;11171.3
286;61427.8;-23942.6;60022.5;11201.3
287;61223.8;-24133.5;59826.0;11159.4
288;61386.2;-23966.8;59987.4;11192.5
289;60010.4;-25227.5;58657.2;10930.2
290;61296.5;-24050.1;59889.9;11178.5
291;61013.9;-24334.1;59619.9;11121.6
292;61148.7;-24199.3;59756.5;11147.2
293;61735.7;-23639.3;60306.0;11256.5
294;60470.3;-24795.6;59102.7;11017.1
295;61111.2;-24235.2;59720.2;11142.1
296;60888.7;-24462.6;59503.0;11097.1
297;61648.7;-23729.3;60238.4;11243.1
298;62060.9;-23350.4;60629.7;11317.4
299;60176.5;-25092.0;58816.7;10961.3
300;61828.1;-23566.6;60407.2;11279.9
301;63454.2;-22102.1;61943.8;11578.0
302;59625.1;-25663.0;58278.6;10855.0
303;60299.0;-24951.0;58937.3;10988.9
304;60251.7;-25007.2;58890.7;10978.9
305;60912.2;-24441.6;59526.0;11100.1
306;62959.8;-22563.1;61482.5;11488.6
307;61219.3;-24133.5;59824.5;11159.0
308;60464.1;-24822.7;59092.3;11014.6
309;61870.8;-23526.5;60442.2;11285.6
310;60562.9;-24721.8;59191.3;11033.5
311;62418.4;-23017.0;60964.2;11389.2
312;61524.7;-23839.0;60120.3;11218.7
313;62707.3;-22774.6;61249.4;11443.7
314;60495.2;-24792.0;59121.9;11021.4
315;64505.2;-21080.6;62939.0;11776.9
316;62100.2;-23307.5;60669.1;11325.6
317;61916.1;-23489.1;60490.8;11291.2
318;61153.9;-24194.4;59761.4;11147.8
319;60420.0;-24861.4;59050.1;11009.0
320;60263.7;-24974.2;58903.9;10982.6
321;61060.9;-24288.5;59671.0;11130.3
322;60357.5;-24871.4;58972.9;10995.7
323;61498.5;-23876.4;60089.0;11215.2
324;60306.7;-24918.7;58946.0;10989.4
325;61868.5;-23529.3;60441.1;11285.5
326;62252.6;-23175.2;60807.9;11352.9
327;60450.3;-24825.4;59074.4;11013.4
328;62496.8;-22955.9;61042.2;11407.7
329;60953.6;-24392.7;59568.7;11109.7
330;62464.7;-22965.5;61004.3;11395.5
331;61677.8;-23711.5;60258.4;11247.6
332;62406.6;-23022.6;60964.0;11389.1
333;60142.9;-25124.7;58780.4;10954.3
334;61092.1;-24257.7;59700.7;11136.6
335;62786.4;-22693.0;61311.2;11457.4
336;60538.8;-24747.3;59167.2;11029.3
337;59029.4;-26358.9;57695.9;10741.0
338;59132.4;-26228.0;57798.8;10762.3
339;58534.5;-27061.7;57210.5;10646.4
340;58941.6;-26434.8;57612.0;10723.7
341;60758.6;-24534.0;59379.4;11073.9
342;62582.9;-22881.7;61124.3;11423.6
343;60723.9;-24576.9;59342.4;11065.4
344;61552.9;-23832.6;60139.9;11220.8
345;61100.1;-24242.1;59699.2;11136.2
346;61220.9;-24136.8;59821.7;11158.5
347;61033.5;-24321.6;59640.9;11124.7
348;61035.0;-24296.4;59633.9;11124.0
349;61696.9;-23697.1;60279.6;11250.1
350;59951.8;-25317.5;58595.5;10916.1
351;62294.4;-23141.3;60853.2;11361.8
352;62204.0;-23218.8;60764.1;11345.0
353;61009.9;-24330.3;59612.6;11119.7
354;62087.8;-23325.7;60651.5;11320.5
355;60457.5;-24819.4;59081.2;11013.9
356;60629.7;-24645.2;59256.7;11048.5
357;61367.0;-23986.9;59968.4;11190.2
358;61008.7;-24344.0;59618.3;11120.2
359;60709.4;-24563.1;59334.3;11064.8
360;60495.7;-24762.3;59110.1;11018.1
361;60612.3;-24673.5;59231.3;11044.3
362;62227.4;-23194.4;60791.7;11350.1
363;59131.0;-26220.1;57798.7;10762.2
364;61571.6;-23809.2;60162.1;11228.0
365;60958.7;-24394.3;59569.9;11109.9
366;61994.8;-23413.0;60564.9;11305.2
367;61761.9;-23628.7;60337.3;11263.0
368;58257.0;-27824.6;56934.9;10590.5
369;61828.5;-23568.3;60407.0;11279.7
370;61546.6;-23828.7;60140.0;11220.9
371;61228.9;-24128.9;59828.8;11160.0
372;60695.6;-24598.1;59318.1;11060.5
373;62139.1;-23268.4;60696.0;11330.7
374;60756.0;-24538.4;59376.1;11073.8
375;63204.2;-22330.5;61708.1;11533.0
376;61809.7;-23583.7;60386.2;11275.4
377;63524.0;-22048.7;62016.3;11593.3
378;60346.6;-24923.9;58981.9;10997.0
380;61997.4;-23370.7;60551.1;11303.7
381;62136.9;-23276.4;60695.9;11330.7
382;61235.3;-24120.7;59837.9;11163.5
383;59562.5;-25728.1;58217.1;10844.8
384;60714.9;-24580.9;59335.4;11064.9
385;61857.8;-23529.2;60438.7;11285.2
386;61011.8;-24339.5;59621.3;11121.9
387;61093.3;-24248.2;59693.2;11135.6
388;61022.1;-24329.0;59633.7;11123.9
389;60189.4;-25058.7;58831.5;10967.8
390;60638.4;-24652.7;59260.4;11050.0
391;59682.7;-25601.2;58328.8;10864.2
392;63138.2;-22391.0;61645.0;11516.9
393;60691.4;-24600.2;59308.9;11059.6
394;61726.9;-23637.2;60294.9;11254.0
395;60116.3;-25147.2;58750.1;10947.4
396;62085.1;-23327.7;60647.0;11318.5
397;59200.6;-26134.9;57866.8;10775.7
398;62207.8;-23215.1;60767.2;11345.1
399;61169.7;-24181.9;59774.9;11151.6
400;63504.2;-22054.0;61991.1;11588.5
401;59798.7;-25438.9;58450.7;10892.7
402;61295.6;-24045.0;59887.2;11178.1
403;61589.5;-23793.9;60176.2;11230.6
404;62533.2;-22927.0;61079.4;11413.9
405;60744.8;-24553.3;59361.5;11070.6
406;61290.2;-24033.6;59895.8;11179.2
408;60300.0;-24961.5;58937.3;10988.9
409;61690.9;-23698.4;60270.3;11249.0
410;62395.1;-23049.4;60948.7;11385.0
411;60913.2;-24435.3;59521.6;11099.8
412;63436.2;-22136.3;61934.6;11577.0
413;63121.9;-22411.1;61632.1;11516.1
414;61143.9;-24203.4;59751.9;11146.8
415;58632.8;-26939.7;57305.3;10663.8
416;59297.5;-26023.5;57961.7;10792.1
417;60362.9;-24914.3;58994.2;10998.0
418;62404.0;-23040.1;60957.2;11387.3
419;61532.3;-23843.4;60126.0;11219.4
420;58959.4;-26404.6;57629.9;10728.1
421;60967.6;-24380.6;59575.1;11112.7
422;62946.6;-22573.6;61474.3;11486.6
423;60795.4;-24523.4;59418.4;11082.1
424;60393.6;-24883.9;59027.0;11004.3
425;63441.3;-22117.2;61932.4;11576.8
426;61250.9;-24094.2;59855.7;11168.6
427;60683.5;-24605.2;59307.3;11058.2
428;61573.6;-23808.6;60160.8;11227.7
429;61222.2;-24132.1;59826.1;11159.5
430;60736.5;-24561.3;59355.5;11067.9
431;62517.1;-22921.0;61055.3;11409.3
432;62406.7;-23035.0;60957.2;11387.3
433;62124.1;-23292.6;60688.3;11328.5
434;61099.3;-24249.8;59703.3;11137.1
435;62446.1;-23004.1;60995.2;11392.8
436;61153.3;-24188.8;59761.6;11148.0
437;61697.5;-23689.0;60284.4;11250.8
438;62320.8;-23112.1;60880.3;11368.4
439;62101.6;-23290.2;60655.0;11320.8
440;63149.2;-22395.0;61661.7;11521.2
441;61689.6;-23701.6;60270.2;11248.9
442;59404.5;-25909.4;58063.1;10814.4
443;59972.9;-25277.3;58620.3;10920.0
444;62676.5;-22800.4;61210.4;11437.5
445;60849.7;-24494.2;59468.5;11091.1
446;61606.4;-23747.7;60200.0;11236.7
447;60280.7;-24987.6;58917.7;10984.4
448;62278.7;-23148.5;60839.9;11360.7
449;60787.2;-24505.0;59406.8;11080.0
450;62784.4;-22709.3;61314.1;11458.0
451;60649.2;-24620.5;59260.5;11050.2
452;62408.5;-23036.5;60961.5;11387.5
453;61935.1;-23471.6;60508.6;11294.4
454;60422.9;-24858.9;59052.6;11009.4
455;62389.7;-23049.1;60940.0;11382.5
456;60233.7;-25040.0;58872.0;10971.5
457;60312.8;-24941.4;58950.6;10989.9
458;61986.1;-23414.4;60560.0;11304.4
459;60527.7;-24761.0;59156.1;11026.7
460;60564.7;-24708.4;59194.3;11034.3
461;60836.9;-24503.5;59456.4;11088.7
462;60129.9;-25114.5;58773.9;10954.1
463;62339.5;-23084.1;60886.8;11369.6
464;61851.6;-23533.7;60433.4;11282.2
465;61144.5;-24196.2;59740.5;11143.9
466;61090.9;-24254.6;59700.4;11136.4
467;61681.4;-23702.2;60269.0;11248.8
468;63119.8;-22422.2;61638.7;11516.7
469;62159.1;-23256.0;60717.4;11333.7
470;60662.0;-24630.7;59280.4;11052.9
471;62049.1;-23358.8;60619.7;11315.5
472;61083.3;-24267.7;59689.8;11134.3
473;60997.8;-24355.5;59609.9;11119.2
474;63233.1;-22320.3;61741.9;11541.3
475;60751.1;-24544.3;59370.2;11072.1
476;60688.3;-24608.2;59307.3;11058.1
477;59126.3;-26145.9;57796.0;10760.1
478;59700.7;-25511.9;58357.2;10867.2
479;61688.0;-23704.0;60270.2;11248.9
480;60462.1;-24825.0;59092.3;11014.6
481;61761.2;-23632.8;60338.3;11263.1
482;60009.8;-25211.1;58657.5;10930.4
483;60370.2;-24894.7;59006.0;10999.1
484;61945.4;-23443.8;60508.6;11294.4
485;62781.1;-22715.9;61318.4;11458.2
486;61840.1;-23556.2;60415.1;11280.5
487;62499.6;-22954.7;61048.9;11408.3
488;63051.3;-22486.3;61570.4;11503.2
489;62324.1;-23107.8;60884.2;11369.0
490;60219.1;-25047.0;58852.1;10969.6
491;61089.2;-24223.9;59701.9;11136.8
492;61871.2;-23517.4;60451.4;11286.5
493;60752.6;-24530.5;59374.9;11073.5
494;61693.2;-23692.0;60270.3;11249.0
495;59518.7;-25772.6;58175.6;10837.1
496;60307.1;-24962.8;58939.6;10989.1
497;61767.9;-23628.6;60348.2;11265.6
498;58819.1;-26590.6;57490.9;10701.0
499;60023.1;-25240.6;58664.8;10931.3
500;61193.7;-24147.2;59789.6;11154.5
501;59365.6;-25954.6;58026.5;10805.1
502;61253.4;-24085.1;59859.2;11169.9
503;60343.6;-24924.7;58972.5;10995.5
504;60896.2;-24456.4;59510.9;11097.8
505;60933.1;-24405.9;59550.3;11105.2
506;61401.1;-23968.4;59997.2;11195.8
507;60593.3;-24678.6;59221.3;11043.6
508;61309.5;-24025.7;59897.3;11180.4
509;60563.4;-24726.7;59191.1;11033.4
510;61794.5;-23571.5;60380.0;11274.5
511;63042.4;-22486.5;61558.1;11499.0
512;61406.5;-23959.1;60004.4;11197.6
513;61388.9;-23970.9;59978.4;11191.6
514;59972.2;-25295.3;58616.6;10919.6
515;61954.1;-23429.1;60532.2;11300.4
516;60379.2;-24895.3;59013.6;11002.2
517;60322.3;-24932.5;58959.9;10992.5
518;61799.6;-23592.3;60381.2;11274.7
519;61390.9;-23975.2;59989.0;11194.8
520;62392.3;-23031.3;60951.0;11385.3
521;62770.2;-22722.8;61301.1;11454.5
522;60626.6;-24653.5;59253.3;11048.4
523;61337.1;-24023.3;59938.2;11185.0
524;63123.1;-22407.5;61632.1;11516.1
525;62272.8;-23129.3;60818.3;11355.1
526;61973.5;-23429.1;60546.9;11303.5
527;62627.6;-22814.5;61155.8;11427.8
528;60557.3;-24691.8;59188.5;11032.0
529;61896.6;-23504.0;60468.3;11289.2
530;62721.6;-22764.8;61258.9;11446.7
531;62957.4;-22564.8;61480.2;11488.4
532;60326.1;-24930.9;58963.4;10993.7
533;60942.1;-24405.9;59557.5;11107.1
534;61607.0;-23780.1;60195.5;11234.5
535;60897.0;-24451.4;59513.4;11099.0
536;60784.7;-24512.1;59401.6;11078.3
537;61963.2;-23410.0;60519.9;11296.4
538;60825.0;-24515.2;59444.9;11086.6
539;59287.5;-26038.2;57951.7;10790.9
540;61576.8;-23784.7;60170.5;11230.1
541;60733.8;-24496.9;59359.3;11070.5
542;60419.8;-24854.2;59045.1;11008.3
543;59529.7;-25725.5;58190.1;10838.6
544;62299.6;-23137.3;60858.6;11362.2
545;58826.6;-26576.0;57498.8;10702.1
547;60914.3;-24440.1;59527.5;11100.5
548;62541.7;-22885.9;61073.9;11412.5
549;62616.0;-22856.5;61157.3;11428.1
550;59977.6;-25245.7;58626.3;10920.6
551;61022.6;-24330.2;59632.4;11123.6
552;59584.5;-25698.4;58240.3;10849.1
553;62296.9;-23139.6;60856.3;11361.9
554;59619.0;-25657.8;58275.6;10854.2
555;61052.8;-24294.7;59663.9;11128.5
556;62334.7;-23075.7;60878.2;11368.3
557;60967.8;-24377.8;59582.2;11113.5
558;62791.5;-22706.5;61328.6;11460.3
559;60267.4;-25000.7;58902.5;10981.3
560;61589.9;-23771.4;60183.5;11232.9
561;62134.6;-23281.1;60696.0;11330.7
562;61060.1;-24294.4;59667.4;11129.9
563;62708.9;-22778.3;61248.1;11443.4
564;61790.7;-23601.0;60371.9;11273.6
565;59453.7;-25834.3;58114.8;10824.0
567;61913.3;-23491.1;60485.0;11290.5
568;61314.0;-24032.9;59917.0;11182.6
569;59703.8;-25559.0;58359.9;10867.6
570;61292.0;-24063.3;59892.0;11178.7
571;60702.7;-24592.6;59324.5;11061.4
572;61899.0;-23502.5;60476.4;11290.0
573;61599.2;-23785.7;60184.9;11233.2
574;63222.9;-22329.9;61732.3;11538.0
575;61358.4;-24002.3;59950.3;11186.6
576;61757.6;-23636.3;60336.0;11262.8
577;61598.2;-23788.9;60186.0;11233.3
578;61051.4;-24303.3;59660.0;11127.9
579;61009.9;-24332.7;59623.4;11122.0
580;62396.0;-23035.8;60942.2;11382.7
581;62059.3;-23351.6;60624.1;11315.9
582;60525.3;-24759.8;59154.3;11026.0
583;60015.5;-25246.6;58658.7;10930.5
584;61134.9;-24213.6;59742.9;11145.1
585;62477.8;-22923.7;61008.1;11396.2
586;61175.1;-24172.6;59781.1;11153.4
587;63098.7;-22432.4;61610.5;11512.7
588;60364.9;-24912.0;58996.7;10998.3
589;61348.8;-24015.4;59949.2;11186.5
590;58520.0;-27038.5;57197.5;10643.4
591;60565.5;-24724.2;59193.0;11034.0
592;60880.4;-24472.1;59495.1;11094.6
593;61753.5;-23641.4;60332.7;11261.5
594;63064.2;-22458.0;61576.2;11503.9
595;61238.3;-24118.5;59836.8;11162.4
596;62777.7;-22719.2;61311.5;11457.6
597;61919.2;-23484.2;60494.8;11292.0
598;62270.1;-23162.3;60830.0;11358.2
599;60694.2;-24588.7;59318.4;11060.6
600;62705.5;-22775.5;61247.9;11443.2
601;60063.5;-25208.7;58704.0;10937.3
602;61734.5;-23663.1;60316.4;11257.7
603;60177.0;-25091.2;58817.3;10961.7
604;60643.2;-24616.3;59270.8;11051.9
605;59635.1;-25617.2;58293.4;10857.2
606;60643.7;-24582.9;59272.1;11052.0
607;61573.2;-23810.5;60161.9;11227.8
608;61137.4;-24216.2;59740.6;11143.9
609;59759.5;-25522.3;58409.2;10882.7
610;62799.4;-22701.5;61330.6;11460.4
611;61560.3;-23817.2;60152.9;11224.3
612;62295.4;-23140.6;60851.9;11361.6
613;62063.5;-23347.6;60629.8;11317.5
614;60491.3;-24793.5;59117.4;11021.0
615;59133.7;-26242.4;57798.4;10761.0
616;60215.6;-25051.9;58854.7;10969.9
617;62525.4;-22932.9;61070.4;11412.0
618;60080.9;-25189.4;58720.4;10941.8
619;62099.3;-23311.1;60662.0;11324.7
620;60547.4;-24744.8;59175.2;11030.0
621;61614.6;-23739.1;60208.0;11238.4
622;59247.9;-26059.7;57914.0;10786.6
623;62469.0;-22971.9;61011.9;11398.9
624;61167.1;-24187.6;59771.2;11149.2
625;62175.1;-23235.0;60731.5;11337.3
626;61400.7;-23966.1;59997.3;11196.8
627;62082.3;-23332.2;60647.5;11318.8
628;61101.7;-24248.2;59705.5;11137.2
629;62012.5;-23391.3;60578.0;11309.7
630;59586.5;-25698.2;58241.5;10849.2
631;60061.5;-25207.3;58699.6;10936.4
632;62000.5;-23395.0;60562.6;11304.9
633;61173.2;-24176.4;59771.3;11149.3
634;60957.8;-24366.7;59575.1;11112.7
635;61016.7;-24333.8;59629.0;11122.4
636;61736.4;-23659.7;60319.4;11258.5
637;60566.9;-24721.1;59194.4;11034.3
638;61745.9;-23631.7;60332.6;11261.5
639;60222.2;-25044.2;58854.6;10969.8
640;60765.0;-24516.9;59387.1;11075.5
641;62272.2;-23158.6;60828.8;11358.1
642;62353.0;-23060.0;60914.3;11375.5
643;60030.6;-25225.4;58675.6;10933.4
644;62119.8;-23295.2;60685.0;11328.2
645;60089.7;-25159.8;58734.0;10943.5
646;62005.0;-23401.8;60570.6;11305.8
647;59188.2;-26181.6;57844.0;10770.5
648;60009.9;-25235.7;58656.1;10930.1
649;60652.6;-24629.5;59278.4;11052.8
650;61041.2;-24299.8;59642.1;11124.9
651;62746.1;-22738.4;61276.7;11451.4
652;62191.4;-23231.0;60753.9;11343.3
653;62904.0;-22608.9;61434.7;11479.5
654;62513.6;-22935.1;61055.0;11409.1
655;60907.6;-24445.4;59521.4;11099.7
656;60936.9;-24407.0;59543.1;11104.5
657;62354.1;-23086.7;60911.0;11374.2
658;61236.9;-24116.9;59839.7;11164.9
659;61039.8;-24311.1;59650.7;11126.9
660;59775.0;-25483.6;58426.5;10885.2
661;61099.4;-24248.2;59701.7;11136.7
662;58243.2;-27751.9;56923.2;10587.5
663;60706.8;-24579.6;59330.1;11063.9
664;60155.0;-25112.8;58795.4;10957.4
665;61959.4;-23445.6;60532.0;11300.3
666;60689.1;-24605.9;59307.4;11058.2
667;60853.1;-24497.0;59470.9;11091.4
668;62661.2;-22814.4;61204.0;11437.1
669;60081.0;-25179.7;58724.2;10942.3
670;61546.2;-23841.5;60135.9;11220.0
671;59182.8;-26180.9;57845.7;10772.0
672;61304.3;-24043.7;59897.3;11180.4
673;61642.6;-23737.7;60221.4;11241.4
674;62140.5;-23275.7;60701.9;11331.4
675;60235.3;-25031.1;58874.5;10972.9
676;61549.8;-23836.4;60136.3;11220.4
677;61545.8;-23841.9;60136.1;11220.2
678;61181.2;-24164.8;59787.4;11154.3
679;61363.9;-24003.8;59959.4;11188.4
680;61701.0;-23692.4;60281.9;11250.4
681;61634.1;-23750.5;60215.6;11238.9
682;60137.6;-25115.6;58780.6;10954.4
683;59922.9;-25300.7;58572.9;10913.5
684;63937.5;-21637.4;62400.2;11673.6
685;63283.8;-22277.3;61793.3;11549.9
686;59715.9;-25571.2;58365.2;10871.4
687;61681.1;-23701.7;60269.1;11248.8
688;61872.2;-23526.0;60450.0;11286.2
689;62014.9;-23370.3;60590.1;11311.6
690;61362.9;-23984.4;59949.0;11186.3
691;60197.5;-25064.0;58837.7;10968.7
692;61015.5;-24337.7;59626.6;11122.1
693;60673.1;-24613.7;59297.3;11056.8
694;61344.2;-24021.4;59943.1;11185.7
695;60931.2;-24423.2;59541.7;11103.3
696;61067.5;-24286.9;59675.7;11130.7
697;62304.2;-23133.5;60860.3;11362.8
698;62537.0;-22902.9;61074.1;11413.6
699;59936.3;-25299.1;58585.5;10915.5
700;60708.2;-24584.6;59324.5;11061.4
701;60349.6;-24914.5;58976.0;10996.3
702;62519.7;-22932.1;61070.2;11411.0
703;61148.8;-24204.4;59753.1;11146.9
704;62770.1;-22723.6;61307.9;11457.2
705;60680.5;-24566.8;59307.6;11058.3
706;61228.3;-24123.1;59833.4;11160.4
707;59757.0;-25521.9;58407.1;10882.6
708;62612.0;-22848.9;61148.4;11427.3
709;60812.8;-24529.0;59432.4;11084.4
710;59614.3;-25651.9;58272.0;10853.3
711;60566.8;-24720.4;59194.5;11034.2
712;58743.9;-26643.1;57419.2;10686.8
713;61169.6;-24176.6;59776.4;11152.1
714;61316.3;-23997.9;59921.8;11183.2
715;61504.6;-23874.5;60096.8;11215.8
716;62823.8;-22681.5;61354.1;11464.4
717;60896.6;-24431.8;59500.4;11096.6
718;62091.8;-23322.4;60653.8;11320.8
719;61537.8;-23847.5;60128.2;11219.6
720;61003.9;-24348.3;59614.8;11119.8
721;58992.8;-26389.1;57661.3;10733.2
722;62236.9;-23192.2;60798.8;11352.0
723;60655.2;-24592.3;59283.2;11053.4
724;61221.2;-24129.7;59826.2;11159.5
725;59839.8;-25409.7;58489.3;10900.8
726;61498.5;-23875.9;60089.0;11215.2
727;61315.7;-24041.3;59917.1;11182.7
728;61229.7;-24119.8;59835.0;11160.8
729;61062.4;-24287.5;59672.2;11130.4
730;62339.7;-23100.9;60893.4;11370.0
731;62263.5;-23164.5;60818.3;11355.1
732;61991.5;-23414.2;60562.6;11304.9
733;64853.3;-20697.1;63255.6;11834.5
734;60561.9;-24714.2;59191.2;11033.5
735;60798.9;-24498.2;59413.6;11081.5
736;60119.9;-25143.1;58761.3;10951.2
737;61668.8;-23710.4;60258.0;11246.3
738;60464.8;-24817.8;59095.6;11016.5
739;58342.4;-27412.3;57022.3;10604.7
740;59905.2;-25333.3;58554.7;10910.5
741;61284.6;-24070.1;59881.6;11176.6
742;62295.3;-23140.7;60853.1;11361.8
743;59543.8;-25746.8;58199.7;10840.6
744;60545.4;-24729.4;59175.2;11030.0
745;61059.9;-24294.6;59667.5;11130.0
746;60420.0;-24861.1;59048.6;11008.6
747;61768.7;-23626.1;60350.5;11265.8
748;61214.1;-24144.0;59818.1;11158.0
749;61547.1;-23836.6;60138.6;11220.6
750;60420.1;-24861.3;59050.2;11009.1
751;62870.3;-22637.4;61396.9;11472.4
752;61196.9;-24153.5;59798.4;11156.5
753;62597.8;-22869.0;61139.2;11426.4
754;60721.5;-24554.7;59345.9;11065.8
755;61830.7;-23554.0;60412.8;11280.2
756;60472.9;-24807.8;59103.9;11017.3
757;60179.8;-25089.6;58817.5;10961.8
758;60458.2;-24804.9;59076.7;11013.5
759;61165.1;-24189.2;59766.2;11148.4
760;60970.4;-24374.2;59584.8;11114.0
761;62862.9;-22636.3;61398.2;11472.7
762;59985.6;-25281.6;58628.4;10923.3
763;60043.4;-25222.6;58686.9;10935.2
764;63039.6;-22492.1;61562.9;11501.8
765;61862.1;-23533.8;60433.4;11282.2
766;59191.3;-26150.7;57857.3;10773.7
767;61734.4;-23661.3;60317.7;11258.0
768;61449.3;-23892.5;60048.4;11208.2
769;58916.2;-26491.3;57584.1;10719.1
770;60805.9;-24490.6;59423.3;11082.7
771;61184.6;-24165.3;59789.7;11154.5
772;61995.8;-23406.2;60569.4;11305.6
773;62246.4;-23185.8;60806.7;11352.7
774;61312.3;-24038.7;59905.2;11181.2
775;62326.5;-23106.8;60878.3;11368.3
776;61062.9;-24272.3;59661.4;11128.1
777;60282.4;-24981.0;58913.6;10983.8
778;60193.8;-25072.8;58831.4;10967.8
779;61793.8;-23597.2;60368.1;11271.1
780;59118.9;-26243.0;57785.9;10759.5
781;61933.9;-23459.1;60512.0;11294.8
782;60020.6;-25230.1;58666.0;10931.4
783;60823.3;-24525.0;59440.0;11084.9
784;61742.1;-23648.0;60326.9;11258.9
785;62513.9;-22943.0;61061.5;11410.3
786;59133.0;-26173.9;57802.2;10762.6
787;60337.1;-24925.2;58963.4;10993.7
788;61246.3;-24093.5;59852.0;11168.0
789;60563.6;-24711.3;59192.9;11034.0
790;62137.1;-23277.5;60704.2;11331.6
791;58967.6;-26427.5;57634.4;10729.0
792;61588.7;-23787.3;60170.5;11230.1
793;61663.8;-23727.3;60250.6;11244.2
794;61253.1;-24101.2;59852.0;11168.0
795;62389.2;-23051.1;60944.4;11383.7
796;59892.3;-25366.5;58539.7;10907.6
797;62418.3;-22973.5;60951.2;11385.5
798;60450.7;-24828.4;59076.9;11013.7
799;61992.4;-23414.7;60562.6;11304.9
800;60856.1;-24476.9;59476.7;11091.9
801;62094.1;-23318.4;60660.7;11324.5
802;62053.0;-23347.6;60625.1;11316.9
803;59634.0;-25591.0;58292.9;10856.9
804;61046.1;-24307.2;59653.1;11127.2
805;61107.1;-24244.7;59712.0;11140.4
806;60956.7;-24395.9;59568.7;11109.7
807;60386.7;-24889.0;59015.0;11002.5
808;63212.1;-22336.7;61728.1;11537.8
809;61435.2;-23927.4;60022.2;11200.0
810;62882.0;-22629.5;61413.2;11474.4
811;60591.6;-24695.8;59215.4;11042.0
812;60072.2;-25199.5;58713.0;10938.8
813;61348.5;-24010.3;59940.8;11185.5
814;60606.5;-24663.9;59221.4;11043.6
815;63816.5;-21768.0;62287.9;11644.0
816;61463.5;-23907.5;60057.5;11209.0
817;62447.7;-22997.7;61001.0;11393.3
818;60968.6;-24382.7;59579.9;11113.3
819;60852.8;-24487.9;59472.4;11091.7
820;61167.7;-24165.9;59776.6;11152.1
821;61576.4;-23807.8;60165.6;11228.4
822;62133.4;-23281.1;60693.5;11330.3
823;61075.9;-24274.3;59685.3;11132.9
824;60470.3;-24795.9;59102.7;11017.1
825;60067.9;-25202.9;58709.9;10938.0
826;61120.0;-24214.4;59730.4;11143.0
827;61810.8;-23568.1;60394.4;11278.3
828;61701.0;-23682.1;60276.2;11249.8
829;61185.9;-24165.5;59788.6;11154.5
830;60575.1;-24701.6;59191.3;11033.5
831;61353.6;-23998.0;59955.9;11188.1
832;61822.4;-23563.8;60394.2;11278.2
833;61167.0;-24186.2;59772.7;11150.4
834;61339.2;-23989.0;59921.8;11183.2
835;61046.2;-24307.6;59656.7;11127.7
836;62197.8;-23225.3;60760.5;11344.7
837;60730.1;-24566.9;59349.0;11066.9
838;61397.2;-23970.7;59991.7;11195.4
839;61620.8;-23765.2;60209.2;11238.6
840;61998.0;-23403.2;60562.6;11304.9
841;62827.0;-22669.6;61352.8;11464.1
842;61941.0;-23460.6;60508.7;11294.5
843;61849.7;-23547.4;60424.1;11281.1
844;59633.8;-25638.1;58290.8;10856.1
845;61850.9;-23545.8;60430.1;11281.9
846;63706.9;-21866.7;62183.6;11627.2
847;60299.3;-24956.0;58937.3;10988.9
848;60123.3;-25135.6;58756.5;10949.7
849;60981.7;-24368.9;59593.4;11115.5
850;62302.5;-23134.0;60861.6;11364.1
851;61771.5;-23616.8;60345.6;11265.1
852;60685.3;-24609.8;59307.6;11058.4
853;61175.1;-24172.5;59773.8;11151.6
854;62328.7;-23106.6;60881.8;11368.7
855;61942.3;-23444.2;60504.3;11294.2
856;63848.4;-21744.9;62322.4;11652.9
857;62284.4;-23127.5;60848.6;11361.4
858;61570.8;-23797.3;60164.3;11228.1
859;61854.1;-23526.7;60436.2;11284.9
860;60834.4;-24512.8;59449.6;11087.1
861;60164.4;-25093.0;58795.8;10957.7
862;61383.8;-23985.2;59980.7;11191.9
863;61716.8;-23664.1;60303.8;11256.3
864;59711.7;-25577.4;58362.5;10870.0
865;60645.2;-24646.6;59267.1;11051.4
866;60804.3;-24488.9;59423.4;11082.8
867;61484.7;-23887.0;60074.5;11213.5
868;60935.4;-24419.8;59549.0;11105.0
869;61678.2;-23703.0;60266.3;11248.2
870;61311.5;-24045.2;59907.6;11181.4
871;62350.2;-23092.9;60905.9;11372.2
872;59371.4;-25918.1;58035.1;10806.1
873;62997.0;-22533.8;61518.6;11493.3
874;62743.1;-22720.4;61267.0;11448.7
875;61264.9;-24071.4;59855.2;11168.2
876;61921.5;-23472.7;60487.2;11290.7
877;61851.7;-23546.8;60430.1;11281.9
878;60401.3;-24860.9;59036.1;11006.6
879;61378.9;-23989.4;59973.6;11190.9
880;62054.0;-23357.9;60621.8;11315.6
881;61537.0;-23846.5;60125.9;11219.3
882;62336.9;-23099.4;60895.7;11370.2
883;61301.7;-24051.0;59904.1;11181.1
884;61286.5;-24057.8;59889.9;11178.5
885;60375.1;-24903.9;59004.9;10999.1
886;60819.6;-24477.4;59432.1;11084.2
887;60701.0;-24585.9;59324.5;11061.4
888;63057.0;-22469.0;61570.5;11503.3
889;61464.3;-23907.0;60053.8;11208.5
890;60133.1;-25121.3;58775.9;10954.1
891;61629.9;-23759.1;60215.7;11239.0
892;61009.5;-24343.3;59617.0;11120.0
894;61719.9;-23664.9;60295.3;11254.3
895;59544.5;-25736.9;58202.5;10842.0
896;61823.9;-23571.2;60401.2;11279.0
897;60169.1;-25097.8;58809.7;10960.5
898;59638.7;-25614.2;58297.0;10857.6
899;61729.2;-23665.0;60309.3;11256.6
900;59609.3;-25675.4;58265.3;10851.2
901;60713.1;-24577.5;59335.6;11065.0
902;61416.9;-23952.0;60012.5;11199.5
903;61861.0;-23536.8;60434.9;11283.6
904;62010.5;-23395.5;60580.2;11309.9
905;61167.2;-24180.1;59773.7;11151.5
906;60300.9;-24967.5;58935.9;10988.6
907;63304.5;-22245.5;61803.8;11552.3
908;60559.9;-24735.7;59186.3;11031.8
909;63163.5;-22387.1;61678.3;11525.8
910;60713.9;-24582.2;59331.7;11064.3
911;62457.5;-22993.3;61007.1;11396.2
912;62362.4;-23075.2;60912.1;11375.3
913;60086.4;-25178.9;58728.9;10942.6
914;61573.9;-23802.9;60165.5;11228.3
915;62018.2;-23378.3;60591.7;11312.1
916;61964.4;-23437.1;60539.2;11301.1
917;60997.5;-24354.6;59609.9;11119.2
918;61522.9;-23821.6;60119.8;11218.4
919;60782.1;-24514.3;59399.2;11078.0
920;59962.4;-25307.6;58603.2;10916.6
921;62269.0;-23164.0;60827.7;11358.0
922;60597.6;-24671.7;59226.0;11044.0
923;62699.5;-22783.2;61242.2;11441.7
924;61851.6;-23545.6;60426.5;11281.4
925;60243.9;-25025.8;58879.6;10975.5
926;61039.5;-24314.8;59649.0;11125.4
927;60905.8;-24446.3;59517.8;11099.3
928;60260.7;-25000.5;58899.3;10980.2
929;61735.7;-23660.5;60318.3;11258.5
930;60686.5;-24609.1;59307.4;11058.2
931;62968.4;-22557.4;61491.5;11489.5
932;62142.4;-23274.3;60703.1;11331.5
933;60255.9;-25012.6;58890.7;10979.0
934;61183.3;-24166.2;59788.4;11154.3
935;60962.9;-24376.8;59578.5;11113.0
936;59530.9;-25742.3;58190.3;10838.8
937;62224.6;-23185.0;60777.6;11348.2
938;62235.2;-23188.0;60799.1;11352.2
939;62210.1;-23213.8;60769.8;11345.5
940;60705.7;-24574.1;59329.9;11063.8
941;62374.0;-23022.0;60911.0;11374.2
942;60983.3;-24362.6;59597.2;11115.9
943;62229.2;-23193.0;60785.1;11349.7
944;63172.2;-22378.7;61687.5;11526.7
945;61372.1;-23943.9;59949.0;11186.3
946;59680.2;-25579.4;58337.2;10865.2
947;60866.9;-24482.2;59481.8;11093.7
948;61893.6;-23497.6;60472.9;11289.7
949;62525.5;-22923.6;61065.8;11410.5
950;59994.8;-25241.5;58642.1;10927.1
951;61005.7;-24344.2;59618.3;11120.2
952;61446.4;-23906.2;60044.8;11206.8
953;61670.9;-23720.6;60256.9;11246.3
954;62196.3;-23225.3;60756.8;11344.1
955;60186.9;-25073.1;58817.9;10962.2
956;60736.1;-24507.3;59361.4;11070.6
957;62298.8;-23132.5;60851.9;11361.6
958;61621.8;-23764.9;60207.9;11238.3
959;61682.8;-23707.0;60268.8;11248.6
960;62415.8;-23029.8;60967.4;11389.3
961;61316.5;-24041.2;59913.5;11182.2
962;61767.7;-23628.8;60348.1;11265.4
963;60868.6;-24481.6;59485.2;11093.9
964;59758.7;-25490.9;58411.7;10883.0
965;59808.0;-25439.2;58458.8;10893.9
966;61285.0;-24067.9;59882.9;11177.9
967;60994.5;-24348.5;59608.8;11119.1
968;60496.8;-24782.5;59127.1;11023.2
969;61547.2;-23838.5;60136.1;11220.2
970;60245.1;-25024.7;58881.0;10975.8
971;61323.9;-24035.1;59920.6;11183.1
972;61182.2;-24169.2;59787.4;11154.3
973;60287.6;-24931.6;58927.6;10987.7
974;58755.8;-26702.5;57427.6;10687.6
975;62788.3;-22693.8;61313.9;11457.8
976;61553.2;-23826.2;60135.9;11220.0
977;58369.4;-27367.7;57048.3;10612.7
978;60739.2;-24559.7;59356.0;11068.2
979;61620.4;-23765.1;60208.1;11238.5
980;60961.1;-24374.6;59577.2;11112.8
981;61822.9;-23573.0;60401.4;11279.2
982;60160.8;-25105.6;58801.6;10958.2
983;61393.2;-23970.4;59984.1;11192.2
984;61157.3;-24196.9;59759.0;11147.5
985;61010.9;-24336.8;59623.5;11122.0
986;60969.5;-24378.8;59583.4;11113.7
987;61413.8;-23956.2;60008.8;11198.0
988;62221.6;-23202.2;60780.8;11348.3
989;60645.5;-24640.9;59262.9;11050.4
990;60766.3;-24525.1;59387.1;11075.5
991;61381.2;-23978.4;59971.0;11190.7
992;61075.4;-24257.3;59687.6;11133.1
993;61609.4;-23774.0;60198.9;11236.6
994;61994.7;-23392.4;60554.6;11304.1
995;62600.1;-22863.5;61138.9;11426.2
996;61085.7;-24265.1;59693.2;11135.6
997;58779.9;-26652.0;57451.8;10693.0
998;61133.4;-24219.0;59740.5;11143.9
999;61576.5;-23807.0;60164.3;11228.2
1000;61010.0;-24340.7;59619.9;11121.6
