CASO;pATIVA;pREATIVA;dATIVA;dREATIVA
1;20840.2;-4727.3;20147.9;-352.5
2;14537.8;-6019.4;13928.2;-690.0
3;14768.8;-6191.0;14163.4;-677.8
4;13290.8;-4670.6;12645.1;-758.1
5;18659.3;-6414.9;18040.0;-468.6
6;10173.4;5531.1;9231.9;-942.3
7;21193.1;-4304.7;20483.2;-336.5
8;14132.6;-5664.5;13513.8;-712.3
9;17116.8;-6842.0;16519.6;-549.7
10;15532.9;-6617.5;14937.1;-637.7
11;20371.9;-5231.7;19700.5;-380.6
12;10742.5;2046.0;9901.5;-905.2
13;15331.6;-6525.5;14734.0;-645.7
14;15164.2;-6439.1;14564.8;-654.7
15;19419.9;-6008.2;18781.6;-433.6
16;13221.6;-4572.7;12573.0;-764.1
17;15743.8;-6695.2;15149.3;-625.7
18;13818.3;-5329.5;13190.5;-727.6
19;16340.9;-6839.7;15747.9;-594.7
20;17857.4;-6678.1;17251.2;-510.6
21;13218.6;-4567.5;12570.0;-763.1
22;19453.7;-5986.8;18814.7;-430.6
23;18761.6;-6375.2;18140.1;-467.6
24;17631.3;-6739.8;17028.0;-522.6
25;18757.5;-6377.5;18136.1;-468.6
26;14346.7;-5858.8;13733.0;-699.2
27;15883.3;-6734.6;15289.5;-614.7
28;13662.0;-5147.4;13029.4;-734.7
29;15483.4;-6592.8;14887.1;-637.7
30;17713.3;-6721.4;17109.1;-519.6
31;14322.1;-5842.8;13708.0;-703.2
32;15129.6;-6414.3;14529.8;-650.7
33;14334.8;-5854.7;13721.0;-703.2
34;13906.6;-5434.8;13281.6;-727.5
35;14381.0;-5888.9;13768.1;-697.1
36;16187.9;-6801.4;15594.7;-592.7
37;13176.6;-4501.9;12525.9;-764.2
38;16880.5;-6861.2;16285.4;-560.7
39;20947.5;-4601.9;20250.0;-345.5
40;18302.5;-6534.1;17689.7;-483.6
41;15692.0;-6678.0;15097.3;-628.7
42;13792.2;-5298.6;13163.5;-729.6
43;14167.9;-5696.2;13549.9;-710.3
44;21036.9;-4501.6;20335.1;-345.5
45;16365.0;-6843.5;15771.9;-593.7
46;14471.3;-5960.2;13860.2;-691.0
47;16758.6;-6866.4;16164.3;-568.7
48;22249.3;-2698.5;21473.1;-282.5
49;16553.7;-6854.3;15960.1;-577.7
50;17956.7;-6650.9;17349.3;-504.6
51;17062.1;-6852.9;16465.5;-554.7
52;15251.4;-6488.8;14652.9;-654.7
53;13102.6;-4390.7;12448.9;-766.2
54;15255.4;-6491.3;14656.9;-654.7
55;15645.2;-6658.4;15050.2;-628.7
56;17865.5;-6673.2;17259.3;-507.6
57;18583.5;-6444.7;17965.9;-469.6
58;18842.4;-6333.0;18219.1;-463.6
59;17018.8;-6853.4;16422.5;-555.7
60;18711.3;-6395.8;18091.0;-466.6
61;14155.1;-5686.5;13536.9;-711.3
62;19761.9;-5756.3;19112.9;-409.6
63;17660.7;-6730.9;17057.1;-520.6
64;15395.2;-6550.1;14798.0;-644.7
65;17590.7;-6749.4;16988.0;-523.6
66;16011.9;-6772.5;15418.6;-609.7
67;19414.8;-6013.7;18776.6;-436.6
68;20536.9;-5066.2;19858.6;-371.5
69;22502.4;-2217.7;21706.3;-269.5
70;12433.8;-3228.1;11747.2;-804.8
71;12307.3;-2965.1;11613.1;-812.9
72;14832.8;-6231.0;14228.5;-670.7
73;16675.1;-6867.0;16081.2;-575.7
74;18689.0;-6405.1;18069.0;-469.6
75;17107.6;-6848.3;16510.6;-553.7
76;10836.8;1612.1;10008.6;-899.9
77;15376.3;-6543.6;14779.0;-646.7
78;18552.0;-6459.3;17934.9;-474.6
79;16864.3;-6863.3;16269.4;-561.7
80;18366.3;-6522.7;17752.7;-479.6
81;15605.6;-6648.1;15010.2;-635.7
82;15668.1;-6662.1;15073.3;-623.7
83;16744.6;-6863.7;16150.2;-568.7
84;17373.7;-6804.0;16773.8;-537.6
85;16777.7;-6868.7;16183.3;-570.7
86;16552.7;-6852.9;15959.1;-576.7
87;14382.9;-5891.5;13770.1;-697.1
88;17278.6;-6824.6;16679.7;-545.6
89;16559.7;-6854.2;15966.1;-576.7
90;19407.6;-6014.3;18769.6;-433.6
91;19609.8;-5873.8;18965.8;-420.6
92;16740.6;-6860.9;16146.2;-566.7
93;15189.9;-6449.3;14590.8;-649.7
94;14461.5;-5951.7;13850.2;-691.1
95;17409.1;-6796.8;16808.8;-533.6
96;16438.1;-6845.8;15845.0;-583.7
97;15274.3;-6497.3;14675.9;-650.7
98;16344.9;-6838.4;15751.9;-592.7
99;14518.2;-6005.7;13908.2;-692.0
100;18180.5;-6570.3;17569.5;-490.6
101;14991.6;-6332.3;14389.6;-665.7
102;19681.2;-5820.8;19034.9;-415.6
103;17348.5;-6811.7;16748.8;-542.6
104;17888.9;-6666.8;17282.3;-507.6
105;13234.9;-4595.9;12587.0;-764.1
106;16696.3;-6862.0;16102.2;-569.7
107;18300.4;-6533.1;17687.6;-481.6
108;13611.7;-5087.2;12977.4;-738.8
109;15485.3;-6593.0;14889.1;-636.7
110;16314.8;-6837.5;15721.9;-596.7
111;12498.2;-3362.0;11815.3;-806.7
112;17107.6;-6848.3;16510.6;-553.7
113;18601.1;-6431.8;17982.9;-466.6
114;13868.9;-5384.8;13242.6;-725.6
115;17199.8;-6822.1;16601.7;-538.6
116;12654.0;-3649.4;11979.4;-793.6
117;16115.8;-6793.9;15522.7;-601.7
118;11861.1;-1927.0;11136.7;-840.8
119;19385.9;-6023.6;18748.6;-430.6
120;17367.6;-6805.1;16767.8;-536.6
121;16153.8;-6800.4;15560.7;-598.7
122;14098.6;-5627.9;13478.8;-712.4
123;19820.9;-5710.2;19170.0;-406.6
124;21846.4;-3371.1;21097.8;-305.5
125;11243.1;-28.0;10463.1;-874.2
126;19715.4;-5789.8;19067.9;-410.6
127;20855.8;-4717.0;20162.9;-355.5
128;17166.3;-6837.1;16568.6;-547.7
129;12954.8;-4163.8;12294.7;-776.3
130;18651.0;-6419.1;18032.0;-468.6
131;15721.8;-6686.7;15127.3;-625.7
132;14559.4;-6041.0;13950.2;-693.0
133;12873.4;-4034.3;12209.7;-783.4
134;17767.0;-6704.4;17162.2;-515.6
135;18448.1;-6498.1;17832.8;-480.6
136;14507.4;-5996.2;13897.2;-693.0
137;17680.9;-6727.1;17077.1;-519.6
138;13099.6;-4385.1;12445.9;-765.2
139;18473.4;-6489.9;17857.8;-478.6
140;16350.9;-6840.8;15757.9;-593.7
141;15707.0;-6680.3;15112.3;-625.7
142;15941.0;-6757.4;15347.5;-615.7
143;18664.5;-6409.6;18045.0;-466.6
144;18327.9;-6530.9;17714.7;-485.6
145;17712.2;-6720.8;17108.1;-518.6
146;16609.8;-6868.1;16016.1;-581.7
147;16440.2;-6845.7;15847.0;-583.7
148;17959.7;-6650.5;17352.3;-504.6
149;16877.5;-6858.9;16282.4;-558.7
150;18137.7;-6588.4;17527.5;-495.6
151;15362.3;-6540.8;14765.0;-644.7
153;19151.3;-6164.9;18520.4;-441.6
154;22507.9;-2206.9;21711.3;-269.5
155;17461.0;-6786.7;16859.9;-533.6
156;15945.0;-6755.0;15351.5;-612.7
157;15845.4;-6722.6;15251.4;-615.7
158;15893.3;-6737.5;15299.5;-614.7
159;16273.8;-6832.0;15680.8;-600.7
160;13160.1;-4476.8;12508.9;-762.2
161;14799.3;-6209.7;14194.5;-673.8
162;13498.2;-4950.2;12860.2;-746.9
163;16918.9;-6856.6;16323.4;-556.7
164;15399.1;-6552.1;14802.0;-644.7
165;17610.0;-6741.2;17007.0;-520.6
166;15736.8;-6694.3;15142.3;-627.7
167;18995.4;-6244.7;18368.3;-446.6
168;16818.0;-6862.7;16223.3;-563.7
169;22517.7;-2191.4;21720.3;-271.5
170;11147.2;320.4;10357.0;-881.3
171;14444.7;-5941.2;13833.1;-694.1
172;18761.6;-6376.3;18140.1;-468.6
173;23559.9;237.9;22661.8;-216.5
174;15533.9;-6618.1;14938.1;-637.7
175;16344.9;-6838.4;15751.9;-592.7
176;15596.5;-6641.1;15001.2;-632.7
177;19986.8;-5577.2;19330.1;-398.6
178;15425.8;-6562.9;14829.0;-641.7
179;18130.5;-6590.1;17520.5;-495.6
180;15339.5;-6530.6;14742.0;-645.7
181;12760.8;-3839.5;12091.5;-787.5
182;17104.6;-6846.4;16507.6;-551.7
183;17632.2;-6740.2;17029.0;-522.6
184;19879.9;-5666.7;19227.0;-404.6
185;15913.1;-6743.7;15319.5;-612.7
186;14526.1;-6011.6;13916.2;-693.0
187;17802.8;-6691.9;17197.2;-513.6
188;16894.6;-6863.7;16299.4;-561.7
189;17008.7;-6857.2;16412.5;-558.7
190;16021.8;-6777.0;15428.6;-609.7
191;19499.3;-5956.8;18858.7;-431.6
192;17255.2;-6821.5;16656.7;-539.6
193;21661.3;-3655.8;20924.6;-311.5
194;19359.1;-6037.6;18722.6;-428.6
195;18071.6;-6608.7;17462.4;-499.6
196;11831.4;-1845.2;11104.6;-839.8
197;17912.1;-6664.9;17305.3;-508.6
198;17399.1;-6800.2;16798.8;-536.6
199;18502.9;-6477.2;17886.8;-475.6
200;19166.6;-6156.7;18535.4;-439.6
201;15114.9;-6407.7;14514.8;-653.7
202;18543.9;-6458.5;17926.9;-472.6
203;14673.3;-6122.3;14066.3;-680.9
204;21813.4;-3420.2;21066.7;-305.5
205;12605.6;-3561.3;11928.4;-798.6
206;11486.8;-858.3;10731.3;-861.0
207;11774.6;-1699.4;11043.6;-846.8
208;13783.3;-5294.0;13154.5;-732.6
209;13166.9;-4488.9;12515.9;-764.2
210;21815.4;-3420.9;21068.7;-307.5
211;15321.7;-6518.8;14723.9;-644.7
212;12573.4;-3499.2;11894.4;-799.7
213;19368.3;-6036.8;18731.6;-431.6
214;14607.3;-6078.4;13999.3;-687.9
215;12856.3;-4005.0;12191.6;-785.4
216;18689.0;-6405.1;18069.0;-469.6
217;17974.9;-6647.3;17367.3;-504.6
218;15020.1;-6351.6;14418.7;-659.7
219;20208.3;-5382.9;19543.3;-386.6
220;16583.7;-6863.3;15990.1;-581.7
221;20818.2;-4754.4;20126.9;-355.5
222;17632.2;-6740.2;17029.0;-522.6
223;20646.1;-4944.1;19962.7;-364.5
224;16527.5;-6854.3;15934.0;-579.7
225;12901.3;-4078.1;12238.7;-782.4
226;23310.7;-436.9;22440.7;-232.5
227;14718.5;-6158.4;14112.4;-680.8
228;15673.0;-6666.2;15078.3;-624.7
229;14296.8;-5817.0;13682.0;-703.2
230;15660.2;-6659.3;15065.3;-624.7
231;16898.5;-6863.0;16303.4;-560.7
232;16786.9;-6866.3;16192.3;-568.7
233;18078.6;-6616.1;17469.4;-500.6
234;21330.8;-4123.2;20613.3;-328.5
235;15891.3;-6735.8;15297.5;-613.7
236;12866.7;-4024.1;12202.6;-784.4
237;13000.8;-4237.1;12342.8;-773.3
238;14393.7;-5897.6;13781.1;-694.1
239;11711.6;-1522.9;10975.5;-847.8
240;18545.9;-6459.3;17928.9;-473.6
241;14849.6;-6246.5;14245.5;-673.7
242;15362.3;-6539.7;14765.0;-643.7
243;16217.8;-6805.2;15624.8;-588.7
244;12433.8;-3228.1;11747.2;-804.8
245;13863.0;-5378.3;13236.6;-725.6
246;18117.3;-6592.5;17507.5;-494.6
247;17959.7;-6650.5;17352.3;-504.6
248;14997.5;-6330.9;14395.6;-661.7
249;21383.9;-4053.3;20663.4;-328.5
250;12675.0;-3686.7;12001.5;-791.6
251;15270.2;-6496.9;14671.9;-651.7
252;15583.6;-6637.0;14988.2;-634.7
254;21764.4;-3508.2;21021.7;-308.5
255;17252.3;-6823.0;16653.7;-541.6
256;13366.1;-4774.6;12723.1;-756.0
257;22099.6;-2957.6;21334.0;-291.5
258;17863.5;-6674.0;17257.3;-508.6
259;17428.4;-6793.8;16827.9;-533.6
260;14552.5;-6033.3;13943.2;-691.0
261;16519.4;-6857.3;15926.0;-582.7
262;12097.4;-2509.7;11389.9;-828.8
263;18458.2;-6497.7;17842.8;-481.6
264;15191.9;-6455.2;14592.8;-653.7
265;16595.9;-6864.9;16002.1;-582.7
266;19617.2;-5864.7;18972.8;-418.6
267;17018.8;-6853.4;16422.5;-555.7
268;16953.3;-6856.3;16357.4;-557.7
269;16996.6;-6855.4;16400.5;-556.7
270;14209.8;-5738.0;13592.9;-708.3
271;18570.4;-6453.7;17952.9;-474.6
272;20604.1;-4992.9;19922.7;-367.5
273;18357.1;-6527.9;17743.7;-481.6
274;18709.3;-6395.2;18089.0;-465.6
275;13822.2;-5333.4;13194.5;-727.6
276;13844.6;-5359.5;13217.6;-728.6
277;12317.7;-2988.9;11624.1;-812.9
278;19706.9;-5801.1;19059.9;-412.6
279;15517.2;-6606.5;14921.1;-636.7
280;20183.4;-5402.8;19519.3;-387.6
281;14077.0;-5610.7;13456.8;-715.4
282;15010.3;-6338.0;14408.7;-659.7
283;16485.4;-6855.7;15892.0;-586.7
284;18813.9;-6339.5;18191.1;-461.6
285;16396.0;-6844.3;15802.9;-588.7
286;16812.1;-6862.7;16217.3;-564.7
287;16270.8;-6831.9;15677.8;-600.7
288;16714.5;-6861.0;16120.2;-568.7
289;13178.5;-4505.0;12527.9;-763.2
290;16447.2;-6844.6;15854.0;-582.7
291;15707.0;-6680.3;15112.3;-625.7
292;16065.9;-6787.4;15472.6;-608.7
293;17601.7;-6749.1;16999.0;-523.6
294;14353.5;-5864.8;13740.0;-698.1
295;15989.9;-6768.1;15396.6;-610.7
296;15397.2;-6550.7;14800.0;-644.7
297;17392.0;-6798.9;16791.8;-534.6
298;18426.6;-6503.3;17811.8;-479.6
299;13606.8;-5080.9;12972.4;-738.8
300;17864.5;-6673.9;17258.3;-508.6
301;22146.1;-2873.6;21377.0;-288.5
302;12240.3;-2824.7;11542.0;-816.8
303;13945.6;-5471.7;13321.7;-721.5
304;13808.6;-5317.7;13180.5;-728.6
305;15453.4;-6579.6;14857.1;-637.7
306;20834.0;-4733.6;20141.9;-352.5
307;16263.6;-6835.5;15670.8;-603.7
308;14311.5;-5830.3;13697.0;-703.2
309;17972.9;-6647.9;17365.3;-504.6
310;14571.2;-6044.8;13962.3;-688.0
311;19390.0;-6022.9;18752.6;-431.6
312;17076.2;-6850.0;16479.5;-551.7
313;20154.4;-5431.2;19491.3;-390.6
314;14403.4;-5907.1;13791.1;-694.1
315;25215.8;6390.7;24060.4;-143.4
316;18545.9;-6458.3;17928.9;-472.6
317;18058.5;-6613.3;17449.4;-501.6
318;16078.8;-6783.8;15485.6;-601.7
319;14227.5;-5751.0;13610.9;-706.3
320;13844.6;-5359.5;13217.6;-728.6
321;15848.3;-6723.5;15254.4;-614.7
322;14034.4;-5553.3;13412.8;-715.4
323;17013.7;-6856.0;16417.5;-557.7
324;13955.4;-5482.9;13331.7;-721.5
325;17969.9;-6648.1;17362.3;-504.6
326;18911.2;-6291.6;18286.2;-456.6
327;14285.0;-5804.3;13670.0;-702.2
328;19588.1;-5889.3;18944.8;-421.6
329;15564.7;-6628.4;14969.2;-633.7
330;19484.8;-5966.3;18844.7;-430.6
331;17449.7;-6795.2;16848.9;-537.6
332;19388.0;-6024.1;18750.6;-431.6
333;13498.2;-4950.2;12860.2;-746.9
334;15925.1;-6747.5;15331.5;-612.7
335;20336.3;-5271.8;19666.4;-386.6
336;14524.1;-6009.5;13914.2;-692.0
337;10798.0;1790.6;9964.6;-901.0
338;11030.2;767.0;10226.8;-892.5
340;10609.3;2697.3;9749.4;-918.7
341;15084.4;-6391.7;14483.7;-658.7
342;19834.4;-5698.8;19183.0;-405.6
343;15003.5;-6334.7;14401.7;-661.7
344;17125.0;-6839.0;16527.6;-548.7
345;15915.1;-6745.2;15321.5;-613.7
346;16243.7;-6833.0;15650.8;-605.7
347;15757.7;-6698.3;15163.3;-623.7
348;15737.8;-6695.3;15143.3;-627.7
349;17516.7;-6771.8;16914.9;-529.6
350;13017.9;-4266.5;12360.8;-773.3
351;19070.1;-6212.9;18441.3;-446.6
352;18808.8;-6342.6;18186.1;-461.6
353;15681.0;-6671.4;15086.3;-626.7
354;18484.7;-6487.0;17868.8;-479.6
355;14296.8;-5817.0;13682.0;-703.2
356;14739.3;-6166.8;14133.4;-675.8
357;16654.2;-6861.3;16060.2;-574.7
358;15696.0;-6677.3;15101.3;-626.7
359;14984.7;-6329.5;14382.6;-667.7
360;14376.0;-5886.3;13763.1;-698.1
361;14688.1;-6134.3;14081.4;-680.9
362;18869.2;-6314.5;18245.2;-460.6
363;11029.4;770.4;10225.8;-893.5
364;17208.9;-6822.8;16610.7;-539.6
365;15569.7;-6629.0;14974.2;-632.7
366;18264.6;-6556.1;17652.6;-489.6
367;17666.8;-6731.5;17063.1;-521.6
369;17860.4;-6674.3;17254.3;-507.6
370;17128.9;-6840.7;16531.6;-548.7
371;16288.6;-6836.4;15695.8;-599.7
372;14930.2;-6302.1;14327.6;-669.7
373;18623.6;-6428.1;18004.9;-469.6
374;15083.4;-6391.3;14482.7;-658.7
375;21457.2;-3948.1;20732.4;-322.5
376;17805.7;-6691.8;17200.2;-513.6
377;22355.9;-2495.9;21571.2;-278.5
378;14070.3;-5603.6;13449.8;-716.4
379;11499.8;-895.6;10745.3;-860.0
380;18230.0;-6564.9;17618.6;-490.6
381;18621.5;-6428.7;18002.9;-469.6
382;16321.9;-6837.5;15728.9;-595.7
383;12064.7;-2427.2;11354.9;-827.8
384;14990.6;-6333.1;14388.6;-666.7
385;17958.7;-6650.7;17351.3;-504.6
386;15712.9;-6686.0;15118.3;-628.7
387;15900.2;-6740.2;15306.5;-613.7
388;15735.8;-6692.0;15141.3;-625.7
389;13668.8;-5155.7;13036.4;-734.7
390;14756.0;-6183.6;14150.4;-678.8
391;12349.8;-3052.9;11658.2;-807.9
392;21262.9;-4215.1;20549.3;-331.5
393;14911.6;-6286.0;14308.6;-667.7
394;17559.2;-6758.0;16957.0;-524.6
395;13427.9;-4855.5;12787.2;-750.9
396;18456.1;-6497.1;17840.8;-480.6
397;11204.0;107.9;10420.0;-878.3
398;18809.8;-6341.0;18187.1;-460.6
399;16125.8;-6795.4;15532.7;-600.7
400;22280.0;-2635.2;21501.1;-282.5
401;12670.2;-3678.6;11996.5;-791.6
402;16435.1;-6847.0;15842.0;-584.7
403;17253.2;-6824.3;16654.7;-542.6
404;19708.0;-5800.3;19060.9;-412.6
405;15054.7;-6373.6;14453.7;-658.7
406;16464.4;-6850.4;15871.0;-585.7
407;10542.1;3105.2;9670.3;-921.9
408;13945.6;-5471.7;13321.7;-721.5
409;17489.2;-6773.7;16887.9;-525.6
410;19337.4;-6052.1;18701.6;-429.6
411;15447.4;-6580.5;14851.1;-639.7
412;22114.6;-2932.2;21348.0;-290.5
413;21239.6;-4253.0;20527.2;-338.5
414;16053.9;-6782.3;15460.6;-607.7
416;11448.4;-737.6;10689.3;-864.0
417;14086.9;-5617.0;13466.8;-713.4
418;19369.4;-6036.6;18732.6;-432.6
419;17093.6;-6846.3;16496.6;-551.7
420;10658.0;2453.5;9805.5;-908.5
421;15591.5;-6639.3;14996.2;-632.7
422;20808.9;-4760.6;20117.9;-353.5
423;15189.9;-6453.8;14590.8;-653.7
424;14163.9;-5693.9;13545.9;-710.3
425;22110.3;-2941.9;21344.0;-292.5
426;16368.9;-6842.3;15775.9;-591.7
427;14902.8;-6281.3;14299.6;-669.7
428;17198.7;-6824.5;16600.7;-540.6
429;16272.8;-6831.9;15679.8;-600.7
430;15039.9;-6367.1;14438.7;-661.7
431;19633.8;-5849.6;18988.8;-416.6
432;19369.4;-6035.0;18732.6;-431.6
433;18588.8;-6442.8;17970.9;-470.6
434;15937.0;-6755.8;15343.5;-615.7
435;19460.0;-5979.3;18820.7;-428.6
436;16084.9;-6785.7;15491.6;-602.7
437;17533.9;-6764.8;16932.0;-526.6
438;19135.9;-6177.2;18505.4;-444.6
439;18495.7;-6479.0;17879.8;-474.6
440;21323.3;-4136.1;20606.3;-329.5
441;17486.2;-6773.4;16884.9;-525.6
442;11682.9;-1442.7;10944.5;-849.8
443;13060.3;-4323.2;12404.8;-766.3
444;20046.0;-5526.4;19387.2;-394.6
445;15306.7;-6514.9;14708.9;-647.7
446;17305.9;-6820.4;16706.7;-544.6
447;13889.3;-5409.3;13263.6;-725.5
448;19042.5;-6228.5;18414.3;-449.6
449;15161.2;-6433.3;14561.8;-650.7
450;20359.2;-5249.5;19688.5;-384.6
451;14758.0;-6183.8;14152.4;-677.8
452;19379.7;-6028.3;18742.6;-430.6
453;18114.3;-6593.2;17504.5;-494.6
454;14241.1;-5765.0;13624.9;-705.2
455;19324.1;-6058.8;18688.6;-429.6
456;13754.3;-5253.9;13124.5;-729.7
457;13965.2;-5494.5;13341.7;-722.5
458;18252.5;-6560.4;17640.6;-491.6
459;14505.4;-5990.3;13895.2;-689.0
460;14587.0;-6057.7;13978.3;-687.9
461;15274.3;-6497.3;14675.9;-650.7
462;13487.8;-4932.5;12849.2;-745.9
463;19167.7;-6156.0;18536.4;-439.6
464;17930.3;-6659.6;17323.3;-506.6
465;16034.9;-6780.0;15441.6;-609.7
466;15921.1;-6747.3;15327.5;-613.7
467;17484.2;-6777.0;16882.9;-527.6
468;21253.3;-4231.8;20540.2;-334.5
469;18670.7;-6407.9;18051.0;-466.6
470;14818.2;-6222.2;14213.5;-673.8
471;18406.1;-6511.8;17791.7;-480.6
472;15894.3;-6738.5;15300.5;-614.7
473;15673.0;-6666.2;15078.3;-624.7
474;21551.5;-3819.9;20821.5;-318.5
475;15068.4;-6383.3;14467.7;-658.7
476;14902.8;-6281.3;14299.6;-669.7
477;11009.1;863.4;10202.8;-889.5
478;12416.8;-3196.6;11729.2;-807.8
479;17486.2;-6773.4;16884.9;-525.6
480;14310.5;-5829.5;13696.0;-703.2
481;17666.8;-6730.2;17063.1;-520.6
482;13180.4;-4509.4;12529.9;-764.1
483;14114.1;-5643.3;13494.8;-711.3
484;18115.3;-6592.7;17505.5;-494.6
485;20368.7;-5237.9;19697.5;-382.6
486;17884.9;-6669.0;17278.3;-508.6
487;19607.8;-5873.6;18963.8;-419.6
488;21070.7;-4462.5;20367.1;-346.5
489;19154.3;-6165.6;18523.4;-442.6
490;13703.8;-5200.7;13072.4;-735.7
491;15929.1;-6748.8;15335.5;-612.7
492;17991.1;-6648.7;17383.4;-509.6
493;15076.4;-6385.9;14475.7;-657.7
494;17489.2;-6773.7;16887.9;-525.6
495;11956.1;-2166.8;11238.8;-833.8
496;13950.5;-5477.5;13326.7;-721.5
497;17708.2;-6722.7;17104.1;-519.6
498;10320.5;4432.5;9410.1;-932.7
499;13199.5;-4541.9;12550.0;-766.1
500;16175.8;-6805.0;15582.7;-597.7
501;11592.7;-1177.1;10846.4;-853.9
502;16380.0;-6839.7;15786.9;-588.7
503;14028.6;-5547.6;13406.7;-716.4
504;15414.1;-6552.5;14817.0;-639.7
505;15505.3;-6599.0;14909.1;-634.7
506;16755.6;-6864.5;16161.3;-567.7
507;14668.4;-6118.5;14061.3;-680.9
508;16471.4;-6849.3;15878.0;-583.7
509;14568.3;-6041.8;13959.2;-688.0
510;17777.2;-6702.3;17172.2;-516.6
511;21044.3;-4494.3;20342.1;-346.5
512;16771.7;-6865.8;16177.3;-568.7
513;16697.3;-6864.3;16103.2;-571.7
514;13048.8;-4308.0;12392.8;-768.3
515;18165.2;-6577.6;17554.5;-492.6
516;14140.5;-5670.4;13521.9;-711.3
517;14005.9;-5538.9;13383.7;-720.4
518;17780.3;-6700.5;17175.2;-515.6
519;16728.5;-6860.0;16134.2;-566.7
520;19346.7;-6047.9;18710.6;-430.6
521;20310.6;-5289.1;19641.4;-385.6
522;14731.5;-6164.5;14125.4;-679.8
523;16580.7;-6862.8;15987.1;-581.7
524;21239.6;-4253.0;20527.2;-338.5
525;18944.0;-6274.4;18318.2;-453.6
526;18227.9;-6565.0;17616.6;-490.6
527;19920.4;-5633.7;19266.1;-403.6
528;14557.5;-6039.2;13948.2;-693.0
529;18009.6;-6638.0;17401.4;-505.6
530;20214.6;-5374.4;19549.3;-384.6
531;20830.8;-4740.4;20138.9;-355.5
532;14011.8;-5541.2;13389.7;-717.4
533;15528.0;-6612.7;14932.1;-635.7
534;17295.8;-6817.2;16696.7;-540.6
535;15419.9;-6560.4;14823.0;-642.7
536;15138.5;-6420.4;14538.8;-651.7
537;18143.7;-6586.8;17533.5;-494.6
538;15245.6;-6483.9;14646.9;-653.7
539;11418.1;-640.2;10656.2;-865.1
540;17238.1;-6826.2;16639.7;-542.6
541;15048.7;-6372.1;14447.7;-659.7
542;14211.8;-5736.5;13594.9;-706.3
543;11991.8;-2254.0;11276.8;-833.8
544;19079.2;-6208.8;18450.3;-445.6
545;10346.5;4255.7;9441.1;-932.7
546;11649.6;-1346.5;10908.5;-849.8
547;15459.6;-6583.1;14863.1;-639.7
548;19697.5;-5810.1;19050.9;-413.6
549;19925.7;-5627.7;19271.1;-402.6
550;13073.7;-4347.7;12418.8;-768.2
551;15731.7;-6693.7;15137.3;-627.7
552;12137.9;-2591.7;11432.9;-819.8
553;19072.1;-6211.9;18443.3;-446.6
554;12227.1;-2800.8;11528.0;-821.9
555;15827.4;-6714.2;15233.4;-613.7
556;19133.8;-6177.1;18503.4;-443.6
557;15605.6;-6648.1;15010.2;-635.7
558;20391.8;-5209.4;19719.5;-378.6
559;13835.8;-5349.6;13208.6;-728.6
560;17255.2;-6821.5;16656.7;-539.6
561;18623.6;-6428.1;18004.9;-469.6
562;15834.4;-6719.9;15240.4;-616.7
563;20150.1;-5435.3;19487.3;-390.6
564;17763.0;-6705.5;17158.2;-515.6
565;11808.2;-1784.8;11079.6;-843.8
567;18043.3;-6615.8;17434.4;-501.6
568;16521.4;-6856.4;15928.0;-581.7
569;12425.3;-3213.6;11738.2;-807.8
570;16450.2;-6846.6;15857.0;-583.7
571;14957.0;-6312.7;14354.6;-669.7
572;18031.1;-6618.4;17422.4;-500.6
573;17259.3;-6822.4;16660.7;-541.6
574;21512.2;-3877.7;20784.5;-321.5
575;16617.9;-6867.9;16024.1;-581.7
576;17663.7;-6731.7;17060.1;-520.6
577;17264.4;-6823.5;16665.7;-542.6
578;15812.5;-6714.7;15218.4;-619.7
579;15716.8;-6688.2;15122.3;-628.7
580;19330.3;-6056.9;18694.6;-430.6
581;18411.3;-6507.4;17796.7;-478.6
582;14491.7;-5979.5;13881.2;-689.0
583;13185.3;-4512.6;12534.9;-762.1
584;16034.9;-6776.7;15441.6;-607.7
585;19502.5;-5951.7;18861.7;-429.6
586;16149.8;-6799.1;15556.7;-598.7
587;21197.5;-4297.8;20487.2;-336.5
588;14098.6;-5627.9;13478.8;-712.4
589;16617.8;-6869.4;16024.1;-582.7
591;14583.0;-6053.6;13974.3;-687.0
592;15365.3;-6543.9;14768.0;-646.7
593;17652.6;-6728.9;17049.1;-517.6
594;21095.9;-4428.8;20391.1;-341.5
595;16321.9;-6835.4;15728.9;-593.7
596;20346.9;-5258.7;19676.5;-384.6
597;18079.6;-6616.9;17470.4;-501.6
598;18995.4;-6244.7;18368.3;-446.6
599;14937.3;-6303.7;14334.6;-668.7
600;20144.8;-5442.8;19482.3;-391.6
601;13290.8;-4670.6;12645.1;-758.1
602;17610.0;-6741.2;17007.0;-520.6
603;13615.6;-5091.1;12981.4;-738.8
604;14796.4;-6207.6;14191.5;-673.8
605;12263.8;-2876.0;11567.1;-815.9
606;14799.4;-6211.0;14194.5;-674.8
607;17203.8;-6821.8;16605.7;-538.6
608;16034.9;-6780.0;15441.6;-609.7
609;12559.1;-3472.5;11879.4;-799.7
610;20392.9;-5208.3;19720.5;-378.6
611;17164.3;-6835.8;16566.6;-546.6
612;19062.0;-6211.9;18433.3;-444.6
613;18428.7;-6503.5;17813.8;-480.6
614;14393.7;-5898.6;13781.1;-695.1
615;11025.8;787.6;10221.8;-891.5
616;13711.5;-5209.6;13080.5;-734.7
617;19687.4;-5818.4;19040.9;-416.6
618;13344.9;-4750.2;12701.1;-760.0
619;18516.1;-6475.1;17899.8;-476.6
620;14537.8;-6020.4;13928.2;-691.0
621;17320.1;-6818.6;16720.8;-544.6
622;11329.1;-340.8;10558.1;-872.1
623;19518.9;-5939.7;18877.7;-426.6
624;16113.8;-6791.6;15520.7;-600.7
625;18716.4;-6394.0;18096.0;-467.6
626;16756.6;-6864.9;16162.3;-567.7
627;18465.3;-6494.2;17849.8;-480.6
628;15941.0;-6757.4;15347.5;-615.7
629;18306.6;-6531.4;17693.7;-482.6
630;12139.8;-2596.0;11434.9;-819.8
631;13276.3;-4654.1;12630.0;-761.1
632;18262.6;-6557.5;17650.6;-490.6
633;16115.8;-6793.9;15522.7;-601.7
634;15591.5;-6639.3;14996.2;-632.7
635;15725.8;-6689.1;15131.3;-626.7
636;17629.3;-6739.9;17026.0;-522.6
637;14587.9;-6058.0;13979.3;-686.9
638;17650.5;-6729.6;17047.1;-517.6
639;13711.5;-5209.6;13080.5;-734.7
640;15098.1;-6399.7;14497.7;-657.7
641;18992.3;-6245.7;18365.3;-446.6
642;19242.7;-6109.7;18609.5;-434.6
643;13225.4;-4577.3;12577.0;-762.1
644;18583.5;-6447.5;17965.9;-471.6
645;13381.6;-4793.6;12739.1;-754.0
646;18281.0;-6545.0;17668.6;-487.6
647;11142.7;335.9;10352.0;-882.3
648;13176.6;-4501.9;12525.9;-764.2
649;14816.2;-6218.8;14211.5;-671.8
650;15764.6;-6701.6;15170.3;-622.7
651;20255.3;-5339.7;19588.4;-385.6
652;18764.7;-6370.3;18143.1;-464.6
653;20696.5;-4889.9;20010.8;-363.5
654;19628.6;-5853.8;18983.8;-416.6
655;15444.4;-6578.1;14848.1;-638.7
656;15485.3;-6593.0;14889.1;-636.7
657;19235.6;-6116.7;18602.5;-437.6
658;16337.0;-6841.3;15743.9;-596.7
659;15787.6;-6707.3;15193.4;-620.7
660;12596.3;-3544.2;11918.4;-800.7
661;15925.1;-6747.5;15331.5;-612.7
663;14964.9;-6316.7;14362.6;-667.7
664;13541.1;-5003.3;12904.3;-746.8
665;18164.2;-6578.1;17553.5;-492.6
666;14902.8;-6281.3;14299.6;-669.7
667;15315.7;-6521.2;14717.9;-649.7
668;20034.6;-5536.5;19376.2;-395.6
669;13359.4;-4766.3;12716.1;-757.0
670;17108.6;-6848.0;16511.6;-553.7
671;11150.8;306.5;10361.0;-881.3
672;16471.4;-6849.3;15878.0;-583.7
673;17374.7;-6804.2;16774.8;-537.6
674;18640.8;-6423.2;18022.0;-468.6
675;13762.0;-5265.2;13132.5;-730.6
676;17117.8;-6840.1;16520.6;-548.7
677;17112.7;-6843.5;16515.6;-550.7
678;16171.8;-6804.5;15578.7;-598.7
679;16639.0;-6864.0;16045.2;-576.7
680;17521.7;-6768.0;16919.9;-526.6
681;17337.3;-6814.0;16737.8;-542.6
682;13500.2;-4952.0;12862.2;-746.9
683;12965.3;-4181.2;12305.7;-776.3
684;23488.6;29.5;22598.8;-228.5
685;21708.4;-3582.7;20968.6;-307.5
686;12445.3;-3246.3;11759.2;-801.8
687;17484.2;-6777.0;16882.9;-527.6
688;17984.2;-6647.0;17376.4;-507.6
689;18334.0;-6529.8;17720.7;-485.6
690;16615.9;-6867.8;16022.1;-581.7
691;13684.5;-5173.6;13052.4;-734.7
692;15718.8;-6689.9;15124.3;-628.7
693;14870.2;-6262.0;14266.5;-672.7
694;16595.9;-6864.9;16002.1;-582.7
695;15481.4;-6592.1;14885.1;-637.7
696;15859.3;-6726.1;15265.4;-613.7
697;19092.4;-6209.3;18463.4;-450.6
698;19704.8;-5802.9;19057.9;-412.6
699;13003.6;-4240.0;12345.8;-771.3
700;14957.0;-6312.7;14354.6;-669.7
701;14053.9;-5575.4;13432.8;-716.4
702;19679.1;-5820.8;19032.9;-414.6
703;16057.9;-6785.1;15464.6;-608.7
704;20328.1;-5276.4;19658.4;-385.6
705;14906.7;-6284.4;14303.6;-669.7
706;16297.7;-6836.5;15704.8;-598.7
707;12558.2;-3471.5;11878.4;-800.7
708;19911.1;-5640.9;19257.1;-403.6
709;15220.7;-6470.7;14621.9;-653.7
710;12199.0;-2733.0;11498.0;-819.8
711;14587.9;-6060.5;13979.3;-688.9
712;10161.9;5619.3;9217.9;-946.4
713;16135.8;-6796.8;15542.7;-599.7
714;16537.6;-6854.9;15944.1;-579.7
715;17026.0;-6850.6;16429.5;-554.7
716;20471.3;-5131.1;19795.6;-375.6
717;15392.1;-6548.0;14795.0;-643.7
718;18490.8;-6481.6;17874.8;-476.6
719;17098.6;-6847.0;16501.6;-552.7
720;15686.9;-6675.6;15092.3;-627.7
721;10704.4;2226.0;9858.5;-905.3
722;18889.7;-6302.5;18265.2;-457.6
723;14834.7;-6232.7;14230.5;-670.7
724;16274.9;-6832.0;15681.8;-600.7
725;12765.7;-3844.6;12096.6;-786.5
726;17014.7;-6856.3;16418.5;-557.7
727;16525.5;-6855.8;15932.0;-580.7
728;16305.8;-6837.6;15712.8;-598.7
729;15853.3;-6725.3;15259.4;-614.7
730;19181.0;-6149.9;18549.4;-440.6
731;18942.9;-6275.0;18317.2;-453.6
732;18263.6;-6557.6;17651.6;-490.6
734;14570.3;-6043.7;13961.3;-688.0
735;15174.1;-6445.0;14574.8;-653.7
736;13450.2;-4884.2;12810.2;-749.9
737;17443.8;-6793.9;16842.9;-537.6
738;14334.8;-5856.2;13721.0;-704.2
740;12918.4;-4107.8;12256.7;-781.4
741;16426.1;-6848.6;15833.0;-587.7
742;19068.1;-6211.7;18439.3;-445.6
743;12011.2;-2302.4;11297.8;-830.8
744;14537.8;-6020.4;13928.2;-691.0
745;15836.4;-6720.7;15242.4;-616.7
746;14222.6;-5745.8;13605.9;-706.3
747;17715.3;-6721.3;17111.1;-519.6
748;16232.7;-6832.0;15639.8;-607.7
749;17120.9;-6840.7;16523.6;-549.7
750;14227.5;-5751.0;13610.9;-706.3
751;20583.1;-5013.2;19902.7;-366.5
752;16220.8;-6806.0;15627.8;-588.7
753;19879.9;-5666.7;19227.0;-404.6
754;15007.4;-6336.6;14405.7;-660.7
755;17876.8;-6669.2;17270.3;-507.6
756;14356.5;-5867.5;13743.0;-698.1
757;13620.4;-5097.0;12986.4;-737.8
758;14288.0;-5805.5;13673.0;-701.2
759;16097.0;-6786.5;15503.7;-601.7
760;15618.4;-6653.9;15023.2;-634.7
761;20590.5;-5007.8;19909.7;-368.5
762;13091.9;-4376.9;12437.9;-768.2
763;13245.5;-4609.9;12598.0;-763.1
764;21063.2;-4472.4;20360.1;-346.5
765;17932.3;-6656.6;17325.3;-504.6
766;11186.8;175.0;10401.0;-877.3
767;17616.0;-6742.0;17013.0;-521.6
768;16888.6;-6861.2;16293.4;-560.7
769;10534.3;3148.1;9661.3;-919.9
770;15200.9;-6464.0;14601.8;-657.7
771;16175.8;-6805.0;15582.7;-597.7
772;18277.8;-6550.3;17665.6;-489.6
773;18906.1;-6291.0;18281.2;-454.6
774;16485.4;-6854.2;15892.0;-585.7
775;19135.9;-6177.2;18505.4;-444.6
776;15818.4;-6710.3;15224.4;-613.7
777;13873.7;-5390.9;13247.6;-725.6
778;13666.9;-5152.6;13034.4;-734.7
779;17743.7;-6710.2;17139.1;-516.6
780;10993.7;921.3;10185.8;-891.6
781;18124.5;-6588.7;17514.5;-492.6
782;13205.3;-4548.6;12556.0;-765.1
783;15229.6;-6473.4;14630.9;-651.7
784;17640.3;-6739.6;17037.1;-523.6
785;19660.6;-5830.2;19014.9;-413.6
786;11037.4;739.8;10234.9;-890.5
787;14011.8;-5541.2;13389.7;-717.4
788;16363.0;-6845.9;15769.9;-595.7
789;14581.0;-6052.6;13972.3;-687.0
790;18643.9;-6422.6;18025.0;-468.6
791;10678.1;2355.8;9828.5;-906.4
792;17236.0;-6828.0;16637.7;-543.6
793;17415.3;-6796.3;16814.9;-534.6
794;16363.0;-6845.9;15769.9;-595.7
795;19334.3;-6052.8;18698.6;-428.6
796;12873.4;-4035.3;12209.7;-784.4
797;19352.0;-6039.4;18715.6;-427.6
798;14290.0;-5808.7;13675.0;-702.2
799;18262.6;-6557.5;17650.6;-490.6
800;15325.7;-6523.1;14728.0;-646.7
801;18511.1;-6474.6;17894.8;-475.6
802;18415.4;-6504.6;17800.7;-477.6
803;12257.2;-2866.0;11560.1;-819.9
804;15796.6;-6709.1;15202.4;-620.7
805;15969.0;-6761.8;15375.5;-612.7
806;15564.7;-6628.4;14969.2;-633.7
807;14146.4;-5675.9;13527.9;-711.3
808;21507.8;-3883.6;20780.5;-320.5
809;16807.0;-6863.6;16212.3;-565.7
810;20638.8;-4953.6;19955.7;-367.5
811;14651.8;-6105.4;14044.3;-682.9
812;13322.8;-4714.5;12678.1;-758.0
813;16590.8;-6865.2;15997.1;-582.7
814;14669.4;-6119.1;14062.3;-680.9
815;23125.6;-892.0;22274.6;-241.5
816;16911.8;-6861.4;16316.4;-560.7
817;19478.7;-5964.0;18838.7;-426.6
818;15604.6;-6647.6;15009.2;-635.7
819;15322.6;-6520.9;14724.9;-645.7
820;16137.8;-6796.7;15544.7;-599.7
821;17215.8;-6825.9;16617.7;-541.6
822;18612.2;-6433.7;17993.9;-469.6
823;15885.4;-6733.3;15291.5;-613.7
824;14353.5;-5864.8;13740.0;-698.1
825;13307.2;-4691.3;12662.1;-756.0
826;16011.9;-6773.7;15418.6;-610.7
827;17830.0;-6688.8;17224.2;-514.6
828;17503.4;-6773.6;16901.9;-528.6
829;16174.9;-6803.7;15581.7;-597.7
830;14570.3;-6043.7;13961.3;-688.0
831;16632.9;-6867.4;16039.1;-579.7
832;17825.0;-6690.1;17219.2;-515.6
833;16120.8;-6793.6;15527.7;-600.7
834;16535.6;-6854.9;15942.1;-579.7
835;15803.5;-6713.6;15209.4;-620.7
836;18801.5;-6345.7;18179.1;-461.6
837;15009.3;-6338.7;14407.7;-660.7
838;16743.6;-6862.9;16149.2;-567.7
839;17325.2;-6817.5;16725.8;-544.6
840;18262.6;-6557.5;17650.6;-490.6
841;20467.0;-5140.1;19791.6;-377.6
842;18119.4;-6591.7;17509.5;-494.6
843;17903.0;-6664.9;17296.3;-507.6
844;12245.0;-2834.1;11547.0;-815.8
845;17925.3;-6659.5;17318.3;-506.6
846;22833.1;-1545.7;22009.5;-253.5
847;13945.6;-5470.5;13321.7;-720.5
848;13437.6;-4868.2;12797.2;-749.9
849;15631.3;-6659.3;15036.2;-634.7
850;19101.9;-6199.1;18472.4;-447.6
851;17692.0;-6723.6;17088.1;-518.6
852;14906.7;-6284.4;14303.6;-669.7
853;16123.8;-6794.3;15530.7;-600.7
854;19142.1;-6168.5;18511.4;-440.6
855;18113.3;-6594.3;17503.5;-495.6
856;23249.1;-588.8;22385.7;-233.5
857;19054.9;-6215.5;18426.3;-445.6
858;17210.8;-6824.4;16612.7;-540.6
859;17951.7;-6652.2;17344.3;-505.6
860;15255.4;-6489.7;14656.9;-653.7
861;13545.9;-5009.5;12909.3;-746.8
862;16703.4;-6863.7;16109.2;-571.7
863;17596.7;-6751.5;16994.0;-525.6
864;12439.6;-3237.6;11753.2;-803.8
865;14786.4;-6206.2;14181.4;-677.8
866;15201.9;-6464.3;14602.8;-657.7
867;16965.4;-6856.1;16369.4;-557.7
868;15501.4;-6599.1;14905.1;-636.7
869;17468.0;-6782.7;16866.9;-530.6
870;16496.3;-6857.8;15903.0;-585.7
871;19211.9;-6129.8;18579.5;-437.6
872;11618.1;-1260.6;10874.4;-853.9
873;20931.6;-4623.1;20235.0;-348.5
874;20239.5;-5357.3;19573.4;-387.6
875;16365.0;-6845.3;15771.9;-594.7
876;18048.3;-6616.5;17439.4;-502.6
877;17926.3;-6659.1;17319.3;-506.6
878;14196.1;-5724.7;13578.9;-708.3
879;16683.1;-6863.2;16089.2;-570.7
880;18406.2;-6511.8;17791.7;-480.6
881;17091.5;-6844.5;16494.6;-549.7
882;19187.2;-6147.0;18555.4;-441.6
883;16485.3;-6854.7;15892.0;-585.7
884;16447.2;-6844.6;15854.0;-582.7
885;14113.2;-5641.6;13493.8;-711.3
886;15217.6;-6472.6;14618.8;-655.7
887;14957.0;-6312.7;14354.6;-669.7
888;21078.1;-4454.5;20374.1;-347.5
889;16893.6;-6863.1;16298.4;-561.7
890;13488.7;-4940.2;12850.2;-750.9
891;17337.3;-6814.0;16737.8;-542.6
892;15691.0;-6677.8;15096.3;-628.7
894;17565.3;-6756.0;16963.0;-524.6
895;12024.3;-2336.4;11311.8;-831.8
896;17844.1;-6684.2;17238.2;-512.6
897;13592.3;-5064.7;12957.3;-740.8
898;12271.3;-2888.8;11575.1;-812.9
899;17608.9;-6745.0;17006.0;-522.6
900;12181.0;-2696.3;11479.0;-821.8
901;14991.6;-6332.3;14389.6;-665.7
902;16793.8;-6867.9;16199.3;-568.7
903;17941.4;-6658.0;17334.3;-506.6
904;18311.6;-6531.0;17698.7;-482.6
905;16123.8;-6794.3;15530.7;-600.7
906;13940.9;-5466.0;13316.7;-722.5
907;21719.8;-3573.5;20979.6;-310.5
908;14554.5;-6036.6;13945.2;-692.0
909;21368.9;-4072.3;20649.3;-327.5
910;14970.8;-6320.1;14368.6;-667.7
911;19502.5;-5951.7;18861.7;-429.6
912;19238.7;-6110.5;18605.5;-434.6
913;13365.1;-4771.2;12722.1;-754.0
914;17213.9;-6825.4;16615.7;-541.6
915;18348.1;-6523.9;17734.7;-482.6
916;18189.6;-6572.3;17578.5;-492.6
917;15673.0;-6666.2;15078.3;-624.7
918;17064.2;-6852.6;16467.5;-554.7
919;15130.6;-6416.1;14530.8;-651.7
920;13027.6;-4279.6;12370.8;-772.3
921;18990.3;-6245.7;18363.3;-445.6
922;14681.2;-6127.8;14074.4;-680.9
923;20128.2;-5456.6;19466.3;-392.6
924;17913.1;-6664.5;17306.3;-508.6
925;13777.4;-5288.6;13148.5;-733.6
926;15775.5;-6702.3;15181.4;-619.7
927;15426.8;-6562.4;14830.0;-640.7
928;13833.9;-5347.8;13206.6;-728.6
929;17628.2;-6740.3;17025.0;-522.6
930;14902.8;-6281.3;14299.6;-669.7
931;20863.2;-4703.6;20169.9;-352.5
932;18642.9;-6422.6;18024.0;-468.6
933;13809.6;-5319.1;13181.5;-728.6
934;16172.8;-6803.5;15579.7;-597.7
935;15592.5;-6639.8;14997.2;-632.7
936;11996.3;-2265.7;11281.8;-831.8
937;18843.5;-6332.6;18220.1;-463.6
938;18895.8;-6297.2;18271.2;-455.6
939;18826.1;-6336.2;18203.1;-461.6
940;14963.9;-6316.3;14361.6;-667.7
941;19235.6;-6116.7;18602.5;-437.6
942;15642.2;-6658.7;15047.2;-629.7
943;18856.7;-6327.2;18233.1;-463.6
944;21390.2;-4047.8;20669.4;-330.5
945;16614.9;-6867.2;16021.1;-581.7
946;12377.3;-3112.4;11687.2;-808.8
947;15345.3;-6532.4;14748.0;-643.7
948;18020.7;-6634.8;17412.4;-504.6
949;19669.8;-5825.3;19023.9;-413.6
950;13130.3;-4429.6;12477.9;-761.2
951;15696.0;-6677.3;15101.3;-626.7
952;16879.5;-6860.3;16284.4;-559.7
953;17440.6;-6795.7;16839.9;-537.6
954;18788.1;-6362.6;18166.1;-464.6
955;13627.1;-5104.1;12993.4;-735.8
956;15049.7;-6370.5;14448.7;-658.7
957;19062.0;-6211.9;18433.3;-444.6
958;17320.1;-6817.4;16720.8;-543.6
959;17480.1;-6779.5;16878.9;-528.6
960;19396.3;-6022.6;18758.6;-435.6
961;16516.3;-6855.5;15923.0;-580.7
962;17700.2;-6723.3;17096.1;-519.6
963;15355.3;-6538.6;14758.0;-645.7
964;12566.0;-3482.5;11886.4;-799.7
965;12699.8;-3733.2;12027.5;-792.6
966;16429.1;-6847.0;15836.0;-585.7
967;15671.0;-6665.5;15076.3;-624.7
968;14420.2;-5920.4;13808.1;-694.1
969;17111.7;-6843.7;16514.6;-550.7
970;13786.2;-5297.4;13157.5;-732.6
971;16532.6;-6854.2;15939.1;-579.7
972;16170.8;-6804.5;15577.7;-598.7
973;13918.3;-5445.1;13293.6;-725.5
974;10180.7;5467.5;9240.9;-941.3
975;20352.1;-5254.3;19681.5;-384.6
976;17108.6;-6848.0;16511.6;-553.7
978;15045.8;-6371.3;14444.7;-660.7
979;17321.1;-6819.6;16721.8;-545.6
980;15591.5;-6639.3;14996.2;-632.7
981;17852.3;-6682.4;17246.2;-512.6
982;13561.3;-5026.9;12925.3;-742.8
983;16711.4;-6863.4;16117.2;-570.7
984;16071.9;-6783.7;15478.6;-604.7
985;15716.8;-6688.2;15122.3;-628.7
986;15610.5;-6650.6;15015.2;-635.7
987;16780.8;-6865.9;16186.3;-568.7
988;18849.5;-6332.5;18226.1;-464.6
989;14766.9;-6188.8;14161.4;-676.8
990;15098.1;-6399.7;14497.7;-657.7
991;16676.2;-6868.0;16082.2;-576.7
992;15891.3;-6735.8;15297.5;-613.7
993;17303.9;-6821.1;16704.7;-544.6
994;18240.2;-6561.1;17628.6;-489.6
995;19873.8;-5670.2;19221.0;-404.6
996;15900.2;-6740.2;15306.5;-613.7
997;10228.9;5088.4;9300.0;-937.1
998;16032.9;-6779.6;15439.6;-609.7
999;17211.9;-6824.2;16613.7;-540.6
1000;15705.9;-6681.9;15111.3;-626.7
