CASO;pATIVA;pREATIVA;dATIVA;dREATIVA
1;99373.5;-10719.1;95879.8;23628.5
2;97039.4;-13897.4;93749.4;23068.0
3;97076.2;-14110.2;93825.4;23085.2
4;96574.4;-14452.9;93317.5;22951.0
5;98543.6;-12123.0;95161.0;23433.9
6;95298.2;-16332.6;92156.6;22647.8
7;99529.2;-10421.6;96009.7;23658.8
8;96861.1;-14277.3;93609.5;23025.1
9;97989.1;-12794.2;94641.0;23303.8
10;97401.9;-13549.9;94099.8;23159.0
11;99214.4;-10903.0;95726.9;23581.0
12;95555.9;-15785.3;92374.3;22707.1
13;97338.2;-13506.1;94022.5;23143.8
14;97252.1;-13761.8;93965.9;23124.5
15;98880.5;-11396.0;95425.7;23499.2
16;96533.1;-14593.4;93292.9;22942.7
17;97513.2;-13287.5;94184.3;23189.5
18;96773.3;-14211.8;93501.4;23002.0
19;97730.7;-13097.4;94397.6;23240.6
20;98281.4;-12247.6;94884.3;23366.4
21;96525.7;-14644.9;93292.9;22942.6
22;98884.5;-11419.8;95434.2;23504.1
23;98631.3;-11754.4;95200.9;23445.8
24;98177.6;-12523.7;94811.0;23349.9
25;98618.9;-11824.7;95197.8;23444.8
26;96971.7;-14018.4;93691.1;23044.8
27;97558.0;-13310.6;94237.1;23200.7
28;96690.5;-14478.6;93450.9;22986.0
29;97372.3;-13646.8;94082.8;23155.4
30;98225.5;-12342.6;94836.5;23356.2
31;96962.9;-14032.1;93683.6;23044.1
32;97260.9;-13589.1;93949.2;23122.4
33;96924.2;-14336.2;93689.9;23044.5
34;96805.2;-14185.9;93532.4;23007.8
35;96990.3;-13953.0;93701.9;23047.9
36;97673.5;-13064.2;94328.5;23220.0
37;96535.8;-14500.5;93281.8;22940.2
38;97910.7;-12870.2;94564.4;23280.7
39;99425.7;-10586.2;95918.5;23638.3
40;98453.8;-11990.4;95038.6;23409.1
41;97477.5;-13369.8;94157.2;23182.9
42;96766.0;-14222.8;93494.8;23000.2
43;96860.3;-14354.7;93621.3;23027.3
44;99464.7;-10514.2;95951.1;23643.8
45;97753.2;-12955.4;94401.1;23242.3
46;97010.1;-13974.9;93727.9;23057.8
47;97884.2;-12782.4;94520.9;23270.1
48;99894.3;-9864.5;96338.9;23751.7
49;97799.4;-13016.1;94462.0;23255.1
50;98330.1;-12180.8;94928.1;23374.1
51;98002.4;-12622.0;94629.0;23300.2
52;97300.4;-13601.2;93994.8;23135.3
53;96499.4;-14611.8;93257.3;22929.0
54;97309.0;-13552.3;93997.0;23135.5
55;97463.4;-13337.6;94136.2;23173.5
56;98288.4;-12223.1;94888.4;23367.7
57;98541.8;-11964.8;95133.6;23431.9
58;98657.8;-11715.2;95224.4;23452.1
59;97980.1;-12655.6;94609.2;23297.0
60;98567.6;-12094.3;95184.0;23442.5
61;96887.8;-14141.9;93616.9;23025.7
62;98997.4;-11252.6;95535.6;23530.6
63;98208.1;-12354.1;94818.6;23351.8
64;97367.5;-13459.8;94048.0;23149.9
65;98135.1;-12700.5;94793.2;23345.7
66;97623.5;-13148.0;94284.9;23207.7
67;98862.1;-11521.8;95424.6;23499.0
68;99239.2;-11067.7;95782.7;23600.5
69;99983.1;-9693.8;96416.0;23781.2
70;96248.6;-14838.0;93015.6;22873.8
71;96177.5;-15030.2;92964.6;22860.6
72;97145.2;-13744.1;93843.8;23091.2
73;97845.3;-12891.8;94494.2;23264.5
74;98598.9;-11811.1;95172.6;23435.8
75;97987.9;-12801.6;94640.8;23303.5
76;95596.2;-15720.1;92411.8;22721.5
77;97298.7;-13875.1;94038.5;23148.2
78;98538.1;-11898.4;95119.1;23428.0
79;97927.3;-12723.6;94560.1;23279.4
80;98423.5;-12302.5;95055.7;23414.8
81;97445.6;-13400.7;94125.4;23167.3
82;97471.3;-13352.0;94146.7;23174.2
83;97881.0;-12783.7;94517.7;23269.7
84;98100.0;-12483.4;94717.0;23321.3
85;97879.6;-12850.5;94526.3;23272.7
86;97784.5;-13107.3;94459.9;23255.1
87;96993.3;-13943.4;93703.9;23049.9
88;98065.9;-12529.6;94686.2;23317.6
89;97809.4;-12952.6;94463.1;23256.3
90;98875.6;-11405.0;95421.5;23497.9
91;98947.7;-11302.5;95486.9;23516.3
92;97880.7;-12785.1;94517.6;23269.6
93;97286.0;-13562.9;93973.4;23129.2
94;97019.2;-13909.0;93727.8;23056.6
95;98074.3;-12751.8;94731.7;23325.4
96;97778.8;-12920.7;94424.6;23248.6
97;97317.0;-13521.9;94001.3;23136.9
98;97742.3;-13013.8;94397.7;23240.7
99;97033.4;-13885.6;93740.9;23066.3
100;98354.1;-12434.4;94998.3;23398.6
101;97194.9;-13677.7;93889.2;23104.1
102;98963.6;-11276.8;95501.2;23521.3
103;98063.7;-12693.6;94709.6;23320.7
104;98301.4;-12211.0;94900.8;23368.2
105;96545.5;-14547.4;93299.2;22943.1
106;97864.3;-12802.2;94501.7;23265.3
107;98453.2;-11987.5;95037.5;23409.0
108;96703.1;-14304.8;93436.8;22981.5
109;97390.0;-13534.3;94083.9;23155.6
110;97730.1;-13075.9;94393.1;23237.8
111;96262.7;-14874.6;93037.0;22882.9
112;98001.4;-12707.0;94640.8;23303.4
113;98544.7;-12005.8;95143.0;23432.4
114;96774.4;-14296.2;93515.5;23004.6
115;98034.4;-12628.0;94665.7;23310.3
116;96322.3;-14828.4;93095.8;22893.1
117;97641.5;-13213.6;94315.0;23214.8
118;95994.6;-15313.8;92801.9;22820.3
119;98866.4;-11411.8;95412.1;23496.2
120;98063.9;-12737.6;94716.9;23321.2
121;97639.4;-13260.7;94320.8;23219.0
122;96881.4;-14089.3;93601.6;23021.9
123;99009.3;-11262.0;95550.6;23536.2
124;99760.4;-10050.1;96216.5;23724.7
125;95771.6;-15479.1;92574.4;22757.5
126;98978.6;-11249.4;95513.7;23525.2
127;99388.6;-10628.2;95883.0;23628.8
128;98008.2;-12756.0;94657.1;23308.3
129;96448.8;-14607.1;93200.8;22914.0
130;98544.0;-12120.0;95160.9;23433.8
131;97498.0;-13314.0;94171.8;23187.8
132;97037.7;-13953.1;93755.9;23068.6
133;96387.2;-14831.6;93167.9;22910.3
134;98252.0;-12276.0;94855.6;23358.8
135;98501.0;-11959.1;95087.3;23421.2
136;97030.9;-13891.3;93738.7;23064.0
137;98183.3;-12574.9;94826.0;23353.4
138;96508.1;-14538.9;93256.2;22928.8
139;98514.5;-11904.7;95093.7;23421.9
140;97748.0;-12973.0;94397.8;23241.0
141;97461.1;-13529.4;94164.5;23184.4
142;97591.7;-13226.7;94261.4;23204.5
143;98551.1;-12081.2;95162.2;23434.2
144;98414.2;-12323.6;95048.0;23410.8
145;98231.0;-12296.5;94835.4;23356.1
146;97840.8;-12841.7;94481.0;23257.6
147;97780.3;-12916.7;94425.6;23248.6
148;98321.3;-12253.9;94929.1;23374.2
149;97929.7;-12720.8;94562.3;23279.6
150;98389.6;-12079.8;94980.5;23394.4
151;97354.1;-13473.4;94035.3;23147.8
152;95171.9;-16376.9;92021.9;22612.3
153;98764.9;-11602.7;95328.0;23477.7
154;99931.1;-10072.1;96418.1;23781.3
155;98133.4;-12441.8;94747.7;23328.9
156;97600.5;-13169.1;94262.5;23204.7
157;97560.9;-13211.1;94225.4;23197.6
158;97572.9;-13251.4;94244.4;23201.1
159;97730.3;-12993.4;94380.2;23232.6
160;96518.7;-14590.4;93276.6;22939.8
161;97101.9;-13968.5;93831.1;23087.1
162;96661.7;-14349.9;93398.2;22972.7
163;97933.9;-12785.7;94577.3;23288.1
164;97339.6;-13663.9;94049.1;23150.0
165;98193.4;-12363.0;94803.6;23349.3
166;97510.4;-13273.6;94179.2;23188.4
167;98717.9;-11630.2;95279.3;23464.5
168;97905.4;-12753.2;94540.2;23275.0
169;99990.7;-9673.2;96421.3;23781.5
170;95733.1;-15537.8;92538.9;22747.0
171;97012.2;-13919.4;93721.3;23053.9
172;98583.5;-12088.1;95200.9;23445.8
173;100353.2;-9070.2;96744.2;23855.5
174;97425.4;-13388.0;94100.8;23159.0
175;97739.5;-13035.6;94397.7;23240.7
176;97429.1;-13509.3;94124.2;23167.0
177;99074.4;-11106.7;95600.5;23547.8
178;97376.0;-13503.3;94063.6;23151.8
179;98373.4;-12189.9;94979.4;23394.2
180;97341.7;-13487.8;94023.7;23144.0
181;96374.2;-14685.1;93131.3;22901.6
182;98013.6;-12611.4;94639.7;23303.3
183;98192.1;-12429.3;94812.1;23350.0
184;99049.1;-11149.7;95577.6;23539.8
185;97593.8;-13174.1;94255.9;23203.8
186;97037.7;-13881.0;93745.1;23067.5
187;98224.7;-12519.0;94863.2;23359.8
188;97930.6;-12774.7;94571.7;23285.3
189;97974.8;-12658.8;94603.9;23296.6
190;97626.7;-13132.6;94286.0;23207.9
191;98899.8;-11366.5;95443.0;23506.3
192;98057.3;-12544.8;94678.8;23314.9
193;99660.7;-10380.5;96154.5;23706.0
194;98834.7;-11564.1;95400.6;23495.4
195;98335.9;-12331.9;94959.2;23385.5
196;96005.9;-15144.6;92790.1;22818.3
197;98308.6;-12205.4;94908.3;23370.9
198;98113.5;-12467.5;94729.5;23325.1
199;98522.9;-11893.5;95101.2;23423.7
200;98779.8;-11596.0;95343.3;23480.1
201;97228.6;-13793.1;93944.9;23121.1
202;98527.4;-11955.3;95115.9;23427.7
203;97084.2;-13851.6;93792.4;23079.3
204;99748.0;-10068.2;96204.9;23721.8
205;96318.0;-14752.7;93079.6;22889.4
206;95840.8;-15551.6;92662.6;22782.3
207;95980.1;-15182.1;92766.6;22811.2
208;96761.6;-14227.1;93490.6;22999.9
209;96506.8;-14685.5;93278.7;22940.0
210;99743.1;-10104.0;96204.9;23721.8
211;97297.2;-13784.3;94022.3;23143.4
212;96306.0;-14767.0;93068.9;22888.5
213;98848.9;-11498.5;95405.7;23495.7
214;97034.0;-14061.5;93769.9;23072.2
215;96390.5;-14774.5;93162.5;22907.7
216;98598.8;-11805.0;95171.6;23435.8
217;98322.2;-12266.0;94932.4;23376.6
218;97208.1;-13666.1;93901.9;23107.2
219;99151.9;-10987.9;95670.2;23569.7
220;97810.4;-13005.7;94472.5;23256.9
221;99368.2;-10717.9;95873.5;23625.0
222;98203.5;-12339.3;94811.0;23349.9
223;99308.7;-10761.1;95812.6;23608.5
224;97790.1;-13035.3;94454.4;23252.3
225;96420.9;-14645.4;93176.6;22912.2
226;100234.4;-9491.1;96671.6;23831.7
227;97106.7;-13794.6;93808.4;23081.7
228;97474.7;-13326.8;94146.8;23175.3
229;96956.3;-13992.5;93670.1;23039.3
230;97469.5;-13329.7;94141.5;23173.9
231;97939.8;-12706.8;94571.8;23285.4
232;97892.9;-12766.5;94528.6;23274.0
233;98365.2;-12122.5;94959.4;23386.7
234;99562.7;-10456.7;96055.0;23681.4
235;97553.7;-13375.1;94242.3;23200.9
236;96398.2;-14733.5;93164.7;22908.0
237;96404.9;-14988.9;93211.9;22917.5
238;97001.3;-13932.7;93711.2;23051.3
239;95915.2;-15529.6;92744.1;22806.1
240;98535.1;-11898.4;95115.9;23427.8
241;97120.4;-13951.3;93849.2;23091.7
242;97307.8;-13791.0;94035.2;23146.8
243;97675.6;-13085.2;94334.1;23221.0
244;96239.6;-14907.5;93015.6;22873.8
245;96783.0;-14234.5;93515.4;23004.5
246;98381.4;-12090.7;94973.1;23393.7
247;98316.9;-12284.6;94929.1;23374.2
248;97202.5;-13672.6;93896.4;23104.5
249;99594.7;-10305.4;96067.9;23684.8
250;96333.0;-14792.0;93102.2;22895.7
251;97306.5;-13586.4;93999.2;23135.9
252;97444.7;-13362.2;94118.9;23166.6
253;94804.4;-16895.7;91679.1;22514.6
254;99733.0;-10107.4;96193.1;23712.5
255;97999.0;-12925.2;94675.6;23313.6
256;96608.6;-14428.1;93351.3;22958.5
257;99850.6;-9917.7;96297.5;23740.0
258;98281.9;-12263.8;94887.4;23366.6
259;98119.3;-12460.0;94735.0;23326.9
260;97046.5;-13867.0;93752.7;23068.4
261;97806.3;-12896.7;94451.2;23252.0
262;96114.9;-15009.4;92891.5;22843.3
263;98488.8;-12066.6;95090.4;23421.4
264;97266.3;-13703.8;93973.5;23129.4
265;97823.1;-12937.7;94475.8;23257.3
266;98922.2;-11490.8;95488.1;23517.6
267;97975.7;-12672.9;94607.1;23296.9
268;97943.7;-12838.0;94596.9;23293.1
269;97968.7;-12701.7;94603.7;23296.2
270;96886.5;-14272.5;93637.2;23029.5
271;98513.9;-12137.0;95130.5;23431.6
272;99277.0;-10901.2;95798.9;23605.3
273;98443.9;-12160.2;95054.5;23414.5
274;98595.7;-11895.1;95183.0;23442.5
275;96758.4;-14319.4;93501.4;23002.1
276;96773.2;-14271.3;93510.0;23002.9
277;96197.1;-14905.9;92967.8;22860.9
278;98976.2;-11253.5;95511.6;23523.9
279;97417.6;-13395.1;94093.6;23158.6
280;99135.8;-11072.6;95664.8;23568.1
281;96869.5;-14099.1;93590.2;23020.3
282;97168.7;-13914.1;93897.7;23105.9
283;97751.5;-13222.2;94442.6;23251.1
284;98643.5;-11737.0;95211.9;23449.4
285;97758.3;-12966.0;94408.6;23245.2
286;97896.0;-12793.6;94536.1;23274.8
287;97727.7;-13011.9;94380.2;23232.5
288;97834.8;-13070.6;94511.2;23267.9
289;96510.7;-14693.3;93283.9;22940.2
290;97783.6;-12914.3;94428.8;23248.9
291;97494.5;-13293.2;94164.5;23184.4
292;97625.7;-13237.6;94300.9;23212.3
293;98190.7;-12355.5;94799.5;23347.1
294;96956.5;-14141.7;93694.3;23045.0
295;97604.6;-13245.7;94278.4;23206.0
296;97368.5;-13459.4;94049.0;23149.9
297;98078.8;-12678.8;94724.4;23324.9
298;98486.5;-12017.7;95079.8;23419.6
299;96697.0;-14350.1;93436.7;22980.3
300;98276.5;-12305.2;94887.4;23366.6
301;99867.4;-9887.2;96312.2;23745.1
302;96160.8;-14945.0;92933.9;22856.2
303;96797.2;-14338.4;93548.3;23014.1
304;96757.1;-14326.5;93501.2;23001.8
305;97395.1;-13433.7;94074.1;23153.5
306;99381.5;-10659.1;95879.7;23628.5
307;97708.0;-13140.2;94378.0;23232.2
308;96962.9;-13985.3;93676.5;23040.8
309;98334.0;-12166.3;94930.3;23376.5
310;97037.0;-13971.2;93758.1;23069.0
311;98867.9;-11414.6;95414.2;23496.4
312;97966.0;-12892.4;94631.3;23300.6
313;99094.4;-11301.5;95655.3;23566.2
314;97003.2;-13934.1;93713.5;23051.7
315;100870.3;-8248.3;97223.2;23977.5
316;98512.8;-12057.8;95115.9;23427.7
317;98354.2;-12183.0;94956.0;23384.1
318;97628.1;-13227.7;94302.3;23213.8
319;96926.9;-14031.4;93643.6;23032.2
320;96749.5;-14440.9;93511.0;23002.9
321;97552.2;-13283.4;94226.4;23197.6
322;96853.9;-14113.6;93575.3;23018.0
323;97975.0;-12663.6;94605.0;23296.7
324;96781.5;-14453.5;93549.5;23014.5
325;98333.8;-12169.7;94930.3;23374.4
326;98680.4;-11679.1;95244.7;23458.1
327;96952.8;-13996.1;93666.8;23038.9
328;98937.4;-11323.0;95478.6;23513.8
329;97422.3;-13487.5;94112.5;23161.0
330;98898.7;-11366.0;95441.8;23505.9
331;98129.0;-12446.1;94743.5;23328.6
332;98821.4;-11735.8;95413.1;23496.3
333;96661.6;-14350.5;93398.2;22972.7
334;97587.7;-13227.5;94257.1;23204.1
335;99204.4;-10914.1;95717.3;23578.1
336;97027.2;-13951.0;93744.0;23067.4
337;95578.6;-15751.1;92395.8;22716.2
338;95678.2;-15616.3;92488.9;22737.8
339;95104.1;-16464.8;91957.2;22593.6
340;95500.6;-15896.7;92326.8;22694.1
341;97233.7;-13692.7;93934.3;23117.2
342;99027.8;-11187.8;95559.8;23538.6
343;97203.8;-13668.7;93897.5;23105.5
344;98021.3;-12596.9;94646.3;23306.1
345;97594.1;-13171.5;94255.9;23203.8
346;97724.7;-13005.1;94375.7;23231.8
347;97523.7;-13259.6;94191.5;23190.9
348;97515.4;-13264.8;94183.2;23188.4
349;98157.1;-12417.7;94770.8;23335.5
350;96469.4;-14586.1;93220.3;22919.0
351;98730.6;-11701.3;95304.5;23472.4
352;98641.9;-11747.4;95211.8;23449.3
353;97479.1;-13309.9;94150.0;23181.6
354;98515.5;-11904.2;95094.9;23423.2
355;96955.3;-13993.3;93669.1;23039.3
356;97094.5;-13960.5;93820.9;23084.4
357;97821.5;-13058.1;94494.0;23264.2
358;97486.0;-13307.1;94157.3;23183.1
359;97162.6;-13903.8;93889.1;23104.0
360;96991.3;-13944.4;93701.8;23047.7
361;97094.9;-13809.7;93797.6;23079.6
362;98634.7;-11923.3;95231.8;23454.8
363;95673.1;-15656.4;92488.9;22737.8
364;98028.9;-12668.0;94665.8;23310.5
365;97437.8;-13375.1;94112.6;23161.1
366;98436.4;-12033.8;95025.9;23405.0
367;98214.8;-12325.0;94821.7;23353.0
368;94820.4;-16858.6;91691.8;22518.6
369;98277.7;-12281.9;94885.3;23366.5
370;97994.0;-12797.3;94647.3;23306.2
371;97733.3;-12991.5;94383.5;23233.9
372;97173.5;-13744.9;93874.9;23097.3
373;98578.7;-11825.0;95152.4;23433.0
374;97238.8;-13654.6;93934.2;23116.1
375;99620.8;-10267.7;96091.1;23687.7
376;98260.1;-12267.8;94863.3;23359.9
377;99927.6;-9831.7;96372.7;23764.6
378;96855.6;-14186.9;93588.0;23020.0
379;95873.6;-15319.9;92667.9;22785.7
380;98424.3;-12026.8;95011.2;23402.0
381;98578.5;-11826.4;95152.4;23432.9
382;97739.4;-13006.7;94393.2;23239.1
383;96104.4;-15022.5;92881.7;22840.2
384;97193.4;-13688.8;93889.2;23104.1
385;98300.9;-12395.2;94929.1;23374.2
386;97496.2;-13295.6;94166.6;23184.6
387;97587.3;-13179.2;94249.6;23202.3
388;97500.3;-13341.6;94178.1;23188.3
389;96693.1;-14468.6;93452.0;22986.2
390;97121.2;-13778.4;93822.1;23084.7
391;96218.9;-14877.5;92987.7;22864.1
392;99551.1;-10383.5;96028.8;23664.6
393;97172.5;-13710.1;93868.6;23095.7
394;98176.0;-12371.6;94785.7;23344.9
395;96631.8;-14386.2;93370.7;22964.5
396;98511.0;-11908.3;95090.3;23421.4
397;95751.9;-15554.1;92562.4;22754.2
398;98642.8;-11741.5;95211.9;23449.3
399;97657.6;-13115.4;94318.2;23216.1
400;99913.0;-9819.8;96353.4;23754.5
401;96319.9;-14885.4;93102.2;22895.6
402;97776.9;-12920.1;94422.5;23248.5
403;98052.5;-12559.3;94675.6;23313.7
404;98964.6;-11337.3;95511.6;23524.0
405;97226.8;-13640.4;93918.6;23111.2
406;97742.2;-13238.8;94435.1;23250.3
407;95450.5;-16096.0;92296.9;22686.5
408;96808.1;-14264.5;93548.3;23014.1
409;98148.6;-12417.4;94761.2;23334.7
410;98832.8;-11539.2;95394.2;23493.9
411;97395.2;-13425.5;94072.9;23153.3
412;99841.6;-10005.2;96300.8;23740.4
413;99544.7;-10396.4;96023.4;23663.0
414;97623.8;-13235.9;94298.7;23211.9
415;95186.4;-16340.4;92033.3;22616.3
416;95836.6;-15432.3;92641.5;22775.8
417;96874.8;-14095.2;93595.5;23021.7
418;98846.7;-11522.1;95406.8;23495.8
419;97983.6;-12803.6;94636.5;23303.0
420;95509.5;-15913.1;92339.1;22696.9
421;97449.4;-13356.8;94123.0;23166.8
422;99342.3;-10855.6;95866.3;23623.7
423;97251.6;-13803.8;93973.5;23129.4
424;96894.1;-14123.2;93621.2;23027.1
425;99852.2;-9914.0;96298.7;23740.3
426;97726.9;-13145.5;94401.2;23243.6
427;97152.3;-13814.8;93862.3;23095.4
428;98040.8;-12574.1;94664.7;23310.3
429;97720.7;-13064.6;94380.2;23232.5
430;97213.9;-13658.9;93907.3;23108.7
431;98952.2;-11290.1;95490.4;23519.1
432;98857.4;-11442.6;95406.8;23495.8
433;98557.0;-11869.4;95135.8;23432.0
434;97598.5;-13169.2;94260.3;23204.4
435;98890.0;-11401.0;95437.3;23504.2
436;97622.0;-13276.2;94303.4;23213.9
437;98137.7;-12580.2;94775.1;23338.9
438;98740.0;-11760.8;95324.7;23477.3
439;98518.8;-11894.9;95097.1;23423.5
440;99575.7;-10357.8;96053.9;23680.2
441;98148.4;-12418.6;94761.2;23334.7
442;95944.4;-15224.5;92733.5;22805.2
443;96465.2;-14729.2;93238.2;22924.4
444;99097.5;-11075.1;95621.4;23552.2
445;97320.0;-13595.9;94016.0;23142.0
446;98022.9;-12856.9;94691.7;23319.3
447;96793.0;-14232.4;93526.0;23006.3
448;98707.3;-11808.1;95295.0;23468.6
449;97269.6;-13638.2;93965.9;23124.5
450;99211.6;-10909.5;95724.7;23579.6
451;97124.3;-13769.5;93824.2;23084.8
452;98849.1;-11518.3;95408.9;23495.9
453;98375.4;-12134.5;94973.1;23393.7
454;96930.6;-14025.5;93646.8;23033.4
455;98841.3;-11455.9;95391.0;23492.4
456;96748.0;-14276.4;93483.0;22998.0
457;96804.7;-14327.1;93554.8;23014.8
458;98408.2;-12195.4;95019.5;23403.5
459;97023.5;-13938.8;93737.6;23062.7
460;97032.9;-14044.7;93765.5;23069.5
461;97301.6;-13634.6;94001.3;23136.9
462;96626.7;-14561.8;93393.0;22972.5
463;98790.9;-11522.7;95344.3;23480.2
464;98280.4;-12446.9;94914.6;23372.4
465;97631.9;-13121.3;94290.2;23209.3
466;97581.0;-13275.6;94257.0;23203.9
467;98120.7;-12608.9;94760.2;23333.6
468;99518.3;-10611.2;96027.7;23664.4
469;98589.5;-11810.9;95162.3;23434.4
470;97137.5;-13752.7;93836.6;23089.9
471;98467.8;-12096.2;95071.5;23418.0
472;97581.8;-13192.3;94245.4;23201.1
473;97470.0;-13360.8;94146.8;23175.3
474;99644.9;-10282.5;96120.6;23696.1
475;97238.0;-13632.9;93929.9;23113.5
476;97165.5;-13717.9;93862.3;23095.4
477;95629.1;-15993.9;92484.3;22737.0
478;96193.0;-15228.2;93011.2;22872.3
479;98147.6;-12423.8;94761.2;23334.7
480;96959.7;-14008.3;93676.5;23040.8
481;98214.6;-12326.5;94821.7;23353.0
482;96498.5;-14780.7;93284.0;22940.4
483;96863.6;-14249.7;93607.1;23022.5
484;98381.9;-12087.0;94973.1;23393.7
485;99180.5;-11142.6;95726.8;23580.9
486;98299.1;-12213.9;94898.7;23368.2
487;98927.0;-11450.4;95486.9;23516.2
488;99465.4;-10587.5;95962.7;23646.7
489;98737.5;-11796.1;95328.1;23477.8
490;96741.4;-14254.7;93472.0;22991.5
491;97553.1;-13476.6;94259.2;23204.2
492;98317.1;-12358.7;94941.7;23379.2
493;97220.7;-13776.7;93933.1;23115.9
494;98148.8;-12416.0;94761.3;23334.7
495;96055.6;-15085.8;92837.2;22831.6
496;96823.6;-14154.7;93548.4;23014.3
497;98226.8;-12326.8;94835.4;23356.1
498;95374.8;-16080.4;92208.8;22656.8
499;96542.8;-14493.9;93288.4;22941.0
500;97667.7;-13071.4;94323.2;23219.6
501;95906.0;-15272.1;92698.3;22795.1
502;97722.4;-13200.2;94405.4;23243.9
503;96849.8;-14123.1;93572.2;23017.8
504;97375.8;-13455.0;94056.4;23150.4
505;97386.3;-13592.4;94089.3;23158.2
506;97877.1;-12827.7;94519.8;23269.9
507;97064.1;-13986.3;93791.3;23079.1
508;97794.3;-12899.2;94438.3;23250.6
509;97041.9;-13929.8;93757.0;23068.9
510;98208.0;-12599.5;94858.8;23359.2
511;99463.7;-10521.9;95951.2;23643.9
512;97868.5;-12920.9;94525.3;23272.6
513;97864.9;-12804.8;94502.8;23265.3
514;96485.1;-14574.7;93236.0;22922.1
515;98358.8;-12364.8;94992.0;23397.2
516;96880.5;-14160.0;93611.7;23025.3
517;96819.6;-14313.3;93568.6;23016.0
518;98236.4;-12407.9;94858.9;23359.3
519;97861.4;-12906.3;94514.4;23268.3
520;98799.4;-11790.3;95397.4;23494.1
521;99194.9;-10934.8;95709.9;23577.5
522;97096.6;-13931.5;93818.7;23084.2
523;97807.9;-13016.3;94471.4;23256.8
524;99545.0;-10394.6;96023.4;23663.0
525;98691.4;-11661.2;95254.2;23459.9
526;98404.9;-12152.5;95009.1;23401.8
527;99058.2;-11131.4;95585.2;23541.8
528;97000.8;-14189.8;93753.8;23068.6
529;98350.3;-12140.8;94945.1;23381.7
530;99137.1;-11095.5;95670.3;23569.8
531;99378.8;-10665.4;95877.7;23628.3
532;96821.8;-14298.8;93568.7;23016.2
533;97408.8;-13495.5;94098.7;23158.9
534;98061.2;-12590.6;94690.5;23319.0
535;97374.5;-13507.5;94062.5;23150.6
536;97272.5;-13580.1;93960.5;23123.9
537;98390.5;-12073.8;94980.6;23394.5
538;97294.9;-13640.5;93994.7;23135.1
539;95833.2;-15417.5;92635.9;22774.9
540;98007.6;-12844.7;94671.4;23312.3
541;97169.7;-14029.1;93917.5;23111.1
542;96924.1;-14030.5;93640.3;23029.6
543;96030.9;-15314.4;92843.0;22832.8
544;98728.7;-11720.3;95305.7;23472.7
545;95386.1;-16073.1;92220.4;22659.7
546;95926.3;-15246.2;92716.5;22799.8
547;97399.1;-13425.8;94077.3;23153.8
548;98972.8;-11257.9;95508.4;23523.7
549;99053.4;-11178.2;95587.4;23544.1
550;96454.2;-14853.3;93245.5;22925.9
551;97506.7;-13286.6;94177.0;23188.1
552;96128.7;-15001.1;92905.5;22845.7
553;98725.2;-11738.2;95304.6;23472.5
554;96146.9;-15022.3;92929.6;22854.7
555;97539.8;-13323.8;94219.0;23197.0
556;98767.1;-11552.8;95322.7;23477.2
557;97436.8;-13464.5;94125.4;23167.3
558;99182.1;-11152.4;95730.3;23581.6
559;96780.5;-14210.4;93508.9;23002.7
560;98013.5;-12845.6;94678.7;23314.9
561;98578.3;-11828.4;95152.4;23433.0
562;97558.1;-13217.6;94223.2;23197.3
563;99111.5;-11176.2;95654.2;23566.1
564;98235.6;-12382.6;94853.4;23357.6
565;95981.5;-15270.4;92781.5;22815.4
566;101904.8;-5791.2;98097.1;24214.6
567;98359.8;-12128.5;94953.7;23382.7
568;97781.2;-13091.6;94453.2;23252.1
569;96216.1;-15069.2;93013.4;22873.6
570;97780.8;-12941.5;94429.8;23248.9
571;97185.6;-13709.0;93883.5;23103.0
572;98335.6;-12272.7;94949.5;23382.3
573;98059.0;-12545.8;94680.9;23315.1
574;99628.1;-10297.5;96103.9;23691.1
575;97842.3;-12839.0;94482.2;23258.0
576;98211.0;-12333.1;94818.6;23351.8
577;98055.8;-12569.5;94680.9;23315.2
578;97547.9;-13234.6;94214.7;23196.6
579;97479.3;-13441.5;94170.7;23186.6
580;98843.6;-11446.5;95392.1;23492.6
581;98494.3;-11933.5;95075.6;23419.2
582;97016.9;-13973.6;93735.4;23061.4
583;96538.1;-14506.3;93285.1;22940.5
584;97619.2;-13222.3;94291.4;23209.4
585;98900.6;-11361.2;95443.1;23506.4
586;97653.0;-13164.5;94320.6;23218.8
587;99531.5;-10419.4;96011.8;23658.9
588;96881.3;-14090.2;93601.6;23021.9
589;97822.1;-12984.2;94482.2;23257.9
590;95093.8;-16494.7;91949.5;22591.7
591;97049.0;-13921.3;93763.4;23069.4
592;97354.6;-13476.2;94036.3;23147.9
593;98210.4;-12337.0;94818.5;23351.6
594;99490.7;-10480.7;95975.0;23650.2
595;97744.2;-12971.4;94393.2;23239.0
596;99197.0;-10995.2;95721.5;23579.3
597;98353.8;-12212.2;94960.4;23386.7
598;98703.7;-11734.4;95279.3;23464.5
599;97162.9;-13843.3;93879.1;23101.5
600;99088.8;-11326.7;95653.1;23565.9
601;96573.9;-14457.0;93317.5;22951.0
602;98190.9;-12381.0;94803.6;23349.3
603;96696.6;-14352.0;93436.9;22982.6
604;97092.9;-14030.8;93831.0;23087.0
605;96136.9;-15199.0;92944.5;22859.0
606;97075.6;-14148.8;93831.1;23087.2
607;98038.8;-12595.4;94665.8;23310.4
608;97631.4;-13125.6;94290.3;23209.3
609;96300.6;-14772.1;93063.6;22887.1
610;99214.4;-10924.7;95730.3;23581.6
611;98006.2;-12770.6;94657.0;23308.3
612;98742.1;-11609.7;95303.4;23472.3
613;98497.1;-11941.2;95079.9;23419.6
614;97000.9;-13936.0;93711.2;23051.4
615;95677.9;-15610.4;92487.8;22737.6
616;96735.4;-14312.4;93474.1;22993.8
617;98961.8;-11297.2;95502.2;23521.4
618;96600.0;-14426.8;93341.7;22956.8
619;98529.4;-11887.0;95107.5;23425.1
620;97036.7;-13917.1;93749.4;23067.9
621;98026.5;-12865.1;94697.0;23319.9
622;95790.5;-15554.9;92606.6;22767.6
623;98905.5;-11358.7;95448.3;23508.8
624;97654.7;-13103.1;94312.9;23214.7
625;98615.9;-11771.0;95186.1;23442.6
626;97873.9;-12851.8;94519.9;23270.0
627;98509.5;-11920.2;95090.5;23421.6
628;97599.7;-13167.4;94261.4;23204.5
629;98456.1;-11987.1;95040.7;23409.3
630;96129.8;-14993.1;92905.5;22845.8
631;96566.2;-14464.2;93310.1;22948.4
632;98438.8;-12010.3;95024.7;23404.8
633;97656.3;-13091.5;94313.0;23214.8
634;97410.8;-13627.1;94123.0;23166.8
635;97492.7;-13368.8;94173.9;23187.9
636;98193.4;-12412.5;94811.0;23349.8
637;97050.8;-13923.0;93765.5;23069.6
638;98171.6;-12609.4;94818.4;23351.6
639;96743.8;-14250.9;93474.1;22993.7
640;97221.1;-13787.1;93935.5;23118.6
641;98714.8;-11640.2;95277.2;23463.4
642;98757.9;-11887.4;95366.6;23486.3
643;96537.3;-14578.4;93295.1;22942.9
644;98548.5;-11910.6;95132.6;23431.8
645;96595.1;-14569.8;93358.6;22961.0
646;98442.3;-12005.5;95028.1;23406.4
647;95733.7;-15532.3;92538.8;22746.8
648;96514.3;-14654.5;93281.9;22940.2
649;97115.5;-13902.1;93835.5;23089.8
650;97525.5;-13253.8;94192.6;23191.0
651;99163.8;-10969.3;95681.0;23574.0
652;98622.6;-11818.5;95201.0;23446.0
653;99298.8;-10953.6;95832.4;23612.8
654;98951.8;-11291.9;95490.3;23518.9
655;97390.8;-13437.9;94069.9;23152.2
656;97407.3;-13408.2;94083.9;23155.6
657;98790.0;-11653.9;95364.5;23485.1
658;97740.6;-13011.7;94395.5;23240.5
659;97527.8;-13307.3;94203.2;23193.9
660;96306.6;-14807.5;93075.4;22889.2
661;97595.1;-13172.1;94257.1;23204.1
662;94807.6;-16878.2;91680.2;22514.8
663;97176.8;-13794.0;93886.7;23103.4
664;96675.0;-14359.6;93414.2;22977.2
665;98394.8;-12116.8;94992.0;23397.2
666;97165.6;-13717.4;93862.3;23095.4
667;97327.6;-13540.8;94016.2;23142.2
668;99066.9;-11286.0;95620.2;23552.0
669;96596.4;-14488.7;93347.0;22958.1
670;98012.3;-12628.3;94640.9;23303.5
671;95734.4;-15534.3;92540.0;22748.1
672;97794.0;-12901.7;94438.3;23250.6
673;98100.0;-12483.4;94717.0;23321.3
674;98587.3;-11817.1;95160.7;23433.5
675;96742.0;-14325.5;93484.2;22999.2
676;98016.6;-12604.9;94642.0;23303.8
677;98009.1;-12652.1;94641.0;23303.7
678;97651.7;-13188.4;94323.1;23219.4
679;97850.7;-12831.4;94490.6;23260.6
680;98162.0;-12401.2;94773.9;23337.7
681;98083.6;-12504.8;94702.3;23320.3
682;96640.7;-14506.6;93399.3;22972.8
683;96412.7;-14885.9;93204.1;22915.3
684;100330.9;-9104.7;96724.2;23852.9
685;99687.4;-10320.4;96175.2;23710.1
686;96253.4;-14827.9;93019.9;22878.2
687;98119.7;-12615.8;94760.2;23333.6
688;98325.2;-12264.1;94935.6;23378.0
689;98419.3;-12288.1;95048.0;23410.8
690;97841.5;-12837.7;94481.1;23257.8
691;96721.6;-14349.9;93464.4;22989.8
692;97498.4;-13312.2;94171.7;23186.7
693;97146.1;-13824.2;93856.6;23092.4
694;97827.0;-12908.5;94475.8;23257.3
695;97405.7;-13412.5;94082.7;23155.4
696;97564.9;-13217.3;94230.6;23199.0
697;98751.5;-11597.9;95311.9;23473.1
698;98974.8;-11256.1;95510.5;23523.8
699;96429.1;-14826.1;93213.0;22917.6
700;97188.6;-13686.9;93883.5;23103.1
701;96861.3;-14110.4;93582.7;23018.5
702;98927.8;-11528.8;95501.1;23521.3
703;97640.0;-13117.6;94298.8;23212.1
704;99166.9;-11159.8;95714.2;23577.9
705;97122.6;-14047.9;93867.4;23095.5
706;97713.3;-13141.4;94384.7;23236.2
707;96300.4;-14772.9;93063.6;22887.0
708;99053.0;-11142.1;95581.0;23541.5
709;97284.6;-13618.1;93980.2;23133.4
710;96125.7;-15131.7;92922.0;22852.0
711;97048.9;-13936.9;93765.6;23069.6
712;95299.0;-16309.0;92154.3;22646.5
713;97647.3;-13198.6;94319.4;23217.4
714;97759.1;-13252.9;94456.5;23254.5
715;97978.3;-12703.7;94614.3;23297.2
716;99249.2;-10876.4;95762.7;23591.8
717;97364.1;-13457.3;94043.8;23148.6
718;98516.0;-11900.8;95095.0;23423.4
719;98006.1;-12651.3;94637.6;23303.2
720;97482.2;-13321.5;94155.1;23181.8
721;95535.1;-15825.9;92356.2;22701.5
722;98655.1;-11817.6;95238.3;23456.5
723;97097.4;-14074.1;93843.8;23091.3
724;97711.1;-13132.2;94380.2;23232.6
725;96367.3;-14743.0;93132.4;22901.8
726;97975.0;-12664.1;94605.1;23296.8
727;97793.1;-13014.6;94454.3;23252.1
728;97718.0;-13146.7;94390.9;23237.5
729;97554.2;-13275.2;94227.5;23197.7
730;98790.9;-11536.3;95346.5;23480.5
731;98690.8;-11666.1;95254.2;23459.9
732;98429.9;-12075.7;95024.8;23404.9
733;101220.8;-7440.7;97510.2;24052.4
734;97027.2;-14038.3;93758.1;23069.0
735;97283.4;-13564.7;93970.2;23124.9
736;96634.6;-14408.9;93377.1;22966.1
737;98093.0;-12687.2;94741.4;23327.4
738;96969.6;-14025.5;93689.9;23044.5
739;94898.4;-16758.6;91766.5;22542.6
740;96407.1;-14813.9;93187.0;22912.8
741;97773.0;-12929.4;94419.3;23246.1
742;98736.4;-11658.8;95304.5;23472.4
743;96085.6;-15048.4;92864.5;22837.6
744;97017.9;-14049.3;93749.4;23067.9
745;97557.7;-13220.0;94223.2;23197.4
746;96926.1;-14030.6;93642.4;23030.9
747;98220.0;-12390.3;94837.5;23356.2
748;97717.8;-13053.6;94375.5;23231.4
749;98003.3;-12707.2;94643.1;23304.9
750;96926.9;-14031.5;93643.7;23032.2
751;99284.5;-10801.8;95791.5;23602.8
752;97679.3;-13059.1;94334.2;23221.1
753;99045.2;-11177.1;95577.6;23539.8
754;97173.8;-13880.1;93897.7;23105.9
755;98265.7;-12444.0;94897.6;23367.9
756;96973.1;-14043.6;93696.4;23045.1
757;96703.2;-14303.4;93437.0;22982.7
758;96953.2;-13993.5;93666.9;23039.0
759;97650.2;-13100.9;94307.6;23214.2
760;97438.9;-13463.1;94127.6;23168.7
761;99236.5;-11143.4;95792.7;23604.0
762;96502.2;-14546.5;93250.9;22928.4
763;96559.3;-14494.6;93306.5;22944.5
764;99438.9;-10740.4;95957.5;23644.4
765;98319.1;-12185.6;94916.6;23372.4
766;95748.5;-15536.2;92555.9;22751.4
767;98183.5;-12435.3;94803.7;23349.5
768;97887.6;-13032.3;94565.5;23282.0
769;95471.1;-15919.3;92296.8;22686.3
770;97289.8;-13565.9;93977.8;23129.8
771;97659.1;-13135.1;94323.2;23219.6
772;98416.6;-12188.2;95028.1;23406.3
773;98669.9;-11755.6;95244.6;23458.0
774;97798.8;-12895.0;94442.6;23251.1
775;98767.6;-11555.5;95323.7;23477.3
776;97552.0;-13218.5;94216.8;23196.8
777;96792.8;-14191.2;93519.6;23005.8
778;96718.1;-14287.3;93451.0;22986.2
779;98241.7;-12289.0;94846.1;23357.2
780;95665.9;-15634.0;92477.9;22736.4
781;98346.3;-12346.8;94974.2;23394.0
782;96528.8;-14602.9;93289.5;22941.1
783;97299.5;-13543.1;93985.4;23134.7
784;98183.3;-12510.4;94815.2;23350.2
785;98947.1;-11381.4;95498.8;23520.8
786;95649.6;-15863.7;92490.0;22738.0
787;96846.2;-14127.4;93568.7;23016.2
788;97720.2;-13184.8;94400.0;23242.2
789;97032.2;-14036.6;93763.3;23069.3
790;98564.4;-11981.6;95160.8;23433.7
791;95526.4;-15833.2;92347.6;22699.6
792;98049.4;-12555.3;94671.3;23312.3
793;98103.3;-12561.4;94732.8;23326.6
794;97751.5;-12960.6;94400.0;23242.2
795;98820.7;-11616.3;95393.1;23492.7
796;96410.5;-14664.1;93168.0;22910.4
797;98851.3;-11431.8;95398.4;23495.2
798;96952.8;-13997.2;93667.0;23039.1
799;98435.3;-12035.1;95024.7;23404.8
800;97309.2;-13709.0;94022.4;23143.6
801;98518.9;-11957.7;95106.4;23423.9
802;98461.7;-12165.3;95075.6;23419.3
803;96120.9;-15312.5;92943.4;22857.8
804;97541.0;-13235.9;94207.3;23195.1
805;97606.6;-13161.1;94267.9;23205.3
806;97437.0;-13380.3;94112.5;23161.0
807;96898.2;-14064.9;93616.8;23025.6
808;99588.7;-10559.3;96101.9;23690.9
809;97900.1;-12756.8;94534.9;23274.6
810;99277.4;-10964.0;95809.4;23607.2
811;97084.1;-13822.8;93788.0;23077.6
812;96589.5;-14439.7;93332.2;22956.0
813;97834.0;-12849.7;94474.6;23257.2
814;97088.5;-13812.7;93791.3;23079.2
815;100204.1;-9348.0;96612.8;23820.3
816;97931.2;-12777.5;94573.0;23286.7
817;98865.9;-11580.6;95438.6;23505.7
818;97450.0;-13360.8;94124.3;23167.2
819;97319.2;-13640.4;94022.3;23143.5
820;97630.7;-13314.4;94319.5;23217.5
821;98037.7;-12611.7;94667.0;23310.8
822;98573.8;-11833.3;95148.2;23432.7
823;97566.7;-13261.0;94239.2;23200.8
824;96956.8;-14140.5;93694.3;23045.0
825;96578.3;-14460.8;93322.9;22952.5
826;97595.8;-13347.0;94284.8;23207.6
827;98237.2;-12508.1;94875.7;23364.6
828;98158.0;-12403.3;94769.6;23335.2
829;97666.6;-13079.5;94323.2;23219.6
830;97052.6;-13858.8;93758.1;23069.0
831;97813.6;-13082.4;94488.5;23259.4
832;98274.3;-12244.9;94875.7;23364.5
833;97653.4;-13134.8;94316.1;23215.0
834;97814.8;-12870.0;94456.5;23254.5
835;97542.4;-13276.1;94214.6;23195.4
836;98628.5;-11824.2;95208.6;23448.9
837;97203.9;-13669.1;93897.7;23105.9
838;97879.9;-12791.0;94517.6;23269.6
839;98066.9;-12599.0;94698.1;23320.0
840;98438.6;-12012.0;95024.7;23404.8
841;99250.0;-10843.9;95758.5;23591.6
842;98381.6;-12088.9;94973.1;23393.8
843;98307.1;-12204.2;94906.1;23369.7
844;96144.9;-15071.5;92935.0;22856.3
845;98297.0;-12315.7;94912.5;23372.2
846;100092.4;-9522.5;96513.2;23798.2
847;96800.6;-14315.6;93548.3;23014.2
848;96634.2;-14383.1;93372.8;22964.7
849;97455.7;-13360.0;94130.9;23172.0
850;98737.4;-11718.4;95315.1;23474.3
851;98222.0;-12315.0;94828.2;23353.7
852;97168.2;-13733.5;93867.4;23095.6
853;97659.7;-13086.8;94316.2;23216.0
854;98770.4;-11555.6;95326.9;23477.5
855;98379.7;-12091.7;94971.0;23391.6
856;100234.7;-9357.1;96649.6;23828.2
857;98685.8;-11973.1;95298.3;23470.1
858;98007.8;-12820.1;94666.9;23310.6
859;98282.8;-12464.0;94919.9;23372.9
860;97312.4;-13527.2;93997.0;23135.5
861;96680.6;-14325.6;93415.4;22977.4
862;97861.5;-12851.0;94505.9;23265.5
863;98152.5;-12593.9;94794.4;23346.9
864;96249.6;-14835.3;93016.7;22876.9
865;97128.5;-13768.4;93828.7;23086.7
866;97282.0;-13623.9;93977.8;23129.8
867;97967.4;-12670.4;94597.1;23293.4
868;97409.6;-13418.6;94088.2;23157.1
869;98115.4;-12626.2;94756.9;23332.2
870;97798.6;-12896.9;94442.7;23251.3
871;98789.5;-11600.4;95355.1;23483.4
872;95893.2;-15443.9;92707.8;22796.8
873;99418.5;-10633.9;95917.4;23637.1
874;99158.5;-10973.5;95675.7;23572.5
875;97753.3;-12954.2;94401.0;23242.3
876;98360.4;-12123.9;94953.8;23382.8
877;98301.8;-12284.1;94912.5;23372.3
878;96890.9;-14218.1;93632.9;23028.2
879;97857.2;-12818.9;94496.5;23264.9
880;98484.0;-11980.5;95071.5;23419.1
881;98007.1;-12623.8;94634.5;23302.0
882;98767.4;-11723.8;95349.6;23480.7
883;97775.1;-13058.5;94441.5;23251.0
884;97756.5;-13110.5;94428.8;23248.8
885;96887.6;-14080.2;93607.1;23022.5
886;97294.4;-13545.7;93980.1;23132.2
887;97172.7;-13803.2;93883.5;23103.1
888;99477.0;-10502.0;95962.8;23646.8
889;97939.9;-12706.0;94571.7;23285.2
890;96639.3;-14483.2;93394.0;22972.5
891;98084.7;-12517.2;94705.4;23320.3
892;97486.5;-13303.5;94157.2;23182.9
893;94526.8;-17497.8;91441.3;22456.5
894;98178.8;-12372.7;94788.8;23345.0
895;96085.0;-15089.7;92869.8;22837.9
896;98276.8;-12253.7;94880.0;23366.0
897;96693.0;-14363.4;93434.4;22979.8
898;96142.4;-15194.7;92949.7;22859.4
899;98193.2;-12357.6;94802.6;23349.2
900;96137.9;-14997.3;92915.5;22849.2
901;97184.4;-13755.4;93889.2;23104.2
902;97888.2;-12815.3;94530.7;23274.2
903;98322.2;-12183.5;94919.8;23372.7
904;98453.1;-12022.6;95042.8;23409.4
905;97646.3;-13186.4;94316.1;23216.0
906;96820.8;-14166.8;93547.2;23013.9
907;99719.4;-10116.7;96179.4;23710.4
908;97044.1;-13885.1;93752.7;23068.5
909;99568.4;-10467.4;96063.6;23684.3
910;97192.3;-13682.1;93886.9;23103.7
911;98890.2;-11436.1;95443.1;23506.4
912;98814.2;-11489.1;95365.5;23485.1
913;96600.9;-14455.6;93347.2;22958.4
914;98020.4;-12733.4;94667.0;23310.7
915;98438.0;-12192.6;95053.3;23414.3
916;98388.4;-12214.8;95000.4;23398.8
917;97467.8;-13377.7;94146.8;23175.3
918;97949.7;-12983.4;94629.1;23300.3
919;97262.4;-13592.4;93951.3;23122.6
920;96473.3;-14576.9;93223.5;22920.4
921;98707.0;-11691.1;95276.2;23463.3
922;97066.1;-13998.9;93795.5;23079.4
923;99084.4;-11326.9;95647.8;23564.5
924;98312.3;-12198.8;94911.3;23371.9
925;96760.0;-14230.7;93489.5;22999.7
926;97528.9;-13264.2;94197.9;23191.5
927;97388.0;-13435.9;94066.7;23151.9
928;96765.3;-14318.2;93508.8;23002.6
929;98192.4;-12405.3;94808.9;23349.8
930;97164.9;-13722.5;93862.4;23095.4
931;99386.5;-10679.3;95888.2;23630.1
932;98587.6;-11815.7;95160.8;23433.6
933;96772.7;-14216.2;93501.3;23001.8
934;97658.9;-13136.1;94323.1;23219.5
935;97426.4;-13529.0;94124.2;23166.9
936;96045.3;-15202.2;92843.1;22832.9
937;98658.2;-11712.4;95224.4;23452.2
938;98645.4;-11900.4;95240.4;23456.7
939;98650.0;-11738.6;95219.1;23449.7
940;97167.7;-13856.0;93886.6;23103.3
941;98813.9;-11484.6;95364.5;23485.1
942;97448.3;-13449.1;94136.1;23172.4
943;98661.5;-11708.9;95227.6;23452.5
944;99571.4;-10492.9;96071.0;23685.0
945;97841.9;-12834.5;94481.1;23257.8
946;96198.9;-15108.3;92999.2;22865.8
947;97344.7;-13486.0;94026.9;23146.3
948;98323.1;-12353.6;94948.3;23382.0
949;98962.5;-11276.4;95499.9;23521.0
950;96488.8;-14734.5;93265.8;22935.7
951;97475.3;-13386.8;94157.3;23183.0
952;97892.0;-12986.8;94562.3;23280.6
953;98115.9;-12527.4;94741.3;23327.3
954;98636.0;-11755.3;95206.3;23447.5
955;96706.2;-14296.2;93439.1;22982.9
956;97175.3;-13995.4;93918.6;23111.2
957;98745.1;-11587.3;95303.4;23472.3
958;98075.5;-12529.0;94697.0;23319.8
959;98131.8;-12530.8;94760.1;23333.4
960;98860.8;-11467.7;95414.3;23496.6
961;97804.2;-12891.6;94448.1;23251.8
962;98223.3;-12332.4;94832.4;23355.0
963;97346.6;-13500.1;94031.0;23146.5
964;96284.6;-14908.8;93066.8;22888.3
965;96336.8;-14793.3;93106.9;22898.6
966;97774.0;-12928.4;94420.4;23247.3
967;97452.1;-13488.9;94146.7;23175.3
968;96997.7;-14016.1;93719.9;23053.3
969;98013.8;-12618.2;94641.0;23303.7
970;96761.0;-14231.2;93490.7;23000.0
971;97811.1;-12884.4;94454.5;23252.4
972;97660.7;-13122.3;94323.1;23219.4
973;96766.3;-14488.6;93537.7;23009.3
974;95324.7;-16146.8;92161.8;22648.1
975;99210.0;-10907.9;95722.6;23579.5
976;98015.7;-12604.2;94640.9;23303.5
977;94933.1;-16705.3;91797.8;22548.8
978;97224.4;-13642.7;93916.4;23110.9
979;98069.7;-12577.9;94698.1;23319.9
980;97422.5;-13550.0;94123.1;23166.8
981;98274.9;-12281.4;94882.1;23366.2
982;96678.1;-14379.2;93420.6;22978.8
983;97872.7;-12796.0;94510.0;23266.8
984;97644.2;-13110.0;94302.2;23212.6
985;97488.3;-13380.1;94170.7;23186.6
986;97442.1;-13434.0;94126.5;23167.4
987;97887.3;-12793.3;94526.5;23272.8
988;98656.1;-11726.8;95224.5;23452.3
989;97125.2;-13770.8;93825.3;23085.0
990;97233.4;-13701.9;93935.5;23118.6
991;97855.6;-12814.9;94494.2;23264.5
992;97545.9;-13427.1;94242.3;23201.0
993;98053.7;-12643.2;94690.6;23319.2
994;98429.7;-12023.0;95016.4;23402.2
995;99044.3;-11157.6;95573.5;23539.6
996;97584.2;-13195.1;94248.5;23202.3
997;95343.4;-16120.5;92179.2;22651.0
998;97624.1;-13179.2;94290.2;23209.2
999;98042.1;-12579.1;94666.9;23310.6
1000;97493.5;-13300.8;94164.5;23184.3
