CASO;pATIVA;pREATIVA;dATIVA;dREATIVA
1;19899.7;-5647.0;19246.1;-402.6
2;14875.1;-6266.2;14271.5;-672.7
3;15056.6;-6374.6;14455.7;-658.7
4;13869.9;-5386.1;13243.6;-725.6
5;18164.2;-6578.1;17553.5;-492.6
6;11286.3;-189.4;10511.1;-872.2
7;20173.9;-5419.7;19510.3;-393.6
8;14546.6;-6031.1;13937.2;-693.0
9;16937.0;-6860.2;16341.4;-559.7
10;15671.0;-6665.5;15076.3;-624.7
11;19524.2;-5928.5;18882.7;-421.6
12;11780.2;-1713.1;11049.6;-845.8
13;15507.3;-6599.7;14911.1;-634.7
14;15375.4;-6542.3;14778.0;-646.7
15;18774.0;-6365.0;18152.1;-463.6
16;13810.6;-5321.6;13182.5;-729.6
17;15842.4;-6721.5;15248.4;-615.7
18;14290.9;-5811.1;13676.0;-703.2
19;16318.9;-6835.7;15725.9;-594.7
20;17531.9;-6765.6;16930.0;-526.6
21;13808.6;-5317.7;13180.5;-728.6
22;18802.5;-6346.4;18180.1;-461.6
23;18251.5;-6560.7;17639.6;-491.6
24;17344.4;-6814.2;16744.8;-543.6
25;18249.4;-6560.1;17637.6;-490.6
26;14716.6;-6156.8;14110.4;-680.8
27;15954.0;-6757.6;15360.5;-612.7
28;14164.9;-5692.7;13546.9;-709.3
29;15633.3;-6659.9;15038.2;-634.7
30;17409.1;-6797.8;16808.8;-534.6
31;14698.8;-6144.9;14092.4;-681.9
32;15345.3;-6532.4;14748.0;-643.7
33;14712.6;-6152.8;14106.4;-679.8
34;14364.3;-5875.0;13751.1;-698.1
35;14740.3;-6168.7;14134.4;-676.8
36;16195.8;-6802.4;15602.7;-590.7
37;13773.6;-5282.0;13144.5;-732.6
38;16749.6;-6864.3;16155.2;-568.7
39;19982.7;-5579.7;19326.1;-398.6
40;17889.9;-6666.9;17283.3;-507.6
41;15797.6;-6708.4;15203.4;-619.7
42;14268.5;-5789.0;13653.0;-703.2
43;14576.0;-6051.3;13967.3;-689.0
44;20056.5;-5513.5;19397.2;-392.6
45;16339.0;-6841.5;15745.9;-596.7
46;14816.2;-6219.8;14211.5;-672.8
47;16646.1;-6860.1;16052.2;-573.7
48;21004.3;-4536.9;20304.0;-345.5
49;16487.3;-6855.2;15894.0;-585.7
50;17607.9;-6745.3;17005.0;-522.6
51;16892.6;-6861.3;16297.4;-560.7
52;15447.4;-6580.5;14851.1;-639.7
53;13714.4;-5211.3;13083.5;-733.7
54;15452.4;-6579.3;14856.1;-637.7
55;15763.6;-6701.6;15169.3;-623.7
56;17539.8;-6766.5;16938.0;-527.6
57;18108.2;-6599.7;17498.5;-498.6
58;18311.6;-6531.0;17698.7;-482.6
59;16859.4;-6861.9;16264.3;-561.7
60;18214.8;-6566.9;17603.6;-490.6
61;14560.4;-6041.6;13951.2;-693.0
62;19047.6;-6222.9;18419.3;-447.6
63;17374.7;-6804.2;16774.8;-537.6
64;15564.7;-6629.4;14969.2;-634.7
65;17318.1;-6817.8;16718.8;-543.6
66;16053.9;-6782.3;15460.6;-607.7
67;18767.8;-6366.2;18146.1;-462.6
68;19655.4;-5834.9;19009.9;-414.6
69;21203.8;-4291.1;20493.2;-336.5
70;13176.6;-4501.9;12525.9;-764.2
71;13071.9;-4342.7;12416.8;-767.2
72;15107.0;-6402.3;14506.7;-653.7
73;16578.7;-6859.3;15985.1;-578.7
74;18189.6;-6572.3;17578.5;-492.6
75;16926.9;-6858.2;16331.4;-557.7
76;11855.6;-1911.7;11130.7;-841.8
77;15545.9;-6618.0;14950.1;-633.7
78;18081.7;-6608.9;17472.4;-501.6
79;16736.5;-6859.4;16142.2;-565.7
80;17934.4;-6657.0;17327.3;-505.6
81;15731.7;-6693.7;15137.3;-627.7
82;15778.5;-6703.0;15184.4;-619.7
83;16637.0;-6862.3;16043.1;-575.7
84;17140.9;-6838.1;16543.6;-546.7
85;16669.2;-6865.9;16075.2;-575.7
86;16485.4;-6855.7;15892.0;-586.7
87;14742.3;-6170.7;14136.4;-677.8
88;17064.2;-6852.6;16467.5;-554.7
89;16493.3;-6857.3;15900.0;-585.7
90;18764.7;-6370.3;18143.1;-464.6
91;18918.5;-6281.4;18293.2;-452.6
92;16636.0;-6863.3;16042.1;-576.7
93;15394.2;-6548.5;14797.0;-643.7
94;14815.1;-6220.7;14210.5;-673.8
95;17168.3;-6836.7;16570.6;-547.7
96;16398.0;-6843.3;15804.9;-587.7
97;15464.5;-6585.2;14868.1;-638.7
98;16321.9;-6835.4;15728.9;-593.7
99;14856.5;-6251.4;14252.5;-673.7
100;17787.4;-6697.4;17182.2;-514.6
101;15233.5;-6476.5;14634.9;-651.7
102;18981.0;-6253.4;18354.3;-447.6
103;17123.0;-6839.3;16525.6;-548.7
104;17552.1;-6759.8;16950.0;-524.6
105;13826.2;-5336.2;13198.6;-726.6
106;16599.8;-6866.9;16006.1;-582.7
107;17884.9;-6669.0;17278.3;-508.6
108;14126.8;-5656.5;13507.8;-711.3
109;15635.2;-6657.8;15040.2;-631.7
110;16297.7;-6836.5;15704.8;-598.7
111;13225.4;-4578.1;12577.0;-763.1
112;16926.9;-6859.4;16331.4;-558.7
113;18123.5;-6591.4;17513.5;-495.6
114;14333.8;-5854.2;13720.0;-703.2
115;17007.7;-6856.8;16411.5;-558.7
116;13357.5;-4763.7;12714.1;-757.0
117;16136.8;-6796.7;15543.7;-599.7
118;12706.5;-3745.2;12034.5;-792.6
119;18744.2;-6378.4;18123.0;-464.6
120;17139.0;-6839.4;16541.6;-548.7
121;16170.8;-6804.5;15577.7;-598.7
122;14517.2;-6004.3;13907.2;-692.0
123;19092.4;-6209.3;18463.4;-450.6
124;20693.3;-4892.4;20007.8;-362.5
125;12195.3;-2722.6;11494.0;-819.8
126;19005.5;-6241.3;18378.3;-445.6
127;19908.1;-5642.0;19254.1;-403.6
128;16978.3;-6859.4;16382.5;-558.7
129;13596.3;-5071.5;12961.3;-742.8
130;18159.1;-6579.9;17548.5;-493.6
131;15824.4;-6712.9;15230.4;-613.7
132;14889.9;-6271.3;14286.5;-668.7
133;13528.3;-4989.7;12891.3;-747.8
134;17457.9;-6789.4;16856.9;-535.6
135;18004.5;-6641.3;17396.4;-506.6
136;14847.6;-6245.2;14243.5;-673.7
137;17388.9;-6799.8;16788.8;-534.6
138;13711.5;-5209.6;13080.5;-734.7
139;18021.8;-6633.6;17413.4;-504.6
140;16325.9;-6836.5;15732.9;-594.7
141;15810.5;-6715.6;15216.4;-620.7
142;15996.8;-6770.6;15403.6;-610.7
143;18171.3;-6576.8;17560.5;-493.6
144;17908.0;-6666.0;17301.3;-508.6
145;17409.1;-6795.3;16808.8;-532.6
146;16531.6;-6854.1;15938.0;-579.7
147;16401.0;-6845.1;15807.9;-588.7
148;17610.0;-6742.8;17007.0;-521.6
149;16743.6;-6864.1;16149.2;-568.7
150;17757.9;-6706.2;17153.2;-514.6
151;15534.9;-6618.0;14939.1;-636.7
152;11017.1;828.2;10211.8;-890.5
153;18559.2;-6456.5;17941.9;-474.6
154;21207.9;-4288.4;20497.2;-336.5
155;17209.8;-6824.6;16611.7;-540.6
156;16001.8;-6772.5;15408.6;-610.7
157;15919.1;-6747.1;15325.5;-613.7
158;15960.0;-6755.9;15366.5;-609.7
159;16265.7;-6834.0;15672.8;-602.7
160;13766.7;-5272.3;13137.5;-730.6
161;15082.4;-6389.7;14481.7;-657.7
162;14033.4;-5552.0;13411.7;-715.4
163;16777.8;-6865.7;16183.3;-568.7
164;15567.7;-6630.0;14972.2;-633.7
165;17331.3;-6817.9;16731.8;-545.6
166;15833.4;-6719.4;15239.4;-616.7
167;18436.9;-6501.3;17821.8;-480.6
168;16700.4;-6864.0;16106.2;-571.7
169;21214.2;-4283.6;20503.2;-338.5
170;12118.2;-2550.9;11411.9;-823.8
171;14799.3;-6209.7;14194.5;-673.8
172;18251.5;-6560.7;17639.6;-491.6
173;22013.8;-3098.6;21253.9;-296.5
174;15673.0;-6666.2;15078.3;-624.7
175;16321.9;-6835.4;15728.9;-593.7
176;15721.8;-6689.5;15127.3;-627.7
177;19226.3;-6122.7;18593.5;-438.6
178;15586.6;-6636.7;14991.2;-633.7
179;17746.8;-6705.1;17142.1;-513.6
180;15514.2;-6603.4;14918.1;-634.7
181;13443.3;-4876.8;12803.2;-749.9
182;16925.8;-6859.7;16330.4;-558.7
183;17346.4;-6812.5;16746.8;-542.6
184;19135.9;-6175.8;18505.4;-443.6
185;15981.0;-6761.9;15387.5;-608.7
186;14860.3;-6257.1;14256.5;-674.7
187;17484.2;-6777.0;16882.9;-527.6
188;16761.7;-6865.0;16167.3;-567.7
189;16850.3;-6860.9;16255.3;-561.7
190;16061.8;-6787.0;15468.6;-608.7
191;18835.3;-6335.0;18212.1;-463.6
192;17047.0;-6853.5;16450.5;-555.7
193;20546.4;-5055.2;19867.6;-370.5
194;18723.8;-6386.9;18103.0;-465.6
195;17697.1;-6724.0;17093.1;-519.6
196;12683.6;-3702.1;12010.5;-791.6
197;17573.4;-6756.7;16971.0;-526.6
198;17162.2;-6835.0;16564.6;-545.6
199;18044.4;-6615.4;17435.4;-501.6
200;18570.4;-6453.7;17952.9;-474.6
201;15336.5;-6527.7;14739.0;-644.7
202;18071.6;-6608.7;17462.4;-499.6
203;14980.6;-6329.1;14378.6;-668.7
204;20662.9;-4925.5;19978.7;-364.5
205;13313.1;-4698.9;12668.1;-756.0
206;12404.6;-3172.8;11716.2;-810.8
207;12637.0;-3616.8;11961.4;-793.6
208;14265.5;-5788.7;13650.0;-705.2
209;13770.7;-5277.0;13141.5;-731.6
210;20669.2;-4917.0;19984.7;-363.5
211;15497.3;-6597.4;14901.1;-636.7
212;13289.9;-4667.5;12644.0;-757.1
213;18727.9;-6384.9;18107.0;-465.6
214;14929.3;-6300.2;14326.6;-668.7
215;13514.1;-4969.3;12876.3;-748.9
216;18187.6;-6572.4;17576.5;-492.6
217;17619.1;-6740.7;17016.0;-520.6
218;15257.3;-6491.6;14658.9;-653.7
219;19397.3;-6022.8;18759.6;-435.6
220;16515.3;-6853.6;15922.0;-579.7
221;19879.9;-5665.6;19227.0;-403.6
222;17344.4;-6813.0;16744.8;-542.6
223;19748.3;-5766.3;19099.9;-408.6
224;16466.4;-6849.5;15873.0;-584.7
225;13555.5;-5020.0;12919.3;-743.8
226;21826.2;-3400.0;21078.7;-304.5
227;15015.2;-6342.1;14413.7;-659.7
228;15781.5;-6705.5;15187.4;-620.7
229;14677.2;-6125.9;14070.4;-680.9
230;15772.5;-6703.5;15178.4;-621.7
231;16764.7;-6864.7;16170.3;-567.7
232;16678.2;-6866.3;16084.2;-574.7
233;17705.2;-6721.2;17101.1;-518.6
234;20284.5;-5310.4;19616.4;-383.6
235;15959.0;-6755.3;15365.5;-609.7
236;13524.5;-4985.6;12887.3;-748.9
237;13632.1;-5109.0;12998.4;-735.8
238;14756.0;-6182.1;14150.4;-677.8
239;12582.9;-3518.2;11904.4;-799.7
240;18076.5;-6616.9;17467.4;-500.6
241;15125.6;-6415.3;14525.8;-653.7
242;15533.9;-6618.1;14938.1;-637.7
243;16217.8;-6805.2;15624.8;-588.7
244;13176.6;-4501.9;12525.9;-764.2
245;14330.9;-5849.4;13717.0;-702.2
246;17735.6;-6712.4;17131.1;-516.6
247;17610.0;-6741.3;17007.0;-520.6
248;15239.5;-6481.5;14640.9;-653.7
249;20328.1;-5276.4;19658.4;-385.6
250;13366.1;-4774.6;12723.1;-756.0
251;15459.6;-6583.1;14863.1;-639.7
252;15712.0;-6686.2;15117.3;-629.7
253;10325.4;4395.8;9416.1;-933.7
254;20622.1;-4969.6;19939.7;-366.5
255;17039.0;-6853.9;16442.5;-556.7
256;13930.0;-5455.2;13305.7;-721.5
257;20886.7;-4672.0;20191.9;-352.5
258;17535.9;-6765.2;16934.0;-526.6
259;17184.6;-6830.9;16586.6;-544.6
260;14882.9;-6269.6;14279.5;-670.7
261;16459.3;-6848.5;15866.0;-584.7
262;12899.4;-4073.7;12236.7;-781.4
263;18009.6;-6639.2;17401.4;-506.6
264;15395.1;-6550.1;14798.0;-644.7
265;16520.4;-6856.3;15927.0;-581.7
266;18929.7;-6281.0;18304.2;-455.6
267;16856.3;-6862.9;16261.3;-562.7
268;16809.0;-6864.9;16214.3;-566.7
269;16842.3;-6859.9;16247.3;-561.7
270;14607.3;-6078.4;13999.3;-687.9
271;18101.1;-6602.2;17491.5;-499.6
272;19711.2;-5792.8;19063.9;-409.6
273;17926.3;-6659.1;17319.3;-506.6
274;18214.8;-6566.9;17603.6;-490.6
275;14291.9;-5812.0;13677.0;-703.2
276;14314.4;-5833.5;13700.0;-703.2
277;13077.4;-4356.2;12422.8;-769.2
278;18994.4;-6246.0;18367.3;-447.6
279;15660.2;-6659.3;15065.3;-624.7
280;19382.8;-6026.6;18745.6;-430.6
281;14504.5;-5989.6;13894.2;-689.0
282;15255.4;-6489.2;14656.9;-652.7
283;16435.1;-6847.0;15842.0;-584.7
284;18292.2;-6540.0;17679.6;-485.6
285;16362.0;-6845.8;15768.9;-595.7
286;16696.2;-6863.7;16102.2;-570.7
287;16262.7;-6835.0;15669.8;-603.7
288;16617.8;-6869.4;16024.1;-582.7
289;13775.5;-5284.6;13146.5;-732.6
290;16407.0;-6848.2;15813.9;-589.7
291;15810.5;-6715.6;15216.4;-620.7
292;16097.0;-6786.5;15503.7;-601.7
293;17321.1;-6819.6;16721.8;-545.6
294;14723.4;-6165.0;14117.4;-682.8
295;16034.9;-6776.7;15441.6;-607.7
296;15564.7;-6628.4;14969.2;-633.7
297;17155.2;-6835.4;16557.6;-545.6
298;17987.2;-6646.7;17379.4;-507.6
299;14125.0;-5654.8;13505.8;-712.3
300;17535.9;-6765.2;16934.0;-526.6
301;20920.0;-4637.0;20224.0;-348.5
302;13013.3;-4255.8;12355.8;-773.3
303;14394.7;-5899.1;13782.1;-695.1
304;14288.0;-5805.5;13673.0;-701.2
305;15604.6;-6647.6;15009.2;-635.7
306;19893.4;-5654.9;19240.1;-403.6
307;16252.7;-6834.6;15659.8;-605.7
308;14693.9;-6137.5;14087.4;-678.9
309;17616.0;-6742.0;17013.0;-521.6
310;14901.8;-6280.0;14298.6;-669.7
311;18750.4;-6379.2;18129.0;-467.6
312;16909.7;-6861.0;16314.4;-559.7
313;19359.1;-6037.6;18722.6;-428.6
314;14767.9;-6188.6;14162.4;-676.8
315;23241.6;-602.9;22378.7;-233.5
316;18073.7;-6607.8;17464.4;-499.6
317;17689.9;-6725.0;17086.1;-518.6
318;16107.8;-6790.4;15514.7;-600.7
319;14625.2;-6088.1;14017.3;-684.9
320;14315.4;-5834.7;13701.0;-703.2
321;15920.1;-6747.3;15326.5;-613.7
322;14466.3;-5956.6;13855.2;-691.0
323;16854.4;-6862.5;16259.3;-562.7
324;14405.4;-5909.9;13793.1;-695.1
325;17615.1;-6741.6;17012.0;-521.6
326;18370.3;-6525.7;17756.7;-482.6
327;14667.4;-6118.1;14060.3;-681.9
328;18905.1;-6291.7;18280.2;-454.6
329;15696.0;-6677.3;15101.3;-626.7
330;18825.1;-6334.8;18202.1;-460.6
331;17199.8;-6822.1;16601.7;-538.6
332;18747.3;-6380.5;18126.0;-467.6
333;14033.4;-5552.0;13411.7;-715.4
334;15987.9;-6763.5;15394.6;-607.7
335;19502.4;-5953.4;18861.7;-430.6
336;14858.4;-6253.9;14254.5;-674.7
337;11826.6;-1837.4;11099.6;-842.8
338;12018.7;-2320.8;11305.8;-830.8
339;10880.0;1410.9;10057.7;-897.8
340;11667.2;-1395.6;10927.5;-848.8
341;15313.7;-6519.9;14715.9;-649.7
342;19106.0;-6195.8;18476.4;-446.6
343;15244.6;-6483.3;14645.9;-653.7
344;16944.2;-6858.0;16348.4;-558.7
345;15981.0;-6761.9;15387.5;-608.7
346;16241.7;-6834.0;15648.8;-606.7
347;15855.3;-6724.7;15261.4;-613.7
348;15836.4;-6720.7;15242.4;-616.7
349;17255.2;-6822.5;16656.7;-540.6
350;13648.5;-5131.0;13015.4;-735.7
351;18492.7;-6482.5;17876.8;-476.6
352;18291.1;-6541.9;17678.6;-486.6
353;15792.5;-6708.8;15198.4;-620.7
354;18030.1;-6618.7;17421.4;-500.6
355;14677.2;-6125.9;14070.3;-680.9
356;15034.9;-6365.4;14433.7;-662.7
357;16573.7;-6860.1;15980.1;-580.7
358;15799.6;-6709.2;15205.4;-619.7
359;15229.6;-6473.4;14630.9;-651.7
360;14736.3;-6170.1;14130.4;-679.8
361;14993.6;-6333.3;14391.6;-665.7
362;18334.0;-6529.8;17720.7;-485.6
363;12015.0;-2312.0;11301.8;-830.8
364;17011.7;-6856.0;16415.5;-557.7
365;15698.9;-6680.6;15104.3;-627.7
366;17857.4;-6678.6;17251.2;-510.6
367;17379.8;-6800.6;16779.8;-534.6
368;10348.2;4245.2;9443.1;-932.7
369;17535.9;-6765.2;16934.0;-526.6
370;16947.2;-6856.8;16351.4;-557.7
371;16273.8;-6832.0;15680.8;-600.7
372;15189.9;-6453.8;14590.8;-653.7
373;18137.7;-6588.4;17527.5;-495.6
374;15311.7;-6517.9;14713.9;-648.7
375;20384.5;-5213.2;19712.5;-375.6
376;17487.2;-6773.1;16885.9;-525.6
377;21093.7;-4431.4;20389.1;-341.5
378;14494.6;-5982.8;13884.2;-690.0
379;12412.1;-3187.8;11724.2;-809.8
380;17825.0;-6690.1;17219.2;-515.6
381;18135.6;-6589.0;17525.5;-495.6
382;16301.8;-6837.5;15708.8;-598.7
383;12870.6;-4028.8;12206.7;-783.4
384;15231.7;-6474.2;14632.9;-651.7
385;17608.9;-6745.0;17006.0;-522.6
386;15815.5;-6710.8;15221.4;-615.7
387;15966.0;-6759.7;15372.5;-611.7
388;15831.4;-6716.0;15237.4;-614.7
389;14167.9;-5696.2;13549.9;-710.3
390;15045.8;-6371.3;14444.7;-660.7
391;13107.2;-4401.1;12453.9;-767.2
392;20231.2;-5362.9;19565.4;-387.6
393;15171.1;-6442.4;14571.8;-652.7
394;17293.7;-6818.7;16694.7;-541.6
395;13979.8;-5504.6;13356.7;-717.5
396;18008.6;-6639.7;17400.4;-506.6
397;12168.7;-2669.3;11466.0;-821.8
398;18292.2;-6541.3;17679.6;-486.6
399;16146.9;-6795.7;15553.7;-597.7
400;21027.4;-4510.3;20326.0;-343.5
401;13365.2;-4771.2;12722.1;-754.0
402;16398.0;-6844.4;15804.9;-588.7
403;17041.1;-6853.6;16444.5;-556.7
404;18995.4;-6244.7;18368.3;-446.6
405;15288.0;-6504.2;14689.9;-648.7
406;16419.1;-6847.4;15825.9;-587.7
407;11610.9;-1238.1;10866.4;-855.9
408;14394.7;-5899.1;13782.1;-695.1
409;17233.0;-6827.0;16634.7;-542.6
410;18705.2;-6396.0;18085.0;-465.6
411;15602.5;-6645.2;15007.2;-633.7
412;20899.4;-4656.8;20203.9;-351.5
413;20210.4;-5377.7;19545.3;-384.6
414;16088.9;-6782.8;15495.6;-599.7
415;11062.6;642.4;10262.9;-887.4
416;12367.0;-3087.5;11676.2;-807.9
417;14508.4;-5995.8;13898.2;-692.0
418;18731.0;-6381.3;18110.0;-463.6
419;16917.9;-6857.3;16322.4;-557.7
420;11709.7;-1516.6;10973.5;-846.8
421;15716.8;-6688.2;15122.3;-628.7
422;19872.7;-5671.5;19220.0;-404.6
423;15395.1;-6550.1;14798.0;-644.7
424;14571.2;-6046.4;13962.3;-689.0
425;20897.2;-4661.4;20201.9;-352.5
426;16341.9;-6840.7;15748.9;-594.7
427;15168.1;-6441.7;14568.8;-653.7
428;17005.7;-6856.5;16409.5;-558.7
429;16264.7;-6834.0;15671.8;-602.7
430;15274.3;-6497.3;14675.9;-650.7
431;18944.0;-6274.4;18318.2;-453.6
432;18731.0;-6381.3;18110.0;-463.6
433;18113.3;-6594.3;17503.5;-495.6
434;15993.9;-6771.0;15400.6;-611.7
435;18806.6;-6343.1;18184.1;-460.6
436;16113.8;-6791.6;15520.7;-600.7
437;17266.4;-6824.2;16667.7;-543.6
438;18551.0;-6458.9;17933.9;-474.6
439;18036.2;-6616.5;17427.4;-500.6
440;20279.2;-5316.7;19611.4;-383.6
441;17233.0;-6827.0;16634.7;-542.6
442;12560.1;-3473.9;11880.4;-799.7
443;13681.5;-5173.2;13049.4;-736.7
444;19270.6;-6095.5;18636.5;-435.6
445;15487.3;-6593.6;14891.1;-636.7
446;17091.5;-6844.5;16494.6;-549.7
447;14352.5;-5864.1;13739.0;-698.1
448;18471.4;-6490.4;17855.8;-478.6
449;15369.4;-6545.2;14772.0;-646.7
450;19516.8;-5943.4;18875.7;-428.6
451;15048.7;-6373.6;14447.7;-660.7
452;18737.1;-6380.0;18116.0;-464.6
453;17734.6;-6712.3;17130.1;-516.6
454;14632.0;-6093.6;14024.3;-684.9
455;18696.1;-6401.1;18076.0;-467.6
456;14241.1;-5763.9;13624.9;-704.2
457;14415.2;-5915.6;13803.1;-693.1
458;17840.1;-6684.2;17234.2;-512.6
459;14843.7;-6240.0;14239.5;-671.7
460;14912.5;-6288.1;14309.6;-668.7
461;15464.5;-6585.2;14868.1;-638.7
462;14026.6;-5546.4;13404.7;-716.4
463;18570.4;-6453.7;17952.9;-474.6
464;17584.6;-6752.3;16982.0;-524.6
465;16065.9;-6783.1;15472.6;-605.7
466;15982.0;-6762.2;15388.6;-608.7
467;17231.1;-6825.9;16632.7;-542.6
468;20225.0;-5370.5;19559.3;-388.6
469;18177.4;-6572.7;17566.5;-491.6
470;15099.2;-6400.0;14498.7;-657.7
471;17972.9;-6647.9;17365.3;-504.6
472;15960.0;-6755.9;15366.5;-609.7
473;15781.5;-6705.5;15187.4;-620.7
474;20457.5;-5148.5;19782.6;-376.6
475;15296.8;-6512.1;14698.9;-649.7
476;15168.1;-6441.7;14568.8;-653.7
477;12003.9;-2282.3;11289.8;-831.8
478;13160.1;-4476.8;12508.9;-762.2
479;17233.0;-6827.0;16634.7;-542.6
480;14692.0;-6135.3;14085.4;-678.9
481;17379.8;-6800.6;16779.8;-534.6
482;13781.3;-5291.7;13152.5;-732.6
483;14533.9;-6017.2;13924.2;-691.0
484;17734.6;-6712.3;17130.1;-516.6
485;19523.1;-5930.5;18881.7;-422.6
486;17551.0;-6760.3;16949.0;-524.6
487;18918.5;-6281.5;18293.2;-452.6
488;20082.4;-5498.2;19422.2;-395.6
489;18561.2;-6457.3;17943.9;-474.6
490;14205.9;-5734.8;13588.9;-709.3
491;15990.9;-6768.2;15397.6;-610.7
492;17637.4;-6738.6;17034.0;-522.6
493;15305.7;-6515.7;14707.9;-648.7
494;17233.0;-6828.1;16634.7;-543.6
495;12786.6;-3880.3;12118.6;-783.5
496;14398.6;-5903.4;13786.1;-695.1
497;17408.1;-6797.1;16807.8;-533.6
498;11416.4;-635.9;10654.2;-867.1
499;13794.1;-5301.7;13165.5;-729.6
500;16184.9;-6803.9;15591.7;-595.7
501;12489.7;-3337.9;11806.3;-801.7
502;16347.9;-6840.2;15754.9;-593.7
503;14457.5;-5950.2;13846.1;-692.1
504;15573.7;-6633.4;14978.2;-635.7
505;15649.2;-6656.3;15054.2;-625.7
506;16643.0;-6859.4;16049.2;-572.7
507;14976.7;-6325.7;14374.6;-668.7
508;16425.1;-6848.8;15832.0;-587.7
509;14895.9;-6272.9;14292.6;-666.7
510;17468.0;-6781.8;16866.9;-529.6
511;20061.7;-5510.9;19402.2;-393.6
512;16659.1;-6864.4;16065.2;-575.7
513;16603.8;-6865.8;16010.1;-581.7
514;13674.6;-5164.7;13042.4;-735.7
515;17773.2;-6698.0;17168.2;-512.6
516;14553.6;-6033.7;13944.2;-691.0
517;14444.7;-5942.5;13833.1;-695.1
518;17473.0;-6781.9;16871.9;-529.6
519;16623.9;-6868.7;16030.1;-581.7
520;18715.4;-6393.5;18095.0;-466.6
521;19482.7;-5966.4;18842.7;-429.6
522;15029.1;-6357.7;14427.7;-660.7
523;16514.3;-6854.9;15921.0;-580.7
524;20210.4;-5377.7;19545.3;-384.6
525;18395.9;-6515.9;17781.7;-481.6
526;17824.0;-6688.1;17218.2;-513.6
527;19167.7;-6156.0;18536.4;-439.6
528;14886.9;-6270.4;14283.5;-669.7
529;17649.5;-6735.1;17046.1;-521.6
530;19401.3;-6020.2;18763.6;-434.6
531;19892.3;-5656.3;19239.1;-403.6
532;14449.6;-5947.2;13838.1;-695.1
533;15667.1;-6663.2;15072.3;-624.7
534;17078.3;-6848.0;16481.5;-551.7
535;15583.6;-6636.9;14988.2;-634.7
536;15357.3;-6538.0;14760.0;-644.7
537;17759.9;-6705.2;17155.2;-514.6
538;15444.4;-6578.1;14848.1;-638.7
539;12343.2;-3036.6;11651.1;-807.9
540;17030.1;-6852.4;16433.5;-556.7
541;15286.1;-6501.7;14687.9;-647.7
542;14611.3;-6080.4;14003.3;-686.9
543;12815.2;-3930.6;12148.6;-782.5
544;18502.9;-6477.2;17886.8;-475.6
545;11437.4;-697.9;10677.3;-862.0
546;12529.6;-3416.5;11848.3;-801.7
547;15610.5;-6650.6;15015.2;-635.7
548;18989.2;-6246.4;18362.3;-445.6
549;19178.0;-6151.3;18546.4;-440.6
550;13691.2;-5185.7;13059.4;-736.7
551;15828.4;-6714.3;15234.4;-613.7
552;12932.8;-4129.1;12271.7;-778.4
553;18495.7;-6479.0;17879.8;-474.6
554;13003.6;-4240.0;12345.8;-771.3
555;15906.2;-6741.1;15312.5;-612.7
556;18550.0;-6457.6;17932.9;-473.6
557;15731.7;-6693.7;15137.3;-627.7
558;19536.7;-5914.0;18894.8;-417.6
559;14307.6;-5825.1;13693.0;-702.2
560;17047.0;-6853.5;16450.5;-555.7
561;18137.7;-6588.4;17527.5;-495.6
562;15913.1;-6743.7;15319.5;-612.7
563;19353.0;-6038.6;18716.6;-427.6
564;17450.7;-6794.6;16849.9;-537.6
565;12663.6;-3666.7;11989.5;-793.6
566;25726.9;9608.5;24436.5;-123.4
567;17679.9;-6728.4;17076.1;-520.6
568;16461.3;-6849.8;15868.0;-585.7
569;13166.9;-4488.9;12515.9;-764.2
570;16410.9;-6850.9;15817.9;-590.7
571;15206.7;-6466.3;14607.8;-655.7
572;17666.8;-6730.2;17063.1;-520.6
573;17057.1;-6852.3;16460.5;-553.7
574;20425.4;-5172.3;19751.5;-374.6
575;16541.5;-6857.0;15948.1;-580.7
576;17375.7;-6803.9;16775.8;-537.6
577;17057.1;-6852.3;16460.5;-553.7
578;15894.3;-6738.5;15300.5;-614.7
579;15817.4;-6711.0;15223.4;-614.7
580;18700.2;-6397.9;18080.0;-466.6
581;17978.0;-6645.9;17370.4;-504.6
582;14835.7;-6233.1;14231.5;-670.7
583;13782.3;-5293.2;13153.5;-732.6
584;16071.0;-6784.1;15477.6;-605.7
585;18838.4;-6331.2;18215.1;-461.6
586;16160.8;-6799.5;15567.7;-596.7
587;20178.2;-5413.4;19514.3;-391.6
588;14517.2;-6004.3;13907.2;-692.0
589;16539.5;-6856.3;15946.1;-580.7
590;10857.9;1511.6;10032.7;-898.9
591;14907.7;-6282.4;14304.6;-667.7
592;15537.9;-6619.6;14942.1;-636.7
593;17366.6;-6804.8;16766.8;-536.6
594;20098.1;-5478.5;19437.2;-390.6
595;16299.7;-6836.4;15706.8;-597.7
596;19506.6;-5948.7;18865.7;-428.6
597;17710.2;-6721.3;17106.1;-518.6
598;18436.9;-6501.3;17821.8;-480.6
599;15193.9;-6457.0;14594.8;-654.7
600;19350.9;-6040.4;18714.6;-427.6
601;13869.9;-5386.1;13243.6;-725.6
602;17331.3;-6817.9;16731.8;-545.6
603;14131.6;-5663.3;13512.8;-712.3
604;15079.5;-6387.2;14478.7;-657.7
605;13036.1;-4296.3;12379.8;-773.3
606;15082.4;-6390.9;14481.7;-658.7
607;17008.7;-6857.2;16412.5;-558.7
608;16066.9;-6783.2;15473.6;-605.7
609;13285.0;-4662.7;12639.0;-758.1
610;19538.8;-5913.1;18896.8;-417.6
611;16976.3;-6859.2;16380.5;-558.7
612;18487.8;-6482.5;17871.8;-477.6
613;17987.2;-6646.7;17379.4;-507.6
614;14760.9;-6186.7;14155.4;-677.8
615;12012.1;-2304.4;11298.8;-829.8
616;14210.8;-5738.8;13593.9;-708.3
617;18984.1;-6251.2;18357.3;-447.6
618;13911.7;-5435.8;13286.6;-726.5
619;18054.4;-6615.4;17445.4;-502.6
620;14875.0;-6265.1;14271.5;-671.7
621;17107.6;-6845.1;16510.6;-550.7
622;12271.3;-2891.3;11575.1;-814.9
623;18853.6;-6330.4;18230.1;-464.6
624;16135.8;-6796.8;15542.7;-599.7
625;18216.8;-6566.6;17605.6;-490.6
626;16645.1;-6860.3;16051.2;-573.7
627;18016.7;-6635.4;17408.4;-504.6
628;15996.8;-6770.6;15403.6;-610.7
629;17891.9;-6667.3;17285.3;-508.6
630;12935.7;-4133.4;12274.7;-778.4
631;13850.4;-5366.6;13223.6;-728.6
632;17853.3;-6681.9;17247.2;-512.6
633;16135.8;-6796.8;15542.7;-599.7
634;15716.8;-6688.2;15122.3;-628.7
635;15826.4;-6715.0;15232.4;-614.7
636;17341.3;-6815.0;16741.8;-543.6
637;14916.5;-6291.8;14313.6;-669.7
638;17365.6;-6805.0;16765.8;-536.6
639;14210.8;-5738.8;13593.9;-708.3
640;15322.6;-6520.9;14724.9;-645.7
641;18434.8;-6503.4;17819.8;-481.6
642;18631.7;-6423.7;18012.9;-467.6
643;13819.3;-5330.3;13191.5;-727.6
644;18108.2;-6599.7;17498.5;-498.6
645;13942.8;-5468.9;13318.7;-722.5
646;17864.5;-6672.8;17258.3;-507.6
647;12112.6;-2540.7;11405.9;-826.8
648;13774.6;-5282.8;13145.5;-732.6
649;15098.1;-6399.7;14497.7;-657.7
650;15858.3;-6725.7;15264.4;-613.7
651;19436.5;-5988.9;18797.7;-427.6
652;18257.5;-6562.8;17645.6;-493.6
653;19787.8;-5743.2;19138.0;-413.6
654;18940.0;-6276.1;18314.2;-454.6
655;15596.5;-6641.1;15001.2;-632.7
656;15635.2;-6657.8;15040.2;-631.7
657;18628.7;-6428.1;18009.9;-470.6
658;16313.9;-6838.0;15720.9;-597.7
659;15875.2;-6730.8;15281.5;-612.7
660;13307.2;-4691.3;12662.1;-756.0
661;15988.9;-6763.8;15395.6;-607.7
662;10329.4;4367.3;9421.1;-932.7
663;15217.6;-6472.6;14618.8;-655.7
664;14072.3;-5607.8;13451.8;-718.4
665;17773.2;-6698.0;17168.2;-512.6
666;15169.0;-6442.8;14569.8;-653.7
667;15493.3;-6596.4;14897.1;-636.7
668;19263.3;-6102.1;18629.5;-437.6
669;13919.2;-5447.6;13294.6;-724.5
670;16927.9;-6856.9;16332.4;-556.7
671;12121.0;-2555.0;11414.9;-821.8
672;16425.1;-6848.8;15832.0;-587.7
673;17140.9;-6838.1;16543.6;-546.7
674;18151.9;-6583.0;17541.5;-493.6
675;14246.1;-5766.6;13629.9;-704.2
676;16937.0;-6860.2;16341.4;-559.7
677;16934.0;-6859.6;16338.4;-558.7
678;16183.9;-6803.0;15590.7;-594.7
679;16552.7;-6853.9;15959.1;-577.7
680;17257.3;-6824.4;16658.7;-542.6
681;17112.7;-6842.2;16515.6;-549.7
682;14034.4;-5552.2;13412.8;-714.4
683;13602.1;-5071.7;12967.3;-737.8
684;21961.0;-3189.1;21204.9;-299.5
685;20580.0;-5016.6;19899.7;-366.5
686;13185.3;-4512.6;12535.0;-762.1
687;17231.1;-6825.9;16632.7;-542.6
688;17630.2;-6740.1;17027.0;-522.6
689;17908.0;-6666.0;17301.3;-508.6
690;16535.6;-6854.9;15942.1;-579.7
691;14185.5;-5711.4;13567.9;-708.3
692;15819.4;-6710.6;15225.4;-613.7
693;15137.5;-6418.7;14537.8;-650.7
694;16524.5;-6855.2;15931.0;-580.7
695;15631.3;-6659.3;15036.2;-634.7
696;15929.1;-6748.8;15335.5;-612.7
697;18511.1;-6473.5;17894.8;-474.6
698;18992.3;-6245.7;18365.3;-446.6
699;13635.9;-5115.5;13002.4;-736.8
700;15206.7;-6466.3;14607.8;-655.7
701;14483.0;-5970.8;13872.2;-690.0
702;18979.1;-6245.4;18352.3;-446.6
703;16091.9;-6784.8;15498.6;-600.7
704;19494.1;-5961.4;18853.7;-431.6
705;15170.0;-6443.5;14570.8;-653.7
706;16284.7;-6835.5;15691.8;-599.7
707;13283.1;-4659.9;12637.0;-758.1
708;19160.4;-6160.7;18529.4;-440.6
709;15417.9;-6556.9;14821.0;-640.7
710;12982.7;-4201.7;12323.8;-770.3
711;14916.5;-6291.8;14313.6;-669.7
712;11279.3;-158.1;10503.1;-873.2
713;16153.7;-6800.6;15560.7;-598.7
714;16472.3;-6850.1;15879.0;-583.7
715;16866.3;-6861.7;16271.4;-560.7
716;19609.8;-5873.8;18965.8;-420.6
717;15557.7;-6624.7;14962.2;-632.7
718;18034.2;-6618.4;17425.4;-501.6
719;16921.9;-6854.9;16326.4;-555.7
720;15796.6;-6709.1;15202.4;-620.7
721;11744.9;-1622.2;11011.6;-850.8
722;18355.1;-6527.4;17741.7;-481.6
723;15108.9;-6404.0;14508.8;-653.7
724;16266.7;-6832.9;15673.8;-601.7
725;13447.1;-4885.1;12807.2;-751.9
726;16854.4;-6862.5;16259.3;-562.7
727;16464.4;-6850.4;15871.0;-585.7
728;16290.7;-6834.6;15697.8;-597.7
729;15923.1;-6748.2;15329.5;-613.7
730;18584.6;-6445.3;17966.9;-470.6
731;18395.9;-6518.7;17781.7;-483.6
732;17856.4;-6681.4;17250.2;-512.6
733;23965.8;1413.7;23018.9;-200.5
734;14899.8;-6278.1;14296.6;-668.7
735;15381.3;-6540.9;14784.0;-642.7
736;13995.4;-5524.0;13372.7;-720.4
737;17195.6;-6825.0;16597.7;-539.6
738;14711.6;-6152.1;14105.4;-679.8
739;10505.2;3318.0;9627.3;-921.1
740;13568.0;-5036.5;12932.3;-742.8
741;16382.1;-6838.4;15788.9;-587.7
742;18491.8;-6481.7;17875.8;-476.6
743;12835.2;-3971.0;12169.6;-786.4
744;14874.0;-6264.8;14270.5;-671.7
745;15913.1;-6743.7;15319.5;-612.7
746;14620.1;-6086.7;14012.3;-685.9
747;17412.2;-6796.7;16811.8;-534.6
748;16231.7;-6832.1;15638.8;-607.7
749;16941.1;-6861.1;16345.4;-560.7
750;14626.2;-6088.7;14018.3;-684.9
751;19700.6;-5806.6;19053.9;-412.6
752;16220.8;-6806.0;15627.8;-588.7
753;19135.9;-6175.8;18505.4;-443.6
754;15252.4;-6489.2;14653.9;-654.7
755;17548.0;-6762.7;16946.0;-525.6
756;14723.4;-6165.0;14117.4;-682.8
757;14134.6;-5665.5;13515.8;-711.3
758;14668.4;-6118.5;14061.3;-680.9
759;16120.8;-6793.6;15527.7;-600.7
760;15735.8;-6693.0;15141.3;-626.7
761;19706.9;-5801.1;19059.9;-412.6
762;13703.8;-5201.7;13072.4;-736.7
763;13831.0;-5346.7;13203.6;-730.6
764;20072.0;-5504.9;19412.2;-394.6
765;17585.6;-6750.9;16983.0;-523.6
766;12149.9;-2623.4;11446.0;-819.8
767;17336.3;-6814.6;16736.8;-542.6
768;16756.6;-6864.9;16162.3;-567.7
769;11605.4;-1218.0;10860.4;-853.9
770;15404.1;-6553.6;14807.0;-643.7
771;16184.9;-6802.9;15591.7;-594.7
772;17861.4;-6674.8;17255.3;-508.6
773;18368.3;-6524.1;17754.7;-481.6
774;16435.1;-6847.0;15842.0;-584.7
775;18550.0;-6459.1;17932.9;-474.6
776;15898.2;-6740.4;15304.5;-614.7
777;14336.8;-5852.0;13723.0;-700.2
778;14167.9;-5696.2;13549.9;-710.3
779;17438.6;-6796.5;16837.9;-538.6
780;11988.9;-2247.7;11273.8;-833.8
781;17741.7;-6710.4;17137.1;-516.6
782;13795.0;-5304.6;13166.5;-730.6
783;15425.8;-6562.9;14829.0;-641.7
784;17353.5;-6811.2;16753.8;-541.6
785;18965.7;-6255.9;18339.2;-449.6
786;12024.3;-2336.4;11311.8;-831.8
787;14449.6;-5947.2;13838.1;-695.1
788;16332.9;-6839.0;15739.9;-594.7
789;14906.7;-6281.7;14303.6;-667.7
790;18152.9;-6581.2;17542.5;-492.6
791;11722.6;-1557.6;10987.5;-848.8
792;17030.1;-6852.4;16433.5;-556.7
793;17174.5;-6836.9;16576.6;-548.7
794;16332.9;-6839.0;15739.9;-594.7
795;18703.2;-6397.3;18083.0;-466.6
796;13529.3;-4991.7;12892.3;-747.8
797;18718.5;-6392.9;18098.0;-467.6
798;14672.4;-6121.4;14065.3;-680.9
799;17854.4;-6681.5;17248.2;-512.6
800;15503.3;-6599.6;14907.1;-635.7
801;18050.4;-6615.9;17441.4;-502.6
802;17978.0;-6645.9;17370.4;-504.6
803;13028.5;-4281.6;12371.8;-772.3
804;15882.3;-6735.9;15288.5;-615.7
805;16018.8;-6775.6;15425.6;-609.7
806;15696.0;-6677.3;15101.3;-626.7
807;14557.5;-6039.2;13948.2;-693.0
808;20422.2;-5174.0;19748.5;-373.6
809;16690.2;-6864.5;16096.2;-571.7
810;19741.1;-5769.6;19092.9;-407.6
811;14966.9;-6318.2;14364.6;-667.7
812;13895.1;-5416.8;13269.6;-726.5
813;16519.4;-6857.4;15926.0;-582.7
814;14978.7;-6326.1;14376.6;-667.7
815;21684.8;-3620.7;20946.6;-310.5
816;16771.7;-6864.7;16177.3;-567.7
817;18816.0;-6338.5;18193.1;-461.6
818;15726.8;-6690.0;15132.3;-626.7
819;15500.3;-6598.8;14904.1;-636.7
820;16153.8;-6801.5;15560.7;-599.7
821;17017.8;-6853.6;16421.5;-555.7
822;18129.5;-6589.1;17519.5;-494.6
823;15954.0;-6754.8;15360.5;-610.7
824;14722.4;-6164.5;14116.4;-682.8
825;13881.5;-5401.3;13255.6;-726.5
826;16051.9;-6784.1;15458.6;-609.7
827;17504.5;-6773.3;16902.9;-528.6
828;17252.3;-6823.0;16653.7;-541.6
829;16184.9;-6803.9;15591.7;-595.7
830;14899.8;-6278.1;14296.6;-668.7
831;16550.7;-6853.3;15957.1;-577.7
832;17503.4;-6773.6;16901.9;-528.6
833;16141.8;-6796.6;15548.7;-598.7
834;16471.4;-6849.3;15878.0;-583.7
835;15891.3;-6735.8;15297.5;-613.7
836;18278.9;-6545.7;17666.6;-487.6
837;15255.4;-6491.4;14656.9;-654.7
838;16636.0;-6863.3;16042.1;-576.7
839;17107.6;-6848.3;16510.6;-553.7
840;17854.4;-6681.5;17248.2;-512.6
841;19606.7;-5873.8;18962.8;-419.6
842;17737.7;-6711.7;17133.1;-516.6
843;17564.3;-6756.3;16962.0;-524.6
844;13016.1;-4262.5;12358.8;-773.3
845;17577.5;-6754.3;16975.0;-525.6
846;21459.2;-3946.4;20734.4;-322.5
847;14395.7;-5899.9;13783.1;-695.1
848;13985.5;-5512.9;13362.7;-718.5
849;15746.7;-6695.6;15152.3;-624.7
850;18519.3;-6471.4;17902.8;-475.6
851;17398.1;-6799.3;16797.8;-535.6
852;15170.0;-6443.5;14570.8;-653.7
853;16144.8;-6797.0;15551.7;-598.7
854;18555.1;-6458.1;17937.9;-474.6
855;17730.5;-6716.8;17126.1;-518.6
856;21786.1;-3468.7;21041.7;-304.5
857;18484.6;-6486.0;17868.8;-478.6
858;17013.7;-6856.0;16417.5;-557.7
859;17600.7;-6748.7;16998.0;-523.6
860;15453.4;-6579.6;14857.1;-637.7
861;14077.0;-5610.7;13456.8;-715.4
862;16608.7;-6868.2;16015.1;-581.7
863;17320.1;-6817.4;16720.8;-543.6
864;13179.5;-4506.0;12528.9;-763.2
865;15071.4;-6384.7;14470.7;-658.7
866;15404.1;-6553.6;14807.0;-643.7
867;16814.1;-6861.7;16219.3;-563.7
868;15647.2;-6659.1;15052.2;-628.7
869;17215.8;-6825.9;16617.7;-541.6
870;16440.2;-6846.7;15847.0;-584.7
871;18606.2;-6434.8;17987.9;-469.6
872;12505.0;-3371.3;11822.3;-804.7
873;19973.2;-5592.8;19317.1;-401.6
874;19419.9;-6006.5;18781.6;-432.6
875;16337.0;-6841.3;15743.9;-596.7
876;17680.9;-6727.1;17077.1;-519.6
877;17578.5;-6754.8;16976.0;-525.6
878;14595.7;-6067.8;13987.3;-688.9
879;16590.8;-6865.2;15997.1;-582.7
880;17972.9;-6647.9;17365.3;-504.6
881;16915.8;-6856.5;16320.4;-556.7
882;18588.8;-6442.8;17970.9;-470.6
883;16434.1;-6848.6;15841.0;-585.7
884;16407.0;-6848.2;15813.9;-589.7
885;14532.9;-6016.7;13923.2;-691.0
886;15414.1;-6552.5;14817.0;-639.7
887;15207.7;-6467.5;14608.8;-655.7
888;20086.5;-5495.1;19426.2;-395.6
889;16761.7;-6865.0;16167.3;-567.7
890;14028.6;-5547.6;13406.7;-716.4
891;17115.7;-6842.3;16518.6;-549.7
892;15797.6;-6708.4;15203.4;-619.7
894;17297.8;-6816.0;16698.7;-539.6
895;12840.0;-3979.2;12174.6;-787.4
896;17519.7;-6766.9;16917.9;-525.6
897;14108.5;-5635.5;13488.8;-711.4
898;13041.1;-4296.7;12384.8;-769.3
899;17330.3;-6817.8;16730.8;-545.6
900;12965.3;-4181.2;12305.7;-776.3
901;15233.5;-6476.5;14634.9;-651.7
902;16682.1;-6866.6;16088.2;-573.7
903;17594.7;-6749.8;16992.0;-524.6
904;17893.9;-6668.7;17287.3;-509.6
905;16143.8;-6796.7;15550.7;-598.7
906;14392.7;-5896.8;13780.1;-694.1
907;20590.5;-5007.8;19909.7;-368.5
908;14884.9;-6271.1;14281.5;-670.7
909;20310.6;-5289.1;19641.4;-385.6
910;15220.7;-6470.7;14621.9;-653.7
911;18838.4;-6333.0;18215.1;-462.6
912;18630.7;-6425.0;18011.9;-468.6
913;13929.0;-5454.3;13304.7;-721.5
914;17017.8;-6854.7;16421.5;-556.7
915;17916.2;-6661.0;17309.3;-506.6
916;17794.5;-6694.4;17189.2;-513.6
917;15781.5;-6705.5;15187.4;-620.7
918;16896.6;-6862.2;16301.4;-560.7
919;15353.3;-6534.8;14756.0;-642.7
920;13657.2;-5141.7;13024.4;-734.7
921;18431.7;-6503.2;17816.8;-480.6
922;14990.6;-6333.1;14388.6;-666.7
923;19337.4;-6052.1;18701.6;-429.6
924;17573.4;-6756.7;16971.0;-526.6
925;14261.7;-5785.2;13646.0;-706.2
926;15862.3;-6725.1;15268.4;-611.7
927;15589.6;-6638.5;14994.2;-633.7
928;14304.7;-5822.9;13690.0;-703.2
929;17340.3;-6815.2;16740.8;-543.6
930;15169.0;-6442.8;14569.8;-653.7
931;19916.3;-5635.0;19262.1;-402.6
932;18151.9;-6583.0;17541.5;-493.6
933;14289.0;-5806.3;13674.0;-701.2
934;16183.9;-6803.0;15590.7;-594.7
935;15721.8;-6689.5;15127.3;-627.7
936;12819.0;-3938.0;12152.6;-782.5
937;18313.6;-6531.8;17700.7;-483.6
938;18361.2;-6526.0;17747.7;-481.6
939;18300.4;-6533.1;17687.6;-481.6
940;15214.7;-6470.9;14615.8;-655.7
941;18628.7;-6428.1;18009.9;-470.6
942;15759.6;-6699.9;15165.3;-623.7
943;18321.7;-6531.2;17708.7;-483.6
944;20334.3;-5273.4;19664.4;-386.6
945;16534.5;-6855.1;15941.1;-579.7
946;13123.6;-4424.5;12470.9;-765.2
947;15522.1;-6609.9;14926.1;-636.7
948;17660.7;-6727.6;17057.1;-517.6
949;18968.8;-6254.6;18342.2;-449.6
950;13737.6;-5240.7;13107.5;-733.7
951;15799.6;-6709.2;15205.4;-619.7
952;16746.6;-6863.4;16152.2;-567.7
953;17195.6;-6825.0;16597.7;-539.6
954;18266.7;-6555.8;17654.6;-489.6
955;14139.6;-5670.3;13520.8;-712.3
956;15287.0;-6504.0;14688.9;-648.7
957;18487.8;-6482.5;17871.8;-477.6
958;17106.6;-6846.9;16509.6;-551.7
959;17224.0;-6825.7;16625.7;-542.6
960;18756.5;-6378.1;18135.1;-468.6
961;16455.3;-6845.6;15862.0;-582.7
962;17405.0;-6798.7;16804.8;-534.6
963;15528.0;-6612.7;14932.1;-635.7
964;13286.0;-4662.7;12640.0;-757.1
965;13389.4;-4802.5;12747.1;-753.0
966;16390.0;-6841.9;15796.9;-588.7
967;15781.5;-6705.5;15187.4;-620.7
968;14782.5;-6202.4;14177.4;-677.8
969;16934.0;-6859.6;16338.4;-558.7
970;14266.4;-5790.2;13651.0;-705.2
971;16470.4;-6849.2;15877.0;-583.7
972;16182.8;-6803.1;15589.7;-594.7
973;14377.9;-5887.2;13765.1;-697.1
974;11291.8;-210.2;10517.1;-874.2
975;19512.7;-5946.3;18871.7;-428.6
976;16927.9;-6856.9;16332.4;-556.7
977;10571.0;2906.3;9705.4;-916.8
978;15278.2;-6499.1;14679.9;-649.7
979;17107.6;-6848.3;16510.6;-553.7
980;15717.8;-6688.6;15123.3;-628.7
981;17525.7;-6767.8;16923.9;-526.6
982;14084.0;-5614.9;13463.8;-714.4
983;16614.9;-6867.2;16021.1;-581.7
984;16104.8;-6789.9;15511.7;-601.7
985;15818.4;-6711.9;15224.4;-614.7
986;15733.7;-6692.6;15139.3;-626.7
987;16674.1;-6866.0;16080.2;-574.7
988;18316.6;-6533.3;17703.7;-484.6
989;15048.7;-6372.1;14447.7;-659.7
990;15322.6;-6520.9;14724.9;-645.7
991;16580.7;-6862.8;15987.1;-581.7
992;15959.0;-6756.5;15365.5;-610.7
993;17090.5;-6844.1;16493.6;-549.7
994;17833.1;-6685.9;17227.2;-513.6
995;19133.8;-6177.1;18503.4;-443.6
996;15963.0;-6759.4;15369.5;-611.7
997;11331.9;-348.9;10561.2;-871.1
998;16065.9;-6783.1;15472.6;-605.7
999;17014.7;-6856.3;16418.5;-557.7
1000;15808.5;-6714.5;15214.4;-620.7
