CASO;pATIVA;pREATIVA;dATIVA;dREATIVA
1;85662.1;-12289.0;81523.2;17920.8
2;83224.4;-15827.1;79340.8;17373.2
3;82969.9;-18481.4;79417.3;17394.3
4;82740.2;-16412.5;78893.8;17254.6
5;84574.6;-15654.0;80784.5;17738.3
6;81226.6;-20058.2;77687.6;16950.5
7;85898.5;-11213.6;81652.3;17949.7
8;82864.7;-17716.0;79200.3;17331.3
9;84089.7;-15631.1;80252.3;17600.5
10;83484.7;-16400.1;79696.8;17459.1
11;85564.9;-11836.0;81366.3;17888.7
12;81632.7;-18263.4;77914.4;17019.4
13;83555.8;-15260.5;79625.2;17442.4
14;83306.2;-16891.2;79570.4;17431.8
15;85208.0;-12511.1;81059.9;17807.6
16;82593.2;-17425.7;78863.7;17249.8
17;83719.0;-15049.7;79773.7;17475.3
18;82953.8;-16100.4;79084.2;17306.8
19;83839.3;-15693.6;79987.9;17529.8
20;84564.0;-13691.3;80511.5;17664.7
21;82544.8;-17826.5;78862.6;17249.5
22;85188.1;-12803.8;81073.7;17809.8
23;84925.7;-13018.6;80818.0;17747.0
24;84314.6;-15218.8;80440.7;17646.5
25;84862.9;-13555.3;80817.9;17747.0
26;83118.9;-16183.4;79272.3;17354.7
27;83674.9;-15812.3;79825.4;17489.5
28;82677.8;-17960.7;79027.6;17289.5
29;83384.6;-17109.0;79684.4;17455.1
30;84487.9;-13966.5;80463.7;17652.3
31;83112.0;-16212.5;79268.7;17351.9
32;83494.2;-15237.0;79556.5;17428.5
34;82976.2;-16115.6;79110.7;17313.3
35;83177.8;-15785.6;79285.3;17360.1
36;83908.0;-14624.3;79923.8;17515.0
37;82681.0;-16546.0;78846.2;17245.7
38;84034.9;-15479.9;80172.1;17581.8
39;85777.6;-11536.1;81559.6;17931.3
40;84749.3;-13302.1;80662.8;17705.7
41;83648.7;-15446.8;79749.2;17470.2
42;82947.5;-16120.4;79080.4;17305.7
43;82780.5;-18517.5;79213.4;17333.8
44;85841.8;-11264.2;81597.8;17939.5
45;83992.4;-14495.2;79997.5;17533.7
46;83146.1;-16242.3;79310.9;17367.6
47;84138.5;-14284.3;80128.9;17571.2
48;86282.0;-10458.1;81984.3;18041.2
49;83908.8;-15658.3;80059.6;17556.9
50;84615.6;-13557.0;80550.9;17681.3
51;84262.6;-14080.4;80236.0;17594.6
52;83465.4;-15816.1;79599.9;17436.2
53;82586.4;-17179.1;78824.2;17242.9
54;83521.5;-15393.3;79605.1;17437.5
55;83689.3;-14993.1;79734.9;17466.4
56;84583.4;-13551.4;80514.7;17665.1
57;84741.2;-14118.9;80759.7;17733.6
58;84959.1;-12946.9;80845.0;17752.9
59;84244.3;-14140.7;80223.9;17592.0
60;84577.3;-15728.7;80797.8;17743.3
61;83013.2;-16556.5;79206.8;17333.1
62;85310.8;-12564.7;81176.1;17830.8
63;84487.1;-13848.9;80448.4;17648.5
64;83594.6;-15151.4;79653.0;17446.0
65;84116.7;-16660.3;80420.7;17642.0
66;83843.0;-14823.7;79878.0;17499.5
67;85073.7;-13619.7;81055.8;17807.4
68;85367.0;-13988.6;81425.2;17902.5
69;86416.3;-10084.6;82088.7;18069.5
70;82375.7;-17056.6;78576.8;17177.9
71;82202.8;-18161.5;78528.0;17163.7
72;83357.6;-15487.4;79441.1;17399.8
73;84033.1;-14944.5;80099.6;17562.0
74;84890.0;-13110.8;80791.2;17741.4
75;84079.6;-15666.0;80249.1;17600.1
76;81675.6;-18216.9;77955.5;17025.6
78;84820.6;-13337.1;80744.9;17730.5
79;84188.1;-14204.2;80171.8;17578.3
80;84414.7;-16189.5;80682.2;17711.8
81;83641.3;-15324.4;79724.9;17464.0
82;83676.7;-15156.9;79741.6;17468.4
83;84135.5;-14283.1;80125.6;17570.8
84;84386.5;-13870.5;80343.0;17624.0
85;84073.6;-14905.8;80138.5;17572.1
86;83814.8;-16416.4;80059.6;17556.8
87;83183.7;-15744.6;79286.3;17360.1
88;84346.0;-13931.9;80307.6;17617.6
89;83972.5;-15139.1;80059.8;17557.1
90;85200.0;-12538.0;81054.6;17807.2
91;85276.0;-12396.5;81119.5;17819.4
92;84133.1;-14263.9;80123.5;17569.6
93;83514.3;-15279.7;79583.1;17433.8
94;83210.8;-15696.3;79309.8;17367.4
95;84096.8;-16348.7;80356.9;17626.3
96;84013.1;-14475.0;80017.5;17540.4
97;83546.0;-15217.7;79609.5;17438.1
98;83938.1;-14894.8;79990.0;17531.9
99;83232.7;-15673.8;79330.2;17371.3
100;84294.1;-16694.8;80619.7;17694.2
101;83421.9;-15380.6;79496.6;17412.0
102;85307.3;-12339.3;81146.1;17823.9
103;84170.0;-15616.9;80337.5;17623.2
104;84590.7;-13562.5;80524.2;17670.8
105;82657.9;-16966.1;78874.0;17251.2
106;84126.2;-14211.7;80109.3;17563.0
107;84754.2;-13251.4;80661.7;17705.6
108;82874.6;-16243.8;79017.2;17285.6
109;83501.1;-16164.9;79684.5;17455.3
110;83860.8;-15469.9;79981.2;17528.8
111;82337.5;-17539.5;78596.7;17183.5
112;84168.0;-14961.7;80247.0;17600.1
113;84700.4;-14493.8;80765.1;17735.3
114;82857.7;-16981.9;79095.6;17310.7
115;84267.4;-14443.5;80286.6;17609.7
116;82368.6;-17711.8;78652.6;17196.1
117;83758.5;-15749.9;79907.8;17509.3
118;81983.9;-18850.1;78375.0;17121.6
119;85204.4;-12441.4;81048.1;17803.4
120;84119.3;-16050.9;80340.9;17623.8
121;83717.5;-16172.1;79919.9;17512.8
122;83062.3;-15969.3;79183.2;17328.8
123;85298.0;-12805.4;81193.5;17838.9
124;86158.6;-10671.1;81872.7;18008.3
125;81871.4;-17907.8;78132.2;17062.6
126;85331.4;-12261.6;81162.9;17826.1
127;85749.4;-11485.6;81523.5;17921.1
128;84122.6;-15518.7;80272.7;17605.4
129;82601.8;-16667.1;78774.6;17226.6
130;84580.4;-15607.2;80784.3;17738.1
131;83694.3;-15158.8;79761.0;17473.3
132;83162.3;-16408.6;79349.5;17374.1
133;82378.9;-18320.2;78742.2;17217.2
134;84539.3;-13649.3;80479.1;17655.4
135;84767.7;-13527.7;80711.4;17721.9
136;83226.1;-15686.2;79324.9;17371.0
137;84244.7;-15881.1;80454.0;17649.3
138;82655.1;-16574.7;78822.1;17241.7
139;84816.2;-13187.6;80721.0;17722.9
140;83980.0;-14574.2;79994.2;17532.2
141;83464.1;-16993.2;79754.6;17472.8
142;83776.7;-15184.8;79853.0;17494.7
143;84611.9;-15369.5;80785.7;17739.7
144;84394.5;-16255.4;80669.4;17708.6
145;84533.2;-13565.6;80462.6;17652.2
146;84080.7;-14364.6;80077.0;17558.7
147;84016.8;-14442.0;80017.5;17540.5
148;84539.4;-14199.8;80551.0;17681.4
149;84188.4;-14201.6;80172.0;17580.6
150;84689.7;-13391.0;80609.6;17692.6
151;83583.3;-15150.9;79641.1;17444.7
152;81219.2;-19115.4;77563.0;16921.6
153;85058.5;-13101.2;80971.4;17784.0
154;86029.6;-13493.9;82089.8;18069.6
155;84424.0;-13831.4;80378.2;17631.2
156;83824.1;-14790.2;79854.1;17494.8
157;83785.8;-14824.8;79817.4;17488.0
158;83747.7;-15247.1;79829.7;17489.9
159;83965.6;-14530.9;79973.0;17526.2
160;82595.0;-17252.1;78842.9;17245.2
161;83118.9;-17338.7;79427.2;17395.5
162;82819.8;-16308.6;78966.8;17274.9
163;84115.1;-14887.1;80184.2;17584.3
164;83373.6;-16971.3;79653.2;17447.1
165;84477.6;-13778.2;80429.1;17644.7
166;83730.0;-14920.0;79769.5;17475.0
167;85023.4;-12857.5;80902.8;17766.6
168;84166.2;-14247.1;80153.6;17574.6
169;86442.3;-9883.5;82094.1;18070.0
170;81819.8;-17992.8;78086.0;17052.5
171;83206.6;-15704.8;79306.1;17365.5
172;84576.9;-15883.9;80818.0;17747.0
173;86813.8;-9199.4;82423.3;18145.5
174;83647.3;-15048.3;79696.9;17459.1
175;83912.4;-15114.1;79991.0;17531.9
176;83516.9;-16320.2;79721.6;17462.5
177;85434.3;-12098.6;81255.4;17855.7
178;83547.6;-15611.2;79660.9;17448.1
179;84573.7;-14343.2;80606.4;17692.4
180;83569.2;-15154.1;79626.4;17442.7
181;82506.3;-16815.8;78689.8;17207.5
182;84271.2;-14092.2;80246.9;17599.9
183;84407.7;-14459.4;80440.7;17646.5
184;85386.9;-12178.9;81213.8;17844.9
185;83811.3;-14804.2;79841.4;17491.8
186;83231.5;-15693.7;79331.4;17371.6
187;84289.7;-15774.0;80488.0;17660.7
188;84129.1;-14737.1;80176.6;17582.4
189;84237.2;-14142.5;80216.5;17591.5
190;83858.0;-14740.4;79883.2;17499.7
191;85244.6;-12432.6;81089.7;17811.4
192;84339.4;-13960.8;80304.0;17615.7
193;85865.1;-12794.7;81811.6;17991.2
194;85047.9;-13695.4;81037.4;17800.4
195;84437.2;-15293.3;80584.9;17687.4
196;82134.8;-17428.0;78360.1;17119.3
197;84598.1;-13568.6;80532.9;17672.7
198;84399.0;-13874.4;80356.7;17626.0
199;84829.8;-13145.3;80730.7;17725.7
200;85045.9;-13243.9;80975.8;17784.5
201;83275.6;-16990.9;79550.2;17428.2
202;84760.1;-13837.3;80743.6;17730.0
203;83261.8;-15875.9;79386.7;17382.6
204;86152.6;-10643.2;81862.9;18006.1
205;82439.2;-16946.0;78632.0;17190.0
206;81789.7;-19322.6;78223.2;17083.5
207;82101.4;-17518.4;78335.2;17113.7
208;82942.6;-16127.8;79076.2;17305.4
209;82494.5;-18117.5;78844.1;17245.5
210;86120.4;-10953.8;81863.0;18006.3
211;83244.5;-17772.1;79621.9;17441.0
212;82428.2;-16987.3;78625.1;17188.8
213;85124.7;-13080.4;81040.6;17800.7
214;83035.9;-17547.3;79364.8;17379.0
215;82427.9;-17826.2;78732.6;17215.5
216;84894.4;-13073.5;80791.2;17741.4
217;84526.0;-14353.8;80556.4;17681.9
218;83429.7;-15402.1;79507.5;17414.4
219;85512.3;-11942.6;81321.6;17874.3
220;83915.4;-15662.7;80067.3;17557.8
221;85680.8;-12106.8;81520.7;17920.1
222;84502.8;-13654.4;80440.7;17646.5
223;85677.9;-11671.4;81467.8;17906.3
224;83894.1;-15699.1;80048.9;17551.8
225;82569.1;-16794.1;78755.0;17220.4
226;86446.0;-11875.6;82338.4;18128.9
227;83316.7;-15544.6;79404.0;17387.4
228;83698.3;-14985.9;79743.6;17468.4
229;83152.6;-15802.9;79260.0;17349.9
230;83695.5;-14966.3;79738.3;17468.0
231;84193.0;-14207.2;80177.7;17582.6
232;84154.7;-14250.3;80141.7;17572.4
233;84659.0;-13467.1;80586.1;17687.6
234;85825.8;-12305.5;81703.4;17962.3
235;83614.6;-16337.5;79829.6;17489.7
236;82473.3;-17466.1;78736.0;17215.9
238;83189.8;-15718.4;79289.7;17361.4
239;81787.2;-20019.5;78309.3;17109.1
240;84821.3;-13322.5;80743.7;17730.2
241;83131.8;-17389.7;79447.6;17401.5
242;83234.9;-17993.8;79641.1;17444.6
243;83886.5;-14832.5;79926.6;17516.2
244;82320.0;-17536.8;78576.8;17177.9
245;82930.6;-16383.6;79095.5;17310.5
246;84675.6;-13418.6;80598.0;17691.8
247;84505.6;-14480.3;80551.1;17681.4
248;83421.8;-15407.6;79499.9;17413.5
249;85977.8;-11055.1;81719.6;17967.2
250;82405.2;-17428.9;78657.1;17198.9
251;83493.6;-15643.3;79607.4;17438.0
252;83671.5;-15022.3;79719.2;17462.0
253;80824.4;-19814.9;77208.1;16827.8
254;86114.6;-10784.9;81837.8;18002.4
255;83930.3;-17286.3;80303.8;17615.4
256;82758.0;-16477.5;78921.0;17264.7
257;86252.5;-10463.9;81952.1;18030.3
258;84548.0;-13846.7;80513.7;17665.0
259;84404.9;-13876.2;80363.4;17628.9
260;83255.4;-15617.1;79347.2;17373.7
261;84037.1;-14495.2;80045.6;17549.4
262;82231.1;-17299.0;78449.4;17143.6
263;84651.1;-14501.6;80712.5;17722.2
264;83365.5;-16514.0;79583.2;17433.9
265;83984.8;-15137.3;80072.7;17558.3
266;85092.8;-13978.5;81123.6;17819.6
267;84231.6;-14246.8;80223.8;17591.9
268;84048.8;-15570.2;80199.2;17587.7
269;84196.1;-14451.6;80211.2;17591.0
270;82865.6;-17925.5;79228.5;17338.4
271;84561.9;-15551.0;80756.5;17733.3
272;85523.0;-12848.5;81444.8;17904.8
273;84574.3;-14880.4;80679.0;17710.5
274;84781.6;-14073.2;80797.8;17743.3
275;82841.5;-17025.6;79084.2;17306.8
276;82893.7;-16651.2;79091.0;17308.8
277;82323.0;-17135.4;78529.2;17164.0
278;85325.2;-12265.7;81156.7;17824.7
279;83641.1;-15057.1;79691.4;17458.5
280;85433.5;-12615.5;81317.1;17872.5
281;83060.7;-15933.4;79177.7;17328.1
282;83162.2;-17571.6;79505.3;17414.1
283;83683.6;-17314.1;80037.8;17546.3
284;84946.0;-12982.8;80835.3;17752.0
285;83978.4;-14657.3;80002.2;17535.7
286;84132.8;-14519.0;80151.4;17574.4
287;83948.7;-14680.9;79973.0;17526.1
288;83836.4;-16663.0;80116.9;17568.8
289;82476.8;-18278.6;78846.3;17245.8
290;84016.7;-14459.5;80019.7;17541.8
291;83714.2;-14934.7;79754.6;17472.8
292;83741.1;-15805.8;79896.4;17505.4
293;84485.9;-13687.1;80426.9;17644.4
294;82979.8;-17329.4;79274.5;17356.0
295;83737.3;-15657.0;79871.3;17498.5
296;83594.5;-15152.5;79653.1;17446.1
297;84178.2;-15671.4;80353.5;17624.7
298;84699.9;-14004.0;80699.8;17718.1
299;82840.0;-16535.7;79017.1;17285.4
300;84503.4;-14217.2;80513.7;17665.0
301;86262.7;-10415.2;81958.0;18033.8
302;82288.3;-17212.7;78500.8;17155.7
303;82805.9;-17624.2;79124.9;17315.9
304;82829.6;-17119.1;79084.0;17306.5
305;83612.5;-15129.2;79669.5;17451.0
306;85726.2;-11701.3;81523.1;17920.7
307;83816.0;-15770.4;79972.7;17525.8
308;83156.8;-15817.2;79266.4;17351.5
309;84626.7;-13488.7;80554.3;17681.8
310;83143.4;-16604.5;79354.8;17374.5
311;85196.4;-12526.4;81049.2;17803.6
312;83976.3;-16435.3;80237.3;17597.0
313;85199.2;-14455.8;81305.3;17870.3
314;83187.7;-15761.2;79293.0;17362.9
315;87227.4;-9465.2;82916.3;18274.8
316;84659.8;-14665.4;80743.7;17730.1
317;84608.9;-13875.4;80583.6;17687.0
318;83751.7;-15740.0;79898.9;17506.0
319;83118.9;-15888.4;79234.1;17339.2
320;82707.7;-18195.5;79091.0;17308.9
321;83713.5;-15431.4;79817.4;17488.1
322;83049.2;-15893.0;79160.5;17325.4
323;84234.9;-14169.7;80217.6;17591.7
324;82673.4;-18775.1;79129.2;17317.4
325;84624.6;-13499.0;80553.2;17681.6
326;84990.0;-12895.0;80871.7;17759.5
327;83148.2;-15798.8;79254.6;17347.3
328;85266.1;-12433.6;81113.0;17816.6
329;83541.5;-16028.7;79709.7;17460.3
330;85244.4;-12413.6;81087.4;17810.9
331;84417.5;-13837.7;80372.0;17629.8
332;84876.7;-15167.0;81048.1;17803.5
333;82818.8;-16317.2;78966.8;17274.9
334;83766.2;-15190.8;79842.6;17494.2
335;85556.4;-11831.8;81356.6;17885.6
336;83160.6;-16274.8;79330.4;17371.5
337;81646.7;-18291.0;77933.3;17022.0
338;81766.6;-18110.8;78042.2;17044.3
339;81146.4;-19159.5;77487.7;16898.5
340;81553.0;-18588.0;77863.8;16997.4
341;83393.9;-15971.4;79542.3;17423.8
342;85359.4;-12290.1;81196.8;17839.4
343;83425.5;-15392.6;79502.0;17413.5
344;84284.6;-14064.0;80257.6;17600.9
345;83815.5;-14768.8;79841.4;17491.8
346;83957.3;-14592.7;79971.4;17525.3
347;83745.2;-14900.2;79783.0;17475.7
348;83738.9;-14859.8;79771.5;17475.1
349;84431.0;-13870.0;80390.7;17635.2
350;82621.9;-16645.5;78794.6;17233.2
351;84949.6;-13729.7;80935.5;17780.0
352;84936.1;-13050.5;80833.2;17751.8
353;83708.7;-14923.7;79747.0;17468.9
354;84821.6;-13190.4;80727.3;17724.3
355;83154.2;-15788.6;79259.9;17349.8
356;83132.4;-17083.9;79407.6;17392.3
357;83854.4;-16374.0;80096.3;17561.7
358;83704.3;-14979.7;79749.3;17470.4
359;83179.0;-17356.4;79494.5;17411.8
360;83182.6;-15706.5;79280.2;17356.9
361;83301.4;-15564.7;79390.0;17383.1
362;84734.9;-14836.2;80848.6;17755.8
363;81735.7;-18390.2;78042.1;17044.2
364;84212.4;-14914.2;80288.8;17609.9
365;83662.4;-15040.4;79711.8;17461.5
366;84717.6;-13477.9;80650.8;17703.3
367;84507.2;-13687.4;80449.6;17648.8
368;80846.2;-19677.6;77217.1;16830.9
369;84534.9;-13951.2;80512.6;17664.9
370;84073.7;-15789.8;80258.7;17601.0
371;83966.0;-14573.3;79978.4;17526.7
372;83364.7;-15721.1;79478.9;17408.7
373;84878.6;-13061.2;80772.6;17736.1
374;83432.3;-15610.7;79537.2;17423.7
375;86004.7;-10990.9;81741.1;17970.5
376;84549.0;-13642.2;80489.1;17660.8
377;86302.9;-10649.1;82028.7;18054.8
378;82971.5;-16658.9;79175.4;17326.7
379;81978.4;-17725.5;78226.5;17084.0
380;84734.3;-13256.4;80640.9;17701.0
381;84877.0;-13073.8;80772.6;17736.0
382;83940.5;-14807.5;79981.4;17529.0
383;82217.4;-17320.7;78437.3;17141.2
384;83413.1;-15448.0;79495.5;17411.9
385;84388.7;-15430.1;80551.0;17681.3
386;83714.8;-14964.2;79758.8;17473.0
387;83806.1;-14788.0;79833.9;17491.2
388;83671.5;-15413.4;79769.4;17474.9
389;82694.6;-17846.4;79030.8;17289.8
390;83325.9;-15548.1;79414.9;17393.7
391;82340.5;-17081.8;78541.4;17167.6
392;85934.1;-11127.8;81680.8;17955.0
393;83385.8;-15440.8;79465.4;17405.0
394;84472.5;-13700.1;80413.9;17639.9
395;82800.4;-16317.5;78946.8;17269.1
396;84806.4;-13194.4;80711.5;17722.1
397;81813.9;-18292.0;78115.9;17057.9
398;84942.8;-13000.2;80834.3;17751.9
399;83866.1;-14885.5;79911.0;17510.7
400;86304.3;-10317.3;81992.9;18045.1
401;82309.6;-18236.5;78656.0;17198.8
402;84013.9;-14459.2;80016.4;17539.3
403;84334.8;-14000.2;80303.8;17615.5
404;85244.8;-12999.1;81159.7;17825.8
405;83458.1;-15339.7;79530.4;17421.7
406;83664.8;-17377.2;80026.2;17543.4
407;81393.8;-19742.9;77835.5;16992.2
408;82879.4;-17025.1;79124.9;17315.9
409;84430.4;-13813.6;80383.0;17632.2
410;85078.9;-13382.3;81029.9;17798.6
411;83618.1;-15072.5;79668.3;17449.7
412;86162.0;-11357.1;81955.4;18031.8
413;85920.8;-11169.8;81671.3;17952.2
414;83743.1;-15782.1;79895.1;17504.0
415;81258.2;-18937.5;77584.9;16925.9
416;81908.5;-18182.1;78206.8;17079.5
417;83061.2;-15969.5;79182.0;17328.5
418;85093.6;-13358.3;81042.7;17800.8
419;84076.0;-15662.6;80244.7;17599.6
420;81549.4;-18731.6;77883.5;17009.6
421;83675.5;-14998.6;79720.4;17462.3
422;85549.4;-13190.6;81518.5;17919.7
423;83249.4;-17446.2;79583.2;17433.9
424;83037.8;-16379.0;79210.2;17333.6
425;86258.5;-10433.5;81955.3;18031.6
426;83800.8;-16078.0;79997.7;17534.9
427;83284.6;-16270.3;79464.1;17404.6
428;84315.7;-14028.4;80286.6;17609.7
429;83898.3;-15098.6;79973.0;17526.1
430;83443.6;-15381.4;79520.0;17418.0
431;85290.5;-12336.0;81128.0;17821.3
432;85174.8;-12670.0;81042.7;17800.8
433;84842.5;-13278.6;80760.8;17733.8
434;83819.6;-14792.0;79848.9;17494.6
435;85204.9;-12665.3;81074.8;17810.0
436;83705.7;-16120.6;79900.0;17506.2
437;84265.0;-15310.5;80399.1;17635.8
438;84889.8;-14427.4;80962.1;17783.4
439;84833.8;-13110.8;80730.5;17725.6
440;85938.4;-11276.8;81702.2;17962.1
441;84429.2;-13825.2;80383.0;17632.2
442;82062.3;-17583.6;78300.4;17104.0
443;82469.3;-18032.4;78805.8;17237.0
444;85450.9;-12058.1;81268.7;17859.6
445;83456.1;-16052.7;79620.5;17440.5
446;83990.7;-16888.7;80315.2;17619.5
447;82930.2;-16428.1;79101.2;17311.6
448;84851.5;-14444.8;80922.8;17774.0
449;83436.3;-15805.5;79567.4;17431.8
450;85560.5;-11858.8;81364.0;17887.3
451;83335.4;-15477.4;79416.0;17393.8
452;85093.5;-13359.1;81042.8;17802.1
453;84639.1;-13724.7;80597.0;17691.8
454;83122.2;-15878.6;79236.3;17339.5
455;85167.1;-12615.7;81027.6;17794.1
456;82898.9;-16429.3;79067.3;17302.2
457;82818.5;-17592.8;79134.5;17317.8
458;84557.0;-14788.9;80647.4;17701.7
459;83184.2;-16015.5;79321.8;17369.8
460;83055.5;-17331.5;79357.2;17376.2
461;83427.5;-16200.9;79609.5;17438.1
462;82593.2;-18195.4;78963.6;17272.6
463;85113.4;-12663.5;80975.9;17784.6
464;84340.1;-15744.8;80539.3;17675.4
465;83869.0;-14676.2;79887.5;17500.1
466;83702.8;-15706.5;79841.5;17493.0
467;84238.3;-15396.7;80381.9;17632.1
468;85700.0;-13153.0;81677.6;17952.7
469;84891.9;-13050.7;80785.9;17740.9
470;83356.9;-15483.0;79439.8;17399.4
471;84630.4;-14534.9;80694.3;17716.4
472;83796.6;-14841.2;79830.7;17489.9
473;83667.1;-15253.2;79743.6;17468.4
474;85987.9;-11424.2;81772.2;17979.7
475;83455.6;-15372.5;79531.8;17422.1
476;83383.1;-15453.6;79464.1;17404.6
479;84426.6;-13848.2;80382.9;17632.2
480;83137.0;-15986.6;79266.4;17351.5
481;84507.3;-13694.9;80450.6;17648.8
482;82393.5;-19004.0;78848.4;17246.0
483;82906.3;-17358.6;79197.8;17329.7
484;84678.8;-13382.3;80597.0;17691.8
485;85317.7;-13935.2;81365.2;17888.6
486;84588.3;-13575.1;80523.2;17669.7
487;85124.6;-13669.9;81117.3;17819.2
488;85767.5;-12080.2;81611.6;17943.7
489;84858.0;-14764.2;80972.5;17784.1
490;82911.4;-16163.3;79047.0;17296.4
491;83487.5;-17477.7;79845.7;17494.3
492;84411.3;-15298.0;80557.9;17683.5
493;83302.5;-16665.5;79536.1;17423.5
494;84432.2;-13798.5;80383.0;17632.3
495;82174.6;-17415.8;78402.0;17128.7
496;82999.7;-16052.9;79127.0;17317.1
497;84504.9;-13808.4;80462.6;17652.2
498;81427.4;-18664.3;77739.2;16966.7
499;82694.4;-16522.7;78858.0;17247.8
500;83906.8;-14628.8;79922.4;17514.5
501;82022.6;-17677.8;78268.5;17093.0
502;83732.0;-16636.8;79999.0;17535.3
503;83038.4;-15980.6;79159.3;17324.1
504;83598.2;-15173.5;79659.5;17447.7
505;83442.1;-16679.4;79689.0;17456.0
506;84100.5;-14574.2;80126.8;17571.0
507;83121.8;-17015.2;79386.6;17382.4
508;84031.7;-14407.3;80029.4;17544.7
509;83192.0;-16187.0;79352.7;17374.5
510;84190.0;-16518.2;80481.5;17659.0
511;85838.2;-11335.6;81601.9;17939.7
512;83995.0;-15529.2;80135.4;17571.9
513;84120.3;-14265.2;80109.4;17563.0
514;82629.3;-16662.0;78804.5;17236.6
515;84385.0;-15939.7;80615.3;17693.8
516;82995.9;-16665.8;79202.5;17332.7
517;82834.0;-17571.0;79148.6;17322.1
518;84402.8;-14811.0;80482.6;17659.1
519;84008.3;-15305.8;80120.2;17569.2
520;84819.9;-15520.6;81034.1;17799.9
521;85545.3;-11897.6;81352.0;17883.8
522;83161.0;-16844.3;79406.4;17390.0
523;83904.7;-15740.6;80066.3;17557.7
524;85921.9;-11159.4;81671.3;17952.2
525;85014.5;-12814.2;80887.4;17760.5
526;84602.5;-14344.2;80637.7;17697.8
527;85407.3;-12091.9;81225.7;17848.2
528;82900.6;-18533.6;79348.4;17374.0
529;84638.0;-13481.3;80565.3;17684.1
530;85398.8;-12960.9;81323.7;17874.4
531;85724.7;-11714.9;81523.0;17920.4
532;82850.6;-17437.9;79148.8;17322.4
533;83533.5;-15970.7;79693.6;17458.8
534;84287.7;-14455.3;80311.0;17618.1
535;83539.6;-15672.9;79659.8;17448.0
536;83492.1;-15298.6;79561.9;17429.0
537;84698.3;-13325.9;80610.7;17692.8
538;83418.0;-16189.6;79597.8;17436.1
539;81906.1;-18083.4;78191.9;17077.4
540;84029.7;-16434.8;80298.4;17612.9
542;83119.9;-15844.3;79229.6;17338.6
543;81961.3;-19351.1;78414.1;17134.2
544;84927.3;-13949.5;80939.7;17780.4
545;81439.3;-18719.2;77758.1;16968.8
546;82044.7;-17611.5;78284.2;17097.4
547;83618.3;-15113.8;79673.8;17451.4
548;85321.5;-12253.2;81151.4;17824.4
549;85363.9;-12525.0;81229.0;17848.5
550;82333.0;-19217.0;78809.2;17237.6
551;83720.4;-14969.0;79765.3;17474.7
552;82243.3;-17317.8;78464.6;17147.3
553;84910.9;-14050.0;80935.5;17780.2
554;82223.6;-17744.8;78497.4;17155.1
555;83664.2;-15769.0;79807.9;17484.3
556;85097.7;-12669.2;80960.0;17783.4
557;83565.7;-15945.4;79724.9;17464.0
558;85318.3;-14004.8;81374.9;17890.5
559;82954.2;-16128.7;79088.8;17308.6
560;84024.9;-16510.7;80304.0;17615.7
561;84874.8;-13093.6;80772.6;17736.1
562;83775.5;-14864.7;79811.2;17485.7
563;85331.6;-13371.4;81304.2;17868.1
564;84432.0;-14546.9;80478.0;17655.2
565;82004.2;-18436.2;78344.3;17115.2
567;84654.3;-13460.5;80580.2;17686.4
568;83828.3;-16214.8;80046.7;17549.5
569;82157.2;-18918.7;78575.6;17177.6
570;83992.5;-14672.1;80019.8;17541.9
571;83392.8;-15548.9;79486.6;17409.7
572;84509.6;-14644.0;80576.9;17684.9
573;84340.2;-13978.6;80307.2;17616.9
574;85987.7;-11359.8;81764.3;17976.3
575;84089.7;-14348.0;80084.3;17559.2
576;84503.7;-13709.0;80448.4;17648.6
577;84319.0;-14160.6;80307.2;17617.0
578;83757.7;-14921.2;79798.5;17482.8
579;83558.0;-16263.0;79758.8;17473.1
580;85173.7;-12562.8;81028.7;17796.4
581;84786.2;-13241.8;80695.5;17716.7
582;83141.1;-16353.6;79319.5;17368.4
583;82680.3;-16579.0;78849.6;17246.1
584;83769.5;-15537.5;79891.6;17502.3
585;85253.5;-12358.7;81090.8;17811.5
586;83813.3;-15387.4;79918.6;17512.5
587;85901.0;-11208.4;81654.4;17949.8
588;83061.3;-15977.3;79183.2;17328.8
589;83940.4;-15581.1;80083.3;17559.1
590;81127.5;-19277.5;77480.9;16897.4
591;83200.5;-16143.7;79356.1;17376.0
592;83581.9;-15171.7;79642.2;17444.8
593;84500.1;-13729.9;80447.3;17648.3
594;85863.3;-11267.6;81621.0;17944.3
595;83970.5;-14557.2;79981.3;17529.0
596;85473.7;-12597.7;81358.8;17886.9
597;84564.1;-14271.5;80587.1;17687.7
598;84913.8;-13780.7;80902.8;17766.6
599;83247.6;-16691.8;79480.1;17409.0
600;85176.8;-14620.5;81302.1;17868.0
601;82735.3;-16454.9;78893.8;17254.6
602;84460.4;-13925.1;80429.1;17644.7
603;82837.8;-16563.3;79018.4;17285.8
604;83054.1;-17862.8;79427.1;17395.4
605;82044.7;-19387.5;78511.6;17156.8
607;84294.4;-14207.5;80286.7;17609.8
608;83864.5;-14727.6;79888.5;17500.1
609;82422.6;-16984.4;78618.7;17188.2
610;85551.9;-12034.3;81374.9;17890.6
611;84107.9;-15636.7;80272.6;17605.4
612;85042.0;-12913.4;80930.3;17776.8
613;84779.8;-13331.9;80699.8;17718.2
614;83186.1;-15758.6;79290.8;17361.6
615;81766.4;-18085.9;78039.0;17043.0
616;82868.3;-16576.8;79053.2;17298.8
617;85291.9;-12493.5;81147.2;17824.0
618;82754.5;-16421.2;78910.3;17262.7
619;84833.4;-13156.9;80736.0;17728.2
620;83206.0;-15974.2;79339.8;17372.2
621;83986.3;-16976.6;80322.7;17622.1
622;81792.9;-18883.0;78167.0;17071.4
623;85245.8;-12433.9;81091.2;17812.1
624;83880.3;-14726.3;79905.7;17508.2
625;84906.6;-13019.7;80797.9;17743.4
626;84072.2;-14834.2;80127.8;17571.1
627;84807.5;-13243.0;80718.8;17722.5
628;83823.2;-14786.8;79852.0;17494.7
629;84751.6;-13291.4;80663.9;17705.9
630;82248.0;-17282.6;78465.7;17147.4
631;82732.3;-16444.4;78889.2;17253.7
632;84739.3;-13290.3;80650.6;17703.1
633;83889.1;-14654.1;79906.8;17508.3
634;83385.8;-17371.7;79720.4;17462.3
635;83629.6;-15697.2;79761.1;17473.5
636;84429.5;-14257.0;80438.6;17646.4
637;83194.8;-16204.2;79358.3;17376.2
638;84212.9;-16089.8;80447.2;17648.3
639;82918.8;-16149.1;79053.2;17298.7
640;83296.9;-16773.4;79544.7;17425.3
641;85020.1;-12883.3;80902.7;17766.4
642;84715.2;-16063.5;80994.7;17788.3
643;82619.5;-17266.5;78871.8;17249.9
644;84811.2;-13539.3;80759.6;17733.6
645;82605.4;-17795.5;78925.4;17265.3
646;84740.6;-13308.3;80654.2;17703.9
647;81821.2;-17935.2;78080.8;17052.2
648;82526.1;-17861.5;78846.3;17245.7
649;83198.2;-16777.6;79437.8;17397.3
650;83753.6;-14852.1;79786.1;17476.9
651;85525.4;-11916.4;81332.7;17876.8
652;84872.3;-13500.6;80821.1;17748.2
653;85458.9;-13667.0;81482.9;17910.0
654;85288.2;-12357.0;81127.9;17821.1
655;83611.2;-15131.1;79668.2;17449.6
656;83636.8;-15039.9;79684.5;17455.2
657;84964.2;-14031.1;80990.5;17788.1
658;83940.2;-14853.3;79986.7;17529.6
659;83698.8;-15369.2;79792.8;17478.9
660;82394.8;-17311.1;78629.7;17189.6
661;83813.9;-14789.9;79842.7;17494.2
662;80834.5;-19725.5;77209.3;16828.0
663;83295.7;-16380.4;79490.9;17411.0
664;82817.7;-16482.7;78986.2;17277.7
665;84648.9;-13788.3;80615.3;17693.7
666;83384.1;-15444.7;79464.1;17404.6
667;83524.0;-15493.0;79620.7;17440.7
668;85242.8;-13831.5;81268.5;17859.3
669;82694.6;-16960.1;78913.7;17263.2
670;84260.8;-14213.3;80251.1;17600.2
671;81821.8;-17984.3;78087.1;17052.6
672;84027.9;-14440.5;80029.4;17544.7
673;84386.5;-13870.5;80343.0;17624.0
674;84881.8;-13085.4;80779.1;17736.7
675;82841.4;-16918.5;79069.6;17303.5
676;84280.4;-14065.0;80253.4;17600.5
677;84241.5;-14385.3;80252.2;17600.4
678;83786.9;-15624.3;79922.3;17513.4
679;84093.9;-14372.5;80091.9;17561.0
680;84442.1;-13809.1;80394.8;17635.4
681;84368.9;-13908.7;80329.1;17622.7
682;82659.8;-17655.5;78967.9;17275.0
683;82315.8;-19116.4;78776.0;17227.0
684;86784.8;-9255.5;82397.9;18141.3
685;85908.5;-12502.9;81820.6;17995.7
686;82381.8;-17037.3;78581.2;17179.5
687;84229.5;-15474.4;80382.9;17632.1
688;84518.5;-14425.2;80557.7;17683.2
689;84440.2;-15892.1;80669.5;17708.7
690;84089.4;-14316.6;80080.2;17559.0
691;82812.7;-16915.7;79037.3;17292.5
692;83695.2;-15142.6;79759.9;17473.2
693;83278.0;-16280.6;79458.2;17402.3
694;84025.6;-14797.4;80072.7;17558.3
695;83631.8;-15074.7;79683.3;17454.0
696;83779.0;-14894.9;79818.8;17488.5
697;85063.7;-12885.0;80950.0;17780.9
698;85319.0;-12286.2;81152.6;17824.5
699;82375.3;-18671.8;78785.1;17230.7
700;83410.1;-15402.4;79486.6;17409.7
701;83048.9;-15954.3;79167.0;17326.1
702;85052.9;-14475.8;81146.1;17823.8
703;83870.3;-14738.1;79896.2;17504.2
704;85308.3;-13949.0;81356.4;17884.4
705;83024.6;-18390.5;79465.2;17404.7
706;83810.6;-15866.1;79979.7;17527.1
707;82421.3;-16986.8;78617.7;17188.1
708;85398.1;-12148.9;81222.5;17847.8
709;83453.5;-15846.3;79591.1;17435.1
710;82118.8;-18571.4;78487.7;17152.1
711;83177.7;-16346.6;79358.3;17378.4
712;81240.1;-19920.1;77685.3;16950.1
713;83774.6;-15664.6;79914.3;17512.0
714;83639.2;-17761.7;80052.1;17553.1
715;84199.4;-14530.0;80225.0;17592.2
716;85569.9;-12082.4;81399.8;17898.3
717;83603.7;-15071.5;79652.8;17445.7
718;84828.0;-13159.9;80730.4;17725.5
719;84236.3;-14372.1;80244.8;17599.7
720;83696.3;-15040.9;79748.1;17469.1
721;81602.2;-18386.7;77896.0;17014.6
722;84838.6;-14062.1;80858.1;17757.6
723;83000.7;-18404.8;79441.2;17399.9
724;83822.4;-15720.8;79973.1;17526.2
725;82462.0;-17234.5;78693.9;17208.8
726;84234.1;-14175.4;80217.7;17591.7
727;83907.0;-15579.3;80046.8;17549.6
728;83797.7;-15979.2;79980.9;17527.4
729;83732.9;-15282.1;79818.5;17488.2
730;85100.7;-12792.1;80978.1;17785.0
731;85008.0;-12869.3;80887.4;17760.5
732;84685.8;-13751.1;80650.7;17703.1
734;83077.8;-17130.0;79353.8;17374.5
735;83513.9;-15256.9;79579.8;17432.3
736;82781.8;-16525.1;78953.4;17270.9
737;84168.1;-15889.3;80370.8;17629.6
738;83112.0;-16221.4;79270.0;17353.3
739;80925.1;-19589.6;77295.7;16856.6
740;82397.0;-18329.1;78763.5;17221.1
741;84004.4;-14498.0;80011.1;17538.9
742;84993.5;-13359.9;80934.4;17780.0
743;82202.2;-17356.1;78424.8;17136.1
744;83062.8;-17146.8;79339.8;17372.2
745;83775.5;-14873.1;79812.2;17485.7
746;83118.0;-15869.9;79230.8;17338.9
747;84433.6;-14420.2;80463.7;17652.4
748;83914.5;-14932.0;79969.0;17524.8
749;84171.0;-14993.1;80254.5;17600.7
750;83118.8;-15889.4;79234.1;17339.2
751;85639.8;-11802.1;81442.3;17904.1
752;83907.5;-14651.0;79926.7;17516.4
753;85364.6;-12396.7;81214.9;17846.0
754;83200.1;-17255.8;79504.2;17413.9
755;84347.4;-15554.0;80522.0;17669.5
756;83081.4;-16505.6;79274.6;17356.2
757;82877.2;-16239.7;79019.5;17285.9
758;83151.6;-15769.6;79254.7;17348.5
759;83881.1;-14687.1;79902.3;17506.6
760;83564.6;-15970.6;79727.1;17464.3
761;85285.9;-14771.1;81443.5;17904.4
762;82647.1;-16603.3;78816.7;17239.3
763;82701.1;-16611.8;78876.4;17251.7
764;85612.7;-13352.4;81609.4;17942.4
765;84609.9;-13516.6;80539.3;17675.4
766;81829.0;-18098.5;78108.2;17054.0
767;84405.3;-14430.6;80434.3;17644.9
768;83848.1;-16996.3;80174.3;17582.1
769;81531.8;-18496.7;77830.3;16989.0
770;83512.4;-15325.0;79586.6;17434.4
771;83854.1;-15072.3;79922.4;17514.6
772;84557.4;-14812.3;80651.0;17703.7
773;84911.3;-13532.5;80867.6;17759.3
774;84037.7;-14423.8;80037.8;17546.3
775;85094.0;-12722.2;80962.1;17783.4
776;83774.1;-14820.4;79803.7;17484.0
777;82967.4;-16082.8;79096.8;17311.0
778;82888.6;-16230.6;79030.8;17289.8
779;84538.3;-13637.7;80476.6;17653.6
780;81746.4;-18152.3;78024.9;17039.6
781;84418.2;-15581.1;80602.3;17692.2
782;82584.8;-17462.0;78859.1;17247.9
783;83525.7;-15254.5;79592.4;17435.5
784;84324.9;-15160.7;80443.9;17646.7
785;85197.1;-13234.2;81138.7;17822.2
786;81556.6;-19955.1;78043.3;17044.5
787;83028.8;-15978.8;79148.8;17322.4
788;83749.8;-16477.3;79996.4;17533.5
789;83076.1;-17161.0;79356.1;17375.9
790;84718.0;-14463.0;80780.2;17736.9
791;81599.3;-18366.3;77890.2;17010.5
792;84334.7;-13959.2;80298.4;17612.9
793;84297.8;-14763.1;80361.1;17627.6
794;83986.5;-14538.5;79996.4;17533.5
795;85003.3;-14003.1;81028.8;17797.4
796;82548.0;-16877.3;78742.2;17217.3
797;85192.0;-12463.3;81037.2;17800.1
798;83146.2;-15815.4;79254.8;17348.6
799;84717.6;-13476.6;80650.6;17703.1
800;83329.1;-17107.0;79624.0;17442.2
801;84775.1;-13656.1;80735.9;17727.1
802;84545.5;-15233.9;80695.5;17717.7
804;83759.5;-14883.1;79796.0;17479.2
805;83832.0;-14780.6;79860.7;17496.7
806;83658.2;-15060.9;79709.7;17460.3
807;83091.5;-15902.6;79206.7;17332.9
808;85714.4;-13652.3;81761.2;17976.2
809;84168.0;-14213.6;80151.3;17574.2
810;85474.8;-13407.9;81465.6;17906.0
811;83283.4;-15622.0;79378.2;17381.8
812;82747.0;-16439.9;78904.7;17256.8
813;84075.3;-14367.6;80071.6;17558.2
814;83300.8;-15543.4;79386.6;17382.5
815;86639.2;-9588.6;82276.7;18114.3
816;84126.7;-14798.1;80181.9;17583.9
817;85026.7;-14194.3;81080.2;17810.6
818;83675.5;-15031.8;79724.7;17463.8
819;83410.5;-16442.0;79621.9;17442.0
820;83654.9;-16634.1;79914.4;17512.1
821;84286.5;-14332.2;80293.0;17611.3
822;84873.7;-13085.1;80770.4;17735.7
823;83734.9;-15318.1;79825.5;17489.5
824;82983.9;-17295.1;79274.5;17356.0
825;82737.4;-16480.5;78899.2;17256.1
826;83628.8;-16571.5;79876.9;17499.3
827;84291.6;-15854.4;80501.8;17663.7
828;84441.0;-13775.3;80389.4;17634.9
829;83900.1;-14686.0;79922.4;17514.5
830;83263.0;-15605.0;79353.8;17374.5
831;83833.6;-16490.5;80089.6;17560.6
832;84565.2;-13585.8;80499.7;17663.6
833;83850.2;-14993.5;79907.9;17510.5
834;84060.3;-14341.0;80052.1;17553.1
835;83719.8;-15227.5;79797.3;17482.6
836;84852.8;-13712.8;80827.9;17751.3
837;83428.2;-15396.4;79505.3;17414.0
838;84130.4;-14287.5;80123.5;17569.7
839;84274.6;-14656.8;80323.8;17622.3
840;84737.5;-13305.2;80650.6;17703.1
841;85601.3;-11756.9;81396.6;17897.1
842;84678.7;-13399.9;80599.1;17691.9
843;84597.6;-13554.5;80530.7;17672.5
844;82164.6;-18288.7;78501.9;17155.8
845;84473.2;-14630.5;80535.2;17673.2
846;86541.0;-9804.5;82193.6;18094.0
847;82831.7;-17412.7;79124.9;17315.9
848;82800.6;-16316.6;78947.0;17269.4
849;83672.1;-15099.5;79729.4;17464.8
850;84934.8;-13982.9;80952.2;17781.1
851;84518.7;-13665.7;80459.3;17650.7
852;83368.5;-15586.9;79465.3;17404.8
853;83889.1;-14662.5;79908.0;17510.6
854;85102.2;-12727.4;80971.3;17783.8
855;84677.7;-13373.3;80594.9;17691.6
856;86606.2;-10269.1;82318.1;18124.0
857;84669.2;-15920.5;80925.2;17776.6
858;84052.6;-16184.3;80288.8;17610.0
859;84326.7;-15899.9;80546.8;17679.0
860;83542.1;-15216.1;79605.1;17437.6
861;82848.0;-16239.4;78988.3;17280.0
862;84081.9;-14639.7;80112.5;17564.3
863;84235.2;-15738.9;80423.8;17642.2
864;82376.8;-17055.8;78577.9;17178.1
865;83335.9;-15533.8;79423.8;17394.9
866;83451.3;-15838.5;79587.6;17434.4
867;84220.4;-14163.8;80201.4;17588.1
868;83623.2;-15177.5;79686.9;17455.9
869;84217.0;-15559.1;80380.5;17631.5
870;84035.3;-14444.0;80038.0;17546.6
871;85023.7;-13487.6;80983.9;17787.2
872;81865.2;-19085.8;78273.2;17096.0
873;85736.8;-11902.4;81557.4;17931.0
874;85528.8;-11871.7;81331.3;17876.2
875;83994.5;-14475.0;79997.5;17533.6
876;84660.7;-13412.9;80581.3;17686.6
877;84511.3;-14316.7;80535.2;17673.2
878;82932.2;-17352.8;79225.2;17336.9
879;84114.8;-14309.1;80109.0;17562.5
880;84750.9;-13538.1;80694.4;17716.4
881;84265.6;-14112.8;80243.6;17599.5
882;84903.8;-14442.6;80979.3;17785.2
883;83873.0;-15788.3;80037.8;17546.2
884;83821.0;-16078.0;80019.7;17541.8
885;83080.3;-15929.9;79197.8;17329.6
886;83528.1;-15222.1;79590.9;17434.9
887;83286.6;-16440.4;79488.6;17410.7
888;85851.6;-11293.5;81611.7;17943.8
889;84193.5;-14193.4;80176.6;17582.4
890;82683.6;-17454.9;78966.6;17273.6
891;84355.1;-14027.6;80329.2;17622.8
892;83706.9;-14955.6;79749.2;17470.2
894;84469.0;-13738.7;80415.0;17641.2
895;82167.5;-17679.3;78427.2;17137.6
896;84566.6;-13658.5;80510.1;17664.3
897;82825.8;-16626.9;79013.6;17284.8
898;82047.3;-19363.2;78511.8;17159.1
899;84480.1;-13755.3;80429.1;17644.6
900;82249.2;-17377.9;78478.9;17150.1
901;83345.5;-16032.7;79498.6;17412.1
902;84117.9;-14581.2;80146.9;17572.7
903;84614.6;-13525.6;80545.6;17677.8
904;84718.3;-13588.4;80665.0;17706.0
905;83789.0;-15500.3;79908.0;17510.6
906;82987.3;-16108.9;79121.7;17315.7
907;86107.1;-10773.2;81827.9;17996.1
908;83239.9;-15758.8;79348.3;17373.8
909;85816.0;-12473.6;81715.1;17964.5
910;83415.2;-15402.6;79492.2;17411.4
911;85186.4;-12952.2;81090.8;17811.5
912;85129.4;-12658.6;80992.6;17788.1
913;82734.9;-16668.4;78920.9;17264.6
914;84153.2;-15422.5;80293.0;17611.2
915;84529.9;-15201.6;80673.7;17710.1
916;84537.5;-14760.5;80621.9;17694.6
917;83654.1;-15362.0;79743.6;17468.4
918;83872.5;-17259.3;80236.1;17596.7
919;83488.0;-15307.6;79558.6;17428.7
920;82627.3;-16617.9;78796.9;17234.7
921;84977.8;-13247.4;80902.6;17766.3
922;83102.4;-17184.8;79387.9;17382.9
923;85178.6;-14560.6;81295.7;17865.5
924;84598.4;-13566.0;80532.9;17672.7
925;82938.5;-16144.2;79074.0;17305.2
926;83742.9;-14964.3;79788.5;17478.4
927;83609.7;-15109.3;79663.9;17448.2
928;82836.1;-17102.8;79088.7;17308.5
929;84444.1;-14137.5;80438.6;17646.4
930;83380.3;-15477.0;79464.1;17404.6
931;85704.3;-11946.7;81527.7;17923.5
932;84883.0;-13075.6;80779.2;17736.8
933;82950.5;-16122.6;79084.0;17306.5
934;83853.9;-15072.6;79922.3;17514.4
935;83502.1;-16440.5;79721.5;17462.5
936;82063.1;-18482.0;78415.2;17134.3
937;84961.8;-12922.9;80845.0;17752.9
938;84757.9;-14753.4;80862.3;17757.8
939;84942.5;-13030.1;80837.6;17752.4
940;83236.3;-16862.0;79490.8;17410.9
941;85135.9;-12579.3;80990.5;17788.1
942;83573.5;-15955.9;79734.8;17466.3
943;84962.2;-12937.2;80847.3;17754.4
944;85794.4;-12711.4;81722.7;17967.4
945;84094.6;-14270.6;80080.1;17559.0
946;82117.5;-19084.1;78553.0;17169.4
947;83567.2;-15187.9;79628.6;17443.0
948;84416.1;-15365.0;80571.6;17684.6
949;85304.7;-12325.7;81141.8;17822.4
950;82445.5;-18441.1;78833.0;17243.9
951;83622.4;-15664.8;79749.3;17470.4
952;83905.7;-16518.6;80172.1;17581.7
953;84339.5;-14490.2;80370.8;17629.5
954;84925.4;-13087.1;80826.6;17750.8
955;82884.1;-16190.2;79020.6;17286.2
956;83061.0;-18544.0;79525.4;17421.6
957;85057.5;-12781.0;80930.3;17776.8
958;84347.2;-14018.7;80319.7;17622.1
959;84314.6;-14780.4;80381.7;17631.9
960;85156.0;-12899.1;81051.3;17804.8
961;84041.8;-14450.2;80045.5;17549.2
962;84502.3;-13823.1;80461.5;17651.1
963;83562.6;-15303.9;79637.8;17443.2
964;82286.3;-18167.5;78620.9;17188.5
965;82410.9;-17509.5;78673.0;17201.0
966;84006.9;-14500.0;80014.3;17539.1
967;83534.0;-16351.5;79743.6;17468.4
968;83104.6;-16527.5;79302.5;17363.7
969;84272.6;-14122.2;80252.2;17600.4
970;82939.9;-16150.0;79076.2;17305.4
971;84048.1;-14438.3;80051.0;17553.0
972;83864.2;-14987.3;79922.3;17513.3
973;82637.8;-18961.5;79114.1;17313.9
974;81373.7;-18742.7;77688.9;16950.9
975;85558.4;-11832.9;81358.9;17887.2
976;84280.9;-14043.1;80251.1;17600.2
977;80970.6;-19485.1;77332.8;16862.5
978;83449.4;-15348.8;79522.2;17419.3
979;84305.1;-14402.7;80322.8;17622.2
980;83475.7;-16644.2;79720.4;17462.3
981;84539.6;-13902.2;80511.3;17664.5
982;82807.2;-16655.7;78997.7;17282.5
983;84125.1;-14264.4;80114.7;17565.6
984;83876.4;-14698.7;79898.7;17505.8
985;83621.0;-15757.1;79758.9;17473.1
986;83597.7;-15683.5;79725.0;17464.1
987;84133.6;-14395.6;80139.6;17572.2
988;84951.8;-13008.7;80845.1;17754.1
989;83331.8;-15508.9;79416.2;17394.1
990;83383.2;-16074.9;79544.7;17425.3
991;84109.3;-14281.0;80099.7;17562.1
992;83551.7;-16839.6;79829.6;17489.8
993;84223.3;-15018.2;80315.2;17619.4
994;84733.9;-13285.2;80644.1;17701.3
995;85383.2;-12194.9;81211.7;17844.7
996;83795.8;-14872.2;79833.9;17491.2
997;81394.9;-18712.3;77708.7;16957.2
998;83817.1;-15117.4;79887.5;17500.1
999;84310.2;-14091.7;80288.9;17610.1
1000;83709.4;-14977.3;79754.6;17472.7
