CASO;pATIVA;pREATIVA;dATIVA;dREATIVA
1;103205.0;-1887.6;99029.7;24448.2
2;98447.5;-10676.2;94746.4;23270.3
3;98274.8;-12985.9;94895.0;23314.1
4;97491.6;-11886.5;93850.0;23027.0
5;101276.5;-8068.4;97575.6;24049.1
6;94778.0;-17236.6;91485.6;22384.4
8;97910.6;-12702.8;94443.7;23192.3
9;100227.1;-9107.7;96523.1;23762.1
10;99048.1;-10751.6;95431.6;23465.1
11;102920.9;-2283.7;98715.2;24371.3
12;95454.2;-15022.6;91970.9;22513.7
13;99050.3;-9733.8;95286.3;23422.8
14;98722.7;-11419.0;95165.4;23396.2
15;102190.2;-3994.8;98080.0;24185.6
16;97313.4;-12929.0;93795.7;23012.9
17;99361.4;-9301.2;95573.1;23501.2
18;97898.1;-11313.6;94225.8;23130.0
19;99682.5;-9643.2;95983.6;23615.3
20;100968.8;-6697.0;97016.0;23899.2
21;97265.7;-13290.8;93795.7;23012.8
22;102177.6;-4241.4;98100.0;24191.3
23;101681.3;-5228.9;97639.1;24073.7
24;100619.4;-8401.7;96866.0;23857.5
25;101611.3;-5814.2;97639.0;24073.6
26;98256.0;-11152.3;94600.9;23229.4
27;99362.5;-10009.6;95674.6;23523.5
28;97559.1;-13164.9;94111.8;23097.4
29;98924.1;-11428.2;95395.5;23456.0
30;100838.7;-7078.7;96921.8;23871.9
31;98234.5;-11225.7;94587.0;23226.9
32;98904.3;-9841.7;95139.9;23387.0
34;97947.6;-11275.8;94276.7;23147.0
35;98328.0;-10739.4;94623.4;23238.6
36;99708.6;-8668.4;95873.6;23577.0
37;97385.7;-12083.6;93758.6;23002.7
38;100087.9;-9118.1;96364.1;23712.4
39;103407.2;-105.1;99098.7;24467.2
40;101331.4;-5994.2;97330.6;23985.0
41;99270.3;-9758.5;95536.0;23493.9
42;97870.9;-11369.6;94202.6;23121.3
43;97857.1;-13315.5;94476.4;23198.9
45;99855.8;-8429.9;96005.5;23618.7
46;98340.6;-11150.2;94694.4;23254.8
47;100149.5;-8002.8;96274.5;23690.1
49;99837.1;-9493.9;96136.9;23657.4
50;101047.5;-6532.8;97081.4;23913.5
51;100386.1;-7592.7;96484.1;23754.1
52;98910.2;-10384.4;95222.0;23408.7
53;97273.1;-12738.1;93722.5;22994.0
54;98971.9;-9928.5;95226.3;23410.2
55;99295.7;-9313.8;95503.1;23489.0
56;100986.3;-6575.8;97019.4;23901.8
57;101428.1;-6592.5;97529.0;24035.0
58;101743.2;-5075.2;97691.9;24086.3
59;100341.7;-7693.2;96448.6;23746.8
60;101305.5;-8052.8;97608.5;24058.2
61;98061.1;-11633.5;94453.6;23195.5
62;102433.5;-3531.3;98315.1;24255.9
63;100822.5;-6984.1;96890.0;23860.2
64;99107.6;-9613.0;95334.1;23437.9
65;100422.3;-9711.3;96840.6;23850.3
66;99572.1;-8944.7;95758.8;23548.5
67;102046.1;-5186.5;98077.8;24185.3
68;102742.0;-4455.0;98812.5;24393.9
70;96799.8;-12935.7;93219.8;22860.6
71;96581.5;-14040.1;93129.8;22831.4
72;98678.0;-10229.8;94940.7;23326.2
73;100001.6;-8731.2;96211.2;23680.0
74;101626.0;-5392.0;97593.6;24054.8
75;100218.0;-9147.5;96518.7;23760.6
76;95522.2;-14918.2;92037.1;22533.4
78;101512.4;-5778.2;97511.0;24031.3
79;100237.3;-7856.9;96352.7;23711.7
80;101008.4;-8756.1;97368.6;23999.1
81;99229.4;-9669.7;95477.6;23481.7
82;99297.7;-9441.8;95522.0;23491.4
83;100142.4;-8004.5;96267.0;23689.4
84;100627.5;-7197.1;96699.6;23806.8
85;100080.6;-8640.2;96286.3;23693.4
86;99743.5;-10189.0;96136.8;23657.2
87;98337.9;-10688.8;94627.5;23238.7
88;100563.0;-7303.8;96642.2;23795.6
89;99908.9;-8970.4;96141.1;23658.6
90;102183.8;-4019.8;98075.6;24185.0
91;102341.3;-3604.1;98211.1;24227.6
92;100134.2;-8024.6;96260.9;23689.2
93;98942.9;-9863.3;95185.4;23398.8
94;98409.0;-10590.2;94692.2;23254.5
95;100343.4;-9582.2;96728.9;23814.9
96;99909.8;-8357.2;96056.3;23637.2
97;99010.0;-9752.2;95244.9;23415.1
98;99786.3;-8862.0;95987.7;23616.5
99;98447.4;-10548.0;94728.4;23261.9
100;100815.0;-9325.7;97234.3;23966.2
101;98788.2;-10044.4;95039.2;23362.3
102;102386.2;-3483.7;98249.5;24239.5
103;100396.8;-8903.1;96685.9;23805.7
104;100999.3;-6585.5;97035.1;23904.8
105;97377.5;-12499.6;93806.3;23014.9
106;100116.3;-7983.3;96235.2;23683.5
107;101330.3;-5952.2;97323.5;23982.8
108;97737.1;-11578.6;94081.6;23090.1
109;99043.6;-10564.4;95398.7;23456.3
110;99697.8;-9435.1;95970.5;23612.7
111;96794.4;-13377.1;93273.8;22872.1
112;100311.1;-8440.2;96518.7;23760.5
113;101387.7;-6979.4;97538.7;24040.1
114;97813.1;-12181.3;94254.0;23141.4
115;100440.0;-7900.8;96587.4;23783.2
116;96889.9;-13458.6;93393.5;22906.9
117;99531.4;-9821.0;95837.8;23566.7
118;96187.7;-14934.5;92809.7;22740.8
119;102173.8;-3957.4;98055.9;24182.7
120;100349.6;-9332.2;96697.4;23806.6
121;99497.4;-10210.0;95858.3;23573.1
122;98106.3;-11037.8;94420.1;23185.8
123;102437.3;-3771.6;98354.0;24263.0
125;95851.1;-14401.3;92345.6;22611.5
126;102413.0;-3365.4;98267.5;24248.3
127;103322.1;-733.1;99036.0;24450.6
128;100271.9;-8967.9;96554.1;23775.2
129;97222.7;-12303.8;93606.5;22965.3
130;101276.1;-8045.6;97571.4;24046.8
131;99334.4;-9435.6;95561.2;23497.7
132;98381.3;-11279.9;94759.3;23274.8
133;96972.2;-13901.7;93553.7;22954.4
134;100914.3;-6731.5;96958.8;23881.1
135;101411.2;-6085.0;97435.6;24012.9
136;98438.7;-10563.0;94721.0;23261.2
137;100576.2;-8972.0;96902.8;23864.4
138;97346.7;-12130.8;93721.3;22992.6
139;101466.9;-5727.8;97450.4;24017.3
140;99836.5;-8509.5;95995.0;23617.0
141;99094.6;-11181.4;95550.6;23495.8
142;99471.8;-9403.1;95709.9;23535.1
143;101325.9;-7738.9;97582.9;24051.6
144;100985.6;-8824.4;97352.4;23991.3
145;100886.4;-6682.5;96920.7;23871.8
146;100033.9;-8171.1;96168.8;23664.3
147;99915.3;-8320.4;96057.4;23638.2
148;100964.4;-7207.4;97082.5;23913.7
149;100246.2;-7847.6;96360.9;23712.1
150;101195.3;-6237.6;97208.8;23953.8
151;99083.0;-9644.1;95310.7;23429.9
152;94643.3;-16604.6;91231.5;22307.1
153;101929.0;-4951.9;97898.1;24135.9
155;100684.7;-7125.0;96753.8;23819.8
156;99527.3;-8983.0;95714.1;23535.4
157;99460.6;-9059.8;95650.1;23517.2
158;99433.8;-9493.6;95680.1;23527.2
159;99789.7;-8522.4;95944.9;23606.1
160;97288.5;-12796.8;93749.0;23001.8
161;98424.1;-12004.0;94916.3;23321.0
162;97651.3;-11681.1;94000.3;23070.1
163;100181.0;-8548.3;96387.7;23730.8
164;98885.0;-11346.9;95337.3;23438.2
165;100796.0;-6949.9;96856.3;23855.3
166;99370.8;-9199.4;95569.9;23499.8
167;101855.7;-4837.2;97792.2;24107.8
168;100202.7;-7927.1;96322.9;23698.9
170;95764.1;-14530.0;92264.3;22593.9
171;98389.0;-10613.2;94673.2;23249.0
172;101318.3;-8128.8;97639.1;24073.7
174;99220.5;-9423.0;95433.7;23465.3
175;99757.1;-9094.8;95987.7;23616.5
176;99096.8;-10636.5;95470.2;23479.0
177;102637.6;-2778.2;98463.3;24295.8
178;99071.8;-10063.0;95357.3;23446.7
179;101066.1;-7223.8;97201.6;23951.4
180;99062.8;-9652.0;95289.6;23425.2
181;97075.1;-12521.7;93470.4;22926.3
182;100417.3;-7569.6;96515.5;23760.3
183;100719.1;-7649.1;96868.1;23857.6
184;102549.6;-3028.6;98387.8;24273.0
185;99511.7;-8991.9;95698.0;23531.6
186;98448.2;-10562.2;94731.7;23267.3
187;100671.8;-8786.8;96984.0;23886.1
188;100190.6;-8380.5;96372.8;23715.4
189;100335.4;-7700.2;96442.0;23741.9
190;99581.6;-8890.0;95762.1;23549.9
191;102252.5;-3826.2;98132.5;24202.7
192;100539.7;-7353.2;96623.4;23792.3
194;101989.0;-5363.4;98034.9;24179.1
195;100910.4;-8185.5;97165.5;23936.1
196;96331.8;-13601.2;92783.1;22731.5
197;101018.3;-6569.8;97053.9;23908.2
198;100646.6;-7186.6;96719.6;23813.4
199;101498.6;-5638.8;97475.3;24023.7
200;101920.2;-5096.5;97908.7;24139.8
201;98677.6;-11531.7;95131.5;23385.3
202;101433.5;-6348.3;97499.6;24028.7
203;98528.8;-10660.9;94835.1;23302.2
205;96953.2;-12710.3;93360.0;22897.1
206;95866.6;-15599.4;92534.6;22661.0
207;96275.8;-13723.6;92737.1;22721.8
208;97868.0;-11377.2;94200.3;23119.7
209;97190.4;-13585.5;93754.4;23002.4
211;98734.7;-12087.5;95280.9;23421.1
212;96930.3;-12764.2;93341.6;22891.0
213;102076.2;-4684.4;98041.2;24179.6
214;98267.4;-12297.0;94784.3;23280.8
215;97020.1;-13458.0;93541.9;22949.1
216;101628.7;-5369.1;97593.6;24054.7
217;100948.7;-7383.2;97090.0;23915.5
218;98816.4;-10040.8;95069.6;23368.4
219;102807.6;-2258.2;98604.2;24331.3
220;99853.0;-9473.7;96151.9;23661.9
221;103213.5;-1709.9;99016.0;24445.0
222;100818.5;-6837.8;96866.0;23857.6
223;103137.2;-1636.2;98899.0;24413.6
224;99812.4;-9538.3;96115.8;23652.6
225;97181.5;-12420.5;93576.0;22957.4
227;98596.8;-10327.7;94865.0;23310.0
228;99318.1;-9288.3;95524.2;23491.7
229;98275.5;-10789.8;94572.0;23222.4
230;99309.8;-9276.5;95513.7;23490.9
231;100261.5;-7829.2;96376.0;23717.7
232;100177.2;-7948.0;96297.7;23694.0
233;101145.7;-6350.5;97167.7;23938.4
235;99298.8;-10510.8;95677.9;23525.9
236;97069.6;-13117.8;93548.3;22952.9
238;98346.4;-10662.8;94633.0;23239.6
240;101506.7;-5769.5;97502.7;24028.9
241;98456.1;-12001.5;94952.4;23331.3
242;98740.6;-12223.8;95308.7;23429.7
243;99699.1;-8853.1;95887.8;23579.9
244;96739.2;-13429.4;93219.8;22860.6
245;97890.2;-11564.0;94251.8;23141.1
246;101181.4;-6269.5;97197.1;23948.6
247;100928.6;-7487.5;97082.5;23913.7
248;98794.2;-10065.8;95048.7;23364.9
250;96938.6;-13181.4;93408.3;22909.1
251;98951.3;-10213.9;95243.8;23415.0
252;99250.4;-9379.1;95461.7;23478.3
253;93919.2;-18056.8;90548.0;22117.1
255;100127.0;-10464.0;96617.0;23789.8
256;97536.3;-11890.0;93900.5;23041.3
258;100951.2;-6853.2;97018.3;23901.6
259;100669.8;-7158.4;96741.5;23816.9
260;98479.1;-10475.0;94753.9;23274.2
261;99958.8;-8324.4;96106.4;23651.0
262;96531.2;-13322.4;92972.2;22790.4
263;101288.0;-7107.9;97440.8;24014.3
264;98790.3;-11069.8;95188.4;23398.8
265;99930.8;-8955.4;96163.4;23663.7
266;102137.6;-5319.0;98213.4;24229.1
267;100330.1;-7772.1;96446.5;23746.6
268;100127.2;-9138.6;96414.1;23735.0
269;100289.6;-8004.5;96432.6;23741.3
270;97946.9;-12836.4;94504.1;23204.4
271;101242.9;-7992.8;97523.7;24034.6
272;102957.6;-3004.1;98869.6;24405.4
273;101163.9;-7564.6;97365.3;23997.6
274;101514.0;-6408.3;97607.5;24058.2
275;97780.8;-12246.2;94226.9;23130.1
276;97843.3;-11863.8;94242.0;23137.9
277;96715.3;-13048.2;93140.2;22836.1
278;102405.9;-3388.1;98261.2;24245.7
279;99197.5;-9457.0;95413.1;23461.3
280;102709.7;-3038.6;98592.5;24330.1
281;98088.2;-11026.9;94398.3;23175.5
282;98541.7;-12067.4;95060.3;23366.8
283;99597.9;-10968.5;96091.3;23648.2
284;101718.1;-5144.2;97671.0;24080.8
285;99855.0;-8538.4;96019.6;23625.4
286;100171.7;-8171.6;96321.7;23698.5
287;99775.0;-8636.4;95943.8;23606.0
288;99829.0;-10290.9;96250.0;23685.8
289;97180.7;-13695.2;93759.7;23002.9
290;99914.6;-8341.5;96059.7;23639.8
291;99351.0;-9216.6;95550.6;23495.8
292;99478.7;-9937.6;95795.8;23558.6
293;100797.5;-6877.8;96848.0;23853.9
294;98115.5;-12240.5;94604.3;23231.9
295;99451.7;-9804.6;95744.8;23544.0
296;99110.8;-9609.9;95337.2;23438.0
297;100413.1;-8966.0;96713.3;23812.9
298;101325.3;-6629.2;97414.8;24009.6
299;97697.9;-11859.6;94076.4;23088.8
300;100899.0;-7268.6;97018.3;23901.6
302;96639.2;-13173.5;93072.3;22817.1
303;97782.6;-12723.1;94301.5;23153.7
304;97758.4;-12348.3;94217.5;23128.5
305;99145.2;-9563.2;95369.3;23448.1
306;103282.6;-1098.1;99025.5;24446.9
307;99627.0;-9775.5;95940.5;23603.4
308;98283.9;-10798.5;94582.6;23226.4
309;101061.2;-6476.1;97088.9;23915.3
310;98372.5;-11437.6;94771.8;23275.5
311;102168.2;-4037.0;98060.1;24184.0
312;100103.3;-9844.4;96495.6;23756.9
313;102452.6;-5092.8;98577.5;24326.5
314;98346.6;-10706.2;94639.5;23244.4
316;101328.1;-7199.1;97501.6;24028.8
317;101083.3;-6803.7;97160.1;23935.4
318;99502.1;-9846.0;95808.4;23560.6
319;98215.7;-10899.3;94521.0;23206.8
320;97658.9;-13263.6;94242.0;23137.9
321;99382.9;-9684.5;95650.2;23517.3
322;98065.1;-11000.1;94369.4;23170.7
323;100337.0;-7711.0;96445.2;23742.3
324;97673.7;-13637.5;94315.0;23154.5
325;101059.8;-6487.4;97088.8;23914.1
326;101795.3;-4962.8;97737.3;24095.1
327;98269.8;-10786.1;94565.3;23220.4
328;102316.4;-3678.8;98191.5;24225.6
329;99111.2;-10375.3;95447.9;23472.1
330;102239.8;-3837.8;98119.0;24198.9
331;100685.0;-7120.4;96753.4;23819.3
332;101826.0;-6820.2;98060.0;24183.8
333;97650.3;-11688.8;94000.3;23070.2
334;99464.1;-9395.1;95700.4;23533.2
335;102903.9;-2340.8;98699.2;24361.8
336;98373.4;-11153.7;94731.6;23267.2
337;95485.7;-15017.1;92007.0;22522.4
338;95664.7;-14718.6;92176.0;22571.6
339;94516.1;-16813.6;91105.0;22275.9
340;95317.6;-15399.3;91862.5;22482.7
341;98789.4;-10603.6;95118.3;23381.4
342;102518.3;-3150.2;98365.4;24263.7
343;98800.0;-10049.7;95052.8;23365.1
344;100434.7;-7537.2;96530.5;23763.9
345;99515.9;-8958.1;95698.0;23531.7
346;99772.6;-8598.9;95936.0;23602.6
347;99389.3;-9179.2;95587.6;23504.9
348;99378.0;-9140.6;95569.9;23499.9
349;100722.2;-7086.1;96791.8;23836.9
350;97280.8;-12241.1;93662.4;22976.6
351;101791.1;-5727.5;97843.4;24119.5
352;101711.1;-5188.0;97668.9;24080.6
353;99330.0;-9224.1;95528.6;23492.3
354;101479.2;-5707.5;97461.8;24018.9
355;98277.2;-10775.8;94571.9;23221.2
356;98414.2;-11816.6;94877.0;23312.5
357;99816.1;-10091.9;96204.8;23677.4
358;99335.8;-9262.3;95540.2;23494.1
359;98540.6;-11926.6;95038.1;23361.0
360;98337.8;-10643.9;94621.2;23238.4
361;98573.8;-10356.9;94843.6;23304.9
362;101519.5;-7026.0;97709.7;24088.5
363;95634.6;-14973.8;92175.9;22571.4
364;100386.7;-8331.8;96589.6;23785.6
365;99239.1;-9401.6;95452.1;23474.3
366;101281.0;-6201.6;97301.2;23976.8
367;100844.7;-6839.4;96895.3;23861.5
368;93960.1;-17898.2;90577.6;22122.4
369;100933.2;-6997.7;97018.2;23901.4
370;100217.7;-9231.3;96531.6;23764.0
371;99787.4;-8566.3;95948.4;23606.8
372;98720.8;-10396.4;95011.8;23350.5
373;101589.3;-5429.3;97554.4;24042.2
374;98832.3;-10223.1;95112.1;23381.2
376;100946.0;-6685.9;96988.2;23886.3
378;97990.5;-11771.0;94393.8;23173.9
379;96058.7;-14073.1;92537.2;22663.9
380;101269.8;-6030.3;97266.0;23972.8
381;101586.3;-5447.4;97553.4;24042.1
382;99790.1;-8747.0;95975.8;23613.1
383;96513.4;-13346.7;92955.6;22784.9
384;98781.8;-10097.3;95039.2;23362.1
385;100810.2;-8397.1;97082.5;23913.7
386;99352.8;-9241.7;95555.9;23496.2
387;99503.7;-8979.5;95687.4;23529.7
388;99306.4;-9716.3;95569.8;23499.7
389;97575.6;-13068.8;94116.1;23099.8
390;98614.4;-10329.7;94884.4;23313.2
391;96747.1;-12970.0;93166.0;22847.9
393;98742.2;-10121.2;94998.1;23347.3
394;100769.5;-6917.5;96821.4;23842.5
395;97596.6;-11734.3;93946.3;23052.5
396;101455.0;-5749.0;97438.7;24013.2
397;95773.4;-14807.1;92312.5;22602.5
398;101716.5;-5157.7;97670.9;24080.7
399;99646.4;-8956.7;95843.2;23570.3
401;96842.7;-13927.4;93408.2;22908.9
402;99912.3;-8336.8;96056.2;23637.0
403;100529.9;-7396.8;96618.1;23789.9
404;102314.0;-4184.9;98262.2;24245.8
405;98848.2;-9978.6;95096.0;23372.5
406;99567.4;-11053.4;96069.3;23641.7
407;95127.1;-16631.3;91811.6;22469.8
408;97854.8;-12179.5;94301.5;23153.7
409;100713.6;-7068.4;96778.8;23828.4
410;102019.1;-5037.5;98023.3;24176.1
411;99147.5;-9511.4;95365.0;23447.7
414;99472.0;-9934.3;95787.4;23556.0
415;94697.0;-16395.5;91270.6;22323.7
416;95971.2;-14555.3;92503.4;22652.6
417;98102.8;-11041.8;94416.8;23185.3
418;102039.7;-4988.8;98041.4;24179.8
419;100206.9;-9150.8;96507.2;23759.7
420;95309.6;-15640.2;91886.2;22489.7
421;99256.7;-9350.4;95464.9;23478.6
422;103064.4;-3010.8;99014.7;24444.5
423;98681.8;-11871.1;95188.4;23398.8
424;98100.8;-11444.4;94470.1;23197.4
426;99656.6;-9995.5;96007.8;23621.2
427;98629.4;-10977.0;94993.6;23343.7
428;100496.2;-7446.4;96587.3;23783.2
429;99715.5;-9116.9;95943.9;23606.1
430;98831.5;-10020.6;95083.3;23370.4
431;102359.7;-3525.7;98223.0;24232.1
432;102136.0;-4180.1;98041.3;24179.8
433;101541.0;-5681.3;97531.2;24035.3
434;99522.3;-8976.1;95707.8;23534.9
435;102198.6;-4079.0;98103.3;24193.6
436;99454.9;-10215.7;95810.6;23561.8
437;100541.2;-8555.3;96799.3;23838.8
438;101747.4;-6358.8;97886.7;24134.2
439;101497.6;-5612.4;97470.1;24021.4
441;100712.4;-7078.6;96778.8;23828.4
442;96208.2;-13831.5;92674.7;22702.2
443;97140.4;-13538.9;93690.3;22985.6
444;102686.3;-2627.1;98503.0;24306.6
445;98931.1;-10560.4;95271.4;23419.3
446;100214.8;-10095.5;96660.2;23798.0
447;97897.2;-11622.5;94268.0;23143.8
448;101677.3;-6484.5;97819.5;24116.0
449;98855.1;-10408.4;95164.3;23396.1
450;102915.0;-2320.2;98711.9;24368.8
451;98625.2;-10248.9;94885.5;23313.4
452;102049.3;-4963.7;98049.6;24181.2
453;101144.9;-6560.1;97196.0;23948.5
454;98222.7;-10890.1;94527.4;23208.4
455;102110.4;-4209.1;98013.8;24172.2
456;97807.7;-11691.8;94176.0;23114.7
457;97804.8;-12684.1;94320.4;23155.1
458;101090.4;-7588.7;97283.6;23975.9
459;98393.5;-10889.0;94715.8;23261.0
460;98289.8;-12093.8;94777.4;23277.5
461;98886.7;-10716.8;95244.9;23415.1
462;97418.5;-13453.5;93994.0;23065.6
463;101994.9;-4468.4;97908.7;24139.9
464;100763.0;-8675.6;97071.5;23909.2
465;99598.7;-8820.3;95771.5;23550.5
466;99397.5;-9901.2;95698.2;23532.0
467;100505.5;-8662.5;96773.6;23826.2
469;101625.9;-5353.8;97588.1;24053.0
470;98675.5;-10224.5;94937.3;23325.5
471;101242.0;-7197.1;97400.1;24005.5
472;99489.5;-9042.6;95680.1;23527.2
473;99287.1;-9545.3;95524.2;23491.7
475;98853.4;-9996.3;95104.4;23377.1
476;98735.8;-10143.9;94993.6;23343.6
479;100709.6;-7101.0;96778.7;23828.3
480;98266.6;-10937.4;94582.6;23226.3
481;100844.6;-6847.5;96896.3;23861.6
482;97103.2;-14324.5;93764.9;23004.1
483;97937.3;-12410.8;94430.0;23187.2
484;101186.7;-6224.5;97197.1;23948.5
485;102667.7;-4176.7;98713.1;24370.2
486;100994.1;-6598.6;97030.9;23903.7
487;102173.7;-4996.2;98209.0;24227.5
489;101716.1;-6703.4;97902.3;24137.1
490;97807.7;-11448.4;94142.9;23107.6
491;99188.7;-11477.9;95702.5;23534.5
492;100844.3;-8263.3;97101.7;23920.6
493;98694.2;-11268.7;95109.9;23380.8
494;100715.6;-7051.6;96778.8;23828.4
495;96439.0;-13489.8;92889.4;22761.0
496;97983.8;-11200.5;94306.7;23154.0
497;100859.0;-6904.8;96920.7;23871.7
498;95056.8;-15777.2;91610.6;22418.0
499;97417.4;-12041.6;93787.8;23007.5
500;99702.3;-8672.8;95867.1;23575.2
501;96142.2;-13953.3;92616.1;22684.2
502;99597.9;-10481.4;96016.2;23624.8
503;98049.9;-11089.8;94365.2;23170.3
504;99116.2;-9612.4;95343.8;23443.0
505;98991.5;-11023.5;95408.5;23459.5
506;100110.7;-8306.4;96272.3;23689.9
507;98379.9;-11796.9;94834.9;23301.8
508;99940.2;-8274.3;96078.7;23643.3
509;98419.7;-11051.4;94767.6;23275.3
510;100571.7;-9442.8;96970.3;23884.0
512;99999.9;-9249.1;96284.1;23693.1
513;100109.4;-8038.5;96235.3;23683.6
514;97300.4;-12229.2;93682.9;22982.9
515;100885.6;-8725.4;97222.9;23964.4
516;98039.0;-11753.6;94446.1;23192.9
517;97832.1;-12643.2;94346.1;23165.6
518;100780.3;-7898.3;96973.5;23885.2
519;100003.1;-9026.8;96255.4;23688.5
520;101759.0;-7142.5;98029.5;24177.5
521;102897.5;-1993.3;98681.4;24352.5
522;98443.6;-11596.6;94875.7;23312.0
523;99841.2;-9549.9;96149.8;23661.8
525;101823.4;-4852.4;97755.3;24097.8
526;101126.5;-7146.5;97259.8;23971.5
527;102589.7;-2866.6;98414.9;24278.9
528;98136.6;-13107.2;94758.2;23274.6
529;101096.5;-6417.3;97121.3;23926.6
530;102678.9;-3392.7;98605.4;24331.5
531;103276.8;-1137.3;99022.4;24446.6
532;97851.9;-12527.4;94351.4;23169.1
533;99092.2;-10353.7;95422.4;23461.8
534;100506.7;-7837.2;96652.8;23796.4
535;99057.6;-10119.0;95349.1;23443.4
536;98903.0;-9906.8;95147.5;23389.9
537;101206.9;-6154.9;97211.0;23957.0
538;98864.8;-10720.5;95220.8;23408.5
539;95973.3;-14427.3;92488.0;22649.5
540;100208.2;-9797.3;96608.6;23789.1
541;98438.6;-13071.3;95092.8;23372.2
542;98206.3;-10875.6;94507.3;23204.7
543;96234.6;-15253.2;92910.1;22769.6
544;101767.1;-5954.9;97847.8;24120.1
545;95071.1;-15798.6;91630.0;22424.1
546;96184.2;-13865.8;92651.7;22694.2
547;99154.6;-9541.0;95376.6;23448.7
548;102402.1;-3393.0;98255.9;24240.2
549;102550.3;-3274.1;98423.3;24280.5
550;97020.7;-14564.2;93705.0;22987.6
551;99365.4;-9233.5;95568.6;23499.3
552;96554.9;-13313.6;92997.2;22795.4
553;101751.3;-6073.4;97846.5;24119.7
554;96568.9;-13699.9;93066.6;22816.1
555;99332.7;-10007.5;95640.4;23514.1
556;101969.7;-4505.4;97883.6;24133.0
557;99151.0;-10274.9;95477.6;23480.7
558;102673.8;-4250.1;98733.0;24374.5
559;97907.7;-11326.0;94238.7;23135.5
560;100213.7;-9854.4;96623.3;23792.2
561;101585.4;-5464.2;97554.4;24042.2
562;99450.9;-9101.1;95644.8;23515.7
563;102591.7;-3939.9;98575.3;24326.1
564;100797.0;-7639.9;96954.6;23880.7
565;96197.7;-14578.5;92767.9;22727.5
567;101119.9;-6387.4;97143.5;23933.5
568;99744.5;-10021.8;96111.6;23652.2
569;96570.5;-14682.1;93211.5;22857.2
570;99892.8;-8527.9;96060.8;23639.9
571;98760.7;-10190.8;95027.8;23354.0
572;100958.7;-7614.9;97136.1;23931.8
573;100538.5;-7372.0;96624.6;23792.6
575;100044.0;-8149.4;96177.3;23668.1
576;100838.6;-6866.6;96892.1;23860.3
577;100520.7;-7548.9;96628.7;23793.8
578;99427.8;-9150.0;95625.8;23512.2
579;99188.9;-10519.7;95555.9;23496.3
580;102122.3;-4150.7;98020.0;24173.6
581;101415.0;-5837.0;97405.3;24007.9
582;98340.4;-11243.6;94708.3;23259.1
583;97395.7;-12087.6;93770.1;23005.4
584;99490.9;-9703.0;95774.7;23551.9
585;102262.9;-3744.6;98133.6;24202.8
586;99592.8;-9457.1;95854.0;23571.5
588;98105.6;-11043.1;94420.1;23185.8
589;99886.2;-9386.0;96176.3;23667.9
590;94489.7;-16930.6;91088.6;22271.8
591;98432.5;-11009.9;94776.3;23277.2
592;99083.6;-9654.5;95312.9;23431.0
593;100827.2;-6890.9;96882.9;23859.9
595;99816.8;-8511.8;95973.8;23613.0
596;102829.2;-2725.1;98700.5;24362.1
597;101042.7;-7183.1;97168.8;23938.5
598;101734.7;-5843.6;97792.2;24107.8
599;98597.4;-11359.0;95014.1;23352.9
600;102422.6;-5296.8;98571.2;24325.9
601;97486.3;-11929.9;93850.0;23027.0
602;100779.0;-7087.3;96856.2;23855.3
603;97697.3;-11915.7;94083.8;23091.4
604;98362.8;-12438.8;94913.2;23320.8
605;96409.7;-15129.1;93095.5;22825.0
607;100475.2;-7624.0;96588.4;23784.3
608;99593.3;-8873.3;95772.5;23550.6
609;96922.2;-12767.0;93333.0;22889.0
610;102920.9;-2418.6;98734.0;24374.6
611;100258.4;-9063.7;96553.0;23775.1
612;101899.5;-4797.5;97839.2;24119.2
613;101417.1;-5888.1;97414.8;24009.7
614;98341.9;-10707.7;94634.1;23239.8
615;95665.7;-14693.8;92173.7;22571.1
616;97758.6;-11897.1;94150.3;23109.2
617;102375.1;-3594.1;98251.5;24239.6
618;97520.8;-11873.9;93881.4;23037.6
619;101506.2;-5643.0;97484.8;24025.5
620;98427.3;-10826.5;94744.3;23270.2
621;100214.2;-10164.2;96669.8;23801.1
622;95803.6;-15260.6;92413.2;22632.3
623;102262.1;-3804.9;98141.1;24203.7
624;99656.3;-8799.6;95832.7;23565.5
625;101650.0;-5289.5;97608.6;24060.3
626;100080.1;-8562.6;96274.4;23690.0
627;101456.0;-5775.6;97444.1;24016.7
628;99523.5;-8974.3;95708.9;23535.1
629;101334.6;-5984.1;97332.7;23985.2
630;96559.1;-13295.2;92999.3;22795.6
631;97473.4;-11930.9;93836.1;23025.5
632;101293.9;-6031.4;97293.0;23976.4
633;99666.8;-8735.4;95835.8;23566.6
634;98967.2;-11557.4;95464.9;23478.6
635;99267.4;-9981.8;95564.3;23497.9
636;100741.7;-7459.7;96865.9;23857.4
637;98424.9;-11076.9;94777.5;23277.7
638;100529.0;-9187.2;96881.8;23859.7
639;97816.4;-11430.5;94150.3;23109.1
640;98693.0;-11370.3;95123.8;23384.2
641;101849.5;-4861.0;97788.0;24106.6
642;101616.4;-7795.1;97956.2;24156.0
643;97339.9;-12786.9;93805.1;23014.5
644;101500.2;-6005.0;97529.0;24035.0
645;97384.7;-13180.1;93914.2;23045.3
646;101312.2;-6027.2;97312.7;23977.6
647;95769.4;-14468.2;92262.0;22593.3
648;97226.4;-13342.6;93758.6;23002.7
649;98510.6;-11493.4;94935.2;23324.4
650;99401.0;-9121.6;95592.8;23505.1
651;102845.3;-2140.8;98635.7;24337.6
652;101621.5;-5765.7;97644.3;24075.1
653;102912.5;-3772.2;98930.4;24422.0
654;102353.5;-3556.0;98219.8;24231.8
655;99139.3;-9570.6;95363.8;23447.5
656;99185.8;-9446.8;95398.7;23456.3
657;101862.5;-5843.3;97950.0;24152.6
658;99788.9;-8798.9;95981.4;23614.0
659;99351.7;-9645.1;95609.9;23508.8
660;96900.8;-13095.3;93353.6;22894.4
661;99516.6;-8975.6;95701.4;23533.3
662;93928.8;-17988.5;90551.4;22118.6
663;98654.8;-11033.7;95031.2;23358.7
664;97658.5;-11838.9;94029.4;23076.3
665;101160.4;-6612.2;97222.8;23964.3
666;98736.6;-10138.2;94993.7;23343.8
667;99009.8;-9992.1;95276.6;23419.6
668;102447.4;-4613.5;98494.7;24305.2
669;97467.6;-12395.8;93894.0;23039.5
670;100409.0;-7678.0;96520.8;23760.8
671;95767.9;-14522.3;92267.5;22594.1
672;99935.8;-8310.0;96078.7;23643.3
673;100627.9;-7194.2;96699.6;23806.8
674;101595.7;-5445.8;97564.0;24044.3
675;97751.3;-12189.1;94184.3;23116.2
676;100427.3;-7543.8;96523.1;23763.3
677;100384.2;-7877.7;96521.0;23762.0
678;99575.3;-9674.1;95865.9;23574.9
679;100055.8;-8158.3;96192.1;23674.3
680;100728.7;-7049.1;96794.0;23837.3
681;100602.1;-7248.9;96678.3;23803.8
682;97483.9;-12994.7;94000.5;23070.3
683;96944.9;-14510.0;93612.9;22967.9
686;96819.1;-12903.7;93236.4;22862.5
687;100498.5;-8715.2;96773.7;23826.2
688;100950.9;-7422.5;97098.4;23919.2
689;101024.8;-8548.4;97354.5;23992.5
690;100047.9;-8108.7;96176.1;23667.7
691;97697.1;-12222.2;94127.9;23103.1
692;99336.7;-9415.1;95561.0;23496.5
693;98607.8;-11004.0;94973.3;23336.6
694;99972.7;-8626.2;96163.5;23663.7
695;99177.3;-9485.2;95394.5;23456.0
696;99459.8;-9110.6;95655.7;23518.0
697;101917.4;-4766.1;97856.2;24121.8
698;102403.3;-3406.2;98260.0;24241.4
699;97025.2;-14144.1;93648.8;22972.7
700;98775.1;-10073.2;95027.8;23354.0
701;98076.5;-11040.2;94387.2;23172.9
702;102106.4;-5781.2;98247.4;24239.4
703;99608.7;-8862.3;95788.6;23557.2
704;102640.4;-4262.3;98690.0;24359.4
705;98384.8;-12819.3;94994.8;23344.9
706;99636.4;-9831.9;95959.8;23607.6
707;96917.1;-12776.7;93328.9;22888.9
708;102576.7;-2943.0;98409.6;24276.4
709;98887.4;-10427.3;95202.8;23405.0
710;96456.3;-14456.8;93050.5;22814.4
711;98409.1;-11197.2;94778.6;23279.8
712;94782.9;-17126.8;91476.1;22381.7
713;99554.7;-9730.4;95850.6;23570.8
714;99573.3;-11352.5;96121.1;23655.0
715;100297.2;-8098.5;96454.8;23748.1
716;102962.8;-2342.3;98777.5;24383.7
717;99106.0;-9545.9;95323.8;23437.4
718;101486.9;-5679.8;97467.0;24021.2
719;100378.6;-7848.3;96510.3;23760.0
720;99320.4;-9311.4;95529.8;23493.6
721;95416.9;-15160.6;91945.6;22506.3
722;101628.1;-6236.4;97721.5;24091.8
723;98328.7;-12882.9;94940.8;23326.3
724;99638.6;-9713.7;95945.0;23606.2
725;97023.5;-12959.5;93472.7;22926.7
726;100336.9;-7711.1;96445.3;23743.3
727;99825.6;-9415.6;96112.6;23652.3
728;99628.7;-9929.9;95966.2;23610.1
729;99401.0;-9561.6;95652.3;23517.5
730;101993.5;-4542.7;97917.1;24141.6
731;101815.8;-4916.4;97755.3;24097.7
732;101231.7;-6540.3;97293.0;23976.5
734;98303.3;-11942.3;94769.7;23275.4
735;98934.8;-9848.6;95174.9;23398.0
736;97594.5;-11912.0;93968.2;23057.8
737;100417.6;-9143.9;96746.2;23818.9
738;98237.4;-11235.0;94591.5;23227.8
739;94130.7;-17539.3;90745.5;22173.7
740;97003.1;-13872.1;93584.8;22961.6
741;99901.8;-8383.3;96050.8;23635.3
742;101837.7;-5338.1;97842.4;24119.5
743;96483.3;-13402.4;92929.2;22778.3
744;98276.2;-11973.8;94744.3;23270.2
745;99451.3;-9105.2;95645.8;23515.7
746;98211.1;-10890.6;94514.6;23205.2
747;100776.9;-7569.4;96921.9;23872.0
748;99724.8;-8963.3;95932.5;23601.9
749;100314.1;-8473.2;96527.3;23763.5
750;98215.7;-10900.0;94521.0;23206.9
751;103075.5;-1823.4;98851.0;24400.4
752;99719.8;-8683.3;95888.0;23580.2
753;102527.2;-3221.6;98387.8;24273.0
754;98575.1;-11808.3;95058.2;23366.7
755;100740.6;-8537.3;97025.7;23903.3
756;98217.7;-11478.8;94605.4;23232.1
757;97741.9;-11570.8;94086.0;23091.6
758;98275.8;-10746.1;94566.5;23220.7
759;99645.3;-8788.3;95819.0;23563.5
760;99151.8;-10291.0;95481.0;23483.4
761;102689.8;-5137.2;98855.3;24402.8
762;97337.6;-12158.0;93714.8;22990.8
763;97434.4;-12081.6;93812.9;23017.7
764;103221.2;-2604.9;99175.2;24495.0
765;101042.4;-6505.6;97071.6;23909.2
766;95785.3;-14579.6;92295.4;22600.8
767;100714.6;-7626.6;96859.4;23855.7
768;99910.3;-10460.1;96367.4;23712.9
769;95269.1;-15393.0;91805.3;22468.4
770;98954.0;-9866.6;95198.0;23401.8
771;99642.1;-9163.4;95867.1;23575.2
772;101116.5;-7573.8;97310.6;23977.4
773;101707.5;-5661.1;97732.2;24093.9
774;99950.6;-8287.2;96092.3;23648.3
775;101963.5;-4565.8;97884.6;24134.1
776;99441.9;-9058.1;95629.0;23512.6
777;97930.8;-11263.6;94256.2;23141.8
778;97773.8;-11530.6;94116.0;23099.7
779;100905.0;-6740.2;96949.0;23875.9
780;95633.1;-14767.4;92146.9;22565.4
781;100909.6;-8399.7;97199.4;23951.0
782;97304.4;-12972.0;93790.9;23007.7
783;98973.9;-9806.2;95212.2;23407.5
784;100633.9;-8339.0;96872.3;23858.0
785;102257.2;-4473.5;98234.8;24237.5
787;98037.7;-11083.9;94351.4;23169.1
788;99606.8;-10334.9;96002.3;23617.4
789;98305.4;-11971.4;94776.2;23277.2
790;101420.7;-6906.8;97567.2;24045.5
791;95370.6;-15209.4;91899.3;22492.3
792;100525.4;-7361.3;96608.6;23789.1
793;100553.4;-8058.7;96737.2;23815.3
794;99847.6;-8472.9;96002.3;23617.4
795;101936.2;-5700.6;98020.1;24173.8
796;97152.4;-12501.0;93554.8;22954.5
797;102144.5;-4030.8;98030.7;24177.7
798;98272.1;-10799.9;94569.7;23220.9
799;101273.2;-6204.9;97293.0;23976.4
800;98818.5;-11499.2;95285.2;23422.5
801;101435.2;-6199.0;97479.7;24024.2
802;101165.3;-7822.4;97406.4;24009.0
804;99420.4;-9138.0;95616.1;23509.2
805;99544.7;-8950.1;95729.0;23539.6
806;99232.6;-9425.8;95447.9;23472.1
807;98144.3;-10966.8;94452.4;23195.3
809;100201.5;-7896.7;96317.4;23698.2
810;102903.1;-3609.0;98890.7;24412.1
811;98546.9;-10429.3;94823.3;23295.9
812;97504.4;-11908.9;93867.4;23031.1
813;100022.9;-8182.7;96158.3;23663.4
814;98568.2;-10339.6;94835.0;23301.9
816;100189.4;-8434.8;96380.3;23725.2
817;102009.3;-5724.1;98114.8;24197.5
818;99260.8;-9374.0;95472.4;23479.4
819;98892.4;-10920.9;95280.9;23421.1
820;99434.4;-10639.2;95851.7;23571.0
821;100465.7;-7761.8;96596.9;23786.1
822;101579.5;-5468.2;97548.1;24040.7
823;99423.8;-9543.3;95675.7;23523.6
824;98117.7;-12225.2;94604.3;23230.9
825;97493.8;-11940.5;93859.7;23027.9
826;99349.1;-10662.6;95757.7;23548.3
827;100678.7;-8821.7;96998.0;23893.6
828;100725.6;-7019.2;96786.4;23835.4
829;99695.2;-8731.9;95867.1;23575.2
830;98496.9;-10449.8;94769.7;23275.5
831;99785.0;-10210.5;96187.8;23671.8
832;100959.8;-6633.3;96996.9;23893.4
833;99632.5;-9055.6;95841.0;23569.0
834;99990.1;-8175.8;96121.1;23655.0
835;99380.6;-9495.3;95620.6;23510.8
836;101620.3;-5923.1;97665.4;24077.9
837;98807.2;-10046.4;95060.3;23366.8
838;100131.4;-8047.3;96260.9;23689.2
839;100501.9;-8026.8;96674.0;23801.3
840;101291.4;-6052.9;97293.0;23976.4
841;102995.0;-2031.0;98775.3;24383.3
842;101183.4;-6253.2;97197.1;23948.7
843;101014.3;-6563.4;97048.6;23907.7
844;96519.7;-14197.3;93083.4;22823.3
845;100893.1;-7634.6;97063.3;23908.9
847;97806.1;-12545.8;94301.5;23153.8
848;97605.6;-11721.5;93954.6;23055.0
849;99272.0;-9393.3;95487.5;23485.0
850;101772.6;-5991.0;97860.5;24124.2
851;100867.8;-6793.1;96915.3;23871.0
852;98725.2;-10245.6;94995.9;23345.0
853;99672.9;-8730.1;95842.1;23570.2
854;101973.4;-4555.7;97895.0;24135.7
855;101182.1;-6227.3;97191.9;23944.2
857;101509.5;-7874.7;97834.0;24118.9
858;100228.2;-9538.5;96591.7;23785.8
859;100748.6;-8830.2;97079.1;23913.2
860;98992.1;-9769.2;95227.3;23410.3
861;97691.2;-11594.4;94032.7;23076.7
862;100067.4;-8395.4;96237.5;23684.0
863;100540.2;-8868.6;96845.8;23852.6
864;96804.1;-12932.4;93224.0;22860.8
865;98639.9;-10297.3;94907.7;23316.1
866;98883.6;-10426.0;95198.1;23401.9
867;100311.9;-7732.7;96420.5;23738.5
868;99179.9;-9553.5;95406.4;23458.3
869;100475.2;-8809.2;96761.1;23822.4
870;99951.4;-8302.6;96095.6;23649.7
871;101914.6;-5312.6;97934.2;24148.3
872;95990.9;-15276.3;92632.2;22688.9
873;103341.6;-883.8;99095.5;24466.8
874;102833.4;-2148.9;98621.2;24334.8
875;99858.3;-8409.4;96005.4;23618.6
876;101131.1;-6333.7;97148.7;23934.7
877;100930.4;-7344.0;97063.3;23908.9
878;98005.8;-12357.4;94498.6;23202.7
879;100091.3;-8100.8;96223.7;23681.8
880;101375.7;-6132.0;97401.1;24005.6
881;100406.6;-7593.2;96507.1;23759.6
882;101780.6;-6308.2;97919.3;24141.9
883;99777.2;-9632.6;96090.2;23648.1
884;99712.1;-9918.8;96059.7;23639.7
885;98117.5;-11012.9;94428.9;23187.1
886;98966.9;-9791.8;95202.6;23404.6
887;98643.4;-11100.3;95027.8;23354.1
889;100258.2;-7827.4;96371.8;23715.4
890;97506.7;-12798.0;93997.0;23067.6
891;100591.7;-7340.9;96679.4;23805.0
892;99333.7;-9248.6;95536.0;23493.8
894;100767.6;-6955.8;96824.7;23842.9
895;96447.4;-13731.5;92933.8;22780.1
896;100962.7;-6681.9;97006.6;23894.5
897;97670.6;-11996.5;94065.7;23087.7
898;96418.8;-15107.5;93102.9;22826.7
899;100793.4;-6939.7;96852.2;23855.2
900;96584.8;-13322.3;93032.3;22808.6
901;98703.8;-10715.2;95039.3;23362.3
902;100133.3;-8332.5;96301.9;23696.4
903;101042.4;-6519.9;97073.9;23911.8
904;101306.8;-6257.6;97338.9;23987.4
905;99566.6;-9577.5;95842.1;23570.1
906;97970.1;-11248.8;94298.3;23153.3
908;98465.7;-10584.4;94754.0;23274.4
910;98780.1;-10070.6;95033.6;23360.3
911;102184.8;-4404.2;98132.6;24202.8
912;102046.5;-4355.6;97956.1;24155.8
913;97508.8;-12104.8;93899.4;23041.1
914;100327.6;-8828.5;96595.9;23786.0
915;101119.7;-7872.7;97359.9;23994.1
916;101053.8;-7578.0;97240.6;23966.6
917;99270.5;-9674.9;95524.2;23491.7
918;100002.9;-10554.7;96489.3;23754.4
919;98897.9;-9917.7;95143.2;23388.4
920;97293.0;-12204.7;93670.9;22977.4
921;101796.7;-5288.9;97786.0;24106.5
922;98365.8;-11922.7;94838.4;23302.5
923;102432.7;-5193.9;98566.7;24323.1
924;101018.8;-6566.0;97053.9;23908.2
925;97864.0;-11393.0;94198.0;23119.3
926;99399.2;-9201.1;95601.4;23507.1
927;99136.3;-9554.0;95358.4;23446.9
928;97781.9;-12307.6;94237.6;23133.3
929;100756.4;-7340.2;96865.9;23857.3
930;98733.4;-10164.6;94993.7;23343.8
931;103272.2;-1331.7;99045.3;24454.2
932;101600.1;-5430.2;97567.1;24045.4
933;97888.7;-11351.0;94220.5;23128.6
934;99639.9;-9179.1;95867.0;23575.0
935;99078.2;-10763.9;95468.1;23479.0
936;96332.6;-14509.4;92913.2;22769.8
937;101746.8;-5044.5;97692.0;24086.3
938;101543.2;-6935.7;97724.7;24092.2
939;101723.9;-5157.1;97679.4;24081.4
940;98591.5;-11507.7;95030.1;23358.5
941;102049.2;-4289.7;97950.0;24152.6
942;99169.7;-10268.6;95498.0;23488.9
943;101756.1;-5041.9;97702.3;24087.9
945;100053.0;-8061.1;96175.1;23667.7
946;96521.1;-14816.4;93175.9;22849.3
947;99063.4;-9678.9;95294.0;23427.7
948;100865.6;-8287.8;97129.7;23928.3
949;102382.4;-3478.3;98244.0;24238.8
950;97138.2;-13867.7;93736.6;22997.6
951;99249.1;-9947.5;95539.1;23494.1
952;99959.2;-10066.2;96363.0;23712.2
953;100592.3;-7801.0;96744.1;23818.7
954;101691.4;-5257.3;97654.9;24077.1
955;97754.5;-11508.3;94091.3;23092.1
956;98469.8;-12852.9;95095.9;23372.3
957;101910.6;-4695.7;97838.2;24119.2
958;100583.3;-7334.5;96668.8;23801.0
959;100582.1;-8058.4;96770.5;23824.9
960;102126.5;-4437.4;98066.2;24184.3
961;99961.4;-8301.7;96106.2;23650.6
962;100855.2;-6920.2;96918.6;23871.5
963;99055.0;-9780.8;95298.2;23429.1
964;96785.2;-13902.8;93339.3;22889.6
965;96944.0;-13257.0;93425.6;22915.0
966;99901.9;-8391.1;96052.0;23635.7
967;99148.0;-10612.8;95524.1;23491.6
968;98260.3;-11466.7;94651.3;23245.6
969;100420.3;-7585.5;96521.0;23762.0
970;97865.9;-11394.0;94200.3;23119.8
971;99974.4;-8280.8;96118.0;23653.9
972;99652.4;-9062.3;95864.9;23574.9
973;97623.6;-13825.3;94284.3;23149.9
974;94933.3;-15974.4;91493.1;22387.1
975;102916.5;-2290.3;98709.7;24368.5
976;100427.9;-7524.1;96520.8;23760.8
977;94203.9;-17368.9;90811.6;22187.1
978;98842.4;-9985.7;95090.6;23370.8
979;100532.9;-7781.3;96673.9;23801.2
980;99056.5;-10929.0;95468.0;23478.7
981;100931.0;-6939.0;97006.7;23894.7
982;97642.7;-12038.0;94040.2;23078.5
983;100116.1;-8039.3;96242.8;23685.5
984;99625.5;-8818.8;95801.2;23560.2
985;99252.4;-10041.0;95556.0;23496.4
986;99184.8;-10024.3;95478.8;23481.9
987;100153.5;-8103.2;96292.4;23693.6
988;101746.9;-5098.9;97699.1;24086.5
989;98629.2;-10280.1;94893.8;23313.7
990;98780.1;-10710.8;95123.8;23384.2
991;100083.6;-8078.5;96212.3;23680.1
992;99237.5;-10971.7;95678.9;23526.0
993;100442.1;-8377.2;96658.1;23797.9
994;101273.3;-6054.5;97273.3;23973.3
995;102545.2;-3044.9;98384.6;24271.7
996;99493.4;-9056.8;95686.3;23529.6
997;94976.4;-15910.5;91534.0;22395.5
998;99542.5;-9277.0;95771.4;23550.5
999;100496.8;-7472.8;96591.7;23785.8
1000;99345.9;-9258.1;95550.5;23495.7
