numero;nome;tipo;tensao;angulo;potencia_ativa;potencia_reativa;demanda_ativa;demanda_reativa;shunt_barra;area
12;LCBARRET-4GR; 1;1.0;-21.1;307.3;-155.2;0.0;0.0;0.0;1
16;FURNAS---5GR; 1;1.0;-24.4;819.5;-56.9;0.0;0.0;0.0;1
18;ITUMBIAR-6GR; 2;1.02;-24.0;1049.7;-358.5;0.0;0.0;0.0;1
20;MARIMBON-5GR; 1;1.01;-22.9;921.9;-301.0;0.0;0.0;0.0;1
22;M.MOR.A--3GR; 1;1.0;-16.9;153.6;-11.7;0.0;0.0;0.0;1
35;CORUMBA--2GR; 1;1.0;-27.4;204.9;-43.5;0.0;0.0;0.0;1
48;IBIUNA---4CS; 1;1.0;-42.9;0.0;-371.4;0.0;0.0;0.0;1
86;IBIUNA---345; 0;1.027;-42.9;0.0;0.0;67.6;1.2;0.0;1
100;MARIMBON-500; 0;1.054;-29.2;0.0;0.0;0.0;0.0;0.0;1
101;ARARAQUA-500; 0;1.06;-36.8;0.0;0.0;0.0;0.0;-224.9;1
102;POCOS----500; 0;1.044;-43.2;0.0;0.0;0.0;0.0;-109.0;1
103;CAMPINAS-500; 0;1.058;-43.6;0.0;0.0;0.0;0.0;0.0;1
104;C.PAULIS-500; 0;1.039;-52.4;0.0;0.0;932.8;240.9;0.0;1
106;ADRIANO--500; 0;1.025;-53.2;0.0;0.0;0.0;0.0;-105.0;1
120;P.CALDAS-345; 0;1.026;-40.9;0.0;0.0;184.5;92.2;0.0;1
122;IBIUNA---500; 0;1.055;-41.9;0.0;0.0;205.0;39.0;0.0;1
123;CAMPINAS-345; 0;1.019;-46.3;0.0;0.0;461.2;179.4;0.0;1
126;GUARULHOS345; 0;1.028;-43.6;0.0;0.0;297.2;97.4;0.0;1
131;M.MORAES-345; 0;1.019;-24.6;0.0;0.0;0.0;0.0;0.0;1
134;LBARRETO-345; 0;1.021;-23.4;0.0;0.0;0.0;0.0;0.0;1
136;FURNAS---345; 0;1.017;-31.5;0.0;0.0;55.4;23.6;0.0;1
138;ITUTINGA-345; 0;1.013;-43.5;0.0;0.0;73.8;34.8;0.0;1
140;ADRIANO--345; 0;0.995;-54.2;0.0;0.0;717.5;256.3;0.0;1
210;ITUMBIARA500; 0;1.046;-27.8;0.0;0.0;0.0;0.0;0.0;1
213;MARIMBON-345; 0;1.057;-31.3;0.0;0.0;95.3;40.0;0.0;1
216;PCOLOMBIA345; 0;1.063;-32.3;0.0;0.0;54.3;25.6;0.0;1
217;ITUMBIARA345; 0;1.048;-33.0;0.0;0.0;373.1;59.5;0.0;1
218;BANDEIRA-345; 0;1.018;-40.8;0.0;0.0;615.0;205.0;0.0;1
219;B.SUL----345; 0;1.021;-39.5;0.0;0.0;0.0;0.0;0.0;1
220;CORUMBA--345; 0;1.049;-32.6;0.0;0.0;0.0;0.0;0.0;1
225;ITUMBIARA230; 0;1.0;-35.4;0.0;0.0;0.0;0.0;0.0;1
228;B.SUL----230; 0;1.008;-41.2;0.0;0.0;88.1;34.8;0.0;1
233;SAMAMBAI-500; 0;1.032;-36.6;0.0;0.0;0.0;0.0;0.0;1
234;SAMAMBAI-345; 0;1.019;-39.6;0.0;0.0;1025.0;358.8;0.0;1
300;EMBORCAC-3GR; 1;1.02;-18.2;717.1;-159.1;0.0;0.0;0.0;1
301;JAGUARA--4GR; 1;1.01;-17.2;307.3;-116.3;0.0;0.0;0.0;1
302;N.PONTE--3GR; 1;1.02;-16.9;409.7;-111.7;0.0;0.0;0.0;1
303;S.SIMAO--4GR; 1;1.02;-24.1;204.9;-265.8;0.0;0.0;0.0;1
305;V.GRANDE-4GR; 1;1.0;-16.8;307.3;-13.3;0.0;0.0;0.0;1
320;EMBORCAC-500; 0;1.046;-23.4;0.0;0.0;0.0;0.0;0.0;1
325;JAGUARA--500; 0;1.043;-21.7;0.0;0.0;0.0;0.0;0.0;1
326;JAGUARA--345; 0;1.027;-23.0;0.0;0.0;280.9;106.6;0.0;1
360;NPONTE---500; 0;1.044;-21.1;0.0;0.0;0.0;0.0;0.0;1
370;SSIMAO---500; 0;1.048;-25.2;0.0;0.0;0.0;0.0;0.0;1
396;VGRANDE--345; 0;1.03;-20.6;0.0;0.0;0.0;0.0;0.0;1
500;A.VERMEL-4GR; 1;1.02;-21.6;819.5;-102.6;0.0;0.0;0.0;1
535;AVERMELHA500; 0;1.034;-26.2;0.0;0.0;0.0;0.0;0.0;1
536;AVERMELH-440; 0;1.021;-29.0;0.0;0.0;717.5;153.8;0.0;1
1503;ITAJUBA--500; 0;1.04;-50.1;0.0;0.0;0.0;0.0;0.0;1
1504;ITAJUBA--138; 0;1.005;-54.3;0.0;0.0;148.6;64.6;0.0;1
800;GBMUNHOZ-2GR; 1;1.02;-5.8;1126.8;211.4;0.0;0.0;0.0;2
808;SCAXIAS--4GR; 1;1.02;5.0;1178.0;148.4;0.0;0.0;0.0;2
810;SSEGREDO-4GR; 1;1.02;-2.7;1229.2;-2.8;0.0;0.0;0.0;2
814;BATEIAS--230; 0;1.0;-37.7;0.0;0.0;753.8;195.8;0.0;2
824;GBMUNHOZ-500; 0;1.027;-16.5;0.0;0.0;0.0;0.0;0.0;2
834;S.MATEUS-230; 0;0.992;-28.5;0.0;0.0;13.7;4.3;0.0;2
839;CASCAVEL-230; 0;0.999;-5.2;0.0;0.0;0.0;0.0;0.0;2
840;CASCAVEL-138; 0;0.985;-8.2;0.0;0.0;163.0;36.9;0.0;2
848;FCHOPIM--138; 0;0.998;-4.3;0.0;0.0;96.4;18.5;0.0;2
856;SEGREDO--500; 0;1.028;-9.7;0.0;0.0;0.0;0.0;0.0;2
895;BATEIAS--500; 0;1.024;-35.3;0.0;0.0;0.0;0.0;0.0;2
896;CASCAVELO500; 0;1.024;-3.0;0.0;0.0;0.0;0.0;0.0;2
897;SCAXIAS--500; 0;1.036;-1.6;0.0;0.0;0.0;0.0;0.0;2
898;FCHOPIM--230; 0;1.011;-0.8;0.0;0.0;0.0;0.0;0.0;2
904;ITA------4GR; 1;1.02;-14.2;717.1;-156.1;0.0;0.0;0.0;2
915;MACHADIN-2GR; 1;1.02;-12.0;717.1;-56.7;0.0;0.0;0.0;2
919;SOSOR1A4-4GR; 1;1.0;7.3;717.1;93.2;0.0;0.0;0.0;2
925;SSANTIAG-3GR; 1;1.02;1.3;973.1;111.0;0.0;0.0;0.0;2
933;AREIA----500; 0;1.026;-16.9;0.0;0.0;0.0;0.0;0.0;2
934;AREIA----230; 0;1.0;-17.1;0.0;0.0;242.9;60.5;0.0;2
938;BLUMENAU-500; 0;1.021;-37.5;0.0;0.0;0.0;0.0;0.0;2
939;BLUMENAU-230; 0;1.0;-40.1;0.0;0.0;1177.7;54.4;0.0;2
955;CNOVOS---500; 0;1.044;-23.1;0.0;0.0;0.0;0.0;0.0;2
959;CURITIBA-500; 0;1.012;-35.0;0.0;0.0;0.0;0.0;102.4;2
960;CURITIBA-230; 0;1.0;-37.7;0.0;0.0;865.8;480.8;0.0;2
964;CAXIAS---500; 0;1.02;-30.8;0.0;0.0;0.0;0.0;0.0;2
965;CAXIAS---230; 0;1.0;-33.4;0.0;0.0;774.5;57.6;0.0;2
976;GRAVATAI-500; 0;0.993;-33.7;0.0;0.0;0.0;0.0;0.0;2
995;ITA------500; 0;1.041;-18.7;0.0;0.0;0.0;0.0;0.0;2
1015;JOINVILLE230; 0;1.002;-40.0;0.0;0.0;71.7;2.0;0.0;2
1030;MACHADIN-500; 0;1.042;-20.0;0.0;0.0;0.0;0.0;0.0;2
1047;SOSORIO--230; 0;1.016;0.2;0.0;0.0;0.0;0.0;0.0;2
1060;SSANTIAG-500; 0;1.038;-6.9;0.0;0.0;0.0;0.0;0.0;2
1210;GRAVATAI-230; 0;1.0;-36.6;0.0;0.0;1258.7;435.6;0.0;2
2458;CASCAVELO230; 0;1.0;-5.4;0.0;0.0;413.1;129.1;0.0;2
21;MANSO----3GR; 1;1.0;-65.1;143.4;-16.6;0.0;0.0;0.0;3
231;R.VERDE-230 ; 0;0.995;-50.9;0.0;0.0;91.9;32.7;0.0;3
4501;B.PEIXE--230; 0;1.011;-63.1;0.0;0.0;32.2;7.3;-46.0;3
4521;ITIQUIRA-230; 0;1.026;-69.2;0.0;0.0;0.0;0.0;0.0;3
4522;RONDONOP-230; 0;1.022;-71.4;0.0;0.0;0.0;0.0;-20.9;3
4523;ITIQUIR--2GR; 1;1.01;-63.3;51.2;-5.3;0.0;0.0;0.0;3
4530;COXIPO-CE-12; 0;1.02;-76.2;0.0;0.0;0.0;0.0;0.0;3
4532;COXIPO-230  ; 0;1.036;-76.2;0.0;0.0;0.0;0.0;0.0;3
4533;COXIPO-138  ; 0;1.011;-76.6;0.0;0.0;77.3;16.5;0.0;3
4542;NOBRES-230  ; 0;1.019;-75.4;0.0;0.0;0.0;0.0;0.0;3
4552;N.MUTUM-230 ; 0;0.994;-83.3;0.0;0.0;12.9;1.2;-19.8;3
4562;SORRISO-230 ; 0;0.993;-92.0;0.0;0.0;24.4;7.6;0.0;3
4572;LUCAS-RV230 ; 0;0.992;-88.9;0.0;0.0;18.5;6.6;0.0;3
4582;SINOP-230   ; 0;0.998;-95.0;0.0;0.0;67.1;17.1;29.9;3
4592;MANSO-230   ; 0;1.015;-70.3;0.0;0.0;0.0;0.0;0.0;3
4596;CBA--GAS-2GR; 1;1.0;-71.5;235.6;-19.1;0.0;0.0;0.0;3
4623;RONDONOP-138; 0;1.007;-74.4;0.0;0.0;131.4;41.8;0.0;3
4703;CUIABA-138  ; 0;0.999;-77.7;0.0;0.0;186.7;30.5;0.0;3
4804;GUAPORE--2GR; 1;1.0;-78.1;51.2;-14.3;0.0;0.0;0.0;3
4805;GUAPORE--138; 0;1.021;-81.9;0.0;0.0;0.0;0.0;0.0;3
4807;JAURU-138   ; 0;1.02;-83.2;0.0;0.0;132.1;37.2;0.0;3
4862;JAURU-230   ; 0;1.041;-81.4;0.0;0.0;0.0;0.0;-32.5;3
