2.833999999999999773e+02 0.000000000000000000e+00
3.117400000000000091e+02 4.724278000000016853e+00
3.400799999999999841e+02 9.448556000000015942e+00
3.684199999999999591e+02 1.417283400000001947e+01
3.967599999999999341e+02 1.889711199999999280e+01
4.250999999999999659e+02 2.362138999999999811e+01
4.534399999999999977e+02 2.834566799999998921e+01
4.817799999999999727e+02 3.306994600000000872e+01
5.101199999999998909e+02 3.779422400000000692e+01
5.384599999999999227e+02 4.251850199999999802e+01
5.667999999999999545e+02 4.724278000000000333e+01
5.951399999999998727e+02 5.196705799999998732e+01
6.234800000000000182e+02 5.669133600000003526e+01
6.305649999999998272e+02 5.787240550000001349e+01
6.376499999999999773e+02 5.905347500000004146e+01
6.447349999999997863e+02 6.023454449999996285e+01
6.465062499999999091e+02 6.052981187500000715e+01
6.482774999999998045e+02 6.082507925000000171e+01
6.487203124999999773e+02 6.089889609375001100e+01
6.491631249999998090e+02 6.097271293749994925e+01
6.492184765624998590e+02 6.098194004296876614e+01
6.492738281249999091e+02 6.099116714843751907e+01
6.493291796874998454e+02 6.100039425390625070e+01
6.493845312499998954e+02 6.100962135937497521e+01
6.494398828124999454e+02 6.101884846484374236e+01
6.494952343749999955e+02 6.102807557031250951e+01
6.495505859374999318e+02 6.103730267578125535e+01
6.496059374999998681e+02 6.104652978125000118e+01
6.496612890624999181e+02 6.105575688671876122e+01
6.497166406250000819e+02 6.106498399218751416e+01
6.497719921875000182e+02 6.107421109765627421e+01
6.497858300781250591e+02 6.107651787402343757e+01
6.497996679687499864e+02 6.107882465039062936e+01
6.498031274414063319e+02 6.107940134448244152e+01
6.498065869140624500e+02 6.107997803857424657e+01
6.498100463867186818e+02 6.108055473266601609e+01
6.498109112548828534e+02 6.108069890618895670e+01
6.498117761230469114e+02 6.108084307971191862e+01
6.498119923400878406e+02 6.108087912309267864e+01
6.498122085571288835e+02 6.108091516647340313e+01
6.498124247741699264e+02 6.108095120985414184e+01
6.498126409912110830e+02 6.108098725323486633e+01
6.498127490997313771e+02 6.108100527492521792e+01
6.498128031539916947e+02 6.108101428577040792e+01
6.498128301811218535e+02 6.108101879119298872e+01
6.498128572082520122e+02 6.108102329661556951e+01
6.498128605866432963e+02 6.108102385979344717e+01
6.498128639650344667e+02 6.108102442297125378e+01
6.498128673434257507e+02 6.108102498614906750e+01
6.498128707218170348e+02 6.108102554932688122e+01
6.498128741002083189e+02 6.108102611250470915e+01
6.498128774785994892e+02 6.108102667568253707e+01
6.498128808569906596e+02 6.108102723886035079e+01
6.498128842353820573e+02 6.108102780203819293e+01
6.498128850799797647e+02 6.108102794283259840e+01
6.498128859245776994e+02 6.108102808362708913e+01
6.498128863468765530e+02 6.108102815402431673e+01
6.498128867691754067e+02 6.108102822442155144e+01
6.498128871914743740e+02 6.108102829481872931e+01
6.498128871915773743e+02 6.108102829483597418e+01
6.498128871915805576e+02 6.108102829483645735e+01
