2.833999999999999773e+02 -1.648061326383061242e+01
3.117400000000000091e+02 -1.712905854161983754e+01
3.400799999999999841e+02 -1.779888974226748033e+01
3.684199999999999591e+02 -1.848685119846642877e+01
3.967599999999999341e+02 -1.919438899861750158e+01
4.250999999999999659e+02 -1.992314262977146200e+01
4.534399999999999977e+02 -2.067498402435903770e+01
4.817799999999999727e+02 -2.145230666812143028e+01
5.101199999999998909e+02 -2.226740930450500144e+01
5.384599999999999227e+02 -2.322554021925373036e+01
5.667999999999999545e+02 -2.433090669100254999e+01
5.951399999999998727e+02 -2.556354724957454039e+01
6.234800000000000182e+02 -2.764028005635963936e+01
6.305649999999998272e+02 -2.843578112078613529e+01
6.376499999999999773e+02 -2.941020814704295105e+01
6.447349999999997863e+02 -3.072310959236806838e+01
6.465062499999999091e+02 -3.115364317927584992e+01
6.482774999999998045e+02 -3.166214093252623840e+01
6.487203124999999773e+02 -3.180669008000170450e+01
6.491631249999998090e+02 -3.196056725273643551e+01
6.492184765624998590e+02 -3.198054324118159997e+01
6.492738281249999091e+02 -3.200069712164242475e+01
6.493291796874998454e+02 -3.202103327910229780e+01
6.493845312499998954e+02 -3.204155628081664275e+01
6.494398828124999454e+02 -3.206227088710554085e+01
6.494952343749999955e+02 -3.208318206295234631e+01
6.495505859374999318e+02 -3.210429499054482960e+01
6.496059374999998681e+02 -3.212561508278870548e+01
6.496612890624999181e+02 -3.214714799794273858e+01
6.497166406250000819e+02 -3.216889965546688046e+01
6.497719921875000182e+02 -3.219087625320038626e+01
6.497858300781250591e+02 -3.219640630385109148e+01
6.497996679687499864e+02 -3.220195092215199395e+01
6.498031274414063319e+02 -3.220333936528839303e+01
6.498065869140624500e+02 -3.220472872717137136e+01
6.498100463867186818e+02 -3.220611900947221073e+01
6.498109112548828534e+02 -3.220646672405749200e+01
6.498117761230469114e+02 -3.220681449630156123e+01
6.498119923400878406e+02 -3.220690144837534774e+01
6.498122085571288835e+02 -3.220698840404674002e+01
6.498124247741699264e+02 -3.220707536207449806e+01
6.498126409912110830e+02 -3.220716225376040143e+01
6.498127490997313771e+02 -3.220720522894580284e+01
6.498128031539916947e+02 -3.220722677386865485e+01
6.498128301811218535e+02 -3.220723753176826420e+01
6.498128572082520122e+02 -3.220724832696824791e+01
6.498128605866432963e+02 -3.220724968584711689e+01
6.498128639650344667e+02 -3.220725105696334367e+01
6.498128673434257507e+02 -3.220725243402693394e+01
6.498128707218170348e+02 -3.220725381908589213e+01
6.498128741002083189e+02 -3.220725521548677506e+01
6.498128774785994892e+02 -3.220725662930937006e+01
6.498128808569906596e+02 -3.220725807367614379e+01
6.498128842353820573e+02 -3.220725958819519974e+01
6.498128850799797647e+02 -3.220725999313167875e+01
6.498128859245776994e+02 -3.220726042527455490e+01
6.498128863468765530e+02 -3.220726066132956333e+01
6.498128867691754067e+02 -3.220726092924060424e+01
6.498128871914743740e+02 -3.220726120615103838e+01
6.498128871915773743e+02 -3.220726138785688164e+01
6.498128871915805576e+02 -3.220726157751058594e+01
