2.833999999999999773e+02 1.082000000000000073e+00
3.117400000000000091e+02 1.082000000000000073e+00
3.400799999999999841e+02 1.082000000000000073e+00
3.684199999999999591e+02 1.082000000000000073e+00
3.967599999999999341e+02 1.082000000000000073e+00
4.250999999999999659e+02 1.082000000000000073e+00
4.534399999999999977e+02 1.082000000000000073e+00
4.817799999999999727e+02 1.081866486991745369e+00
5.101199999999998909e+02 1.076740896906589251e+00
5.384599999999999227e+02 1.066115546525994162e+00
5.667999999999999545e+02 1.051256579193043716e+00
5.951399999999998727e+02 1.034775762625904649e+00
6.234800000000000182e+02 9.937558310140310880e-01
6.305649999999998272e+02 9.772377705441809281e-01
6.376499999999999773e+02 9.576354122409922454e-01
6.447349999999997863e+02 9.323051504014175928e-01
6.465062499999999091e+02 9.242644686428945766e-01
6.482774999999998045e+02 9.149341872375421625e-01
6.487203124999999773e+02 9.123145450691051428e-01
6.491631249999998090e+02 9.095416389946306968e-01
6.492184765624998590e+02 9.091828575460716433e-01
6.492738281249999091e+02 9.088211579865819179e-01
6.493291796874998454e+02 9.084564689445057128e-01
6.493845312499998954e+02 9.080887160873629682e-01
6.494398828124999454e+02 9.077178219466267572e-01
6.494952343749999955e+02 9.073437057295384855e-01
6.495505859374999318e+02 9.069662831155104188e-01
6.496059374999998681e+02 9.065854660368861673e-01
6.496612890624999181e+02 9.062011624414135769e-01
6.497166406250000819e+02 9.058132760350741108e-01
6.497719921875000182e+02 9.054217060033511455e-01
6.497858300781250591e+02 9.053232256600868277e-01
6.497996679687499864e+02 9.052245068133319972e-01
6.498031274414063319e+02 9.051997896343590977e-01
6.498065869140624500e+02 9.051750574144442618e-01
6.498100463867186818e+02 9.051503101264044560e-01
6.498109112548828534e+02 9.051441209468341631e-01
6.498117761230469114e+02 9.051379308233465926e-01
6.498119923400878406e+02 9.051363831449265041e-01
6.498122085571288835e+02 9.051348354076497182e-01
6.498124247741699264e+02 9.051332876386082305e-01
6.498126409912110830e+02 9.051317413366004594e-01
6.498127490997313771e+02 9.051309784613192910e-01
6.498128031539916947e+02 9.051305957746992314e-01
6.498128301811218535e+02 9.051304047495452032e-01
6.498128572082520122e+02 9.051302129109017880e-01
6.498128605866432963e+02 9.051301887242926281e-01
6.498128639650344667e+02 9.051301642707053619e-01
6.498128673434257507e+02 9.051301396873715488e-01
6.498128707218170348e+02 9.051301149296074877e-01
6.498128741002083189e+02 9.051300899244023590e-01
6.498128774785994892e+02 9.051300645391142652e-01
6.498128808569906596e+02 9.051300384874534366e-01
6.498128842353820573e+02 9.051300109052858867e-01
6.498128850799797647e+02 9.051300034358137347e-01
6.498128859245776994e+02 9.051299953727862668e-01
6.498128863468765530e+02 9.051299909052860082e-01
6.498128867691754067e+02 9.051299857427922424e-01
6.498128871914743740e+02 9.051299803839583102e-01
6.498128871915773743e+02 9.051299764198624809e-01
6.498128871915805576e+02 9.051299722822083726e-01
