2.833999999999999773e+02 1.022248792474034440e+00
3.117400000000000091e+02 1.020081464876621435e+00
3.400799999999999841e+02 1.016426233360800735e+00
3.684199999999999591e+02 1.012656198415970987e+00
3.967599999999999341e+02 1.008763951161498751e+00
4.250999999999999659e+02 1.004741110021851069e+00
4.534399999999999977e+02 1.000578127788802618e+00
4.817799999999999727e+02 9.962579060691281185e-01
5.101199999999998909e+02 9.915407340280247839e-01
5.384599999999999227e+02 9.823127705414054223e-01
5.667999999999999545e+02 9.696903328396988542e-01
5.951399999999998727e+02 9.558484848562720515e-01
6.234800000000000182e+02 9.225027599348382124e-01
6.305649999999998272e+02 9.091198517477154795e-01
6.376499999999999773e+02 8.932116784931330988e-01
6.447349999999997863e+02 8.725935283064759629e-01
6.465062499999999091e+02 8.660297952164042190e-01
6.482774999999998045e+02 8.583996303485497137e-01
6.487203124999999773e+02 8.562544493913533117e-01
6.491631249999998090e+02 8.539823053954954668e-01
6.492184765624998590e+02 8.536882046054337092e-01
6.492738281249999091e+02 8.533916854255463313e-01
6.493291796874998454e+02 8.530926885829860362e-01
6.493845312499998954e+02 8.527911523446034536e-01
6.494398828124999454e+02 8.524870123713117476e-01
6.494952343749999955e+02 8.521802015616672943e-01
6.495505859374999318e+02 8.518706498826515983e-01
6.496059374999998681e+02 8.515582841874372866e-01
6.496612890624999181e+02 8.512430280179604791e-01
6.497166406250000819e+02 8.509248013911582253e-01
6.497719921875000182e+02 8.506035205672813904e-01
6.497858300781250591e+02 8.505227129519201679e-01
6.497996679687499864e+02 8.504417075740169363e-01
6.498031274414063319e+02 8.504214251620852982e-01
6.498065869140624500e+02 8.504011302782913395e-01
6.498100463867186818e+02 8.503808229000565655e-01
6.498109112548828534e+02 8.503757441006111195e-01
6.498117761230469114e+02 8.503706645184692103e-01
6.498119923400878406e+02 8.503693945005875721e-01
6.498122085571288835e+02 8.503681244339391654e-01
6.498124247741699264e+02 8.503668543487677978e-01
6.498126409912110830e+02 8.503655859172000175e-01
6.498127490997313771e+02 8.503649631717704604e-01
6.498128031539916947e+02 8.503646504071908918e-01
6.498128301811218535e+02 8.503644943802484146e-01
6.498128572082520122e+02 8.503643374459949333e-01
6.498128605866432963e+02 8.503643175985375890e-01
6.498128639650344667e+02 8.503642974532348298e-01
6.498128673434257507e+02 8.503642771631921837e-01
6.498128707218170348e+02 8.503642566785495349e-01
6.498128741002083189e+02 8.503642359178552601e-01
6.498128774785994892e+02 8.503642147331346157e-01
6.498128808569906596e+02 8.503641928049884280e-01
6.498128842353820573e+02 8.503641691693530902e-01
6.498128850799797647e+02 8.503641626201523529e-01
6.498128859245776994e+02 8.503641554087606469e-01
6.498128863468765530e+02 8.503641513166518839e-01
6.498128867691754067e+02 8.503641464491934476e-01
6.498128871914743740e+02 8.503641413626947809e-01
6.498128871915773743e+02 8.503641369404223438e-01
6.498128871915805576e+02 8.503641323243129602e-01
