2.833999999999999773e+02 1.010826199716760909e+00
3.117400000000000091e+02 1.009679870027359483e+00
3.400799999999999841e+02 1.004340880367676547e+00
3.684199999999999591e+02 9.988224824056896045e-01
3.967599999999999341e+02 9.931114690706864812e-01
4.250999999999999659e+02 9.871927777211113586e-01
4.534399999999999977e+02 9.810491032346323470e-01
4.817799999999999727e+02 9.746469929160577195e-01
5.101199999999998909e+02 9.674683007041144922e-01
5.384599999999999227e+02 9.568896939787863154e-01
5.667999999999999545e+02 9.437005808564260523e-01
5.951399999999998727e+02 9.292321172200680435e-01
6.234800000000000182e+02 8.995245890976799608e-01
6.305649999999998272e+02 8.880713058389949621e-01
6.376499999999999773e+02 8.745330658075087804e-01
6.447349999999997863e+02 8.571195630248390485e-01
6.465062499999999091e+02 8.516097860496825156e-01
6.482774999999998045e+02 8.452265236730397424e-01
6.487203124999999773e+02 8.434362234696929361e-01
6.491631249999998090e+02 8.415420748984500099e-01
6.492184765624998590e+02 8.412970609474893502e-01
6.492738281249999091e+02 8.410500695655506176e-01
6.493291796874998454e+02 8.408010523667627245e-01
6.493845312499998954e+02 8.405499589577293262e-01
6.494398828124999454e+02 8.402967368187179709e-01
6.494952343749999955e+02 8.400413311760510648e-01
6.495505859374999318e+02 8.397836848640620744e-01
6.496059374999998681e+02 8.395237381764242279e-01
6.496612890624999181e+02 8.392614287050965682e-01
6.497166406250000819e+02 8.389966911659421100e-01
6.497719921875000182e+02 8.387294572097204748e-01
6.497858300781250591e+02 8.386622503375376070e-01
6.497996679687499864e+02 8.385948818277629835e-01
6.498031274414063319e+02 8.385780143080945326e-01
6.498065869140624500e+02 8.385611365949078300e-01
6.498100463867186818e+02 8.385442486697722853e-01
6.498109112548828534e+02 8.385400250907240061e-01
6.498117761230469114e+02 8.385358008719654421e-01
6.498119923400878406e+02 8.385347447172800672e-01
6.498122085571288835e+02 8.385336885227067105e-01
6.498124247741699264e+02 8.385326323068158505e-01
6.498126409912110830e+02 8.385315770969297144e-01
6.498127490997313771e+02 8.385310565354417989e-01
6.498128031539916947e+02 8.385307953986514962e-01
6.498128301811218535e+02 8.385306650483402846e-01
6.498128572082520122e+02 8.385305341404470925e-01
6.498128605866432963e+02 8.385305176352285672e-01
6.498128639650344667e+02 8.385305009470147564e-01
6.498128673434257507e+02 8.385304841698697498e-01
6.498128707218170348e+02 8.385304672731657138e-01
6.498128741002083189e+02 8.385304502068570143e-01
6.498128774785994892e+02 8.385304328800300411e-01
6.498128808569906596e+02 8.385304150964506542e-01
6.498128842353820573e+02 8.385303962638178676e-01
6.498128850799797647e+02 8.385303911622707940e-01
6.498128859245776994e+02 8.385303856538830480e-01
6.498128863468765530e+02 8.385303826008513317e-01
6.498128867691754067e+02 8.385303790714503380e-01
6.498128871914743740e+02 8.385303754074731053e-01
6.498128871915773743e+02 8.385303726903676758e-01
6.498128871915805576e+02 8.385303698542981854e-01
