2.833999999999999773e+02 -1.570483535477463022e+01
3.117400000000000091e+02 -1.611506642124417965e+01
3.400799999999999841e+02 -1.654470513341973259e+01
3.684199999999999591e+02 -1.698721238131718891e+01
3.967599999999999341e+02 -1.744363628496786589e+01
4.250999999999999659e+02 -1.791516790707138185e+01
4.534399999999999977e+02 -1.840317055178847028e+01
4.817799999999999727e+02 -1.890931261833726040e+01
5.101199999999998909e+02 -1.943982982475478494e+01
5.384599999999999227e+02 -2.004590556293918979e+01
5.667999999999999545e+02 -2.073092302042876867e+01
5.951399999999998727e+02 -2.150139741672618143e+01
6.234800000000000182e+02 -2.269857720371492249e+01
6.305649999999998272e+02 -2.314614527646846298e+01
6.376499999999999773e+02 -2.369553641918942688e+01
6.447349999999997863e+02 -2.443771058243211414e+01
6.465062499999999091e+02 -2.468155561809421172e+01
6.482774999999998045e+02 -2.496984228065278799e+01
6.487203124999999773e+02 -2.505184748598909650e+01
6.491631249999998090e+02 -2.513917075933255774e+01
6.492184765624998590e+02 -2.515050882872600013e+01
6.492738281249999091e+02 -2.516194832059685993e+01
6.493291796874998454e+02 -2.517349173532942785e+01
6.493845312499998954e+02 -2.518514167724164565e+01
6.494398828124999454e+02 -2.519690086073883251e+01
6.494952343749999955e+02 -2.520877211692763353e+01
6.495505859374999318e+02 -2.522075840076659503e+01
6.496059374999998681e+02 -2.523286279877220295e+01
6.496612890624999181e+02 -2.524508853736342218e+01
6.497166406250000819e+02 -2.525743899189877695e+01
6.497719921875000182e+02 -2.526991769647095154e+01
6.497858300781250591e+02 -2.527305784179982950e+01
6.497996679687499864e+02 -2.527620629293022247e+01
6.498031274414063319e+02 -2.527699471054548397e+01
6.498065869140624500e+02 -2.527778365198807720e+01
6.498100463867186818e+02 -2.527857311821114195e+01
6.498109112548828534e+02 -2.527877056687481172e+01
6.498117761230469114e+02 -2.527896804841302014e+01
6.498119923400878406e+02 -2.527901742393621731e+01
6.498122085571288835e+02 -2.527906680151042451e+01
6.498124247741699264e+02 -2.527911618038756103e+01
6.498126409912110830e+02 -2.527916551916874610e+01
6.498127490997313771e+02 -2.527918990488926454e+01
6.498128031539916947e+02 -2.527920213228681234e+01
6.498128301811218535e+02 -2.527920823720770827e+01
6.498128572082520122e+02 -2.527921436460462701e+01
6.498128605866432963e+02 -2.527921513624128735e+01
6.498128639650344667e+02 -2.527921591525232614e+01
6.498128673434257507e+02 -2.527921669784726788e+01
6.498128707218170348e+02 -2.527921748526034662e+01
6.498128741002083189e+02 -2.527921827950826028e+01
6.498128774785994892e+02 -2.527921908425471642e+01
6.498128808569906596e+02 -2.527921990740757252e+01
6.498128842353820573e+02 -2.527922077283533397e+01
6.498128850799797647e+02 -2.527922100504504854e+01
6.498128859245776994e+02 -2.527922125364987593e+01
6.498128863468765530e+02 -2.527922138999473844e+01
6.498128867691754067e+02 -2.527922154553656497e+01
6.498128871914743740e+02 -2.527922170650150235e+01
6.498128871915773743e+02 -2.527922181599899432e+01
6.498128871915805576e+02 -2.527922193028745212e+01
