2.833999999999999773e+02 1.012290135619337672e+00
3.117400000000000091e+02 1.011052432258024103e+00
3.400799999999999841e+02 1.006734351557850626e+00
3.684199999999999591e+02 1.002268928568468276e+00
3.967599999999999341e+02 9.976453147420030199e-01
4.250999999999999659e+02 9.928511364269286821e-01
4.534399999999999977e+02 9.878721769087458471e-01
4.817799999999999727e+02 9.826822437910678332e-01
5.101199999999998909e+02 9.769026738806786403e-01
5.384599999999999227e+02 9.680950057148207666e-01
5.667999999999999545e+02 9.570555314904989341e-01
5.951399999999998727e+02 9.449326564726063804e-01
6.234800000000000182e+02 9.194033647588530922e-01
6.305649999999998272e+02 9.094973562731506478e-01
6.376499999999999773e+02 8.977792833765148028e-01
6.447349999999997863e+02 8.826917713182527159e-01
6.465062499999999091e+02 8.779141258582890961e-01
6.482774999999998045e+02 8.723766157501579022e-01
6.487203124999999773e+02 8.708230364215954200e-01
6.491631249999998090e+02 8.691791034059596077e-01
6.492184765624998590e+02 8.689664376892174413e-01
6.492738281249999091e+02 8.687520514380152603e-01
6.493291796874998454e+02 8.685359025451023784e-01
6.493845312499998954e+02 8.683179471561265350e-01
6.494398828124999454e+02 8.680981395662341615e-01
6.494952343749999955e+02 8.678764321090128853e-01
6.495505859374999318e+02 8.676527750363534075e-01
6.496059374999998681e+02 8.674271163890612257e-01
6.496612890624999181e+02 8.671994018566919760e-01
6.497166406250000819e+02 8.669695746257882751e-01
6.497719921875000182e+02 8.667375752153868573e-01
6.497858300781250591e+02 8.666792287210201007e-01
6.497996679687499864e+02 8.666207415819934257e-01
6.498031274414063319e+02 8.666060977028485768e-01
6.498065869140624500e+02 8.665914449540725872e-01
6.498100463867186818e+02 8.665767833196257319e-01
6.498109112548828534e+02 8.665731165207596343e-01
6.498117761230469114e+02 8.665694491652651266e-01
6.498119923400878406e+02 8.665685322393826828e-01
6.498122085571288835e+02 8.665676152787917808e-01
6.498124247741699264e+02 8.665666982994714163e-01
6.498126409912110830e+02 8.665657821853987031e-01
6.498127490997313771e+02 8.665653301888820437e-01
6.498128031539916947e+02 8.665651034539881836e-01
6.498128301811218535e+02 8.665649902741863198e-01
6.498128572082520122e+02 8.665648766145974680e-01
6.498128605866432963e+02 8.665648622851932492e-01
6.498128639650344667e+02 8.665648477983265430e-01
6.498128673434257507e+02 8.665648332349377148e-01
6.498128707218170348e+02 8.665648185686720684e-01
6.498128741002083189e+02 8.665648037564671613e-01
6.498128774785994892e+02 8.665647887200945698e-01
6.498128808569906596e+02 8.665647732907008072e-01
6.498128842353820573e+02 8.665647569586307775e-01
6.498128850799797647e+02 8.665647525371149573e-01
6.498128859245776994e+02 8.665647477655255004e-01
6.498128863468765530e+02 8.665647451225907405e-01
6.498128867691754067e+02 8.665647420697557557e-01
6.498128871914743740e+02 8.665647389011216228e-01
6.498128871915773743e+02 8.665647365631361509e-01
6.498128871915805576e+02 8.665647341227902256e-01
