2.833999999999999773e+02 -7.535148863251640350e+00
3.117400000000000091e+02 -7.714361033057176797e+00
3.400799999999999841e+02 -7.883158482323005423e+00
3.684199999999999591e+02 -8.056573715433732019e+00
3.967599999999999341e+02 -8.234979295495094220e+00
4.250999999999999659e+02 -8.418799384176768541e+00
4.534399999999999977e+02 -8.608520446102465584e+00
4.817799999999999727e+02 -8.804665982050719819e+00
5.101199999999998909e+02 -9.006707413966905662e+00
5.384599999999999227e+02 -9.205502692583518609e+00
5.667999999999999545e+02 -9.413653377052094484e+00
5.951399999999998727e+02 -9.642126893608462979e+00
6.234800000000000182e+02 -9.871194100809095318e+00
6.305649999999998272e+02 -9.937806205964569983e+00
6.376499999999999773e+02 -1.001596764330904321e+01
6.447349999999997863e+02 -1.011561021469637112e+01
6.465062499999999091e+02 -1.014693191918297366e+01
6.482774999999998045e+02 -1.018309566948129330e+01
6.487203124999999773e+02 -1.019321458311239859e+01
6.491631249999998090e+02 -1.020390904313032010e+01
6.492184765624998590e+02 -1.020529154604471600e+01
6.492738281249999091e+02 -1.020668500747211560e+01
6.493291796874998454e+02 -1.020808969546050093e+01
6.493845312499998954e+02 -1.020950588917743751e+01
6.494398828124999454e+02 -1.021093387956731924e+01
6.494952343749999955e+02 -1.021237397005870307e+01
6.495505859374999318e+02 -1.021382647732828453e+01
6.496059374999998681e+02 -1.021529173212474007e+01
6.496612890624999181e+02 -1.021677008016031607e+01
6.497166406250000819e+02 -1.021826188307685435e+01
6.497719921875000182e+02 -1.021976751949227058e+01
6.497858300781250591e+02 -1.022014613615711021e+01
6.497996679687499864e+02 -1.022052564850014633e+01
6.498031274414063319e+02 -1.022062066729093388e+01
6.498065869140624500e+02 -1.022071574256663418e+01
6.498100463867186818e+02 -1.022081087442935221e+01
6.498109112548828534e+02 -1.022083466624862247e+01
6.498117761230469114e+02 -1.022085846161271760e+01
6.498119923400878406e+02 -1.022086441100782395e+01
6.498122085571288835e+02 -1.022087036062432475e+01
6.498124247741699264e+02 -1.022087631042941958e+01
6.498126409912110830e+02 -1.022088225860108679e+01
6.498127490997313771e+02 -1.022088522025126522e+01
6.498128031539916947e+02 -1.022088670260840537e+01
6.498128301811218535e+02 -1.022088744340375399e+01
6.498128572082520122e+02 -1.022088818519024400e+01
6.498128605866432963e+02 -1.022088827816511625e+01
6.498128639650344667e+02 -1.022088837146455198e+01
6.498128673434257507e+02 -1.022088846492179570e+01
6.498128707218170348e+02 -1.022088855859111156e+01
6.498128741002083189e+02 -1.022088865256131029e+01
6.498128774785994892e+02 -1.022088874699359806e+01
6.498128808569906596e+02 -1.022088884223605376e+01
6.498128842353820573e+02 -1.022088893933915799e+01
6.498128850799797647e+02 -1.022088896431268523e+01
6.498128859245776994e+02 -1.022088899000784501e+01
6.498128863468765530e+02 -1.022088900338537343e+01
6.498128867691754067e+02 -1.022088901760791479e+01
6.498128871914743740e+02 -1.022088903206912747e+01
6.498128871915773743e+02 -1.022088903689023631e+01
6.498128871915805576e+02 -1.022088904192053604e+01
