2.833999999999999773e+02 1.070999999999999952e+00
3.117400000000000091e+02 1.070999999999999952e+00
3.400799999999999841e+02 1.070999999999999952e+00
3.684199999999999591e+02 1.070999999999999952e+00
3.967599999999999341e+02 1.070999999999999952e+00
4.250999999999999659e+02 1.070999999999999952e+00
4.534399999999999977e+02 1.070999999999999952e+00
4.817799999999999727e+02 1.070999999999999952e+00
5.101199999999998909e+02 1.070999999999999952e+00
5.384599999999999227e+02 1.062314594928197575e+00
5.667999999999999545e+02 1.049520169744431186e+00
5.951399999999998727e+02 1.035398580748882802e+00
6.234800000000000182e+02 9.954770672854683644e-01
6.305649999999998272e+02 9.790508731372250528e-01
6.376499999999999773e+02 9.595564420149784723e-01
6.447349999999997863e+02 9.343547599720734009e-01
6.465062499999999091e+02 9.263502686486534410e-01
6.482774999999998045e+02 9.170580797955970587e-01
6.487203124999999773e+02 9.144482708194570098e-01
6.491631249999998090e+02 9.116853218477674048e-01
6.492184765624998590e+02 9.113277936172162752e-01
6.492738281249999091e+02 9.109673491541387946e-01
6.493291796874998454e+02 9.106039170758015722e-01
6.493845312499998954e+02 9.102374230375434028e-01
6.494398828124999454e+02 9.098677895574640573e-01
6.494952343749999955e+02 9.094949358281497753e-01
6.495505859374999318e+02 9.091187775129859761e-01
6.496059374999998681e+02 9.087392265268036118e-01
6.496612890624999181e+02 9.083561907982398154e-01
6.497166406250000819e+02 9.079695740124418268e-01
6.497719921875000182e+02 9.075792753321938466e-01
6.497858300781250591e+02 9.074811130944077098e-01
6.497996679687499864e+02 9.073827124593744076e-01
6.498031274414063319e+02 9.073580748498836224e-01
6.498065869140624500e+02 9.073334222060588372e-01
6.498100463867186818e+02 9.073087545007098020e-01
6.498109112548828534e+02 9.073025852178427941e-01
6.498117761230469114e+02 9.072964149914705123e-01
6.498119923400878406e+02 9.072948722873943606e-01
6.498122085571288835e+02 9.072933295244864915e-01
6.498124247741699264e+02 9.072917867299022943e-01
6.498126409912110830e+02 9.072902454059014188e-01
6.498127490997313771e+02 9.072894850434095604e-01
6.498128031539916947e+02 9.072891036103162277e-01
6.498128301811218535e+02 9.072889132126624734e-01
6.498128572082520122e+02 9.072887219996450536e-01
6.498128605866432963e+02 9.072886978907623856e-01
6.498128639650344667e+02 9.072886735142839942e-01
6.498128673434257507e+02 9.072886490077599619e-01
6.498128707218170348e+02 9.072886243264033368e-01
6.498128741002083189e+02 9.072885993970351004e-01
6.498128774785994892e+02 9.072885740867057125e-01
6.498128808569906596e+02 9.072885481084644876e-01
6.498128842353820573e+02 9.072885205961843669e-01
6.498128850799797647e+02 9.072885131428582994e-01
6.498128859245776994e+02 9.072885050946069008e-01
6.498128863468765530e+02 9.072885006334885372e-01
6.498128867691754067e+02 9.072884954757720610e-01
6.498128871914743740e+02 9.072884901212621145e-01
6.498128871915773743e+02 9.072884861480179364e-01
6.498128871915805576e+02 9.072884820008115803e-01
