2.833999999999999773e+02 3.907985046680551022e-14
3.117400000000000091e+02 4.724278000000069255e+00
3.400799999999999841e+02 9.448556000000053245e+00
3.684199999999999591e+02 1.417283399999988447e+01
3.967599999999999341e+02 1.889711200000011715e+01
4.250999999999999659e+02 2.362138999999994482e+01
4.534399999999999977e+02 2.834566799999999986e+01
4.817799999999999727e+02 3.306994600000003004e+01
5.101199999999998909e+02 3.779422400000009219e+01
5.384599999999999227e+02 4.251850199999997670e+01
5.667999999999999545e+02 4.724277999999997490e+01
5.951399999999998727e+02 5.196705800000009390e+01
6.234800000000000182e+02 5.669133599999996420e+01
6.305649999999998272e+02 5.787240550000002770e+01
6.376499999999999773e+02 5.905347500000009120e+01
6.447349999999997863e+02 6.023454450000004812e+01
6.465062499999999091e+02 6.052981187500002846e+01
6.482774999999998045e+02 6.082507924999995907e+01
6.487203124999999773e+02 6.089889609374996837e+01
6.491631249999998090e+02 6.097271293749992083e+01
6.492184765624998590e+02 6.098194004296882298e+01
6.492738281249999091e+02 6.099116714843754039e+01
6.493291796874998454e+02 6.100039425390625070e+01
6.493845312499998954e+02 6.100962135937493258e+01
6.494398828124999454e+02 6.101884846484360736e+01
6.494952343749999955e+02 6.102807557031236740e+01
6.495505859374999318e+02 6.103730267578129087e+01
6.496059374999998681e+02 6.104652978124995144e+01
6.496612890624999181e+02 6.105575688671883228e+01
6.497166406250000819e+02 6.106498399218765627e+01
6.497719921875000182e+02 6.107421109765625289e+01
6.497858300781250591e+02 6.107651787402350152e+01
6.497996679687499864e+02 6.107882465039064357e+01
6.498031274414063319e+02 6.107940134448237046e+01
6.498065869140624500e+02 6.107997803857433894e+01
6.498100463867186818e+02 6.108055473266597346e+01
6.498109112548828534e+02 6.108069890618899933e+01
6.498117761230469114e+02 6.108084307971194704e+01
6.498119923400878406e+02 6.108087912309262180e+01
6.498122085571288835e+02 6.108091516647348840e+01
6.498124247741699264e+02 6.108095120985413473e+01
6.498126409912110830e+02 6.108098725323488765e+01
6.498127490997313771e+02 6.108100527492523213e+01
6.498128031539916947e+02 6.108101428577025160e+01
6.498128301811218535e+02 6.108101879119293898e+01
6.498128572082520122e+02 6.108102329661557661e+01
6.498128605866432963e+02 6.108102385979340454e+01
6.498128639650344667e+02 6.108102442297125378e+01
6.498128673434257507e+02 6.108102498614900355e+01
6.498128707218170348e+02 6.108102554932697359e+01
6.498128741002083189e+02 6.108102611250458835e+01
6.498128774785994892e+02 6.108102667568255129e+01
6.498128808569906596e+02 6.108102723886045737e+01
6.498128842353820573e+02 6.108102780203807924e+01
6.498128850799797647e+02 6.108102794283261261e+01
6.498128859245776994e+02 6.108102808362703229e+01
6.498128863468765530e+02 6.108102815402426700e+01
6.498128867691754067e+02 6.108102822442167223e+01
6.498128871914743740e+02 6.108102829481872931e+01
6.498128871915773743e+02 6.108102829483605944e+01
6.498128871915805576e+02 6.108102829483632235e+01
