2.833999999999999773e+02 3.662397239975850027e+01
3.117400000000000091e+02 4.000000000000004263e+01
3.400799999999999841e+02 4.000000000000011369e+01
3.684199999999999591e+02 3.999999999999987210e+01
3.967599999999999341e+02 4.000000000000016342e+01
4.250999999999999659e+02 4.000000000000005684e+01
4.534399999999999977e+02 4.000000000000001421e+01
4.817799999999999727e+02 4.000000000000002132e+01
5.101199999999998909e+02 3.999999999999987210e+01
5.384599999999999227e+02 4.000000000000012790e+01
5.667999999999999545e+02 4.000000000000021316e+01
5.951399999999998727e+02 4.000000000000007816e+01
6.234800000000000182e+02 3.999999999999994316e+01
6.305649999999998272e+02 4.000000000000001421e+01
6.376499999999999773e+02 4.000000000000008527e+01
6.447349999999997863e+02 3.999999999999998579e+01
6.465062499999999091e+02 4.000000000000021316e+01
6.482774999999998045e+02 4.000000000000002842e+01
6.487203124999999773e+02 3.999999999999991473e+01
6.491631249999998090e+02 3.999999999999998579e+01
6.492184765624998590e+02 4.000000000000004974e+01
6.492738281249999091e+02 3.999999999999995737e+01
6.493291796874998454e+02 3.999999999999997158e+01
6.493845312499998954e+02 4.000000000000002842e+01
6.494398828124999454e+02 4.000000000000001421e+01
6.494952343749999955e+02 4.000000000000001421e+01
6.495505859374999318e+02 3.999999999999998579e+01
6.496059374999998681e+02 4.000000000000014921e+01
6.496612890624999181e+02 3.999999999999998579e+01
6.497166406250000819e+02 3.999999999999972289e+01
6.497719921875000182e+02 3.999999999999994316e+01
6.497858300781250591e+02 3.999999999999999289e+01
6.497996679687499864e+02 3.999999999999998579e+01
6.498031274414063319e+02 3.999999999999994316e+01
6.498065869140624500e+02 4.000000000000008527e+01
6.498100463867186818e+02 4.000000000000004263e+01
6.498109112548828534e+02 4.000000000000004263e+01
6.498117761230469114e+02 4.000000000000003553e+01
6.498119923400878406e+02 4.000000000000003553e+01
6.498122085571288835e+02 3.999999999999985789e+01
6.498124247741699264e+02 3.999999999999984368e+01
6.498126409912110830e+02 4.000000000000022027e+01
6.498127490997313771e+02 4.000000000000000000e+01
6.498128031539916947e+02 4.000000000000013500e+01
6.498128301811218535e+02 3.999999999999990052e+01
6.498128572082520122e+02 3.999999999999983658e+01
6.498128605866432963e+02 3.999999999999992895e+01
6.498128639650344667e+02 3.999999999999986500e+01
6.498128673434257507e+02 3.999999999999990052e+01
6.498128707218170348e+02 4.000000000000013500e+01
6.498128741002083189e+02 3.999999999999996447e+01
6.498128774785994892e+02 4.000000000000008527e+01
6.498128808569906596e+02 3.999999999999993605e+01
6.498128842353820573e+02 3.999999999999995737e+01
6.498128850799797647e+02 4.000000000000023448e+01
6.498128859245776994e+02 3.999999999999990052e+01
6.498128863468765530e+02 3.999999999999998579e+01
6.498128867691754067e+02 3.999999999999977263e+01
6.498128871914743740e+02 3.999999999999992184e+01
6.498128871915773743e+02 3.999999999999993605e+01
6.498128871915805576e+02 3.999999999999997868e+01
