2.833999999999999773e+02 1.010000000000000009e+00
3.117400000000000091e+02 1.009601848347686515e+00
3.400799999999999841e+02 1.003376991846226307e+00
3.684199999999999591e+02 9.969598509066485148e-01
3.967599999999999341e+02 9.903363646964281619e-01
4.250999999999999659e+02 9.834905151205225460e-01
4.534399999999999977e+02 9.764039208216203081e-01
4.817799999999999727e+02 9.690419327768016178e-01
5.101199999999998909e+02 9.608852653183990178e-01
5.384599999999999227e+02 9.492726801776493195e-01
5.667999999999999545e+02 9.349870227725595173e-01
5.951399999999998727e+02 9.193667561433302993e-01
6.234800000000000182e+02 8.882109818917112154e-01
6.305649999999998272e+02 8.763044532653286867e-01
6.376499999999999773e+02 8.622573595929626800e-01
6.447349999999997863e+02 8.442331211746850750e-01
6.465062499999999091e+02 8.385405623475606918e-01
6.482774999999998045e+02 8.319519330817806146e-01
6.487203124999999773e+02 8.301052760922613682e-01
6.491631249999998090e+02 8.281520976360738917e-01
6.492184765624998590e+02 8.278994928505118978e-01
6.492738281249999091e+02 8.276448597875565305e-01
6.493291796874998454e+02 8.273881488234194892e-01
6.493845312499998954e+02 8.271293082754791470e-01
6.494398828124999454e+02 8.268682842804347954e-01
6.494952343749999955e+02 8.266050206634372177e-01
6.495505859374999318e+02 8.263394587965193772e-01
6.496059374999998681e+02 8.260715374461258254e-01
6.496612890624999181e+02 8.258011926079461551e-01
6.497166406250000819e+02 8.255283573280780551e-01
6.497719921875000182e+02 8.252529615091914739e-01
6.497858300781250591e+02 8.251837039395556461e-01
6.497996679687499864e+02 8.251142805811929604e-01
6.498031274414063319e+02 8.250968986972755381e-01
6.498065869140624500e+02 8.250795063580623756e-01
6.498100463867186818e+02 8.250621035446517038e-01
6.498109112548828534e+02 8.250577512025032423e-01
6.498117761230469114e+02 8.250533982042166370e-01
6.498119923400878406e+02 8.250523098520814447e-01
6.498122085571288835e+02 8.250512214590343119e-01
6.498124247741699264e+02 8.250501330442263637e-01
6.498126409912110830e+02 8.250490456670865891e-01
6.498127490997313771e+02 8.250485092421813160e-01
6.498128031539916947e+02 8.250482401469488858e-01
6.498128301811218535e+02 8.250481058242375987e-01
6.498128572082520122e+02 8.250479709265219341e-01
6.498128605866432963e+02 8.250479539181464483e-01
6.498128639650344667e+02 8.250479367210565851e-01
6.498128673434257507e+02 8.250479194322560828e-01
6.498128707218170348e+02 8.250479020201603175e-01
6.498128741002083189e+02 8.250478844331592398e-01
6.498128774785994892e+02 8.250478665774982900e-01
6.498128808569906596e+02 8.250478482508104561e-01
6.498128842353820573e+02 8.250478288422834483e-01
6.498128850799797647e+02 8.250478235844684871e-01
6.498128859245776994e+02 8.250478179070982465e-01
6.498128863468765530e+02 8.250478147602355872e-01
6.498128867691754067e+02 8.250478111221162258e-01
6.498128871914743740e+02 8.250478073452148786e-01
6.498128871915773743e+02 8.250478045431937080e-01
6.498128871915805576e+02 8.250478016184900065e-01
