2.833999999999999773e+02 1.044031301566661574e+00
3.117400000000000091e+02 1.042607420528143036e+00
3.400799999999999841e+02 1.040282120141332811e+00
3.684199999999999591e+02 1.037884521748037470e+00
3.967599999999999341e+02 1.035410695922962754e+00
4.250999999999999659e+02 1.032856199715195489e+00
4.534399999999999977e+02 1.030215975552841945e+00
4.817799999999999727e+02 1.027470389505961368e+00
5.101199999999998909e+02 1.024106395299742678e+00
5.384599999999999227e+02 1.014092275755969608e+00
5.667999999999999545e+02 9.992974834809030815e-01
5.951399999999998727e+02 9.830732313662353672e-01
6.234800000000000182e+02 9.373040976218091069e-01
6.305649999999998272e+02 9.184609263754583974e-01
6.376499999999999773e+02 8.960878169693136108e-01
6.447349999999997863e+02 8.671388772897630215e-01
6.465062499999999091e+02 8.579360767683894551e-01
6.482774999999998045e+02 8.472468482616528629e-01
6.487203124999999773e+02 8.442434154404976354e-01
6.491631249999998090e+02 8.410631118005089668e-01
6.492184765624998590e+02 8.406515287950983017e-01
6.492738281249999091e+02 8.402365772068991490e-01
6.493291796874998454e+02 8.398181745280415278e-01
6.493845312499998954e+02 8.393962348265563422e-01
6.494398828124999454e+02 8.389706685436973954e-01
6.494952343749999955e+02 8.385413822762786129e-01
6.495505859374999318e+02 8.381082785411708702e-01
6.496059374999998681e+02 8.376712555217195044e-01
6.496612890624999181e+02 8.372302067929925373e-01
6.497166406250000819e+02 8.367850210243119591e-01
6.497719921875000182e+02 8.363355816568431855e-01
6.497858300781250591e+02 8.362225430050812536e-01
6.497996679687499864e+02 8.361092289337235250e-01
6.498031274414063319e+02 8.360808571490437879e-01
6.498065869140624500e+02 8.360524679951594207e-01
6.498100463867186818e+02 8.360240614406433401e-01
6.498109112548828534e+02 8.360169570795049632e-01
6.498117761230469114e+02 8.360098516283299697e-01
6.498119923400878406e+02 8.360080750951474071e-01
6.498122085571288835e+02 8.360062984939984343e-01
6.498124247741699264e+02 8.360045218564139402e-01
6.498126409912110830e+02 8.360027469267691247e-01
6.498127490997313771e+02 8.360018714215332603e-01
6.498128031539916947e+02 8.360014322153422883e-01
6.498128301811218535e+02 8.360012129825434846e-01
6.498128572082520122e+02 8.360009928029754622e-01
6.498128605866432963e+02 8.360009650398708692e-01
6.498128639650344667e+02 8.360009369660446055e-01
6.498128673434257507e+02 8.360009087412125783e-01
6.498128707218170348e+02 8.360008803133704980e-01
6.498128741002083189e+02 8.360008515975446697e-01
6.498128774785994892e+02 8.360008224393604692e-01
6.498128808569906596e+02 8.360007925056184286e-01
6.498128842353820573e+02 8.360007607905989291e-01
6.498128850799797647e+02 8.360007521938764841e-01
6.498128859245776994e+02 8.360007429063446294e-01
6.498128863468765530e+02 8.360007377551573748e-01
6.498128867691754067e+02 8.360007317951025918e-01
6.498128871914743740e+02 8.360007256065370429e-01
6.498128871915773743e+02 8.360007209929413152e-01
6.498128871915805576e+02 8.360007161773392870e-01
