2.833999999999999773e+02 -1.490476336583415495e+01
3.117400000000000091e+02 -1.481784370721122102e+01
3.400799999999999841e+02 -1.474312856462756649e+01
3.684199999999999591e+02 -1.467704989823574024e+01
3.967599999999999341e+02 -1.462033065117803865e+01
4.250999999999999659e+02 -1.457380192459069157e+01
4.534399999999999977e+02 -1.453842570476336071e+01
4.817799999999999727e+02 -1.451548936904099030e+01
5.101199999999998909e+02 -1.451293359391358351e+01
5.384599999999999227e+02 -1.451980164281131458e+01
5.667999999999999545e+02 -1.456074559833569282e+01
5.951399999999998727e+02 -1.463560259930689789e+01
6.234800000000000182e+02 -1.476068856311496980e+01
6.305649999999998272e+02 -1.481738773261778341e+01
6.376499999999999773e+02 -1.489846574490363551e+01
6.447349999999997863e+02 -1.502782111750835803e+01
6.465062499999999091e+02 -1.507523581020154069e+01
6.482774999999998045e+02 -1.513439666085293922e+01
6.487203124999999773e+02 -1.515183703969217177e+01
6.491631249999998090e+02 -1.517070523141788385e+01
6.492184765624998590e+02 -1.517317750369264395e+01
6.492738281249999091e+02 -1.517567710984016216e+01
6.493291796874998454e+02 -1.517820473598748521e+01
6.493845312499998954e+02 -1.518076109691927833e+01
6.494398828124999454e+02 -1.518334693777755007e+01
6.494952343749999955e+02 -1.518596303588973662e+01
6.495505859374999318e+02 -1.518861020274469276e+01
6.496059374999998681e+02 -1.519128928612264318e+01
6.496612890624999181e+02 -1.519400117240130399e+01
6.497166406250000819e+02 -1.519674678905445830e+01
6.497719921875000182e+02 -1.519952710735918622e+01
6.497858300781250591e+02 -1.520022772729640437e+01
6.497996679687499864e+02 -1.520093059585188833e+01
6.498031274414063319e+02 -1.520110666627592089e+01
6.498065869140624500e+02 -1.520128287853481375e+01
6.498100463867186818e+02 -1.520145923289068257e+01
6.498109112548828534e+02 -1.520150334371273892e+01
6.498117761230469114e+02 -1.520154746343676244e+01
6.498119923400878406e+02 -1.520155849475924725e+01
6.498122085571288835e+02 -1.520156952663720595e+01
6.498124247741699264e+02 -1.520158055889904070e+01
6.498126409912110830e+02 -1.520159158203710348e+01
6.498127490997313771e+02 -1.520159702849103667e+01
6.498128031539916947e+02 -1.520159975965741950e+01
6.498128301811218535e+02 -1.520160112322676227e+01
6.498128572082520122e+02 -1.520160249195907731e+01
6.498128605866432963e+02 -1.520160266436256435e+01
6.498128639650344667e+02 -1.520160283845958560e+01
6.498128673434257507e+02 -1.520160301337974040e+01
6.498128707218170348e+02 -1.520160318940640565e+01
6.498128741002083189e+02 -1.520160336700284276e+01
6.498128774785994892e+02 -1.520160354701032901e+01
6.498128808569906596e+02 -1.520160373124503117e+01
6.498128842353820573e+02 -1.520160392518849335e+01
6.498128850799797647e+02 -1.520160397731503288e+01
6.498128859245776994e+02 -1.520160403320696574e+01
6.498128863468765530e+02 -1.520160406391847374e+01
6.498128867691754067e+02 -1.520160409903882659e+01
6.498128871914743740e+02 -1.520160413540462763e+01
6.498128871915773743e+02 -1.520160416055142250e+01
6.498128871915805576e+02 -1.520160418679874326e+01
