2.833999999999999773e+02 -1.553685952339811571e+01
3.117400000000000091e+02 -1.615973205936940360e+01
3.400799999999999841e+02 -1.679599098423941328e+01
3.684199999999999591e+02 -1.745012445456006489e+01
3.967599999999999341e+02 -1.812359305893886940e+01
4.250999999999999659e+02 -1.881805527159340841e+01
4.534399999999999977e+02 -1.953540767006206380e+01
4.817799999999999727e+02 -2.027801529097726174e+01
5.101199999999998909e+02 -2.105597566344127003e+01
5.384599999999999227e+02 -2.197985105078333490e+01
5.667999999999999545e+02 -2.305219654825560127e+01
5.951399999999998727e+02 -2.424828372977960456e+01
6.234800000000000182e+02 -2.628221111628896978e+01
6.305649999999998272e+02 -2.706244966633781601e+01
6.376499999999999773e+02 -2.801736679078125647e+01
6.447349999999997863e+02 -2.930261676194619369e+01
6.465062499999999091e+02 -2.972375427791037339e+01
6.482774999999998045e+02 -3.022095259266274780e+01
6.487203124999999773e+02 -3.036225048145094618e+01
6.491631249999998090e+02 -3.051264777739077516e+01
6.492184765624998590e+02 -3.053217060155724027e+01
6.492738281249999091e+02 -3.055186695389959439e+01
6.493291796874998454e+02 -3.057174111137552686e+01
6.493845312499998954e+02 -3.059179752872059410e+01
6.494398828124999454e+02 -3.061204084897466515e+01
6.494952343749999955e+02 -3.063247591479450804e+01
6.495505859374999318e+02 -3.065310778068557696e+01
6.496059374999998681e+02 -3.067394172618218917e+01
6.496612890624999181e+02 -3.069498327012169270e+01
6.497166406250000819e+02 -3.071623818610168399e+01
6.497719921875000182e+02 -3.073771251923443160e+01
6.497858300781250591e+02 -3.074311612216916600e+01
6.497996679687499864e+02 -3.074853393502261767e+01
6.498031274414063319e+02 -3.074989062059689005e+01
6.498065869140624500e+02 -3.075124820235575740e+01
6.498100463867186818e+02 -3.075260668192930069e+01
6.498109112548828534e+02 -3.075294644229623131e+01
6.498117761230469114e+02 -3.075328625890596612e+01
6.498119923400878406e+02 -3.075337122184982519e+01
6.498122085571288835e+02 -3.075345618830338879e+01
6.498124247741699264e+02 -3.075354115714308634e+01
6.498126409912110830e+02 -3.075362606617231265e+01
6.498127490997313771e+02 -3.075366809466643048e+01
6.498128031539916947e+02 -3.075368916084119419e+01
6.498128301811218535e+02 -3.075369968075082028e+01
6.498128572082520122e+02 -3.075371023443453922e+01
6.498128605866432963e+02 -3.075371156222707114e+01
6.498128639650344667e+02 -3.075371290109888633e+01
6.498128673434257507e+02 -3.075371424535538623e+01
6.498128707218170348e+02 -3.075371559685059353e+01
6.498128741002083189e+02 -3.075371695861440458e+01
6.498128774785994892e+02 -3.075371833615130157e+01
6.498128808569906596e+02 -3.075371974134181485e+01
6.498128842353820573e+02 -3.075372121004560810e+01
6.498128850799797647e+02 -3.075372160103876595e+01
6.498128859245776994e+02 -3.075372201666357341e+01
6.498128863468765530e+02 -3.075372224256822662e+01
6.498128867691754067e+02 -3.075372249731428909e+01
6.498128871914743740e+02 -3.075372276020809537e+01
6.498128871915773743e+02 -3.075372292472077262e+01
6.498128871915805576e+02 -3.075372309642629887e+01
