2.833999999999999773e+02 1.029869330529982641e+00
3.117400000000000091e+02 1.029140683818639657e+00
3.400799999999999841e+02 1.028192316112608973e+00
3.684199999999999591e+02 1.027223811125422825e+00
3.967599999999999341e+02 1.026234131633908531e+00
4.250999999999999659e+02 1.025222107910265246e+00
4.534399999999999977e+02 1.024186411907571648e+00
4.817799999999999727e+02 1.023122775396372752e+00
5.101199999999998909e+02 1.021928745931114602e+00
5.384599999999999227e+02 1.019176146498378399e+00
5.667999999999999545e+02 1.015343317983650406e+00
5.951399999999998727e+02 1.011178453076174044e+00
6.234800000000000182e+02 9.648497067883561318e-01
6.305649999999998272e+02 9.435676082660576780e-01
6.376499999999999773e+02 9.182960356216084419e-01
6.447349999999997863e+02 8.855882133178656357e-01
6.465062499999999091e+02 8.751875086830548378e-01
6.482774999999998045e+02 8.631045881278276433e-01
6.487203124999999773e+02 8.597090643857361325e-01
6.491631249999998090e+02 8.561133251810820743e-01
6.492184765624998590e+02 8.556479583801649413e-01
6.492738281249999091e+02 8.551787781632852470e-01
6.493291796874998454e+02 8.547056911005568303e-01
6.493845312499998954e+02 8.542285998844302286e-01
6.494398828124999454e+02 8.537474031001528463e-01
6.494952343749999955e+02 8.532619949792715763e-01
6.495505859374999318e+02 8.527722651329242565e-01
6.496059374999998681e+02 8.522780982646508408e-01
6.496612890624999181e+02 8.517793738592387420e-01
6.497166406250000819e+02 8.512759658458342038e-01
6.497719921875000182e+02 8.507677422328133732e-01
6.497858300781250591e+02 8.506399178288391871e-01
6.497996679687499864e+02 8.505117816131249064e-01
6.498031274414063319e+02 8.504796985752951510e-01
6.498065869140624500e+02 8.504475958731642082e-01
6.498100463867186818e+02 8.504154734711424357e-01
6.498109112548828534e+02 8.504074397883849556e-01
6.498117761230469114e+02 8.503994048715560750e-01
6.498119923400878406e+02 8.503973959494454116e-01
6.498122085571288835e+02 8.503953869503865226e-01
6.498124247741699264e+02 8.503933779098551415e-01
6.498126409912110830e+02 8.503913707905368380e-01
6.498127490997313771e+02 8.503903806870417581e-01
6.498128031539916947e+02 8.503898839997608983e-01
6.498128301811218535e+02 8.503896360727487558e-01
6.498128572082520122e+02 8.503893870804716260e-01
6.498128605866432963e+02 8.503893556856590985e-01
6.498128639650344667e+02 8.503893239412373406e-01
6.498128673434257507e+02 8.503892920269120470e-01
6.498128707218170348e+02 8.503892598841690242e-01
6.498128741002083189e+02 8.503892274174016386e-01
6.498128774785994892e+02 8.503891944529119451e-01
6.498128808569906596e+02 8.503891606158039407e-01
6.498128842353820573e+02 8.503891247744884696e-01
6.498128850799797647e+02 8.503891150625955131e-01
6.498128859245776994e+02 8.503891045734377485e-01
6.498128863468765530e+02 8.503890987579316718e-01
6.498128867691754067e+02 8.503890920323292635e-01
6.498128871914743740e+02 8.503890850496170772e-01
6.498128871915773743e+02 8.503890798586190014e-01
6.498128871915805576e+02 8.503890744403388435e-01
