2.833999999999999773e+02 1.034063840883458818e+00
3.117400000000000091e+02 1.033289195505886715e+00
3.400799999999999841e+02 1.032134990687082254e+00
3.684199999999999591e+02 1.030948265032787026e+00
3.967599999999999341e+02 1.029727301419597563e+00
4.250999999999999659e+02 1.028470161685738793e+00
4.534399999999999977e+02 1.027174643456718384e+00
4.817799999999999727e+02 1.025832291142622976e+00
5.101199999999998909e+02 1.024222957606186757e+00
5.384599999999999227e+02 1.019787994787731744e+00
5.667999999999999545e+02 1.013299462334535050e+00
5.951399999999998727e+02 1.006195842011412545e+00
6.234800000000000182e+02 9.599844379140343165e-01
6.305649999999998272e+02 9.392866234310182083e-01
6.376499999999999773e+02 9.147065656494214325e-01
6.447349999999997863e+02 8.828907113129503825e-01
6.465062499999999091e+02 8.727730757887361968e-01
6.482774999999998045e+02 8.610187440215640864e-01
6.487203124999999773e+02 8.577155163035546925e-01
6.491631249999998090e+02 8.542174972728453497e-01
6.492184765624998590e+02 8.537647763126499090e-01
6.492738281249999091e+02 8.533083452782418421e-01
6.493291796874998454e+02 8.528481132752381288e-01
6.493845312499998954e+02 8.523839856368664591e-01
6.494398828124999454e+02 8.519158637006580825e-01
6.494952343749999955e+02 8.514436445686422994e-01
6.495505859374999318e+02 8.509672208478804567e-01
6.496059374999998681e+02 8.504864803710759924e-01
6.496612890624999181e+02 8.500013058938690191e-01
6.497166406250000819e+02 8.495115747670946016e-01
6.497719921875000182e+02 8.490171585815697863e-01
6.497858300781250591e+02 8.488928068674655991e-01
6.497996679687499864e+02 8.487681517945555587e-01
6.498031274414063319e+02 8.487369403703447501e-01
6.498065869140624500e+02 8.487057098149201062e-01
6.498100463867186818e+02 8.486744600936579896e-01
6.498109112548828534e+02 8.486666446646485840e-01
6.498117761230469114e+02 8.486588280350227942e-01
6.498119923400878406e+02 8.486568736899424703e-01
6.498122085571288835e+02 8.486549192700002520e-01
6.498124247741699264e+02 8.486529648097770329e-01
6.498126409912110830e+02 8.486510122224329988e-01
6.498127490997313771e+02 8.486500490454347290e-01
6.498128031539916947e+02 8.486495658626855842e-01
6.498128301811218535e+02 8.486493246774297061e-01
6.498128572082520122e+02 8.486490824537913369e-01
6.498128605866432963e+02 8.486490519118914388e-01
6.498128639650344667e+02 8.486490210292042535e-01
6.498128673434257507e+02 8.486489899809007698e-01
6.498128707218170348e+02 8.486489587099431686e-01
6.498128741002083189e+02 8.486489271231376641e-01
6.498128774785994892e+02 8.486488950511692497e-01
6.498128808569906596e+02 8.486488621286014666e-01
6.498128842353820573e+02 8.486488272523993182e-01
6.498128850799797647e+02 8.486488178007493000e-01
6.498128859245776994e+02 8.486488075914474516e-01
6.498128863468765530e+02 8.486488019302758090e-01
6.498128867691754067e+02 8.486487953819726870e-01
6.498128871914743740e+02 8.486487885830473754e-01
6.498128871915773743e+02 8.486487835230378529e-01
6.498128871915805576e+02 8.486487782414793291e-01
