2.833999999999999773e+02 0.000000000000000000e+00
3.117400000000000091e+02 4.724277999999999089e+00
3.400799999999999841e+02 9.448555999999982191e+00
3.684199999999999591e+02 1.417283400000000704e+01
3.967599999999999341e+02 1.889711200000001767e+01
4.250999999999999659e+02 2.362139000000000877e+01
4.534399999999999977e+02 2.834566800000002473e+01
4.817799999999999727e+02 3.306994600000001583e+01
5.101199999999998909e+02 3.779422400000001403e+01
5.384599999999999227e+02 4.251850200000001223e+01
5.667999999999999545e+02 4.724277999999998201e+01
5.951399999999998727e+02 5.196705800000002995e+01
6.234800000000000182e+02 5.669133600000002815e+01
6.305649999999998272e+02 5.787240549999999928e+01
6.376499999999999773e+02 5.905347500000002015e+01
6.447349999999997863e+02 6.023454449999998417e+01
6.465062499999999091e+02 6.052981187500003557e+01
6.482774999999998045e+02 6.082507925000000171e+01
6.487203124999999773e+02 6.089889609375001811e+01
6.491631249999998090e+02 6.097271293749997056e+01
6.492184765624998590e+02 6.098194004296875192e+01
6.492738281249999091e+02 6.099116714843751197e+01
6.493291796874998454e+02 6.100039425390624359e+01
6.493845312499998954e+02 6.100962135937496811e+01
6.494398828124999454e+02 6.101884846484373526e+01
6.494952343749999955e+02 6.102807557031252372e+01
6.495505859374999318e+02 6.103730267578126956e+01
6.496059374999998681e+02 6.104652978125000118e+01
6.496612890624999181e+02 6.105575688671878964e+01
6.497166406250000819e+02 6.106498399218750706e+01
6.497719921875000182e+02 6.107421109765629552e+01
6.497858300781250591e+02 6.107651787402343757e+01
6.497996679687499864e+02 6.107882465039062936e+01
6.498031274414063319e+02 6.107940134448245573e+01
6.498065869140624500e+02 6.107997803857423236e+01
6.498100463867186818e+02 6.108055473266602320e+01
6.498109112548828534e+02 6.108069890618897091e+01
6.498117761230469114e+02 6.108084307971189730e+01
6.498119923400878406e+02 6.108087912309267153e+01
6.498122085571288835e+02 6.108091516647340313e+01
6.498124247741699264e+02 6.108095120985414184e+01
6.498126409912110830e+02 6.108098725323486633e+01
6.498127490997313771e+02 6.108100527492520371e+01
6.498128031539916947e+02 6.108101428577037240e+01
6.498128301811218535e+02 6.108101879119297450e+01
6.498128572082520122e+02 6.108102329661557661e+01
6.498128605866432963e+02 6.108102385979346138e+01
6.498128639650344667e+02 6.108102442297126089e+01
6.498128673434257507e+02 6.108102498614904619e+01
6.498128707218170348e+02 6.108102554932690964e+01
6.498128741002083189e+02 6.108102611250470204e+01
6.498128774785994892e+02 6.108102667568255129e+01
6.498128808569906596e+02 6.108102723886030816e+01
6.498128842353820573e+02 6.108102780203817872e+01
6.498128850799797647e+02 6.108102794283259129e+01
6.498128859245776994e+02 6.108102808362708913e+01
6.498128863468765530e+02 6.108102815402429542e+01
6.498128867691754067e+02 6.108102822442155144e+01
6.498128871914743740e+02 6.108102829481872931e+01
6.498128871915773743e+02 6.108102829483597418e+01
6.498128871915805576e+02 6.108102829483647156e+01
