2.833999999999999773e+02 1.009660525598473413e+00
3.117400000000000091e+02 1.008539581957858200e+00
3.400799999999999841e+02 1.006361396085944993e+00
3.684199999999999591e+02 1.004098185766993057e+00
3.967599999999999341e+02 1.001744315722399969e+00
4.250999999999999659e+02 9.992934053408925044e-01
4.534399999999999977e+02 9.967381805778359194e-01
4.817799999999999727e+02 9.940667737365393997e-01
5.101199999999998909e+02 9.911390010181680976e-01
5.384599999999999227e+02 9.864560906272229479e-01
5.667999999999999545e+02 9.803957729635095486e-01
5.951399999999998727e+02 9.737129544238372070e-01
6.234800000000000182e+02 9.591703124937920322e-01
6.305649999999998272e+02 9.534343976434236367e-01
6.376499999999999773e+02 9.465978913511596815e-01
6.447349999999997863e+02 9.377059038235914246e-01
6.465062499999999091e+02 9.348672703650624527e-01
6.482774999999998045e+02 9.315623790821195849e-01
6.487203124999999773e+02 9.306322204305754742e-01
6.491631249999998090e+02 9.296465187064104629e-01
6.492184765624998590e+02 9.295188946147465714e-01
6.492738281249999091e+02 9.293902123811226268e-01
6.493291796874998454e+02 9.292604460524491738e-01
6.493845312499998954e+02 9.291295685981422192e-01
6.494398828124999454e+02 9.289975518463414739e-01
6.494952343749999955e+02 9.288643664153937163e-01
6.495505859374999318e+02 9.287299816397421859e-01
6.496059374999998681e+02 9.285943654901035460e-01
6.496612890624999181e+02 9.284574844869958321e-01
6.497166406250000819e+02 9.283193036071122339e-01
6.497719921875000182e+02 9.281797861818384954e-01
6.497858300781250591e+02 9.281446935277143373e-01
6.497996679687499864e+02 9.281095143288987659e-01
6.498031274414063319e+02 9.281007059334328568e-01
6.498065869140624500e+02 9.280918920800095284e-01
6.498100463867186818e+02 9.280830727587415785e-01
6.498109112548828534e+02 9.280808670729215892e-01
6.498117761230469114e+02 9.280786610445763696e-01
6.498119923400878406e+02 9.280781094839489764e-01
6.498122085571288835e+02 9.280775579020518196e-01
6.498124247741699264e+02 9.280770063267971270e-01
6.498126409912110830e+02 9.280764563000176715e-01
6.498127490997313771e+02 9.280761918720336068e-01
6.498128031539916947e+02 9.280760583768083993e-01
6.498128301811218535e+02 9.280759919574128602e-01
6.498128572082520122e+02 9.280759247017607017e-01
6.498128605866432963e+02 9.280759160821261400e-01
6.498128639650344667e+02 9.280759071878638133e-01
6.498128673434257507e+02 9.280758981601561208e-01
6.498128707218170348e+02 9.280758889530146272e-01
6.498128741002083189e+02 9.280758794913384069e-01
6.498128774785994892e+02 9.280758696386917084e-01
6.498128808569906596e+02 9.280758591005626723e-01
6.498128842353820573e+02 9.280758469880099337e-01
6.498128850799797647e+02 9.280758433694877851e-01
6.498128859245776994e+02 9.280758391403807206e-01
6.498128863468765530e+02 9.280758365773063012e-01
6.498128867691754067e+02 9.280758332993214177e-01
6.498128871914743740e+02 9.280758298193703126e-01
6.498128871915773743e+02 9.280758257420281820e-01
6.498128871915805576e+02 9.280758214856694721e-01
