2.833999999999999773e+02 8.416436876161096370e-01
3.117400000000000091e+02 1.959371539165059017e+00
3.400799999999999841e+02 3.599524701959074591e+00
3.684199999999999591e+02 5.286129251537362350e+00
3.967599999999999341e+02 7.022146654103046615e+00
4.250999999999999659e+02 8.810925768496016275e+00
4.534399999999999977e+02 1.065627942105202663e+01
4.817799999999999727e+02 1.256431455539108200e+01
5.101199999999998909e+02 1.460456966989585226e+01
5.384599999999999227e+02 1.751905465817863572e+01
5.667999999999999545e+02 2.112460109645838457e+01
5.951399999999998727e+02 2.505021635101642374e+01
6.234800000000000182e+02 3.290058364195281371e+01
6.305649999999998272e+02 3.591548852096600797e+01
6.376499999999999773e+02 3.948426157542333925e+01
6.447349999999997863e+02 4.408714095915104991e+01
6.465062499999999091e+02 4.554752995028579932e+01
6.482774999999998045e+02 4.724242552162055375e+01
6.487203124999999773e+02 4.771842246399172893e+01
6.491631249999998090e+02 4.822235335241167320e+01
6.492184765624998590e+02 4.828756328214441140e+01
6.492738281249999091e+02 4.835330536993900097e+01
6.493291796874998454e+02 4.841959266726225763e+01
6.493845312499998954e+02 4.848643876743532388e+01
6.494398828124999454e+02 4.855385783770881147e+01
6.494952343749999955e+02 4.862186465371836874e+01
6.495505859374999318e+02 4.869047463675386211e+01
6.496059374999998681e+02 4.875970389390057136e+01
6.496612890624999181e+02 4.882956926152469634e+01
6.497166406250000819e+02 4.890008835235652640e+01
6.497719921875000182e+02 4.897127960652402834e+01
6.497858300781250591e+02 4.898918468975941920e+01
6.497996679687499864e+02 4.900713329719330602e+01
6.498031274414063319e+02 4.901162728649590150e+01
6.498065869140624500e+02 4.901612402065921970e+01
6.498100463867186818e+02 4.902062350465526919e+01
6.498109112548828534e+02 4.902174880589517159e+01
6.498117761230469114e+02 4.902287427939429421e+01
6.498119923400878406e+02 4.902315567469564428e+01
6.498122085571288835e+02 4.902343708076495687e+01
6.498124247741699264e+02 4.902371849804981707e+01
6.498126409912110830e+02 4.902399995066770089e+01
6.498127490997313771e+02 4.902414084669187844e+01
6.498128031539916947e+02 4.902421127568369030e+01
6.498128301811218535e+02 4.902424649557520553e+01
6.498128572082520122e+02 4.902428170255283391e+01
6.498128605866432963e+02 4.902428610010942833e+01
6.498128639650344667e+02 4.902429049337445122e+01
6.498128673434257507e+02 4.902429488455936735e+01
6.498128707218170348e+02 4.902429927293892575e+01
6.498128741002083189e+02 4.902430365734043960e+01
6.498128774785994892e+02 4.902430803563306938e+01
6.498128808569906596e+02 4.902431240321025996e+01
6.498128842353820573e+02 4.902431674616776291e+01
6.498128850799797647e+02 4.902431782267916560e+01
6.498128859245776994e+02 4.902431888964356688e+01
6.498128863468765530e+02 4.902431941610566923e+01
6.498128867691754067e+02 4.902431993139540367e+01
6.498128871914743740e+02 4.902432044352878648e+01
6.498128871915773743e+02 4.902432037991036395e+01
6.498128871915805576e+02 4.902432031335889917e+01
