2.833999999999999773e+02 1.053316454320377904e+00
3.117400000000000091e+02 1.052673159314532647e+00
3.400799999999999841e+02 1.050474988100412288e+00
3.684199999999999591e+02 1.048167794446042356e+00
3.967599999999999341e+02 1.045745745966378593e+00
4.250999999999999659e+02 1.043202215362864838e+00
4.534399999999999977e+02 1.040529622507597285e+00
4.817799999999999727e+02 1.037673691123544462e+00
5.101199999999998909e+02 1.032962123494697071e+00
5.384599999999999227e+02 1.022661341600044516e+00
5.667999999999999545e+02 1.008113424050386175e+00
5.951399999999998727e+02 9.920483113865377067e-01
6.234800000000000182e+02 9.509542621986003530e-01
6.305649999999998272e+02 9.343104575904491726e-01
6.376499999999999773e+02 9.145462785074048861e-01
6.447349999999997863e+02 8.889765260233821742e-01
6.465062499999999091e+02 8.808504128175880243e-01
6.482774999999998045e+02 8.714141257161398535e-01
6.487203124999999773e+02 8.687632784675846098e-01
6.491631249999998090e+02 8.659566110383100090e-01
6.492184765624998590e+02 8.655934051143990837e-01
6.492738281249999091e+02 8.652272318914169258e-01
6.493291796874998454e+02 8.648580187334883318e-01
6.493845312499998954e+02 8.644856899908065495e-01
6.494398828124999454e+02 8.641101668212496367e-01
6.494952343749999955e+02 8.637313669988011533e-01
6.495505859374999318e+02 8.633492047062788499e-01
6.496059374999998681e+02 8.629635903121394280e-01
6.496612890624999181e+02 8.625744301286625282e-01
6.497166406250000819e+02 8.621816261501382694e-01
6.497719921875000182e+02 8.617850757691004615e-01
6.497858300781250591e+02 8.616853403112947341e-01
6.497996679687499864e+02 8.615853622791475042e-01
6.498031274414063319e+02 8.615603296641758391e-01
6.498065869140624500e+02 8.615352817514403405e-01
6.498100463867186818e+02 8.615102185132742507e-01
6.498109112548828534e+02 8.615039503059117587e-01
6.498117761230469114e+02 8.614976811385118838e-01
6.498119923400878406e+02 8.614961136965939570e-01
6.498122085571288835e+02 8.614945461948148031e-01
6.498124247741699264e+02 8.614929786608487294e-01
6.498126409912110830e+02 8.614914126257016136e-01
6.498127490997313771e+02 8.614906401047619511e-01
6.498128031539916947e+02 8.614902525684974277e-01
6.498128301811218535e+02 8.614900591253638051e-01
6.498128572082520122e+02 8.614898648512644419e-01
6.498128605866432963e+02 8.614898403557798012e-01
6.498128639650344667e+02 8.614898155875804209e-01
6.498128673434257507e+02 8.614897906868465016e-01
6.498128707218170348e+02 8.614897656079339994e-01
6.498128741002083189e+02 8.614897402762631273e-01
6.498128774785994892e+02 8.614897145563422676e-01
6.498128808569906596e+02 8.614896881557286834e-01
6.498128842353820573e+02 8.614896601917201302e-01
6.498128850799797647e+02 8.614896526144546485e-01
6.498128859245776994e+02 8.614896444308789425e-01
6.498128863468765530e+02 8.614896398937358368e-01
6.498128867691754067e+02 8.614896346466646149e-01
6.498128871914743740e+02 8.614896291990342680e-01
6.498128871915773743e+02 8.614896251497612401e-01
6.498128871915805576e+02 8.614896209231943658e-01
