2.833999999999999773e+02 1.042999999999999927e+00
3.117400000000000091e+02 1.042006679303862704e+00
3.400799999999999841e+02 1.038476566108990085e+00
3.684199999999999591e+02 1.034827403996980033e+00
3.967599999999999341e+02 1.031050023524576531e+00
4.250999999999999659e+02 1.027133950857695766e+00
4.534399999999999977e+02 1.023067132755280273e+00
4.817799999999999727e+02 1.018830203275977730e+00
5.101199999999998909e+02 1.014206865319941864e+00
5.384599999999999227e+02 1.008013955945296525e+00
5.667999999999999545e+02 1.000573635861990329e+00
5.951399999999998727e+02 9.924245021134822098e-01
6.234800000000000182e+02 9.772287298757876828e-01
6.305649999999998272e+02 9.715322937195964847e-01
6.376499999999999773e+02 9.648258212276303869e-01
6.447349999999997863e+02 9.562463462801558123e-01
6.465062499999999091e+02 9.535435377994480044e-01
6.482774999999998045e+02 9.504198113561133088e-01
6.487203124999999773e+02 9.495452113151903184e-01
6.491631249999998090e+02 9.486206137910719871e-01
6.492184765624998590e+02 9.485010699394464950e-01
6.492738281249999091e+02 9.483805742705258002e-01
6.493291796874998454e+02 9.482591035191754170e-01
6.493845312499998954e+02 9.481366334552610020e-01
6.494398828124999454e+02 9.480131388265468084e-01
6.494952343749999955e+02 9.478885932973604156e-01
6.495505859374999318e+02 9.477629693822482437e-01
6.496059374999998681e+02 9.476362383745176032e-01
6.496612890624999181e+02 9.475083702688326115e-01
6.497166406250000819e+02 9.473793336774013474e-01
6.497719921875000182e+02 9.472490957391372923e-01
6.497858300781250591e+02 9.472163445450386687e-01
6.497996679687499864e+02 9.471835155688748120e-01
6.498031274414063319e+02 9.471752961058322873e-01
6.498065869140624500e+02 9.471670717375790804e-01
6.498100463867186818e+02 9.471588424552546126e-01
6.498109112548828534e+02 9.471567843658176278e-01
6.498117761230469114e+02 9.471547259685474396e-01
6.498119923400878406e+02 9.471542113211113278e-01
6.498122085571288835e+02 9.471536966544791269e-01
6.498124247741699264e+02 9.471531819772827099e-01
6.498126409912110830e+02 9.471526677670585315e-01
6.498127490997313771e+02 9.471524139357528904e-01
6.498128031539916947e+02 9.471522866221186998e-01
6.498128301811218535e+02 9.471522230666598041e-01
6.498128572082520122e+02 9.471521592520066868e-01
6.498128605866432963e+02 9.471521512092921924e-01
6.498128639650344667e+02 9.471521430815147413e-01
6.498128673434257507e+02 9.471521349123986910e-01
6.498128707218170348e+02 9.471521266877072076e-01
6.498128741002083189e+02 9.471521183841767888e-01
6.498128774785994892e+02 9.471521099595481274e-01
6.498128808569906596e+02 9.471521013226039676e-01
6.498128842353820573e+02 9.471520921980216556e-01
6.498128850799797647e+02 9.471520897340146572e-01
6.498128859245776994e+02 9.471520870808930459e-01
6.498128863468765530e+02 9.471520856154219681e-01
6.498128867691754067e+02 9.471520839285165749e-01
6.498128871914743740e+02 9.471520821790552214e-01
6.498128871915773743e+02 9.471520809160345333e-01
6.498128871915805576e+02 9.471520795977260709e-01
