2.833999999999999773e+02 -1.411888898049492092e+01
3.117400000000000091e+02 -1.380945711245238883e+01
3.400799999999999841e+02 -1.350894512260682490e+01
3.684199999999999591e+02 -1.321598154712999218e+01
3.967599999999999341e+02 -1.293117000976302933e+01
4.250999999999999659e+02 -1.265521552948063722e+01
4.534399999999999977e+02 -1.238894627907714963e+01
4.817799999999999727e+02 -1.213271755937313223e+01
5.101199999999998909e+02 -1.186170032295437693e+01
5.384599999999999227e+02 -1.156104004095270454e+01
5.667999999999999545e+02 -1.122661739584084550e+01
5.951399999999998727e+02 -1.088600379774269378e+01
6.234800000000000182e+02 -1.028879393339743054e+01
6.305649999999998272e+02 -1.007029566870063952e+01
6.376499999999999773e+02 -9.818368059302960305e+00
6.447349999999997863e+02 -9.506365810840007313e+00
6.465062499999999091e+02 -9.410928754378314665e+00
6.482774999999998045e+02 -9.302595770218323068e+00
6.487203124999999773e+02 -9.272668761714555785e+00
6.491631249999998090e+02 -9.241233498575539329e+00
6.492184765624998590e+02 -9.237184648731860293e+00
6.492738281249999091e+02 -9.233107198396444559e+00
6.493291796874998454e+02 -9.229000461898333896e+00
6.493845312499998954e+02 -9.224863725288642513e+00
6.494398828124999454e+02 -9.220696244671163555e+00
6.494952343749999955e+02 -9.216497244410460254e+00
6.495505859374999318e+02 -9.212265915192485721e+00
6.496059374999998681e+02 -9.208001411937534186e+00
6.496612890624999181e+02 -9.203702851537952867e+00
6.497166406250000819e+02 -9.199369310410551392e+00
6.497719921875000182e+02 -9.194999821842557708e+00
6.497858300781250591e+02 -9.193901715289056753e+00
6.497996679687499864e+02 -9.192801282672954599e+00
6.498031274414063319e+02 -9.192525809143994309e+00
6.498065869140624500e+02 -9.192250188947168610e+00
6.498100463867186818e+02 -9.191974421822157737e+00
6.498109112548828534e+02 -9.191905457052861550e+00
6.498117761230469114e+02 -9.191836483080050968e+00
6.498119923400878406e+02 -9.191819238148164928e+00
6.498122085571288835e+02 -9.191801992642497865e+00
6.498124247741699264e+02 -9.191784746856699329e+00
6.498126409912110830e+02 -9.191767517024910461e+00
6.498127490997313771e+02 -9.191759013435065739e+00
6.498128031539916947e+02 -9.191754748117494600e+00
6.498128301811218535e+02 -9.191752618906546601e+00
6.498128572082520122e+02 -9.191750480885014341e+00
6.498128605866432963e+02 -9.191750211392676562e+00
6.498128639650344667e+02 -9.191749939008543535e+00
6.498128673434257507e+02 -9.191749665219088428e+00
6.498128707218170348e+02 -9.191749389540282422e+00
6.498128741002083189e+02 -9.191749111181360732e+00
6.498128774785994892e+02 -9.191748828705547325e+00
6.498128808569906596e+02 -9.191748539011953767e+00
6.498128842353820573e+02 -9.191748232740520663e+00
6.498128850799797647e+02 -9.191748149956085356e+00
6.498128859245776994e+02 -9.191748060742673587e+00
6.498128863468765530e+02 -9.191748011413412911e+00
6.498128867691754067e+02 -9.191747954556472422e+00
6.498128871914743740e+02 -9.191747895572802918e+00
6.498128871915773743e+02 -9.191747852635268501e+00
6.498128871915805576e+02 -9.191747807818163807e+00
