1.000000000000000000e+01 0.000000000000000000e+00
1.100000000000000000e+01 0.000000000000000000e+00
1.200000000000000000e+01 0.000000000000000000e+00
1.300000000000000000e+01 0.000000000000000000e+00
1.400000000000000000e+01 0.000000000000000000e+00
1.500000000000000000e+01 0.000000000000000000e+00
1.600000000000000000e+01 0.000000000000000000e+00
1.700000000000000000e+01 0.000000000000000000e+00
1.800000000000000000e+01 0.000000000000000000e+00
1.900000000000000000e+01 0.000000000000000000e+00
2.000000000000000000e+01 0.000000000000000000e+00
2.099999999999999645e+01 0.000000000000000000e+00
2.200000000000000000e+01 0.000000000000000000e+00
2.300000000000000000e+01 0.000000000000000000e+00
2.400000000000000355e+01 0.000000000000000000e+00
2.500000000000000000e+01 0.000000000000000000e+00
2.600000000000000711e+01 0.000000000000000000e+00
2.700000000000000000e+01 0.000000000000000000e+00
2.800000000000000711e+01 0.000000000000000000e+00
2.900000000000000355e+01 0.000000000000000000e+00
3.000000000000000355e+01 0.000000000000000000e+00
3.100000000000000711e+01 0.000000000000000000e+00
3.200000000000000711e+01 0.000000000000000000e+00
3.300000000000000711e+01 0.000000000000000000e+00
3.400000000000000711e+01 0.000000000000000000e+00
3.500000000000000711e+01 0.000000000000000000e+00
3.600000000000000711e+01 0.000000000000000000e+00
3.700000000000001421e+01 0.000000000000000000e+00
3.800000000000001421e+01 0.000000000000000000e+00
3.900000000000001421e+01 0.000000000000000000e+00
4.000000000000001421e+01 0.000000000000000000e+00
4.100000000000001421e+01 0.000000000000000000e+00
4.200000000000001421e+01 0.000000000000000000e+00
4.300000000000001421e+01 0.000000000000000000e+00
4.400000000000002132e+01 0.000000000000000000e+00
4.500000000000001421e+01 0.000000000000000000e+00
4.600000000000001421e+01 0.000000000000000000e+00
4.700000000000002132e+01 0.000000000000000000e+00
4.800000000000002842e+01 0.000000000000000000e+00
4.900000000000002132e+01 0.000000000000000000e+00
5.000000000000001421e+01 0.000000000000000000e+00
5.100000000000001421e+01 0.000000000000000000e+00
5.200000000000001421e+01 0.000000000000000000e+00
5.300000000000000711e+01 0.000000000000000000e+00
5.400000000000000000e+01 0.000000000000000000e+00
5.500000000000000000e+01 0.000000000000000000e+00
5.600000000000000000e+01 0.000000000000000000e+00
5.699999999999999289e+01 0.000000000000000000e+00
5.799999999999998579e+01 0.000000000000000000e+00
5.899999999999998579e+01 0.000000000000000000e+00
5.999999999999998579e+01 0.000000000000000000e+00
6.099999999999997868e+01 0.000000000000000000e+00
6.199999999999997158e+01 0.000000000000000000e+00
6.299999999999997158e+01 0.000000000000000000e+00
6.399999999999997158e+01 0.000000000000000000e+00
6.499999999999997158e+01 0.000000000000000000e+00
6.599999999999995737e+01 0.000000000000000000e+00
6.699999999999995737e+01 0.000000000000000000e+00
6.799999999999995737e+01 0.000000000000000000e+00
6.899999999999994316e+01 0.000000000000000000e+00
6.999999999999994316e+01 0.000000000000000000e+00
7.099999999999994316e+01 0.000000000000000000e+00
7.199999999999994316e+01 0.000000000000000000e+00
7.299999999999994316e+01 0.000000000000000000e+00
7.399999999999992895e+01 0.000000000000000000e+00
7.499999999999992895e+01 0.000000000000000000e+00
7.599999999999992895e+01 0.000000000000000000e+00
7.699999999999991473e+01 0.000000000000000000e+00
7.799999999999991473e+01 0.000000000000000000e+00
7.899999999999991473e+01 0.000000000000000000e+00
7.999999999999991473e+01 0.000000000000000000e+00
8.099999999999991473e+01 0.000000000000000000e+00
8.199999999999990052e+01 0.000000000000000000e+00
8.299999999999990052e+01 0.000000000000000000e+00
8.399999999999990052e+01 0.000000000000000000e+00
8.499999999999988631e+01 0.000000000000000000e+00
8.599999999999988631e+01 0.000000000000000000e+00
8.699999999999988631e+01 0.000000000000000000e+00
8.799999999999988631e+01 0.000000000000000000e+00
8.899999999999988631e+01 0.000000000000000000e+00
8.999999999999987210e+01 0.000000000000000000e+00
9.099999999999987210e+01 0.000000000000000000e+00
9.199999999999987210e+01 0.000000000000000000e+00
9.299999999999985789e+01 0.000000000000000000e+00
9.399999999999985789e+01 0.000000000000000000e+00
9.499999999999985789e+01 0.000000000000000000e+00
9.599999999999985789e+01 0.000000000000000000e+00
9.699999999999985789e+01 0.000000000000000000e+00
9.799999999999984368e+01 0.000000000000000000e+00
9.899999999999984368e+01 0.000000000000000000e+00
9.999999999999984368e+01 0.000000000000000000e+00
1.009999999999998295e+02 0.000000000000000000e+00
1.019999999999998295e+02 0.000000000000000000e+00
1.029999999999998295e+02 0.000000000000000000e+00
1.039999999999998295e+02 0.000000000000000000e+00
1.049999999999998295e+02 0.000000000000000000e+00
1.059999999999998153e+02 0.000000000000000000e+00
1.069999999999998153e+02 0.000000000000000000e+00
1.079999999999998153e+02 0.000000000000000000e+00
1.089999999999998010e+02 0.000000000000000000e+00
1.099999999999998010e+02 0.000000000000000000e+00
1.109999999999998010e+02 0.000000000000000000e+00
1.119999999999998010e+02 0.000000000000000000e+00
1.129999999999998010e+02 0.000000000000000000e+00
1.139999999999997868e+02 0.000000000000000000e+00
1.149999999999997868e+02 0.000000000000000000e+00
1.159999999999997868e+02 0.000000000000000000e+00
1.169999999999997726e+02 0.000000000000000000e+00
1.179999999999997726e+02 0.000000000000000000e+00
1.189999999999997726e+02 0.000000000000000000e+00
1.199999999999997726e+02 0.000000000000000000e+00
1.209999999999997726e+02 0.000000000000000000e+00
1.219999999999997584e+02 0.000000000000000000e+00
1.229999999999997584e+02 0.000000000000000000e+00
1.239999999999997584e+02 0.000000000000000000e+00
1.249999999999997442e+02 0.000000000000000000e+00
1.259999999999997442e+02 0.000000000000000000e+00
1.261249999999997442e+02 0.000000000000000000e+00
1.262499999999997300e+02 0.000000000000000000e+00
1.263749999999997300e+02 0.000000000000000000e+00
1.264999999999997158e+02 0.000000000000000000e+00
1.266249999999997158e+02 0.000000000000000000e+00
1.267499999999997016e+02 0.000000000000000000e+00
1.268749999999997016e+02 0.000000000000000000e+00
1.269999999999996874e+02 0.000000000000000000e+00
1.271249999999996874e+02 0.000000000000000000e+00
1.271562499999996874e+02 0.000000000000000000e+00
1.271874999999997016e+02 0.000000000000000000e+00
1.272187499999997016e+02 0.000000000000000000e+00
1.272499999999997158e+02 0.000000000000000000e+00
1.272812499999997158e+02 0.000000000000000000e+00
1.273124999999997300e+02 0.000000000000000000e+00
1.273164062499997158e+02 0.000000000000000000e+00
1.273203124999997158e+02 0.000000000000000000e+00
1.273242187499997158e+02 0.000000000000000000e+00
1.273281249999997158e+02 0.000000000000000000e+00
1.273320312499997158e+02 0.000000000000000000e+00
1.273359374999997016e+02 0.000000000000000000e+00
1.273398437499997016e+02 0.000000000000000000e+00
1.273437499999997016e+02 0.000000000000000000e+00
1.273476562499996874e+02 0.000000000000000000e+00
1.273486328124997016e+02 0.000000000000000000e+00
1.273496093749997016e+02 0.000000000000000000e+00
1.273505859374997016e+02 0.000000000000000000e+00
1.273515624999997158e+02 0.000000000000000000e+00
1.273525390624997158e+02 0.000000000000000000e+00
1.273527832031247158e+02 0.000000000000000000e+00
1.273530273437497016e+02 0.000000000000000000e+00
1.273532714843747016e+02 0.000000000000000000e+00
1.273533935546872158e+02 0.000000000000000000e+00
1.273534545898434658e+02 0.000000000000000000e+00
1.273535156249997158e+02 0.000000000000000000e+00
1.273535461425778408e+02 0.000000000000000000e+00
1.273535614013668891e+02 0.000000000000000000e+00
1.273535766601559516e+02 0.000000000000000000e+00
1.273535842895504970e+02 0.000000000000000000e+00
1.273535919189450283e+02 0.000000000000000000e+00
1.273535938262936611e+02 0.000000000000000000e+00
1.273535957336422797e+02 0.000000000000000000e+00
1.273535976409908983e+02 0.000000000000000000e+00
1.273535985946652147e+02 0.000000000000000000e+00
1.273535995483395311e+02 0.000000000000000000e+00
1.273536000251766893e+02 0.000000000000000000e+00
1.273536005020138617e+02 0.000000000000000000e+00
1.273536006212231371e+02 0.000000000000000000e+00
1.273536007404324266e+02 0.000000000000000000e+00
1.273536008596417162e+02 0.000000000000000000e+00
1.273536008894440386e+02 0.000000000000000000e+00
1.273536009192463609e+02 0.000000000000000000e+00
1.273536009211090203e+02 0.000000000000000000e+00
1.273536009229716797e+02 0.000000000000000000e+00
1.273536009248343248e+02 0.000000000000000000e+00
1.273536009266969700e+02 0.000000000000000000e+00
1.273536009285596293e+02 0.000000000000000000e+00
1.273536009304222887e+02 0.000000000000000000e+00
1.273536009322849338e+02 0.000000000000000000e+00
1.273536009341475790e+02 0.000000000000000000e+00
1.273536009360102383e+02 0.000000000000000000e+00
1.273536009378728977e+02 0.000000000000000000e+00
1.273536009397355429e+02 0.000000000000000000e+00
1.273536009415981880e+02 0.000000000000000000e+00
1.273536009434608474e+02 0.000000000000000000e+00
1.273536009453235067e+02 0.000000000000000000e+00
1.273536009471861519e+02 0.000000000000000000e+00
1.273536009490487970e+02 0.000000000000000000e+00
1.273536009499801338e+02 0.000000000000000000e+00
1.273536009509114564e+02 0.000000000000000000e+00
1.273536009518427790e+02 0.000000000000000000e+00
1.273536009520756096e+02 0.000000000000000000e+00
1.273536009523084402e+02 0.000000000000000000e+00
1.273536009525412567e+02 0.000000000000000000e+00
1.273536009527740873e+02 0.000000000000000000e+00
1.273536009530069180e+02 0.000000000000000000e+00
1.273536009532397486e+02 0.000000000000000000e+00
1.273536009533561639e+02 0.000000000000000000e+00
1.273536009534725935e+02 0.000000000000000000e+00
1.273536009535016831e+02 0.000000000000000000e+00
1.273536009535307869e+02 0.000000000000000000e+00
1.273536009535598765e+02 0.000000000000000000e+00
1.273536009535744284e+02 0.000000000000000000e+00
1.273536009535889804e+02 0.000000000000000000e+00
1.273536009536035181e+02 0.000000000000000000e+00
1.273536009536180700e+02 0.000000000000000000e+00
1.273536009536326219e+02 0.000000000000000000e+00
1.273536009536471738e+02 0.000000000000000000e+00
1.273536009536617257e+02 0.000000000000000000e+00
1.273536009536690017e+02 0.000000000000000000e+00
1.273536009536762776e+02 0.000000000000000000e+00
1.273536009536835678e+02 0.000000000000000000e+00
1.273536009536908580e+02 0.000000000000000000e+00
1.273536009536926628e+02 0.000000000000000000e+00
1.273536009536944675e+02 0.000000000000000000e+00
1.273536009536962865e+02 0.000000000000000000e+00
1.273536009536981055e+02 0.000000000000000000e+00
1.273536009536999103e+02 0.000000000000000000e+00
1.273536009537000098e+02 0.000000000000000000e+00
1.273536009537001235e+02 0.000000000000000000e+00
1.273536009537002371e+02 0.000000000000000000e+00
1.273536009537003366e+02 0.000000000000000000e+00
