CASO;pATIVA;pREATIVA;dATIVA;dREATIVA
1;100348.7;-10681.7;96310.0;23681.9
2;99759.3;-11486.3;95768.9;23536.1
3;99735.2;-11879.7;95793.0;23539.9
4;99654.0;-11564.0;95663.6;23505.4
5;100107.9;-11269.4;96123.9;23640.1
6;99299.8;-12215.1;95362.5;23433.5
7;100400.7;-10521.5;96345.6;23688.5
8;99697.4;-11746.9;95734.9;23527.0
9;99985.8;-11291.4;95992.5;23601.7
10;99845.2;-11485.9;95862.9;23558.8
11;100314.6;-10638.0;96267.8;23676.6
12;99390.7;-11898.9;95420.9;23447.6
13;99842.3;-11355.6;95842.8;23552.2
14;99798.2;-11582.6;95824.0;23550.9
15;100226.4;-10762.0;96187.5;23655.8
16;99631.7;-11728.8;95660.2;23503.9
17;99876.3;-11321.1;95875.9;23562.4
18;99703.5;-11496.6;95709.3;23519.5
19;99938.1;-11327.4;95944.8;23589.9
20;100084.4;-10999.7;96063.1;23623.2
21;99624.4;-11790.2;95660.2;23503.8
22;100220.1;-10831.8;96189.6;23656.0
23;100163.1;-10868.9;96132.3;23642.9
24;100034.7;-11210.8;96036.0;23616.6
25;100154.7;-10939.9;96132.3;23642.9
26;99743.4;-11523.1;95755.9;23531.6
27;99872.1;-11393.9;95880.6;23563.4
28;99656.0;-11801.5;95696.5;23517.3
29;99829.2;-11587.7;95858.6;23558.4
30;100058.5;-11057.2;96042.4;23619.1
31;99740.4;-11532.0;95753.8;23530.4
32;99828.3;-11308.4;95821.8;23550.6
33;99684.7;-12001.9;95753.9;23530.5
34;99700.9;-11551.7;95713.7;23522.2
35;99752.6;-11452.7;95757.1;23531.9
36;99911.6;-11200.0;95899.1;23567.7
37;99642.9;-11599.2;95656.0;23503.5
38;99972.5;-11285.1;95977.4;23597.9
39;100373.0;-10597.8;96325.5;23685.7
40;100128.5;-10896.1;96098.2;23634.6
41;99867.5;-11355.4;95870.6;23561.0
42;99701.7;-11503.0;95708.1;23519.3
43;99682.6;-11895.2;95738.0;23527.3
44;100389.3;-10518.1;96332.9;23686.4
45;99964.1;-11122.4;95946.9;23590.1
46;99751.1;-11524.1;95764.5;23534.6
47;99983.1;-11104.9;95965.8;23595.0
48;100483.7;-10421.6;96425.3;23722.8
49;99946.8;-11322.4;95953.9;23592.5
50;100089.2;-10992.4;96067.5;23624.9
51;100010.5;-11055.1;95989.3;23601.3
52;99826.3;-11425.2;95834.4;23551.6
53;99626.2;-11709.4;95651.6;23501.9
54;99834.0;-11383.5;95837.5;23551.6
55;99873.8;-11275.0;95867.4;23560.6
56;100091.9;-10937.0;96063.1;23623.3
57;100132.5;-11013.8;96117.5;23638.6
58;100178.1;-10830.8;96143.7;23643.5
59;100003.1;-11101.0;95987.1;23601.0
60;100110.4;-11284.4;96128.1;23641.6
61;99719.2;-11578.1;95737.0;23527.1
62;100249.1;-10789.1;96216.0;23665.2
63;100053.7;-11057.4;96037.1;23617.7
64;99856.3;-11307.6;95852.2;23555.7
65;100001.3;-11470.2;96032.8;23613.2
66;99894.0;-11281.7;95890.2;23565.4
67;100207.1;-10924.4;96187.4;23655.7
68;100297.9;-10920.7;96285.6;23677.8
69;100506.0;-10346.8;96440.5;23728.5
70;99563.5;-11685.0;95581.1;23487.6
71;99534.3;-11865.9;95572.4;23485.6
72;99796.3;-11368.7;95794.4;23542.4
73;99962.2;-11225.3;95958.4;23594.4
74;100154.5;-10900.3;96127.0;23640.4
75;99982.8;-11308.8;95991.5;23601.6
76;99402.0;-11895.6;95432.4;23449.4
77;99786.8;-11895.2;95852.1;23555.6
78;100139.5;-10937.0;96115.4;23638.4
79;99994.1;-11084.8;95975.3;23597.8
80;100078.4;-11354.5;96102.5;23636.0
81;99863.4;-11348.2;95865.2;23559.3
82;99868.1;-11332.6;95868.5;23560.8
83;99983.1;-11098.0;95964.7;23594.9
84;100043.1;-11008.9;96018.7;23606.6
85;99971.3;-11215.5;95966.9;23595.2
86;99934.4;-11429.8;95953.8;23592.5
87;99756.1;-11423.2;95757.1;23531.9
88;100030.6;-11024.9;96007.3;23604.9
89;99955.7;-11247.3;95953.9;23592.6
90;100225.0;-10773.6;96187.4;23655.7
91;100242.3;-10748.1;96203.3;23662.1
92;99978.2;-11113.7;95961.7;23594.9
93;99827.0;-11362.2;95827.1;23551.1
94;99764.4;-11408.9;95764.5;23534.6
95;99995.3;-11413.1;96018.9;23608.9
96;99965.0;-11124.4;95948.3;23590.6
97;99844.1;-11321.6;95840.5;23551.8
98;99950.3;-11223.4;95944.8;23589.9
99;99766.6;-11407.0;95766.8;23536.0
100;100052.5;-11451.2;96086.6;23630.6
101;99812.8;-11342.3;95809.1;23546.6
102;100247.2;-10740.3;96207.7;23663.6
103;100009.0;-11282.7;96016.7;23606.5
104;100089.2;-10959.4;96063.2;23623.4
105;99639.3;-11672.7;95661.3;23504.0
106;99978.3;-11088.1;95958.5;23594.5
107;100131.3;-10872.1;96098.2;23634.5
108;99681.2;-11545.4;95691.2;23515.0
109;99844.9;-11452.6;95858.6;23558.4
110;99942.1;-11284.9;95943.7;23589.7
111;99558.3;-11779.8;95587.4;23490.1
112;99995.6;-11198.9;95991.5;23601.6
113;100125.4;-11074.3;96117.6;23638.7
114;99686.8;-11648.5;95710.5;23520.9
115;100009.6;-11137.8;95998.9;23604.3
116;99577.3;-11783.1;95608.3;23494.4
117;99886.7;-11393.4;95896.7;23567.1
118;99481.1;-11973.1;95529.1;23479.0
119;100228.9;-10732.2;96186.3;23655.5
120;100002.2;-11348.5;96017.7;23606.6
121;99882.1;-11443.6;95897.9;23567.5
122;99724.1;-11487.2;95730.7;23524.7
123;100251.5;-10801.0;96220.3;23667.7
124;100452.0;-10437.6;96392.6;23713.1
125;99444.3;-11838.8;95471.7;23464.9
126;100254.8;-10708.1;96211.8;23663.9
127;100365.2;-10558.6;96312.0;23683.0
128;99989.4;-11277.1;95994.8;23603.1
129;99619.0;-11613.3;95631.8;23498.7
130;100107.6;-11264.4;96122.8;23640.1
131;99873.5;-11327.8;95873.8;23562.2
132;99754.1;-11538.9;95770.0;23536.3
133;99585.8;-11860.1;95627.4;23497.1
134;100075.2;-10970.4;96049.6;23621.5
135;100130.3;-10955.2;96107.9;23637.6
136;99765.3;-11409.9;95765.7;23535.9
137;100026.7;-11311.3;96040.2;23618.9
138;99640.0;-11591.1;95651.6;23501.9
139;100139.9;-10882.7;96109.0;23637.8
140;99954.0;-11192.8;95944.9;23590.0
141;99843.7;-11566.7;95871.7;23561.1
142;99884.3;-11321.6;95884.8;23564.8
143;100117.0;-11202.3;96124.9;23640.2
144;100075.8;-11368.1;96101.3;23635.8
145;100071.4;-10947.6;96042.3;23619.1
146;99972.6;-11110.9;95955.1;23593.9
147;99967.2;-11114.1;95949.3;23590.6
148;100081.7;-11056.3;96067.5;23625.0
149;99994.1;-11084.7;95975.4;23597.9
150;100108.8;-10918.1;96079.4;23629.3
151;99854.9;-11294.3;95849.0;23554.5
152;99281.2;-12117.8;95329.6;23421.6
153;100196.1;-10871.1;96168.2;23649.8
154;100449.4;-10828.6;96440.5;23728.6
155;100046.4;-11012.4;96023.2;23610.2
156;99892.9;-11248.3;95884.9;23564.8
157;99889.7;-11234.5;95879.4;23563.1
158;99881.4;-11329.7;95882.6;23564.5
159;99959.4;-11128.1;95942.5;23589.4
160;99629.5;-11714.7;95655.9;23503.4
161;99761.3;-11660.0;95793.2;23541.1
162;99677.4;-11537.0;95685.6;23511.0
163;99985.1;-11201.8;95980.6;23599.2
164;99825.7;-11568.8;95852.2;23555.8
165;100053.3;-11044.2;96034.9;23615.4
166;99884.3;-11245.0;95874.8;23562.3
167;100187.1;-10839.6;96154.5;23647.7
168;99990.3;-11099.7;95973.1;23596.5
169;100511.1;-10304.7;96440.5;23728.6
170;99433.8;-11854.7;95462.2;23461.0
171;99762.1;-11412.8;95762.4;23533.4
172;100112.1;-11301.0;96132.3;23642.9
173;100605.0;-10213.7;96531.0;23748.5
174;99871.0;-11265.6;95862.9;23558.8
175;99947.3;-11248.6;95944.8;23589.9
176;99848.5;-11474.5;95865.1;23559.2
177;100283.2;-10688.4;96240.1;23669.9
178;99848.5;-11381.2;95853.3;23558.0
179;100090.7;-11064.1;96078.4;23629.3
180;99850.8;-11289.5;95843.9;23553.3
181;99605.2;-11628.1;95618.8;23496.2
182;100008.8;-11086.4;95991.4;23601.5
183;100046.4;-11111.5;96036.0;23616.6
184;100268.0;-10703.1;96225.6;23668.1
185;99894.1;-11230.0;95883.7;23564.6
186;99765.2;-11419.5;95766.8;23536.0
187;100042.9;-11279.7;96053.8;23621.8
188;99984.5;-11183.1;95977.5;23599.0
189;100002.6;-11087.5;95985.0;23600.9
190;99901.1;-11228.8;95891.2;23565.4
191;100234.9;-10738.3;96193.8;23658.3
192;100027.8;-11031.0;96005.2;23604.7
193;100409.2;-10714.6;96380.7;23701.8
194;100201.4;-10939.3;96183.2;23655.3
195;100070.1;-11205.5;96074.1;23627.8
196;99502.6;-11748.3;95523.9;23478.7
197;100086.7;-10990.2;96064.3;23623.6
198;100041.3;-11023.0;96018.9;23607.8
199;100146.7;-10858.2;96113.1;23638.0
200;100194.3;-10886.6;96168.3;23650.9
201;99792.4;-11608.0;95820.8;23549.6
202;100134.2;-10981.5;96115.3;23638.3
203;99772.4;-11474.8;95781.6;23538.2
204;100451.7;-10415.3;96389.4;23711.8
205;99588.5;-11652.9;95604.0;23492.9
206;99436.2;-12057.0;95491.1;23470.9
207;99495.7;-11775.0;95519.6;23477.2
208;99701.6;-11503.6;95708.1;23519.3
209;99616.7;-11820.9;95655.9;23503.4
210;100443.2;-10503.8;96391.4;23711.8
211;99796.9;-11732.0;95841.8;23552.1
212;99579.8;-11686.8;95598.9;23492.7
213;100212.0;-10857.9;96184.2;23655.3
214;99736.9;-11702.6;95772.2;23537.7
215;99591.1;-11809.6;95626.3;23496.9
216;100156.8;-10881.2;96127.0;23640.4
217;100080.8;-11072.0;96068.6;23626.1
218;99811.9;-11375.2;95812.3;23547.9
219;100299.5;-10658.2;96254.1;23673.4
220;99947.8;-11321.7;95955.0;23592.7
221;100350.4;-10667.1;96309.9;23681.8
222;100063.6;-10964.7;96036.0;23616.6
223;100337.3;-10645.3;96293.1;23680.6
224;99944.0;-11330.1;95951.7;23591.3
225;99607.0;-11682.6;95627.6;23497.3
226;100546.4;-10527.0;96507.9;23744.9
227;99785.2;-11382.0;95783.8;23538.5
228;99874.6;-11276.9;95868.5;23560.8
229;99746.4;-11438.7;95748.7;23530.3
230;99877.5;-11252.9;95868.5;23560.7
231;99996.8;-11093.6;95979.5;23599.1
232;99986.8;-11091.2;95967.9;23595.2
233;100099.1;-10967.4;96075.1;23627.9
234;100395.9;-10657.7;96358.2;23693.5
235;99865.2;-11467.6;95882.6;23564.4
236;99598.6;-11753.9;95627.4;23497.0
237;99557.6;-12180.4;95638.1;23500.1
238;99756.7;-11417.1;95757.1;23533.0
239;99441.7;-12171.5;95512.3;23476.7
240;100139.5;-10937.1;96115.3;23638.3
241;99761.0;-11670.9;95794.5;23542.6
242;99798.1;-11760.1;95847.0;23554.5
243;99901.8;-11284.4;95899.2;23568.0
244;99551.7;-11786.4;95581.1;23487.6
245;99694.3;-11584.3;95710.5;23520.9
246;100104.5;-10929.4;96076.3;23629.2
247;100077.9;-11090.0;96067.5;23625.0
248;99809.8;-11367.9;95809.2;23546.7
249;100417.2;-10491.2;96360.5;23697.8
250;99580.8;-11754.3;95608.4;23494.5
251;99834.2;-11398.3;95839.5;23551.7
252;99870.9;-11275.4;95864.1;23559.1
253;99182.6;-12242.4;95238.5;23398.0
254;100441.6;-10489.4;96387.2;23705.5
255;99962.3;-11586.2;96005.2;23604.7
256;99654.1;-11623.2;95671.0;23506.0
257;100471.8;-10407.8;96410.7;23720.9
258;100081.5;-11024.1;96063.1;23623.3
259;100042.1;-11032.3;96021.0;23610.0
260;99771.1;-11392.2;95770.0;23536.2
261;99961.5;-11181.4;95951.6;23591.2
262;99529.4;-11731.5;95550.3;23481.9
263;100115.9;-11078.3;96107.9;23637.7
264;99807.3;-11529.9;95827.1;23551.1
265;99956.9;-11244.9;95955.0;23593.8
266;100217.4;-10958.0;96203.4;23662.2
267;99998.6;-11139.1;95987.1;23601.0
268;99975.9;-11288.4;95981.8;23600.5
269;99994.0;-11152.9;95984.0;23600.8
270;99701.5;-11768.6;95742.2;23529.6
271;100105.4;-11242.5;96117.5;23638.5
272;100323.2;-10763.4;96292.9;23679.3
273;100105.4;-11116.0;96101.4;23635.9
274;100142.5;-11011.1;96128.1;23641.6
275;99685.2;-11653.3;95709.3;23519.5
276;99690.6;-11608.8;95709.4;23519.7
277;99556.8;-11691.0;95574.5;23485.7
278;100255.0;-10706.2;96211.8;23663.8
279;99869.6;-11268.1;95861.8;23558.7
280;100287.3;-10760.9;96254.0;23673.3
281;99726.0;-11463.1;95729.6;23524.5
282;99774.0;-11699.4;95812.3;23546.8
283;99912.6;-11594.2;95951.5;23591.0
284;100169.0;-10860.5;96137.6;23643.3
285;99954.1;-11208.2;95947.1;23590.3
286;99982.2;-11170.9;95973.1;23595.4
287;99950.2;-11198.7;95941.5;23589.3
288;99931.8;-11491.7;95959.6;23594.7
289;99612.2;-11860.3;95656.0;23503.5
290;99967.5;-11119.7;95950.3;23590.7
291;99881.2;-11247.0;95871.7;23561.1
292;99885.3;-11396.8;95895.4;23565.8
293;100061.7;-10972.4;96034.8;23615.3
294;99725.1;-11677.9;95756.0;23531.7
295;99881.6;-11371.0;95888.1;23565.2
296;99855.6;-11313.8;95852.2;23555.8
297;100009.4;-11296.3;96018.8;23607.7
298;100123.9;-11001.1;96106.8;23637.5
299;99673.3;-11613.9;95691.2;23514.9
300;100077.5;-11058.8;96063.1;23623.3
301;100480.3;-10375.5;96415.9;23721.1
302;99546.9;-11715.9;95567.1;23484.0
303;99679.3;-11744.0;95714.9;23522.5
304;99681.9;-11681.0;95709.2;23519.5
305;99857.1;-11325.2;95855.4;23558.2
306;100353.5;-10640.8;96310.0;23681.9
307;99933.6;-11339.2;95941.4;23589.2
308;99749.4;-11454.0;95753.8;23530.4
309;100097.5;-10929.6;96068.6;23626.0
310;99752.5;-11561.5;95771.1;23536.4
311;100227.7;-10749.7;96187.3;23655.5
312;99965.4;-11438.3;95989.3;23601.4
313;100250.3;-11033.1;96248.8;23672.0
314;99753.7;-11443.5;95757.2;23533.1
315;100719.9;-10200.8;96655.6;23783.6
316;100121.6;-11088.2;96115.3;23638.3
317;100090.1;-11019.2;96072.0;23627.7
318;99886.3;-11390.0;95895.5;23565.9
319;99737.1;-11474.2;95743.3;23529.7
320;99664.9;-11825.4;95709.4;23519.7
321;99875.5;-11354.6;95879.4;23563.1
322;99724.3;-11453.3;95726.4;23523.2
323;100000.8;-11119.8;95987.0;23600.9
324;99660.8;-11930.7;95719.0;23522.6
325;100096.4;-10939.2;96068.6;23626.0
326;100183.2;-10821.7;96148.1;23645.0
327;99745.7;-11435.4;95747.6;23530.1
328;100236.9;-10784.8;96202.2;23662.0
329;99851.2;-11435.8;95863.0;23559.0
330;100234.4;-10735.8;96192.8;23656.2
331;100045.7;-11010.2;96022.1;23610.2
332;100176.5;-11173.9;96186.3;23655.5
333;99677.1;-11540.1;95685.6;23511.0
334;99884.4;-11320.4;95884.8;23564.7
335;100315.3;-10623.8;96266.7;23676.4
336;99752.5;-11527.7;95766.8;23536.0
337;99391.0;-11915.3;95423.2;23449.0
338;99419.9;-11916.8;95454.6;23456.1
339;99266.1;-12098.2;95310.6;23417.1
340;99367.5;-12011.6;95410.1;23445.4
341;99809.6;-11452.9;95819.6;23548.3
342;100258.0;-10753.0;96221.4;23667.7
343;99812.5;-11354.0;95810.2;23546.7
344;100011.6;-11071.6;95992.6;23601.8
345;99894.9;-11222.7;95883.7;23564.7
346;99954.7;-11158.5;95941.3;23589.1
347;99884.6;-11250.2;95875.9;23562.5
348;99887.2;-11227.4;95875.9;23562.3
349;100045.1;-11056.1;96027.4;23612.7
350;99624.9;-11620.3;95639.2;23500.2
351;100179.5;-10945.5;96159.8;23648.2
352;100165.0;-10885.3;96136.6;23643.3
353;99879.5;-11244.4;95869.6;23560.9
354;100138.6;-10894.6;96109.0;23637.9
355;99745.8;-11435.2;95747.7;23530.2
356;99763.4;-11617.0;95789.9;23539.7
357;99938.6;-11427.7;95958.3;23594.3
358;99877.0;-11282.5;95871.6;23561.0
359;99776.4;-11653.0;95809.1;23546.6
360;99757.6;-11410.4;95757.1;23531.9
361;99784.0;-11383.4;95782.6;23538.3
362;100150.5;-11099.5;96147.8;23643.7
363;99415.4;-11955.4;95454.6;23456.1
364;100003.8;-11186.9;95999.0;23604.4
365;99868.9;-11284.1;95863.0;23559.0
366;100116.1;-10970.1;96094.0;23632.3
367;100063.2;-10977.3;96037.2;23617.8
368;99193.9;-12173.0;95241.7;23398.3
369;100080.8;-11030.3;96063.1;23623.3
370;99980.9;-11334.1;95992.6;23601.8
371;99957.9;-11147.7;95943.5;23589.5
372;99792.2;-11444.8;95799.8;23545.1
373;100152.7;-10851.0;96118.7;23638.9
374;99813.7;-11418.7;95819.6;23548.3
375;100422.8;-10469.3;96363.8;23699.3
376;100078.2;-10978.4;96053.8;23621.8
377;100488.6;-10434.9;96432.8;23726.6
378;99709.9;-11600.0;95729.5;23524.5
379;99465.3;-11810.9;95491.1;23471.0
380;100121.9;-10881.9;96088.8;23631.0
381;100152.4;-10853.8;96118.7;23638.9
382;99951.0;-11216.8;95944.7;23589.7
383;99525.1;-11735.1;95546.1;23481.6
384;99805.4;-11405.9;95809.1;23546.6
385;100061.2;-11232.0;96067.5;23625.0
386;99878.8;-11275.7;95872.7;23561.1
387;99894.7;-11223.7;95883.7;23564.5
388;99872.2;-11348.1;95874.8;23562.3
389;99659.0;-11782.9;95697.5;23517.3
390;99791.6;-11391.1;95792.0;23539.8
391;99562.3;-11676.1;95578.7;23487.0
392;100409.7;-10495.7;96351.9;23688.9
393;99802.4;-11357.0;95799.7;23545.0
394;100057.8;-10973.9;96030.7;23613.0
395;99667.9;-11543.3;95676.3;23510.5
396;100140.0;-10872.6;96107.9;23637.7
397;99429.2;-11934.7;95467.5;23463.5
398;100166.3;-10882.4;96137.6;23643.3
399;99899.8;-11290.6;95897.8;23567.2
400;100493.3;-10356.3;96427.5;23723.0
401;99568.0;-11860.9;95608.4;23494.5
402;99965.6;-11119.6;95948.3;23590.6
403;100021.1;-11088.0;96005.2;23604.7
404;100240.2;-10830.7;96211.8;23663.8
405;99819.2;-11338.5;95815.5;23548.1
406;99910.6;-11610.7;95951.4;23590.8
407;99348.9;-12145.5;95406.7;23443.8
408;99689.0;-11663.5;95714.9;23522.5
409;100050.9;-10998.5;96026.3;23612.5
410;100205.0;-10892.9;96181.1;23654.1
411;99862.8;-11267.4;95854.4;23558.1
412;100460.6;-10509.3;96411.8;23720.9
413;100404.3;-10516.7;96348.8;23688.8
414;99884.1;-11398.5;95894.4;23565.7
415;99293.4;-12047.2;95333.9;23424.1
416;99453.1;-11905.6;95489.8;23469.5
417;99724.6;-11482.3;95730.6;23524.6
418;100209.6;-10885.4;96185.2;23655.4
419;99983.0;-11306.0;95991.4;23601.5
420;99373.0;-12016.0;95416.4;23445.9
421;99873.9;-11258.1;95865.1;23559.2
422;100334.0;-10796.0;96308.8;23681.7
423;99790.2;-11676.4;95827.1;23551.1
424;99722.4;-11559.7;95738.0;23527.3
425;100475.5;-10384.2;96411.7;23720.9
426;99935.2;-11370.0;95947.0;23590.1
427;99785.9;-11497.4;95799.7;23544.9
428;100015.3;-11089.1;95998.9;23604.3
429;99945.7;-11245.6;95942.5;23589.3
430;99812.0;-11374.9;95812.4;23548.0
431;100247.6;-10719.1;96205.4;23662.3
432;100217.3;-10813.0;96184.2;23655.4
433;100141.8;-10934.6;96117.5;23638.6
434;99895.1;-11229.9;95884.8;23564.8
435;100224.1;-10822.4;96192.6;23656.0
436;99880.7;-11436.9;95895.6;23565.9
437;100024.8;-11229.4;96027.5;23612.8
438;100171.8;-11043.2;96164.1;23649.7
439;100147.8;-10849.1;96113.1;23638.0
440;100406.9;-10563.6;96358.2;23693.4
441;100049.4;-11009.8;96026.3;23612.5
442;99484.8;-11784.3;95509.1;23476.5
443;99611.6;-11814.7;95649.4;23501.6
444;100288.3;-10669.3;96243.3;23671.3
445;99830.9;-11443.4;95841.7;23552.0
446;99976.7;-11515.0;96011.4;23605.1
447;99696.0;-11585.3;95712.6;23521.1
448;100166.8;-11044.2;96158.7;23648.0
449;99816.0;-11431.0;95824.0;23550.9
450;100313.2;-10650.1;96267.8;23676.5
451;99795.8;-11355.9;95792.0;23539.8
452;100210.7;-10883.9;96186.2;23655.4
453;100096.0;-11001.2;96076.3;23629.1
454;99737.6;-11470.3;95743.4;23529.8
455;100213.9;-10812.0;96180.0;23652.0
456;99687.3;-11593.0;95703.9;23519.0
457;99684.4;-11733.2;95719.0;23522.7
458;100094.4;-11123.3;96089.9;23631.1
459;99754.7;-11500.7;95765.7;23535.8
460;99738.4;-11680.0;95771.1;23537.5
461;99826.5;-11472.1;95840.5;23551.8
462;99641.3;-11828.7;95683.6;23511.0
463;100207.2;-10776.7;96168.3;23650.9
464;100052.7;-11278.4;96064.4;23624.8
465;99905.9;-11204.5;95893.3;23565.5
466;99877.6;-11379.0;95884.8;23564.7
467;100022.7;-11237.9;96026.3;23612.4
468;100374.6;-10782.1;96350.9;23688.9
469;100161.3;-10841.8;96126.9;23640.3
470;99796.4;-11368.5;95794.3;23541.3
471;100114.5;-11080.1;96106.7;23637.3
472;99889.7;-11258.5;95882.6;23564.5
473;99867.4;-11339.3;95868.5;23560.8
474;100422.8;-10551.8;96374.2;23700.0
475;99814.6;-11394.1;95817.5;23548.2
476;99801.9;-11360.5;95799.7;23544.9
477;99370.5;-12314.5;95452.4;23455.9
478;99501.4;-12210.1;95581.0;23487.5
479;100046.0;-11040.3;96026.3;23612.4
480;99742.5;-11513.6;95753.8;23530.4
481;100062.3;-10984.4;96037.2;23617.8
482;99599.6;-11972.5;95657.0;23503.5
483;99701.9;-11691.4;95732.8;23526.9
484;100106.9;-10909.7;96076.3;23629.1
485;100280.9;-10923.0;96267.8;23676.6
486;100088.6;-10964.7;96063.2;23623.4
487;100220.8;-10928.1;96203.3;23662.1
488;100374.2;-10646.7;96333.1;23686.6
489;100170.2;-11089.9;96168.2;23650.8
490;99695.2;-11508.7;95701.7;23517.7
491;99842.6;-11674.3;95884.8;23564.8
492;100066.4;-11211.5;96070.7;23626.2
493;99796.7;-11556.2;95818.6;23548.3
494;100051.3;-10995.0;96026.3;23612.5
495;99511.2;-11777.1;95536.6;23479.7
496;99709.5;-11495.9;95715.9;23522.6
497;100059.3;-11050.7;96042.3;23619.1
498;99337.0;-12025.3;95378.4;23435.8
499;99646.3;-11594.7;95659.1;23503.7
500;99911.6;-11199.4;95899.0;23567.6
501;99468.3;-11835.5;95497.6;23472.8
502;99924.5;-11459.8;95947.0;23590.2
503;99720.9;-11473.6;95725.3;23523.2
504;99853.7;-11337.7;95853.3;23556.9
505;99838.9;-11521.5;95860.7;23558.5
506;99973.8;-11185.0;95965.8;23595.0
507;99755.5;-11618.0;95781.6;23538.2
508;99970.0;-11107.0;95951.4;23590.9
509;99758.3;-11511.7;95771.1;23536.4
510;100024.7;-11424.1;96052.7;23621.6
511;100384.5;-10560.1;96332.9;23686.4
512;99961.2;-11300.6;95966.9;23595.1
513;99976.6;-11103.8;95958.5;23594.5
514;99624.3;-11659.6;95643.3;23500.5
515;100061.4;-11328.8;96080.6;23629.5
516;99715.5;-11592.9;95734.9;23527.1
517;99689.8;-11729.4;95724.2;23523.0
518;100057.0;-11149.3;96052.7;23621.7
519;99958.9;-11271.6;95960.7;23594.8
520;100165.2;-11231.9;96181.1;23654.2
521;100309.9;-10669.4;96266.6;23676.2
522;99762.0;-11594.8;95785.9;23539.7
523;99946.5;-11332.9;95955.0;23592.7
524;100405.9;-10503.8;96348.8;23688.8
525;100189.6;-10793.2;96151.2;23646.3
526;100101.2;-11058.0;96088.8;23631.0
527;100276.8;-10670.3;96230.7;23668.3
528;99713.1;-11885.5;95770.0;23536.3
529;100098.4;-10938.0;96070.8;23627.3
530;100283.4;-10794.5;96254.1;23673.5
531;100353.5;-10640.9;96309.9;23681.9
532;99692.4;-11707.7;95724.2;23523.0
533;99853.5;-11414.5;95862.8;23558.7
534;100021.3;-11129.5;96010.4;23605.0
535;99848.1;-11384.6;95853.3;23557.9
536;99825.0;-11344.2;95822.9;23550.8
537;100112.6;-10894.3;96080.4;23629.4
538;99821.6;-11465.8;95834.4;23551.6
539;99448.8;-11902.4;95484.7;23467.3
540;99977.8;-11441.6;96003.1;23604.6
541;99747.3;-11923.1;95812.4;23548.1
542;99739.9;-11442.2;95742.3;23529.6
543;99482.3;-12040.2;95538.8;23480.0
544;100175.8;-10986.6;96160.9;23648.2
545;99339.1;-12039.3;95382.5;23436.1
546;99480.6;-11789.9;95504.9;23473.2
547;99862.0;-11299.2;95857.5;23558.2
548;100254.6;-10702.9;96210.7;23663.7
549;100269.3;-10763.7;96234.8;23669.4
550;99586.7;-12023.9;95649.4;23501.7
551;99877.5;-11301.9;95874.8;23562.3
552;99530.9;-11775.7;95557.5;23483.2
553;100174.4;-10996.4;96160.8;23648.2
554;99534.7;-11813.1;95566.0;23483.9
555;99870.5;-11389.1;95878.3;23563.0
556;100202.2;-10778.1;96163.1;23649.7
557;99855.8;-11413.5;95865.2;23559.3
558;100282.6;-10933.0;96270.9;23676.7
559;99699.1;-11535.1;95709.4;23519.7
560;99977.7;-11458.0;96005.2;23604.7
561;100150.0;-10875.1;96118.7;23638.9
562;99885.8;-11259.1;95878.3;23563.0
563;100270.5;-10862.0;96248.8;23672.0
564;100059.5;-11104.8;96049.6;23621.5
565;99479.1;-11919.8;95519.8;23477.5
566;100977.8;-9617.7;96864.4;23843.1
567;100097.6;-10946.6;96070.9;23627.6
568;99935.1;-11406.8;95951.7;23591.2
569;99529.9;-11970.6;95581.1;23487.5
570;99958.9;-11201.5;95951.3;23590.7
571;99798.6;-11430.8;95805.0;23546.3
572;100077.0;-11119.9;96070.9;23627.5
573;100024.1;-11063.3;96005.2;23604.8
574;100418.7;-10553.3;96370.1;23699.7
575;99973.8;-11108.9;95956.2;23594.0
576;100060.6;-10997.9;96037.1;23617.7
577;100019.8;-11107.9;96006.2;23604.8
578;99881.2;-11298.0;95878.2;23562.9
579;99856.7;-11463.1;95872.7;23561.1
580;100219.9;-10761.6;96180.0;23652.1
581;100136.7;-10892.2;96106.7;23637.4
582;99749.7;-11534.4;95764.7;23535.8
583;99638.9;-11642.3;95657.0;23503.6
584;99888.3;-11354.6;95893.3;23565.6
585;100236.9;-10722.8;96193.8;23658.3
586;99894.3;-11338.6;95897.9;23567.4
587;100400.9;-10519.8;96345.6;23688.5
588;99723.5;-11492.5;95730.7;23524.7
589;99949.6;-11314.7;95956.1;23594.0
590;99259.3;-12146.0;95309.4;23416.9
591;99758.7;-11507.6;95771.1;23537.5
592;99851.7;-11322.9;95849.0;23554.5
593;100058.6;-11016.9;96037.1;23616.7
594;100390.7;-10523.8;96335.1;23686.8
595;99960.7;-11134.1;95944.7;23589.7
596;100300.7;-10746.7;96266.7;23676.4
597;100088.6;-11055.6;96075.1;23627.9
598;100174.2;-10948.3;96154.5;23647.7
599;99777.2;-11573.1;95799.9;23545.2
600;100247.1;-11059.4;96248.8;23672.0
601;99652.0;-11581.5;95663.6;23505.4
602;100051.1;-11063.1;96034.9;23615.4
603;99672.9;-11616.7;95691.3;23515.0
604;99749.1;-11761.5;95793.2;23541.1
605;99511.6;-12039.2;95570.2;23484.2
606;99727.8;-11949.1;95794.2;23541.2
607;100011.4;-11122.2;95999.0;23604.4
608;99903.6;-11224.2;95893.3;23565.5
609;99579.1;-11676.1;95596.8;23492.6
610;100310.3;-10699.0;96270.9;23676.8
611;99987.0;-11298.6;95994.8;23603.1
612;100188.3;-10871.3;96159.8;23648.1
613;100132.4;-10928.7;96106.8;23637.5
614;99754.8;-11434.1;95757.2;23533.0
615;99424.2;-11871.8;95453.5;23456.0
616;99683.5;-11609.2;95701.8;23517.7
617;100240.4;-10797.0;96207.7;23663.7
618;99655.9;-11575.0;95666.9;23505.8
619;100145.3;-10879.1;96114.2;23638.1
620;99758.3;-11494.5;95768.9;23536.1
621;99976.8;-11529.8;96013.5;23605.2
622;99432.4;-11999.9;95479.2;23466.6
623;100239.2;-10733.4;96197.9;23659.5
624;99901.5;-11268.0;95896.7;23567.1
625;100162.9;-10837.4;96128.1;23641.6
626;99971.5;-11205.4;95965.8;23595.0
627;100133.7;-10927.0;96108.0;23637.7
628;99895.2;-11229.6;95884.8;23564.8
629;100129.4;-10888.6;96098.2;23634.6
630;99536.5;-11736.2;95558.6;23483.2
631;99652.3;-11570.1;95662.5;23505.2
632;100126.1;-10885.9;96094.0;23632.2
633;99909.1;-11203.7;95896.7;23567.1
634;99828.2;-11645.8;95865.1;23559.2
635;99867.8;-11376.8;95873.8;23562.2
636;100049.2;-11088.3;96036.0;23616.6
637;99758.6;-11517.6;95772.1;23537.5
638;100017.3;-11366.0;96037.1;23616.7
639;99695.4;-11507.0;95701.7;23517.7
640;99796.9;-11562.2;95819.7;23548.4
641;100182.6;-10861.5;96152.5;23646.7
642;100147.3;-11331.8;96174.6;23651.5
643;99634.8;-11710.1;95661.2;23503.9
644;100139.8;-10951.5;96117.5;23638.6
645;99638.7;-11776.7;95674.1;23508.1
646;100127.6;-10888.2;96096.1;23633.4
647;99432.6;-11840.6;95459.2;23460.0
648;99619.7;-11796.6;95656.0;23503.5
649;99771.0;-11584.8;95794.3;23541.3
650;99886.7;-11233.1;95876.0;23562.5
651;100307.4;-10648.7;96261.3;23674.8
652;100157.3;-10934.6;96134.4;23643.0
653;100311.5;-10880.7;96295.3;23680.9
654;100247.0;-10724.3;96205.4;23662.3
655;99857.1;-11316.2;95854.4;23558.1
656;99867.4;-11262.3;95858.6;23558.4
657;100187.3;-10986.5;96173.6;23651.4
658;99950.7;-11220.1;95944.8;23589.8
659;99873.7;-11345.3;95876.1;23562.7
660;99577.9;-11743.5;95604.0;23492.9
661;99895.4;-11226.7;95884.8;23564.7
662;99189.8;-12183.4;95238.6;23398.1
663;99790.6;-11507.9;95806.0;23546.4
664;99668.3;-11616.9;95685.9;23511.4
665;100099.8;-11003.1;96080.5;23629.5
666;99802.1;-11358.8;95799.7;23544.9
667;99837.8;-11385.5;95841.7;23552.1
668;100258.5;-10919.3;96243.3;23671.2
669;99644.2;-11676.8;95666.9;23505.9
670;100003.4;-11132.6;95991.5;23601.6
671;99434.0;-11853.4;95462.2;23461.1
672;99968.7;-11117.9;95951.4;23590.9
673;100043.1;-11008.8;96018.8;23606.6
674;100153.9;-10872.8;96122.8;23640.0
675;99681.3;-11643.1;95704.0;23519.1
676;100012.5;-11063.3;95992.5;23601.7
677;100002.4;-11141.6;95991.5;23601.6
678;99891.3;-11365.1;95898.0;23567.6
679;99972.0;-11141.4;95958.3;23594.2
680;100049.7;-11016.7;96027.5;23612.7
681;100039.3;-11016.3;96015.6;23606.3
682;99651.8;-11755.6;95685.6;23511.0
683;99577.2;-11999.3;95635.9;23498.8
684;100600.2;-10211.7;96525.7;23748.0
685;100416.8;-10668.1;96382.9;23702.1
686;99566.2;-11679.2;95583.2;23487.7
687;100020.9;-11254.2;96026.3;23612.4
688;100081.1;-11077.9;96069.7;23626.2
689;100083.3;-11302.1;96101.3;23635.8
690;99975.2;-11096.8;95956.1;23593.9
691;99676.0;-11647.9;95698.6;23517.5
692;99872.8;-11326.6;95872.7;23561.2
693;99782.4;-11503.1;95796.5;23543.7
694;99961.0;-11209.4;95955.0;23593.8
695;99866.5;-11269.4;95858.6;23558.4
696;99883.4;-11296.4;95880.4;23563.2
697;100189.5;-10868.1;96160.9;23649.4
698;100253.6;-10710.2;96210.7;23663.8
699;99589.5;-11913.6;95638.1;23500.1
700;99808.2;-11348.2;95805.0;23546.3
701;99723.7;-11465.3;95727.5;23524.4
702;100212.1;-11036.8;96207.6;23663.6
703;99901.4;-11252.5;95894.4;23565.7
704;100279.6;-10924.9;96266.7;23676.3
705;99742.7;-11864.2;95799.7;23545.0
706;99934.4;-11349.4;95943.6;23589.5
707;99577.6;-11681.1;95595.8;23491.6
708;100274.1;-10683.5;96229.7;23668.3
709;99822.8;-11430.0;95831.3;23551.4
710;99520.7;-11921.8;95564.9;23483.7
711;99756.9;-11531.0;95772.2;23537.5
712;99300.0;-12206.0;95361.4;23432.4
713;99889.9;-11376.1;95897.8;23567.3
714;99901.3;-11691.3;95951.7;23591.3
715;99996.6;-11156.2;95987.1;23601.0
716;100317.9;-10692.8;96278.3;23677.3
717;99861.5;-11262.6;95852.1;23555.7
718;100145.4;-10868.9;96113.1;23637.9
719;100002.6;-11139.5;95991.4;23601.5
720;99872.7;-11310.8;95870.6;23560.9
721;99382.3;-11953.5;95418.7;23447.2
722;100162.7;-10996.0;96147.9;23643.8
723;99738.3;-11862.1;95794.4;23542.4
724;99935.3;-11332.9;95942.5;23589.4
725;99593.7;-11727.4;95618.8;23496.3
726;100000.8;-11119.8;95987.0;23600.9
727;99945.7;-11315.8;95951.7;23591.2
728;99933.5;-11357.5;95943.6;23589.6
729;99877.9;-11334.8;95879.4;23563.1
730;100201.0;-10838.1;96169.3;23651.0
731;100186.6;-10817.9;96151.2;23646.3
732;100114.0;-10988.6;96094.0;23632.2
733;100814.6;-9900.9;96720.3;23799.4
734;99743.4;-11637.9;95771.1;23536.4
735;99828.6;-11323.3;95824.1;23551.0
736;99661.2;-11626.7;95679.4;23510.7
737;100009.7;-11318.9;96022.1;23610.1
738;99740.5;-11531.8;95753.9;23530.5
739;99214.4;-12202.3;95267.9;23406.1
740;99585.8;-11869.9;95628.6;23498.4
741;99964.0;-11131.9;95948.2;23590.5
742;100183.9;-10908.9;96159.8;23648.2
743;99517.5;-11756.4;95540.9;23481.2
744;99741.2;-11639.6;95768.9;23536.1
745;99884.3;-11272.6;95878.3;23563.0
746;99739.6;-11453.3;95743.3;23529.7
747;100053.2;-11102.4;96042.4;23619.1
748;99946.3;-11229.8;95941.2;23589.0
749;99996.4;-11201.4;95992.6;23601.7
750;99737.0;-11475.5;95743.3;23529.7
751;100335.9;-10648.7;96291.8;23679.1
752;99908.9;-11224.0;95899.2;23568.0
753;100260.3;-10767.7;96225.6;23668.1
754;99779.8;-11642.6;95811.2;23546.8
755;100056.0;-11243.1;96063.2;23623.4
756;99738.8;-11562.2;95756.0;23531.7
757;99681.2;-11545.3;95691.3;23515.0
758;99747.0;-11424.4;95747.6;23530.2
759;99908.3;-11210.1;95896.6;23567.0
760;99855.4;-11416.5;95865.3;23560.4
761;100285.9;-11072.6;96291.9;23679.2
762;99637.9;-11607.5;95651.5;23501.8
763;99641.6;-11652.4;95661.3;23505.0
764;100354.1;-10816.4;96333.0;23686.6
765;100092.9;-10936.2;96064.4;23624.8
766;99430.4;-11923.4;95467.4;23463.4
767;100047.0;-11105.1;96035.9;23616.4
768;99942.1;-11542.3;95977.4;23598.0
769;99372.2;-11938.6;95405.7;23443.8
770;99828.3;-11375.2;95830.2;23551.2
771;99899.4;-11303.6;95899.0;23567.6
772;100100.1;-11112.9;96095.1;23633.3
773;100171.0;-10926.2;96148.1;23645.0
774;99968.8;-11118.0;95951.5;23591.0
775;100200.4;-10801.4;96164.1;23649.7
776;99889.7;-11224.6;95878.2;23562.9
777;99704.6;-11496.1;95710.6;23521.0
778;99687.1;-11544.2;95697.5;23517.3
779;100073.2;-10966.3;96046.5;23619.4
780;99415.1;-11931.1;95451.3;23455.8
781;100069.7;-11242.9;96078.3;23629.2
782;99630.2;-11733.4;95659.1;23503.7
783;99835.6;-11336.8;95833.3;23551.4
784;100035.5;-11203.6;96036.0;23616.6
785;100232.2;-10857.8;96206.6;23662.5
786;99391.6;-12156.3;95454.6;23456.1
787;99720.2;-11470.9;95724.2;23523.0
788;99926.7;-11434.3;95945.9;23590.0
789;99742.9;-11641.7;95771.1;23537.5
790;100131.1;-11066.5;96122.8;23640.1
791;99385.1;-11921.8;95417.5;23446.0
792;100026.0;-11031.1;96003.1;23604.6
793;100025.9;-11154.7;96019.0;23608.9
794;99960.6;-11142.8;95945.9;23590.0
795;100194.0;-10980.7;96180.0;23652.1
796;99604.6;-11701.6;95627.4;23497.1
797;100225.4;-10737.5;96183.1;23654.2
798;99745.2;-11440.7;95747.7;23530.2
799;100116.1;-10970.2;96094.0;23632.2
800;99813.9;-11597.9;95842.8;23552.2
801;100134.3;-10964.3;96113.2;23638.1
802;100103.8;-11171.8;96106.7;23637.4
803;99488.3;-12219.8;95568.2;23484.2
804;99885.7;-11249.2;95877.1;23562.7
805;99895.0;-11239.7;95886.0;23565.1
806;99865.7;-11312.6;95863.0;23559.0
807;99732.5;-11456.2;95735.9;23527.1
808;100377.4;-10861.0;96365.0;23699.7
809;99990.7;-11082.0;95971.0;23595.4
810;100314.4;-10838.0;96293.1;23679.5
811;99777.4;-11413.2;95779.5;23538.0
812;99654.3;-11587.5;95666.7;23505.6
813;99972.5;-11110.9;95955.0;23593.8
814;99784.1;-11373.8;95781.6;23538.2
815;100562.2;-10272.1;96492.1;23741.7
816;99985.6;-11189.0;95979.5;23599.1
817;100203.0;-11000.1;96192.7;23656.2
818;99869.3;-11298.0;95865.2;23559.3
819;99823.5;-11507.0;95841.8;23552.2
820;99874.1;-11510.9;95897.8;23567.3
821;100012.9;-11126.7;96001.0;23604.4
822;100150.3;-10863.1;96117.6;23638.8
823;99879.3;-11339.6;95881.6;23564.4
824;99726.2;-11669.1;95756.0;23531.7
825;99649.6;-11627.2;95666.7;23505.5
826;99867.2;-11511.0;95890.2;23565.4
827;100041.2;-11301.5;96054.9;23622.0
828;100052.9;-10989.7;96027.4;23612.6
829;99906.5;-11243.7;95899.0;23567.6
830;99772.6;-11388.4;95771.1;23536.4
831;99935.2;-11445.3;95957.2;23594.1
832;100082.7;-10948.9;96054.9;23622.0
833;99899.1;-11296.5;95897.7;23567.2
834;99970.9;-11101.3;95951.7;23591.3
835;99877.4;-11329.9;95878.2;23562.8
836;100157.1;-10951.7;96136.5;23643.2
837;99812.3;-11363.5;95811.3;23546.8
838;99974.1;-11150.9;95961.7;23594.9
839;100023.9;-11148.1;96015.5;23605.3
840;100125.5;-10890.0;96094.0;23632.2
841;100327.2;-10615.0;96278.3;23677.3
842;100106.1;-10915.1;96076.3;23629.2
843;100089.2;-10960.2;96063.3;23623.6
844;99526.8;-11889.7;95567.1;23484.0
845;100071.1;-11121.8;96064.4;23624.7
846;100530.1;-10308.1;96461.9;23734.7
847;99683.2;-11711.1;95714.9;23522.5
848;99667.9;-11543.2;95676.3;23510.5
849;99867.9;-11317.4;95866.3;23560.5
850;100174.8;-10993.0;96161.0;23649.4
851;100067.6;-10971.9;96041.3;23619.0
852;99792.8;-11438.6;95799.7;23545.0
853;99909.8;-11205.5;95897.7;23567.2
854;100201.8;-10823.3;96168.2;23649.8
855;100105.9;-10909.3;96075.3;23629.1
856;100561.5;-10350.9;96501.6;23742.4
857;100134.5;-11317.2;96158.7;23648.0
858;99980.0;-11389.1;95999.0;23604.4
859;100050.6;-11319.5;96067.5;23624.9
860;99841.9;-11315.7;95837.5;23551.7
861;99680.0;-11525.4;95686.9;23511.4
862;99966.9;-11194.2;95959.5;23594.6
863;100024.8;-11287.8;96034.8;23615.3
864;99563.0;-11689.8;95581.1;23487.6
865;99792.7;-11390.7;95793.1;23540.0
866;99821.6;-11432.4;95830.2;23551.2
867;99999.6;-11087.2;95981.8;23600.6
868;99861.8;-11327.0;95860.7;23558.5
869;100015.9;-11281.6;96024.2;23611.3
870;99967.7;-11126.9;95951.6;23591.0
871;100193.3;-10910.2;96170.5;23651.2
872;99447.9;-12017.5;95498.8;23472.9
873;100363.7;-10634.8;96320.4;23685.6
874;100309.8;-10629.3;96261.2;23673.7
875;99963.8;-11116.6;95945.9;23590.1
876;100101.0;-10918.5;96071.0;23627.6
877;100077.0;-11071.0;96064.4;23624.7
878;99709.4;-11687.2;95740.2;23527.5
879;99973.1;-11132.6;95958.5;23594.5
880;100129.3;-10954.8;96106.7;23637.3
881;100005.8;-11112.0;95991.4;23601.5
882;100176.5;-11046.1;96169.4;23651.1
883;99942.9;-11338.2;95951.5;23591.0
884;99937.7;-11374.3;95950.3;23590.7
885;99728.6;-11463.8;95732.8;23526.8
886;99836.8;-11310.7;95831.3;23551.3
887;99786.6;-11533.1;95805.0;23546.3
888;100388.2;-10537.0;96334.1;23686.6
889;99996.1;-11082.8;95977.5;23599.0
890;99653.4;-11733.4;95684.6;23511.0
891;100032.2;-11076.2;96015.6;23606.4
892;99879.8;-11251.1;95870.6;23561.0
893;99098.7;-12503.8;95180.8;23385.4
894;100056.2;-10988.3;96030.7;23613.0
895;99509.3;-11827.9;95540.9;23481.3
896;100084.3;-10999.8;96063.0;23623.1
897;99671.4;-11622.8;95690.1;23513.8
898;99514.8;-12029.1;95572.3;23484.3
899;100057.2;-11010.5;96034.9;23615.3
900;99533.3;-11789.8;95561.8;23483.6
901;99798.3;-11466.0;95809.1;23546.6
902;99977.0;-11182.6;95969.0;23595.3
903;100093.8;-10953.4;96067.5;23624.8
904;100121.2;-10966.0;96099.2;23634.6
905;99893.2;-11346.6;95897.7;23567.2
906;99702.1;-11551.0;95714.9;23522.5
907;100443.5;-10443.0;96383.0;23703.2
908;99762.7;-11464.9;95770.0;23536.3
909;100393.5;-10682.7;96359.4;23696.7
910;99812.4;-11345.4;95809.1;23546.5
911;100223.2;-10837.3;96193.8;23658.3
912;100211.3;-10784.6;96173.6;23651.4
913;99650.1;-11649.9;95670.0;23505.9
914;99996.0;-11261.7;96000.0;23604.4
915;100098.5;-11176.2;96101.4;23635.8
916;100092.7;-11119.9;96087.6;23630.7
917;99866.7;-11345.1;95868.5;23560.8
918;99947.1;-11592.8;95989.3;23601.3
919;99824.7;-11346.8;95822.9;23550.7
920;99628.0;-11602.9;95640.2;23500.3
921;100178.7;-10894.5;96152.5;23646.7
922;99752.6;-11642.9;95781.6;23538.2
923;100248.8;-11044.9;96248.7;23671.9
924;100088.1;-10978.9;96064.3;23623.6
925;99696.1;-11525.0;95705.1;23519.2
926;99878.7;-11301.8;95876.0;23562.6
927;99860.1;-11281.5;95853.3;23558.0
928;99682.8;-11674.5;95709.4;23519.7
929;100050.8;-11073.8;96036.0;23616.6
930;99797.9;-11394.9;95799.7;23544.9
931;100354.7;-10646.3;96312.1;23684.1
932;100154.7;-10865.5;96122.8;23640.0
933;99701.1;-11515.8;95709.2;23519.5
934;99898.3;-11305.5;95898.0;23567.6
935;99847.4;-11484.9;95865.1;23559.2
936;99495.9;-11928.1;95538.8;23480.1
937;100180.4;-10811.6;96143.7;23643.5
938;100151.1;-11093.7;96148.0;23644.9
939;100168.5;-10880.3;96139.7;23643.4
940;99782.1;-11579.7;95806.0;23546.4
941;100214.8;-10755.0;96173.6;23651.4
942;99856.6;-11414.6;95866.4;23560.6
943;100180.2;-10822.4;96144.8;23643.6
944;100392.3;-10700.4;96360.5;23698.9
945;99976.4;-11086.6;95956.1;23593.9
946;99528.1;-11983.7;95580.8;23487.1
947;99847.6;-11316.2;95843.9;23554.3
948;100066.1;-11214.2;96070.8;23627.4
949;100248.6;-10719.1;96206.6;23663.6
950;99608.5;-11875.4;95653.7;23502.1
951;99866.1;-11375.0;95871.6;23561.0
952;99952.0;-11450.0;95976.4;23597.9
953;100032.3;-11124.5;96022.1;23610.1
954;100164.9;-10885.7;96136.5;23643.1
955;99685.7;-11515.8;95692.3;23515.1
956;99755.2;-11882.1;95815.5;23548.1
957;100196.0;-10806.1;96159.8;23648.1
958;100030.0;-11079.1;96013.5;23605.2
959;100032.8;-11152.3;96026.3;23612.4
960;100217.1;-10839.3;96187.4;23655.6
961;99965.9;-11142.9;95951.6;23591.2
962;100059.3;-11050.7;96042.3;23619.1
963;99844.5;-11367.5;95846.9;23554.4
964;99559.6;-11861.2;95598.8;23492.7
965;99581.8;-11762.3;95610.5;23494.7
966;99962.6;-11143.9;95948.2;23590.5
967;99851.5;-11474.6;95868.5;23560.8
968;99744.1;-11557.8;95761.3;23533.2
969;100005.7;-11113.1;95991.5;23601.6
970;99698.6;-11528.7;95708.1;23519.3
971;99965.9;-11143.3;95951.7;23591.3
972;99899.3;-11296.5;95897.9;23567.6
973;99652.0;-11964.6;95713.8;23522.3
974;99330.7;-12000.6;95368.5;23434.5
975;100316.4;-10623.1;96267.8;23676.5
976;100013.1;-11050.2;95991.5;23601.6
977;99232.8;-12155.0;95281.4;23406.8
978;99816.0;-11341.1;95812.4;23548.0
979;100027.7;-11115.7;96015.5;23605.3
980;99843.4;-11517.9;95865.1;23559.2
981;100081.0;-11027.7;96063.0;23623.2
982;99667.9;-11629.4;95687.0;23511.5
983;99977.6;-11103.3;95959.6;23594.7
984;99906.9;-11214.6;95895.5;23565.8
985;99866.1;-11383.7;95872.7;23561.1
986;99859.3;-11383.3;95865.2;23559.3
987;99976.1;-11174.2;95966.9;23595.2
988;100174.2;-10872.7;96144.8;23643.6
989;99795.6;-11366.0;95793.0;23539.9
990;99808.1;-11466.9;95819.7;23548.4
991;99976.4;-11104.1;95958.4;23594.4
992;99855.4;-11551.1;95882.6;23564.4
993;100012.3;-11205.3;96010.4;23605.1
994;100121.7;-10892.0;96089.9;23631.1
995;100264.6;-10715.4;96223.6;23668.0
996;99886.9;-11290.6;95883.6;23564.5
997;99334.1;-12005.1;95372.8;23435.0
998;99892.6;-11309.9;95892.3;23565.5
999;100014.1;-11099.4;95999.0;23604.4
1000;99876.0;-11291.4;95871.7;23561.1
