1.000000000000000000e+01 1.000000000000000000e+00
1.100000000000000000e+01 1.000000000000000000e+00
1.200000000000000000e+01 1.000000000000000000e+00
1.300000000000000000e+01 1.000000000000000000e+00
1.400000000000000000e+01 1.000000000000000000e+00
1.500000000000000000e+01 1.000000000000000000e+00
1.600000000000000000e+01 1.000000000000000000e+00
1.700000000000000000e+01 1.000000000000000000e+00
1.800000000000000000e+01 1.000000000000000000e+00
1.900000000000000000e+01 1.000000000000000000e+00
2.000000000000000000e+01 1.000000000000000000e+00
2.099999999999999645e+01 1.000000000000000000e+00
2.200000000000000000e+01 1.000000000000000000e+00
2.300000000000000000e+01 1.000000000000000000e+00
2.400000000000000355e+01 1.000000000000000000e+00
2.500000000000000000e+01 1.000000000000000000e+00
2.600000000000000711e+01 1.000000000000000000e+00
2.700000000000000000e+01 1.000000000000000000e+00
2.800000000000000711e+01 1.000000000000000000e+00
2.900000000000000355e+01 1.000000000000000000e+00
3.000000000000000355e+01 1.000000000000000000e+00
3.100000000000000711e+01 1.000000000000000000e+00
3.200000000000000711e+01 1.000000000000000000e+00
3.300000000000000711e+01 1.000000000000000000e+00
3.400000000000000711e+01 1.000000000000000000e+00
3.500000000000000711e+01 1.000000000000000000e+00
3.600000000000000711e+01 1.000000000000000000e+00
3.700000000000001421e+01 1.000000000000000000e+00
3.800000000000001421e+01 1.000000000000000000e+00
3.900000000000001421e+01 1.000000000000000000e+00
4.000000000000001421e+01 1.000000000000000000e+00
4.100000000000001421e+01 1.000000000000000000e+00
4.200000000000001421e+01 1.000000000000000000e+00
4.300000000000001421e+01 1.000000000000000000e+00
4.400000000000002132e+01 1.000000000000000000e+00
4.500000000000001421e+01 1.000000000000000000e+00
4.600000000000001421e+01 1.000000000000000000e+00
4.700000000000002132e+01 1.000000000000000000e+00
4.800000000000002842e+01 1.000000000000000000e+00
4.900000000000002132e+01 1.000000000000000000e+00
5.000000000000001421e+01 1.000000000000000000e+00
5.100000000000001421e+01 1.000000000000000000e+00
5.200000000000001421e+01 1.000000000000000000e+00
5.300000000000000711e+01 1.000000000000000000e+00
5.400000000000000000e+01 1.000000000000000000e+00
5.500000000000000000e+01 1.000000000000000000e+00
5.600000000000000000e+01 1.000000000000000000e+00
5.699999999999999289e+01 1.000000000000000000e+00
5.799999999999998579e+01 1.000000000000000000e+00
5.899999999999998579e+01 1.000000000000000000e+00
5.999999999999998579e+01 1.000000000000000000e+00
6.099999999999997868e+01 1.000000000000000000e+00
6.199999999999997158e+01 1.000000000000000000e+00
6.299999999999997158e+01 1.000000000000000000e+00
6.399999999999997158e+01 1.000000000000000000e+00
6.499999999999997158e+01 1.000000000000000000e+00
6.599999999999995737e+01 1.000000000000000000e+00
6.699999999999995737e+01 1.000000000000000000e+00
6.799999999999995737e+01 1.000000000000000000e+00
6.899999999999994316e+01 1.000000000000000000e+00
6.999999999999994316e+01 1.000000000000000000e+00
7.099999999999994316e+01 1.000000000000000000e+00
7.199999999999994316e+01 1.000000000000000000e+00
7.299999999999994316e+01 1.000000000000000000e+00
7.399999999999992895e+01 1.000000000000000000e+00
7.499999999999992895e+01 1.000000000000000000e+00
7.599999999999992895e+01 1.000000000000000000e+00
7.699999999999991473e+01 1.000000000000000000e+00
7.799999999999991473e+01 1.000000000000000000e+00
7.899999999999991473e+01 1.000000000000000000e+00
7.999999999999991473e+01 1.000000000000000000e+00
8.099999999999991473e+01 1.000000000000000000e+00
8.199999999999990052e+01 1.000000000000000000e+00
8.299999999999990052e+01 1.000000000000000000e+00
8.399999999999990052e+01 1.000000000000000000e+00
8.499999999999988631e+01 1.000000000000000000e+00
8.599999999999988631e+01 1.000000000000000000e+00
8.699999999999988631e+01 1.000000000000000000e+00
8.799999999999988631e+01 1.000000000000000000e+00
8.899999999999988631e+01 1.000000000000000000e+00
8.999999999999987210e+01 1.000000000000000000e+00
9.099999999999987210e+01 1.000000000000000000e+00
9.199999999999987210e+01 1.000000000000000000e+00
9.299999999999985789e+01 1.000000000000000000e+00
9.399999999999985789e+01 1.000000000000000000e+00
9.499999999999985789e+01 1.000000000000000000e+00
9.599999999999985789e+01 1.000000000000000000e+00
9.699999999999985789e+01 1.000000000000000000e+00
9.799999999999984368e+01 1.000000000000000000e+00
9.899999999999984368e+01 1.000000000000000000e+00
9.999999999999984368e+01 1.000000000000000000e+00
1.009999999999998295e+02 1.000000000000000000e+00
1.019999999999998295e+02 1.000000000000000000e+00
1.029999999999998295e+02 1.000000000000000000e+00
1.039999999999998295e+02 1.000000000000000000e+00
1.049999999999998295e+02 1.000000000000000000e+00
1.059999999999998153e+02 1.000000000000000000e+00
1.069999999999998153e+02 1.000000000000000000e+00
1.079999999999998153e+02 1.000000000000000000e+00
1.089999999999998010e+02 1.000000000000000000e+00
1.099999999999998010e+02 1.000000000000000000e+00
1.109999999999998010e+02 1.000000000000000000e+00
1.119999999999998010e+02 1.000000000000000000e+00
1.129999999999998010e+02 1.000000000000000000e+00
1.139999999999997868e+02 1.000000000000000000e+00
1.149999999999997868e+02 1.000000000000000000e+00
1.159999999999997868e+02 1.000000000000000000e+00
1.169999999999997726e+02 1.000000000000000000e+00
1.179999999999997726e+02 1.000000000000000000e+00
1.189999999999997726e+02 1.000000000000000000e+00
1.199999999999997726e+02 1.000000000000000000e+00
1.209999999999997726e+02 1.000000000000000000e+00
1.219999999999997584e+02 1.000000000000000000e+00
1.229999999999997584e+02 1.000000000000000000e+00
1.239999999999997584e+02 1.000000000000000000e+00
1.249999999999997442e+02 1.000000000000000000e+00
1.259999999999997442e+02 1.000000000000000000e+00
1.269999999999997442e+02 1.000000000000000000e+00
1.279999999999997442e+02 1.000000000000000000e+00
1.289999999999997442e+02 1.000000000000000000e+00
1.299999999999997442e+02 1.000000000000000000e+00
1.309999999999997158e+02 1.000000000000000000e+00
1.319999999999997158e+02 1.000000000000000000e+00
1.329999999999997158e+02 1.000000000000000000e+00
1.339999999999997158e+02 1.000000000000000000e+00
1.349999999999997158e+02 1.000000000000000000e+00
1.359999999999997158e+02 1.000000000000000000e+00
1.369999999999997158e+02 1.000000000000000000e+00
1.379999999999997158e+02 1.000000000000000000e+00
1.389999999999997158e+02 1.000000000000000000e+00
1.399999999999996874e+02 1.000000000000000000e+00
1.409999999999996874e+02 1.000000000000000000e+00
1.419999999999996874e+02 1.000000000000000000e+00
1.429999999999996874e+02 1.000000000000000000e+00
1.439999999999996874e+02 1.000000000000000000e+00
1.449999999999996874e+02 1.000000000000000000e+00
1.459999999999996874e+02 1.000000000000000000e+00
1.469999999999996589e+02 1.000000000000000000e+00
1.479999999999996589e+02 1.000000000000000000e+00
1.489999999999996589e+02 1.000000000000000000e+00
1.499999999999996589e+02 1.000000000000000000e+00
1.509999999999996589e+02 1.000000000000000000e+00
1.519999999999996589e+02 1.000000000000000000e+00
1.529999999999996589e+02 1.000000000000000000e+00
1.539999999999996589e+02 1.000000000000000000e+00
1.549999999999996589e+02 1.000000000000000000e+00
1.559999999999996305e+02 1.000000000000000000e+00
1.569999999999996305e+02 1.000000000000000000e+00
1.579999999999996305e+02 1.000000000000000000e+00
1.589999999999996305e+02 1.000000000000000000e+00
1.599999999999996305e+02 1.000000000000000000e+00
1.609999999999996305e+02 1.000000000000000000e+00
1.619999999999996021e+02 1.000000000000000000e+00
1.629999999999996021e+02 1.000000000000000000e+00
1.639999999999996305e+02 1.000000000000000000e+00
1.649999999999996021e+02 1.000000000000000000e+00
1.659999999999996021e+02 1.000000000000000000e+00
1.669999999999996021e+02 1.000000000000000000e+00
1.679999999999996021e+02 1.000000000000000000e+00
1.689999999999996021e+02 1.000000000000000000e+00
1.699999999999995737e+02 1.000000000000000000e+00
1.709999999999996021e+02 1.000000000000000000e+00
1.719999999999996021e+02 1.000000000000000000e+00
1.729999999999996021e+02 1.000000000000000000e+00
1.739999999999996305e+02 1.000000000000000000e+00
1.749999999999996589e+02 1.000000000000000000e+00
1.759999999999996589e+02 1.000000000000000000e+00
1.769999999999996589e+02 1.000000000000000000e+00
1.779999999999996874e+02 1.000000000000000000e+00
1.789999999999997158e+02 1.000000000000000000e+00
1.799999999999997158e+02 1.000000000000000000e+00
1.809999999999997158e+02 1.000000000000000000e+00
1.819999999999997442e+02 1.000000000000000000e+00
1.829999999999997726e+02 1.000000000000000000e+00
1.839999999999997726e+02 1.000000000000000000e+00
1.849999999999997726e+02 1.000000000000000000e+00
1.859999999999998010e+02 1.000000000000000000e+00
1.869999999999998295e+02 1.000000000000000000e+00
1.879999999999998295e+02 1.000000000000000000e+00
1.889999999999998295e+02 1.000000000000000000e+00
1.899999999999998579e+02 1.000000000000000000e+00
1.909999999999998863e+02 1.000000000000000000e+00
1.919999999999998863e+02 1.000000000000000000e+00
1.920624999999998863e+02 1.000000000000000000e+00
1.921249999999999147e+02 1.000000000000000000e+00
1.921874999999999432e+02 1.000000000000000000e+00
1.921953124999999147e+02 1.000000000000000000e+00
1.922031249999999147e+02 1.000000000000000000e+00
1.922109374999999147e+02 1.000000000000000000e+00
1.922119140624998863e+02 1.000000000000000000e+00
1.922119750976561363e+02 1.000000000000000000e+00
1.922120361328123579e+02 1.000000000000000000e+00
1.922120666503904829e+02 1.000000000000000000e+00
1.922120971679686079e+02 1.000000000000000000e+00
1.922121124267576704e+02 1.000000000000000000e+00
1.922121276855467613e+02 1.000000000000000000e+00
1.922121353149412926e+02 1.000000000000000000e+00
1.922121391296385582e+02 1.000000000000000000e+00
1.922121410369871626e+02 1.000000000000000000e+00
1.922121429443357954e+02 1.000000000000000000e+00
1.922121438980101402e+02 1.000000000000000000e+00
1.922121448516844566e+02 1.000000000000000000e+00
1.922121453285216148e+02 1.000000000000000000e+00
1.922121458053587730e+02 1.000000000000000000e+00
1.922121459245680626e+02 1.000000000000000000e+00
1.922121460437773521e+02 1.000000000000000000e+00
1.922121461629866417e+02 1.000000000000000000e+00
1.922121462821959312e+02 1.000000000000001332e+00
1.922121463418005760e+02 1.000000000000088818e+00
1.922121464014052208e+02 1.000000000003832268e+00
1.922121464312075716e+02 1.000000000016940449e+00
1.922121464461087044e+02 1.000000000030082159e+00
1.922121464535592850e+02 1.000000000034224179e+00
1.922121464610098656e+02 1.000000000005413670e+00
1.922121464684604462e+02 1.000000000030742964e+00
1.922121464693917403e+02 1.000000000066763040e+00
1.922121464698574016e+02 1.000000000111189724e+00
