1.000000000000000000e+01 9.999999999999996447e+00
1.100000000000000000e+01 1.099999999992873079e+01
1.200000000000000000e+01 1.199999999992241939e+01
1.300000000000000000e+01 1.299999999991609023e+01
1.400000000000000000e+01 1.399999999990973976e+01
1.500000000000000000e+01 1.499999999990338040e+01
1.600000000000000000e+01 1.599999999989698551e+01
1.700000000000000000e+01 1.699999999989057642e+01
1.800000000000000000e+01 1.799999999988413535e+01
1.900000000000000000e+01 1.899999999987767296e+01
2.000000000000000000e+01 1.999999999987118571e+01
2.099999999999999645e+01 2.099999999986465937e+01
2.200000000000000000e+01 2.199999999985811527e+01
2.300000000000000000e+01 2.299999999985153210e+01
2.400000000000000355e+01 2.399999999984491694e+01
2.500000000000000000e+01 2.499999999983825560e+01
2.600000000000000711e+01 2.599999999983157295e+01
2.700000000000000000e+01 2.699999999982484056e+01
2.800000000000000711e+01 2.799999999981808685e+01
2.900000000000000355e+01 2.899999999981127274e+01
3.000000000000000355e+01 2.999999999980441245e+01
3.100000000000000711e+01 3.099999999979751308e+01
3.200000000000000711e+01 3.199999999979056753e+01
3.300000000000000711e+01 3.299999999978358289e+01
3.400000000000000711e+01 3.399999999977652720e+01
3.500000000000000711e+01 3.499999999976944309e+01
3.600000000000000711e+01 3.599999999976229503e+01
3.700000000000001421e+01 3.699999999975509013e+01
3.800000000000001421e+01 3.799999999974782128e+01
3.900000000000001421e+01 3.899999999974049558e+01
4.000000000000001421e+01 3.999999999973311304e+01
4.100000000000001421e+01 4.099999999972567366e+01
4.200000000000001421e+01 4.199999999971816322e+01
4.300000000000001421e+01 4.299999999971058173e+01
4.400000000000002132e+01 4.399999999970293629e+01
4.500000000000001421e+01 4.499999999969521269e+01
4.600000000000001421e+01 4.599999999968741804e+01
4.700000000000002132e+01 4.699999999967955233e+01
4.800000000000002842e+01 4.799999999967160136e+01
4.900000000000002132e+01 4.899999999966358644e+01
5.000000000000001421e+01 4.999999999965545072e+01
5.100000000000001421e+01 5.099999999964728659e+01
5.200000000000001421e+01 5.199999999963898034e+01
5.300000000000000711e+01 5.299999999963061015e+01
5.400000000000000000e+01 5.399999999962214758e+01
5.500000000000000000e+01 5.499999999961359265e+01
5.600000000000000000e+01 5.599999999960494534e+01
5.699999999999999289e+01 5.699999999959619856e+01
5.799999999999998579e+01 5.799999999958732388e+01
5.899999999999998579e+01 5.899999999957837815e+01
5.999999999999998579e+01 5.999999999956931163e+01
6.099999999999997868e+01 6.099999999956013852e+01
6.199999999999997158e+01 6.199999999955084462e+01
6.299999999999997158e+01 6.299999999954144414e+01
6.399999999999997158e+01 6.399999999953192287e+01
6.499999999999997158e+01 6.499999999952230212e+01
6.599999999999995737e+01 6.599999999951253926e+01
6.699999999999995737e+01 6.699999999950266272e+01
6.799999999999995737e+01 6.799999999949261564e+01
6.899999999999994316e+01 6.899999999948244067e+01
6.999999999999994316e+01 6.999999999947215201e+01
7.099999999999994316e+01 7.099999999946172125e+01
7.199999999999994316e+01 7.199999999945113416e+01
7.299999999999994316e+01 7.299999999944044760e+01
7.399999999999992895e+01 7.399999999942956208e+01
7.499999999999992895e+01 7.499999999941850604e+01
7.599999999999992895e+01 7.599999999940733630e+01
7.699999999999991473e+01 7.699999999939596762e+01
7.799999999999991473e+01 7.799999999938445683e+01
7.899999999999991473e+01 7.899999999937276129e+01
7.999999999999991473e+01 7.999999999936090944e+01
8.099999999999991473e+01 8.099999999934883022e+01
8.199999999999990052e+01 8.199999999933660888e+01
8.299999999999990052e+01 8.299999999932417438e+01
8.399999999999990052e+01 8.399999999931159778e+01
8.499999999999988631e+01 8.499999999929880801e+01
8.599999999999988631e+01 8.599999999928577665e+01
8.699999999999988631e+01 8.699999999927257477e+01
8.799999999999988631e+01 8.799999999925915972e+01
8.899999999999988631e+01 8.899999999924551730e+01
8.999999999999987210e+01 8.999999999923163330e+01
9.099999999999987210e+01 9.099999999921752192e+01
9.199999999999987210e+01 9.199999999920319738e+01
9.299999999999985789e+01 9.299999999918863125e+01
9.399999999999985789e+01 9.399999999917382354e+01
9.499999999999985789e+01 9.499999999915877424e+01
9.599999999999985789e+01 9.599999999914346915e+01
9.699999999999985789e+01 9.699999999912785142e+01
9.799999999999984368e+01 9.799999999911193527e+01
9.899999999999984368e+01 9.899999999909583437e+01
9.999999999999984368e+01 9.999999999907940662e+01
1.009999999999998295e+02 1.009999999990626662e+02
1.019999999999998295e+02 1.019999999990456558e+02
1.029999999999998295e+02 1.029999999990283754e+02
1.039999999999998295e+02 1.039999999990107256e+02
1.049999999999998295e+02 1.049999999989927488e+02
1.059999999999998153e+02 1.059999999989744452e+02
1.069999999999998153e+02 1.069999999989558574e+02
1.079999999999998153e+02 1.079999999989368575e+02
1.089999999999998010e+02 1.089999999989175166e+02
1.099999999999998010e+02 1.099999999988978630e+02
1.109999999999998010e+02 1.109999999988777688e+02
1.119999999999998010e+02 1.119999999988573194e+02
1.129999999999998010e+02 1.129999999988364294e+02
1.139999999999997868e+02 1.139999999988151558e+02
1.149999999999997868e+02 1.149999999987934842e+02
1.159999999999997868e+02 1.159999999987714006e+02
1.169999999999997726e+02 1.169999999987487911e+02
1.179999999999997726e+02 1.179999999987258121e+02
1.189999999999997726e+02 1.189999999987023642e+02
1.199999999999997726e+02 1.199999999986784331e+02
1.209999999999997726e+02 1.209999999986539905e+02
1.219999999999997584e+02 1.219999999986290788e+02
1.229999999999997584e+02 1.229999999986036414e+02
1.239999999999997584e+02 1.239999999985776924e+02
1.249999999999997442e+02 1.249999999985511749e+02
1.259999999999997442e+02 1.259999999985240748e+02
1.269999999999997442e+02 1.269999999984964489e+02
1.279999999999997442e+02 1.279999999984682262e+02
1.289999999999997442e+02 1.289999999984394208e+02
1.299999999999997442e+02 1.299999999984099190e+02
1.309999999999997158e+02 1.309999999983797920e+02
1.319999999999997158e+02 1.319999999983490966e+02
1.329999999999997158e+02 1.329999999983176338e+02
1.339999999999997158e+02 1.339999999982855172e+02
1.349999999999997158e+02 1.349999999982526617e+02
1.359999999999997158e+02 1.359999999982190957e+02
1.369999999999997158e+02 1.369999999981847623e+02
1.379999999999997158e+02 1.379999999981496899e+02
1.389999999999997158e+02 1.389999999981137648e+02
1.399999999999996874e+02 1.399999999980769871e+02
1.409999999999996874e+02 1.409999999980394136e+02
1.419999999999996874e+02 1.419999999980009591e+02
1.429999999999996874e+02 1.429999999979615666e+02
1.439999999999996874e+02 1.439999999979212930e+02
1.449999999999996874e+02 1.449999999978800531e+02
1.459999999999996874e+02 1.459999999978378469e+02
1.469999999999996589e+02 1.469999999977945322e+02
1.479999999999996589e+02 1.479999999977502512e+02
1.489999999999996589e+02 1.489999999977048901e+02
1.499999999999996589e+02 1.499999999976583922e+02
1.509999999999996589e+02 1.509999999976108143e+02
1.519999999999996589e+02 1.519999999975620142e+02
1.529999999999996589e+02 1.529999999975119351e+02
1.539999999999996589e+02 1.539999999974606624e+02
1.549999999999996589e+02 1.549999999974080822e+02
1.559999999999996305e+02 1.559999999973541946e+02
1.569999999999996305e+02 1.569999999972988860e+02
1.579999999999996305e+02 1.579999999972421563e+02
1.589999999999996305e+02 1.589999999971840055e+02
1.599999999999996305e+02 1.599999999971241493e+02
1.609999999999996305e+02 1.609999999970629005e+02
1.619999999999996021e+02 1.619999999970000033e+02
1.629999999999996021e+02 1.629999999969354292e+02
1.639999999999996305e+02 1.639999999968691213e+02
1.649999999999996021e+02 1.649999999968010229e+02
1.659999999999996021e+02 1.659999999967309918e+02
1.669999999999996021e+02 1.669999999966591702e+02
1.679999999999996021e+02 1.679999999965853021e+02
1.689999999999996021e+02 1.689999999965093593e+02
1.699999999999995737e+02 1.699999999964312849e+02
1.709999999999996021e+02 1.709999999963511357e+02
1.719999999999996021e+02 1.719999999962686275e+02
1.729999999999996021e+02 1.729999999961837318e+02
1.739999999999996305e+02 1.739999999960964487e+02
1.749999999999996589e+02 1.749999999960066930e+02
1.759999999999996589e+02 1.759999999959142372e+02
1.769999999999996589e+02 1.769999999958190813e+02
1.779999999999996874e+02 1.779999999957211116e+02
1.789999999999997158e+02 1.789999999956202430e+02
1.799999999999997158e+02 1.799999999955163048e+02
1.809999999999997158e+02 1.809999999954092686e+02
1.819999999999997442e+02 1.819999999952989072e+02
1.829999999999997726e+02 1.829999999951852487e+02
1.839999999999997726e+02 1.839999999950680092e+02
1.849999999999997726e+02 1.849999999949471032e+02
1.859999999999998010e+02 1.859999999948224740e+02
1.869999999999998295e+02 1.869999999946938658e+02
1.879999999999998295e+02 1.879999999945611648e+02
1.889999999999998295e+02 1.889999999944240869e+02
1.899999999999998579e+02 1.899999999942826605e+02
1.909999999999998863e+02 1.909999999941366013e+02
1.919999999999998863e+02 1.919999999939858526e+02
1.920624999999998863e+02 1.920624999999998010e+02
1.921249999999999147e+02 1.921249999999998010e+02
1.921874999999999432e+02 1.921874999999998579e+02
1.922031249999999147e+02 1.922031249999998863e+02
1.922109374999999147e+02 1.922109374999999147e+02
1.922119140624998863e+02 1.922119140614148023e+02
1.922120361328123863e+02 1.922120361327955038e+02
1.922120666503905113e+02 1.922120666503894313e+02
1.922120971679686363e+02 1.922120971679675563e+02
1.922121124267576988e+02 1.922121124267573862e+02
1.922121276855467897e+02 1.922121276855465055e+02
1.922121429443358807e+02 1.922121429443356249e+02
1.922121448516844850e+02 1.922121448516844282e+02
1.922121458053588299e+02 1.922121458053588867e+02
1.922121462821959881e+02 1.922121462821959312e+02
1.922121464014052776e+02 1.922121464014053061e+02
1.922121464312076000e+02 1.922121464312076000e+02
1.922121464461087612e+02 1.922121464461087896e+02
1.922121464610098940e+02 1.922121464610099224e+02
1.922121464612427530e+02 1.922121464612427530e+02
1.922121464614755837e+02 1.922121464617084428e+02
1.922121464617084143e+02 1.922121464619412166e+02
1.922121464617229947e+02 1.922121464617375750e+02
1.922121464617375750e+02 1.922121464617375466e+02
1.922121464617521269e+02 1.922121464617666788e+02
1.922121464617666788e+02 1.922121464617812876e+02
1.922121464617812592e+02 1.922121464617957827e+02
1.922121464617958395e+02 1.922121464618103914e+02
1.922121464618103914e+02 1.922121464618249718e+02
1.922121464618249433e+02 1.922121464618394953e+02
1.922121464618395237e+02 1.922121464618540756e+02
1.922121464618541040e+02 1.922121464618686275e+02
1.922121464618686559e+02 1.922121464618832078e+02
1.922121464618832078e+02 1.922121464618978166e+02
1.922121464618977882e+02 1.922121464619123685e+02
1.922121464619123685e+02 1.922121464619269773e+02
1.922121464619269204e+02 1.922121464619415008e+02
1.922121464619414724e+02 1.922121464619560243e+02
1.922121464619560527e+02 1.922121464619706330e+02
1.922121464619706330e+02 1.922121464619851565e+02
1.922121464619851849e+02 1.922121464619997084e+02
1.922121464619924609e+02 1.922121464620069844e+02
1.922121464619960989e+02 1.922121464620034317e+02
1.922121464619979179e+02 1.922121464620015274e+02
1.922121464619997084e+02 1.922121464620015558e+02
1.922121464620001916e+02 1.922121464620019538e+02
1.922121464620006464e+02 1.922121464620011011e+02
1.922121464620008453e+02 1.922121464620013285e+02
1.922121464620009306e+02 1.922121464620011011e+02
