2.000000000000000000e+01 9.998753306757741655e-01
2.100000000000000000e+01 9.998522836092845756e-01
2.200000000000000000e+01 9.998270384521612542e-01
2.300000000000000000e+01 9.997995943490326498e-01
2.400000000000000000e+01 9.997699503696196865e-01
2.500000000000000000e+01 9.997381055086030921e-01
2.600000000000000000e+01 9.997040586854797350e-01
2.700000000000000000e+01 9.996678087444107463e-01
2.800000000000000000e+01 9.996293544540534315e-01
2.900000000000000000e+01 9.995886945073881868e-01
3.000000000000000000e+01 9.995458275215299837e-01
3.099999999999999645e+01 9.995007520375314147e-01
3.200000000000000000e+01 9.994534665201730839e-01
3.300000000000000000e+01 9.994039693577437822e-01
3.400000000000000000e+01 9.993522588618088953e-01
3.500000000000000000e+01 9.992983332669673757e-01
3.600000000000000711e+01 9.992421907305980566e-01
3.700000000000000000e+01 9.991838293325929765e-01
3.800000000000000711e+01 9.991232470750815997e-01
3.900000000000000000e+01 9.990604418821401600e-01
4.000000000000000000e+01 9.989954115994915673e-01
4.100000000000000711e+01 9.989281539941931021e-01
4.200000000000000711e+01 9.988586667543116748e-01
4.300000000000000711e+01 9.987869474885863186e-01
4.400000000000000711e+01 9.987129937260802448e-01
4.500000000000000711e+01 9.986368029158194659e-01
4.600000000000000711e+01 9.985583724264182059e-01
4.700000000000001421e+01 9.984776995456936532e-01
4.800000000000001421e+01 9.983947814802668352e-01
4.900000000000001421e+01 9.983096153551506147e-01
5.000000000000001421e+01 9.982221982133248073e-01
5.100000000000001421e+01 9.981325270152990869e-01
5.200000000000001421e+01 9.980405986386605699e-01
5.300000000000001421e+01 9.979464098776109626e-01
5.400000000000002132e+01 9.978499574424867236e-01
5.500000000000001421e+01 9.977512379592684555e-01
5.600000000000001421e+01 9.976502479690747549e-01
5.700000000000002132e+01 9.975469839276419615e-01
5.800000000000002842e+01 9.974414422047905848e-01
5.900000000000002132e+01 9.973336190838764104e-01
6.000000000000001421e+01 9.972235107612275051e-01
6.100000000000001421e+01 9.971111133455656805e-01
6.200000000000001421e+01 9.969964228574136333e-01
6.300000000000000711e+01 9.968794352284866545e-01
6.400000000000000000e+01 9.967601463010687945e-01
6.500000000000000000e+01 9.966385518273727095e-01
6.600000000000000000e+01 9.965146474688846290e-01
6.700000000000000000e+01 9.963884287956925601e-01
6.799999999999998579e+01 9.962598912857983935e-01
6.899999999999998579e+01 9.961290303244122457e-01
6.999999999999998579e+01 9.959958412032318131e-01
7.099999999999997158e+01 9.958603191197032967e-01
7.199999999999997158e+01 9.957224591762640076e-01
7.299999999999997158e+01 9.955822563795695412e-01
7.399999999999997158e+01 9.954397056397011889e-01
7.499999999999997158e+01 9.952948017693550309e-01
7.599999999999995737e+01 9.951475394830135990e-01
7.699999999999995737e+01 9.949979133960972222e-01
7.799999999999995737e+01 9.948459180240969424e-01
7.899999999999994316e+01 9.946915477816875573e-01
7.999999999999994316e+01 9.945347969818211231e-01
8.099999999999994316e+01 9.943756598347989195e-01
8.199999999999994316e+01 9.942141304473244290e-01
8.299999999999994316e+01 9.940502028215344454e-01
8.399999999999992895e+01 9.938838708540084221e-01
8.499999999999992895e+01 9.937151283347566144e-01
8.599999999999992895e+01 9.935439689461860180e-01
8.699999999999991473e+01 9.933703862620433256e-01
8.799999999999991473e+01 9.931943737463353461e-01
8.899999999999991473e+01 9.930159247522253319e-01
8.999999999999991473e+01 9.928350325209057692e-01
9.099999999999991473e+01 9.926516901804468551e-01
9.199999999999990052e+01 9.924658907446199940e-01
9.299999999999990052e+01 9.922776271116962032e-01
9.399999999999990052e+01 9.920868920632175403e-01
9.499999999999988631e+01 9.918936782627447712e-01
9.599999999999988631e+01 9.916979782545747302e-01
9.699999999999988631e+01 9.914997844624325873e-01
9.799999999999988631e+01 9.912990891881361399e-01
9.899999999999988631e+01 9.910958846102304598e-01
9.999999999999987210e+01 9.908901627825937863e-01
1.009999999999998721e+02 9.906819156330136655e-01
1.019999999999998721e+02 9.904711349617334459e-01
1.029999999999998579e+02 9.902578124399665782e-01
1.039999999999998579e+02 9.900419396083801615e-01
1.049999999999998579e+02 9.898235078755449612e-01
1.059999999999998579e+02 9.896025085163544510e-01
1.069999999999998579e+02 9.893789326704077736e-01
1.079999999999998437e+02 9.891527713403596156e-01
1.089999999999998437e+02 9.889240153902345565e-01
1.099999999999998437e+02 9.886926555437048902e-01
1.109999999999998295e+02 9.884586823823324764e-01
1.119999999999998295e+02 9.882220863437717329e-01
1.129999999999998295e+02 9.879828577199352146e-01
1.139999999999998295e+02 9.877409866551194462e-01
1.149999999999998295e+02 9.874964631440901197e-01
1.159999999999998153e+02 9.872492770301264375e-01
1.169999999999998153e+02 9.869994180030229325e-01
1.179999999999998153e+02 9.867468755970486560e-01
1.189999999999998010e+02 9.864916391888618463e-01
1.199999999999998010e+02 9.862336979953788552e-01
1.209999999999998010e+02 9.859730410715982218e-01
1.219999999999998010e+02 9.857096573083762303e-01
1.229999999999998010e+02 9.854435354301533945e-01
1.239999999999997868e+02 9.851746639926336480e-01
1.249999999999997868e+02 9.849030313804099102e-01
1.259999999999997868e+02 9.846286258045383599e-01
1.269999999999997726e+02 9.843514353000610839e-01
1.279999999999997726e+02 9.840714477234712154e-01
1.289999999999997726e+02 9.837886507501234501e-01
1.299999999999997726e+02 9.835030318715876074e-01
1.309999999999997726e+02 9.832145783929412408e-01
1.319999999999997726e+02 9.829232774300048492e-01
1.329999999999997726e+02 9.826291159065118075e-01
1.339999999999997726e+02 9.823320805512170129e-01
1.349999999999997442e+02 9.820321578949394725e-01
1.359999999999997442e+02 9.817293342675386114e-01
1.369999999999997442e+02 9.814235957948208577e-01
1.379999999999997442e+02 9.811149283953770617e-01
1.389999999999997442e+02 9.808033177773473055e-01
1.399999999999997442e+02 9.804887494351107735e-01
1.409999999999997158e+02 9.801712086459006823e-01
1.419999999999997158e+02 9.798506804663401626e-01
1.429999999999997158e+02 9.795271497288985385e-01
1.439999999999997158e+02 9.792006010382645620e-01
1.449999999999997158e+02 9.788710187676357144e-01
1.459999999999997158e+02 9.785383870549191343e-01
1.469999999999997158e+02 9.782026897988448377e-01
1.479999999999997158e+02 9.778639106549864568e-01
1.489999999999997158e+02 9.775220330316877204e-01
1.499999999999996874e+02 9.771770400858899031e-01
1.509999999999996874e+02 9.768289147188635724e-01
1.519999999999996874e+02 9.764776395718338664e-01
1.529999999999996874e+02 9.761231970215028531e-01
1.539999999999996874e+02 9.757655691754607563e-01
1.549999999999996874e+02 9.754047378674892688e-01
1.559999999999996874e+02 9.750406846527461813e-01
1.569999999999996589e+02 9.746733908028339943e-01
1.579999999999996589e+02 9.743028373007462939e-01
1.589999999999996589e+02 9.739290048356887830e-01
1.599999999999996589e+02 9.735518737977716386e-01
1.609999999999996589e+02 9.731714242725685304e-01
1.619999999999996589e+02 9.727876360355394159e-01
1.629999999999996589e+02 9.724004885463122250e-01
1.639999999999996589e+02 9.720099609428192178e-01
1.649999999999996589e+02 9.716160320352841273e-01
1.659999999999996305e+02 9.712186803000546487e-01
1.669999999999996305e+02 9.708178838732761662e-01
1.679999999999996305e+02 9.704136205444019447e-01
1.689999999999996305e+02 9.700058677495341231e-01
1.699999999999996305e+02 9.695946025645904021e-01
1.709999999999996305e+02 9.691798016982903219e-01
1.719999999999996021e+02 9.687614414849579081e-01
1.729999999999996021e+02 9.683394978771309169e-01
1.739999999999996305e+02 9.679139464379732383e-01
1.749999999999996021e+02 9.674847623334840163e-01
1.759999999999996021e+02 9.670519203244949402e-01
1.769999999999996021e+02 9.666153947584512629e-01
1.779999999999996021e+02 9.661751595609668897e-01
1.789999999999996021e+02 9.657311882271494285e-01
1.799999999999995737e+02 9.652834538126824349e-01
1.809999999999996021e+02 9.648319289246627406e-01
1.819999999999996021e+02 9.643765857121796570e-01
1.829999999999996021e+02 9.639173958566294997e-01
1.839999999999996305e+02 9.634543305617572218e-01
1.849999999999996589e+02 9.629873605434132733e-01
1.859999999999996589e+02 9.625164560190173635e-01
1.869999999999996589e+02 9.620415866967193530e-01
1.879999999999996874e+02 9.615627217642458424e-01
1.889999999999997158e+02 9.610798298774213544e-01
1.899999999999997158e+02 9.605928791483520079e-01
1.909999999999997158e+02 9.601018371332621371e-01
1.919999999999997442e+02 9.596066708199676443e-01
1.929999999999997726e+02 9.591073466149753202e-01
1.939999999999997726e+02 9.586038303301950281e-01
1.949999999999997726e+02 9.580960871692478786e-01
1.959999999999998010e+02 9.575840817133579597e-01
1.969999999999998295e+02 9.570677779068107460e-01
1.979999999999998295e+02 9.565471390419632014e-01
1.989999999999998295e+02 9.560221277437848109e-01
1.999999999999998579e+02 9.554927059539203293e-01
2.009999999999998863e+02 9.549588349142432708e-01
2.019999999999998863e+02 9.544204751498940320e-01
2.029999999999998863e+02 9.538775864517698988e-01
2.039999999999999147e+02 9.533301278584577210e-01
2.049999999999999432e+02 9.527780576375758370e-01
2.059999999999999432e+02 9.522213332665105945e-01
2.069999999999999432e+02 9.516599114125191550e-01
2.074999999999999716e+02 9.513774251613790200e-01
2.079999999999999716e+02 9.510937479121720495e-01
2.084999999999999716e+02 9.508088740111899639e-01
2.087499999999999716e+02 9.506659865345855609e-01
2.087578124999999432e+02 9.506615164496319270e-01
2.087579345703124716e+02 9.506614466022197396e-01
2.087579650878905682e+02 9.506614291403554518e-01
2.087579727172851278e+02 9.506614247748886859e-01
2.087579731941222860e+02 9.506614245020470477e-01
2.087579736709594442e+02 9.506614242292052985e-01
2.087579737901687338e+02 9.506614241609949723e-01
2.087579738497734070e+02 9.506614241268895871e-01
2.087579738795757294e+02 9.506614241098386708e-01
2.087579738944768621e+02 9.506614241020437950e-01
2.087579739019274427e+02 9.506614240924542436e-01
2.087579739021603018e+02 9.506614241324706782e-01
2.087579739023931324e+02 9.506614240971762442e-01
2.087579739025095478e+02 9.506614240974174956e-01
2.087579739026259631e+02 9.506614240968302987e-01
2.087579739026841708e+02 9.506614240967629081e-01
2.087579739027132746e+02 9.506614240967007357e-01
2.087579739027423784e+02 9.506614240965987062e-01
2.087579739027569303e+02 9.506614240965775009e-01
2.087579739027642063e+02 9.506614240965740592e-01
2.087579739027678443e+02 9.506614240965731710e-01
2.087579739027696633e+02 9.506614240965718388e-01
2.087579739027714538e+02 9.506614240965662876e-01
2.087579739027723917e+02 9.506614240965662876e-01
2.087579739027728465e+02 9.506614240965663987e-01
2.087579739027733012e+02 9.506614240965649554e-01
2.087579739027735286e+02 9.506614240965644003e-01
2.087579739027736423e+02 9.506614240965638452e-01
2.087579739027737276e+02 9.506614240965636231e-01
2.087579739027738128e+02 9.506614240965630680e-01
