2.000000000000000000e+01 1.579193729486227937e-01
2.100000000000000000e+01 1.586613030962524817e-01
2.200000000000000000e+01 1.594509393964216315e-01
2.300000000000000000e+01 1.602882978944286663e-01
2.400000000000000000e+01 1.611733960309891245e-01
2.500000000000000000e+01 1.621062526452554664e-01
2.600000000000000000e+01 1.630868879777480629e-01
2.700000000000000000e+01 1.641153236729309128e-01
2.800000000000000000e+01 1.651915827820538141e-01
2.900000000000000000e+01 1.663156897674156198e-01
3.000000000000000000e+01 1.674876705046735026e-01
3.099999999999999645e+01 1.687075522880832068e-01
3.200000000000000000e+01 1.699753638336076733e-01
3.300000000000000000e+01 1.712911352827362066e-01
3.400000000000000000e+01 1.726548982084352701e-01
3.500000000000000000e+01 1.740666856179018396e-01
3.600000000000000711e+01 1.755265319586918338e-01
3.700000000000000000e+01 1.770344731238715497e-01
3.800000000000000711e+01 1.785905464562809186e-01
3.900000000000000000e+01 1.801947907551060268e-01
4.000000000000000000e+01 1.818472462805864609e-01
4.100000000000000711e+01 1.835479547617424601e-01
4.200000000000000711e+01 1.852969594003717191e-01
4.300000000000000711e+01 1.870943048792206298e-01
4.400000000000000711e+01 1.889400373681127121e-01
4.500000000000000711e+01 1.908342045301658629e-01
4.600000000000000711e+01 1.927768555302300513e-01
4.700000000000001421e+01 1.947680410414598384e-01
4.800000000000001421e+01 1.968078132527750768e-01
4.900000000000001421e+01 1.988962258774762404e-01
5.000000000000001421e+01 2.010333341610603952e-01
5.100000000000001421e+01 2.032191948896588940e-01
5.200000000000001421e+01 2.054538663978533464e-01
5.300000000000001421e+01 2.077374085790673064e-01
5.400000000000002132e+01 2.100698828939151497e-01
5.500000000000001421e+01 2.124513523796167647e-01
5.600000000000001421e+01 2.148818816595898795e-01
5.700000000000002132e+01 2.173615369540193853e-01
5.800000000000002842e+01 2.198903860896272988e-01
5.900000000000002132e+01 2.224684985101532675e-01
6.000000000000001421e+01 2.250959452873679822e-01
6.100000000000001421e+01 2.277727991322642254e-01
6.200000000000001421e+01 2.304991344067808257e-01
6.300000000000000711e+01 2.332750271342831638e-01
6.400000000000000000e+01 2.361005550125305774e-01
6.500000000000000000e+01 2.389757974264661300e-01
6.600000000000000000e+01 2.419008354593188415e-01
6.700000000000000000e+01 2.448757519069921784e-01
6.799999999999998579e+01 2.479006312901432807e-01
6.899999999999998579e+01 2.509755598689267231e-01
6.999999999999998579e+01 2.541006256559619203e-01
7.099999999999997158e+01 2.572759184311657066e-01
7.199999999999997158e+01 2.605015297555191012e-01
7.299999999999997158e+01 2.637775529869657021e-01
7.399999999999997158e+01 2.671040832955995370e-01
7.499999999999997158e+01 2.704812176783200073e-01
7.599999999999995737e+01 2.739090549762401849e-01
7.699999999999995737e+01 2.773876958897858458e-01
7.799999999999995737e+01 2.809172429961925843e-01
7.899999999999994316e+01 2.844978007667364750e-01
7.999999999999994316e+01 2.881294755836982802e-01
8.099999999999994316e+01 2.918123757590151968e-01
8.199999999999994316e+01 2.955466115517779713e-01
8.299999999999994316e+01 2.993322951877708249e-01
8.399999999999992895e+01 3.031695408785672896e-01
8.499999999999992895e+01 3.070584648404484085e-01
8.599999999999992895e+01 3.109991853154525643e-01
8.699999999999991473e+01 3.149918225907377689e-01
8.799999999999991473e+01 3.190364990208749418e-01
8.899999999999991473e+01 3.231333390483648316e-01
8.999999999999991473e+01 3.272824692253095691e-01
9.099999999999991473e+01 3.314840182368605781e-01
9.199999999999990052e+01 3.357381169234230356e-01
9.299999999999990052e+01 3.400448983037485107e-01
9.399999999999990052e+01 3.444044975993598712e-01
9.499999999999988631e+01 3.488170522590650080e-01
9.599999999999988631e+01 3.532827019834705595e-01
9.699999999999988631e+01 3.578015887507390858e-01
9.799999999999988631e+01 3.623738568424350603e-01
9.899999999999988631e+01 3.669996528708807659e-01
9.999999999999987210e+01 3.716791258055351932e-01
1.009999999999998721e+02 3.764124270010604789e-01
1.019999999999998721e+02 3.811997102261877046e-01
1.029999999999998579e+02 3.860411316920497882e-01
1.039999999999998579e+02 3.909368500829124571e-01
1.049999999999998579e+02 3.958870265853953185e-01
1.059999999999998579e+02 4.008918249199133754e-01
1.069999999999998579e+02 4.059514113731843565e-01
1.079999999999998437e+02 4.110659548289596898e-01
1.089999999999998437e+02 4.162356268032851858e-01
1.099999999999998437e+02 4.214606014757649177e-01
1.109999999999998295e+02 4.267410557265982618e-01
1.119999999999998295e+02 4.320771691705971307e-01
1.129999999999998295e+02 4.374691241936901065e-01
1.139999999999998295e+02 4.429171059896930274e-01
1.149999999999998295e+02 4.484213025981453882e-01
1.159999999999998153e+02 4.539819049431237374e-01
1.169999999999998153e+02 4.595991068724103457e-01
1.179999999999998153e+02 4.652731051979941412e-01
1.189999999999998010e+02 4.710040997373710070e-01
1.199999999999998010e+02 4.767922933556434373e-01
1.209999999999998010e+02 4.826378920089524627e-01
1.219999999999998010e+02 4.885411047877319390e-01
1.229999999999998010e+02 4.945021439628938253e-01
1.239999999999997868e+02 5.005212250311252831e-01
1.249999999999997868e+02 5.065985667628503109e-01
1.259999999999997868e+02 5.127343912495696543e-01
1.269999999999997726e+02 5.189289239536876153e-01
1.279999999999997726e+02 5.251823937596711289e-01
1.289999999999997726e+02 5.314950330240542087e-01
1.299999999999997726e+02 5.378670776301497369e-01
1.309999999999997726e+02 5.442987670407184453e-01
1.319999999999997726e+02 5.507903443538353372e-01
1.329999999999997726e+02 5.573420563599995603e-01
1.339999999999997726e+02 5.639541535991554611e-01
1.349999999999997442e+02 5.706268904204669923e-01
1.359999999999997442e+02 5.773605250432467528e-01
1.369999999999997442e+02 5.841553196187732055e-01
1.379999999999997442e+02 5.910115402940618878e-01
1.389999999999997442e+02 5.979294572768800720e-01
1.399999999999997442e+02 6.049093449023601465e-01
1.409999999999997158e+02 6.119514817020998976e-01
1.419999999999997158e+02 6.190561504728187003e-01
1.429999999999997158e+02 6.262236383492769676e-01
1.439999999999997158e+02 6.334542368768403264e-01
1.449999999999997158e+02 6.407482420868859663e-01
1.459999999999997158e+02 6.481059545741629790e-01
1.469999999999997158e+02 6.555276795754849672e-01
1.479999999999997158e+02 6.630137270507319158e-01
1.489999999999997158e+02 6.705644117651843317e-01
1.499999999999996874e+02 6.781800533757653682e-01
1.509999999999996874e+02 6.858609765168388606e-01
1.519999999999996874e+02 6.936075108905370712e-01
1.529999999999996874e+02 7.014199913577989776e-01
1.539999999999996874e+02 7.092987580325171848e-01
1.549999999999996874e+02 7.172441563775500128e-01
1.559999999999996874e+02 7.252565373043751151e-01
1.569999999999996589e+02 7.333362572733648221e-01
1.579999999999996589e+02 7.414836783985911950e-01
1.589999999999996589e+02 7.496991685546738893e-01
1.599999999999996589e+02 7.579831014849602866e-01
1.609999999999996589e+02 7.663358569161005107e-01
1.619999999999996589e+02 7.747578206712013582e-01
1.629999999999996589e+02 7.832493847903521100e-01
1.639999999999996589e+02 7.918109476511503431e-01
1.649999999999996589e+02 8.004429140935798159e-01
1.659999999999996305e+02 8.091456955486187042e-01
1.669999999999996305e+02 8.179197101706670026e-01
1.679999999999996305e+02 8.267653829721055558e-01
1.689999999999996305e+02 8.356831459629177061e-01
1.699999999999996305e+02 8.446734382941301078e-01
1.709999999999996305e+02 8.537367064038292597e-01
1.719999999999996021e+02 8.628734041693952861e-01
1.729999999999996021e+02 8.720839930629331604e-01
1.739999999999996305e+02 8.813689423099013709e-01
1.749999999999996021e+02 8.907287290555565562e-01
1.759999999999996021e+02 9.001638385323751379e-01
1.769999999999996021e+02 9.096747642350244689e-01
1.779999999999996021e+02 9.192620080993307852e-01
1.789999999999996021e+02 9.289260806865762277e-01
1.799999999999995737e+02 9.386675013735690243e-01
1.809999999999996021e+02 9.484867985481315600e-01
1.819999999999996021e+02 9.583845098092957926e-01
1.829999999999996021e+02 9.683611821768245420e-01
1.839999999999996305e+02 9.784173723027755898e-01
1.849999999999996589e+02 9.885536466928357413e-01
1.859999999999996589e+02 9.987705819325398693e-01
1.869999999999996589e+02 1.009068764921394745e+00
1.879999999999996874e+02 1.019448793114019480e+00
1.889999999999997158e+02 1.029911274768924301e+00
1.899999999999997158e+02 1.040456829204483569e+00
1.909999999999997158e+02 1.051086087064501129e+00
1.919999999999997442e+02 1.061799690590348177e+00
1.929999999999997726e+02 1.072598293903137545e+00
1.939999999999997726e+02 1.083482563294957401e+00
1.949999999999997726e+02 1.094453177529164378e+00
1.959999999999998010e+02 1.105510828150446656e+00
1.969999999999998295e+02 1.116656219805722827e+00
1.979999999999998295e+02 1.127890070575610082e+00
1.989999999999998295e+02 1.139213112315395904e+00
1.999999999999998579e+02 1.150626091012174612e+00
2.009999999999998863e+02 1.162129767146691250e+00
2.019999999999998863e+02 1.173724916075702396e+00
2.029999999999998863e+02 1.185412328421264760e+00
2.039999999999999147e+02 1.197192810476899183e+00
2.049999999999999432e+02 1.209067184627166114e+00
2.051249999999999147e+02 1.210558124782590284e+00
2.051289062499999432e+02 1.210604740530474288e+00
2.051308593749999432e+02 1.210628048947182123e+00
2.051318359374999432e+02 1.210639703291160885e+00
2.051320800781249432e+02 1.210642616891277612e+00
2.051321411132811932e+02 1.210643345292172768e+00
2.051321449279784304e+02 1.210643390817178755e+00
2.051321458816527752e+02 1.210643402198652296e+00
2.051321468353270916e+02 1.210643413579770566e+00
2.051321473121642498e+02 1.210643419270329701e+00
2.051321474313735393e+02 1.210643420693102712e+00
2.051321474909781841e+02 1.210643421404444808e+00
2.051321475207805349e+02 1.210643421760071448e+00
2.051321475356816677e+02 1.210643421921631102e+00
2.051321475394069864e+02 1.210643421612900283e+00
2.051321475412696316e+02 1.210643421516355289e+00
2.051321475417352929e+02 1.210643422011159487e+00
2.051321475418517082e+02 1.210643422006008052e+00
2.051321475419681235e+02 1.210643422010981851e+00
2.051321475420845672e+02 1.210643422016666193e+00
2.051321475421427465e+02 1.210643422006896230e+00
2.051321475421573268e+02 1.210643422014623383e+00
2.051321475421718787e+02 1.210643422015245108e+00
2.051321475421791547e+02 1.210643422015511561e+00
2.051321475421827927e+02 1.210643422015422743e+00
2.051321475421864022e+02 1.210643422015511561e+00
2.051321475421882212e+02 1.210643422015511561e+00
2.051321475421886760e+02 1.210643422015511561e+00
2.051321475421891591e+02 1.210643422015511561e+00
2.051321475421893581e+02 1.210643422015511561e+00
2.051321475421895570e+02 1.210643422015511561e+00
2.051321475421897844e+02 1.210643422015511561e+00
2.051321475421898413e+02 1.210643422015511561e+00
