3.668000000000000000e+03 -8.000000000000156319e+00
3.704679999999999836e+03 -7.999999999998287592e+00
3.741360000000000127e+03 -7.999999999999701572e+00
3.778039999999999964e+03 -7.999999999999154454e+00
3.814720000000000255e+03 -8.000000000000135003e+00
3.851400000000000091e+03 -8.000000000000206057e+00
3.888080000000000382e+03 -7.999999999999687361e+00
3.924760000000000218e+03 -8.000000000000127898e+00
3.961440000000000055e+03 -8.000000000000511591e+00
3.998120000000000346e+03 -7.999999999999918288e+00
4.034800000000000182e+03 -7.999999999999790390e+00
4.071479999999999563e+03 -7.997881241809398745e+00
4.108159999999999854e+03 -7.354941354426845379e+00
4.144839999999999236e+03 -6.710423031850869080e+00
4.181519999999999527e+03 -6.064322170580521032e+00
4.218199999999999818e+03 -5.421195930457532342e+00
4.254880000000000109e+03 -4.820989153845321340e+00
4.291559999999999491e+03 -4.219512921784691173e+00
4.328239999999999782e+03 -3.616763708966217905e+00
4.364920000000000073e+03 -3.012738237652776263e+00
4.401599999999999454e+03 -2.407466446510099445e+00
4.438279999999999745e+03 -1.800956422197643292e+00
4.474960000000000036e+03 -1.193199792365252421e+00
4.511640000000000327e+03 -5.841583659151261543e-01
4.548319999999999709e+03 2.617158558892995757e-02
4.585000000000000000e+03 7.769891883986588255e-01
4.621680000000000291e+03 1.847960221531508296e+00
4.658359999999999673e+03 2.921851499266587382e+00
4.695039999999999964e+03 3.998599602296124544e+00
4.731720000000000255e+03 5.078338500425115143e+00
4.768400000000000546e+03 6.199080748493027926e+00
4.805079999999999927e+03 7.384667263127386860e+00
4.841760000000000218e+03 8.573550457624239840e+00
4.878440000000000509e+03 9.765750829021040857e+00
4.915119999999999891e+03 1.111439650189409534e+01
4.951800000000000182e+03 1.280163758605253577e+01
4.988480000000000473e+03 1.449659238232375102e+01
5.025160000000000764e+03 1.619750861591375113e+01
5.061840000000000146e+03 1.790374182187665042e+01
5.098520000000000437e+03 1.961530253790860101e+01
5.135200000000000728e+03 2.133221412185770660e+01
5.171880000000000109e+03 2.305449431803390681e+01
5.208560000000000400e+03 2.400000000000009592e+01
5.245240000000000691e+03 2.400000000000050804e+01
5.281920000000000982e+03 2.399999999999972289e+01
5.318600000000000364e+03 2.399999999999974420e+01
5.355280000000000655e+03 2.399999999999902656e+01
5.391960000000000946e+03 2.399999999999991473e+01
5.428640000000000327e+03 2.399999999999956657e+01
5.465320000000000618e+03 2.399999999999928946e+01
5.502000000000000909e+03 2.400000000000041211e+01
5.538680000000001201e+03 2.400000000000066080e+01
5.575360000000000582e+03 2.399999999999997868e+01
5.612040000000000873e+03 2.399999999999976552e+01
5.648720000000001164e+03 2.400000000000028422e+01
5.685400000000000546e+03 2.400000000000058975e+01
5.722080000000000837e+03 2.400000000000068923e+01
5.758760000000001128e+03 2.399999999999977618e+01
5.795440000000001419e+03 2.399999999999965894e+01
5.832120000000000800e+03 2.399999999999956657e+01
5.868800000000001091e+03 2.399999999999976552e+01
5.905480000000001382e+03 2.399999999999901945e+01
5.942160000000000764e+03 2.399999999999991829e+01
5.978840000000001055e+03 2.400000000000053646e+01
6.015520000000001346e+03 2.400000000000028777e+01
6.052200000000001637e+03 2.400000000000023093e+01
6.088880000000001019e+03 2.400000000000009948e+01
6.125560000000001310e+03 2.399999999999985789e+01
6.162240000000001601e+03 2.400000000000018474e+01
6.198920000000000982e+03 2.400000000000025224e+01
6.235600000000001273e+03 2.399999999999961986e+01
6.272280000000001564e+03 2.400000000000002132e+01
6.308960000000001855e+03 2.400000000000100187e+01
6.345640000000001237e+03 2.399999999999991829e+01
6.382320000000001528e+03 2.400000000000058620e+01
6.419000000000001819e+03 2.399999999999976197e+01
6.455680000000002110e+03 2.399999999999998934e+01
6.492360000000001492e+03 2.400000000000063594e+01
6.529040000000001783e+03 2.400000000000060396e+01
6.565720000000002074e+03 2.399999999999988631e+01
6.602400000000001455e+03 2.400000000000010303e+01
6.639080000000001746e+03 2.399999999999959144e+01
6.675760000000002037e+03 2.399999999999943867e+01
6.712440000000002328e+03 2.400000000000034817e+01
6.749120000000001710e+03 2.400000000000049738e+01
6.785800000000002001e+03 2.399999999999948486e+01
6.822480000000002292e+03 2.399999999999988276e+01
6.859160000000001673e+03 2.399999999999970868e+01
6.895840000000001965e+03 2.400000000000068212e+01
6.932520000000002256e+03 2.400000000000011724e+01
6.969200000000002547e+03 2.399999999999944222e+01
7.005880000000001928e+03 2.400000000000029488e+01
7.042560000000002219e+03 2.400000000000050804e+01
7.079240000000002510e+03 2.400000000000028066e+01
7.115920000000001892e+03 2.399999999999898392e+01
7.152600000000002183e+03 2.400000000000015987e+01
7.189280000000002474e+03 2.400000000000060396e+01
7.225960000000002765e+03 2.399999999999993605e+01
7.262640000000002146e+03 2.400000000000022382e+01
7.299320000000002437e+03 2.399999999999975842e+01
7.336000000000003638e+03 2.400000000000022737e+01
7.345170000000000982e+03 2.400000000000003553e+01
7.354340000000002874e+03 2.400000000000057199e+01
7.354913125000002765e+03 2.399999999999976552e+01
7.355486250000001746e+03 2.399999999999956657e+01
7.356059375000002547e+03 2.399999999999979039e+01
7.356131015625002874e+03 2.400000000000027711e+01
7.356202656250003201e+03 2.399999999999920064e+01
7.356274296875002619e+03 2.399999999999995737e+01
7.356283251953127547e+03 2.399999999999932854e+01
7.356292207031253383e+03 2.399999999999984368e+01
7.356293326416020136e+03 2.399999999999965539e+01
7.356293886108401239e+03 2.400000000000055422e+01
7.356293888294699173e+03 2.400000000000070699e+01
