3.668000000000000000e+03 1.148886776513430696e+01
3.704679999999999836e+03 1.137097521799804589e+01
3.741360000000000127e+03 1.125218435379522930e+01
3.778039999999999964e+03 1.113249262525096484e+01
3.814720000000000255e+03 1.101223487349097141e+01
3.851400000000000091e+03 1.089122068931410503e+01
3.888080000000000382e+03 1.076930733129827900e+01
3.924760000000000218e+03 1.064650361349372254e+01
3.961440000000000055e+03 1.052280622164787793e+01
3.998120000000000346e+03 1.039820219879351626e+01
4.034800000000000182e+03 1.027270007769646831e+01
4.071479999999999563e+03 1.014634905316823499e+01
4.108159999999999854e+03 1.001951174248748266e+01
4.144839999999999236e+03 9.891763054645240416e+00
4.181519999999999527e+03 9.763100172434924673e+00
4.218199999999999818e+03 9.633567827503567216e+00
4.254880000000000109e+03 9.503583206536932337e+00
4.291559999999999491e+03 9.372685162159541505e+00
4.328239999999999782e+03 9.240870918522666955e+00
4.364920000000000073e+03 9.108135894646865793e+00
4.401599999999999454e+03 8.974286922819946000e+00
4.438279999999999745e+03 8.839235540818492609e+00
4.474960000000000036e+03 8.703054596335496385e+00
4.511640000000000327e+03 8.565930014004479176e+00
4.548319999999999709e+03 8.427858580746931949e+00
4.585000000000000000e+03 8.289601010320456709e+00
4.621680000000000291e+03 8.152131527566998770e+00
4.658359999999999673e+03 8.013700919772924536e+00
4.695039999999999964e+03 7.874145022590796295e+00
4.731720000000000255e+03 7.733079509771477511e+00
4.768400000000000546e+03 7.590717108807448099e+00
4.805079999999999927e+03 7.447521790294548971e+00
4.841760000000000218e+03 7.303213343683024661e+00
4.878440000000000509e+03 7.157861185554057037e+00
4.915119999999999891e+03 7.011353085362031834e+00
4.951800000000000182e+03 6.863558936369329899e+00
4.988480000000000473e+03 6.714627871729472730e+00
5.025160000000000764e+03 6.564599646711448244e+00
5.061840000000000146e+03 6.413481094659656101e+00
5.098520000000000437e+03 6.261255620885292750e+00
5.135200000000000728e+03 6.107923067654021487e+00
5.171880000000000109e+03 5.953409026062046472e+00
5.208560000000000400e+03 5.798487475017713777e+00
5.245240000000000691e+03 5.641026352954724210e+00
5.281920000000000982e+03 5.481367908036570924e+00
5.318600000000000364e+03 5.320375472425337371e+00
5.355280000000000655e+03 5.158037844070434197e+00
5.391960000000000946e+03 4.994343620721383381e+00
5.428640000000000327e+03 4.829272503864160626e+00
5.465320000000000618e+03 4.662589083865096740e+00
5.502000000000000909e+03 4.494477346379913918e+00
5.538680000000001201e+03 4.324423949002601297e+00
5.575360000000000582e+03 4.151042038896732400e+00
5.612040000000000873e+03 3.976111595031167845e+00
5.648720000000001164e+03 3.799616997526757967e+00
5.685400000000000546e+03 3.621542316948930029e+00
5.722080000000000837e+03 3.441871306238443839e+00
5.758760000000001128e+03 3.260587392359969527e+00
5.795440000000001419e+03 3.077327166002731929e+00
5.832120000000000800e+03 2.892134315842873171e+00
5.868800000000001091e+03 2.705247392145035068e+00
5.905480000000001382e+03 2.516647691528443254e+00
5.942160000000000764e+03 2.326316116767698450e+00
5.978840000000001055e+03 2.134233165692925649e+00
6.015520000000001346e+03 1.940378919675696867e+00
6.052200000000001637e+03 1.744733031680930635e+00
6.088880000000001019e+03 1.547274713865291140e+00
6.125560000000001310e+03 1.344226715547819806e+00
6.162240000000001601e+03 1.137607462758263077e+00
6.198920000000000982e+03 9.287785035062763317e-01
6.235600000000001273e+03 7.176493367173123472e-01
6.272280000000001564e+03 5.034066641806573816e-01
6.308960000000001855e+03 2.868222609346384733e-01
6.345640000000001237e+03 6.785862400694668561e-02
6.382320000000001528e+03 -1.535227948550026422e-01
6.419000000000001819e+03 -3.772571495419482779e-01
6.455680000000002110e+03 -6.035005090347919099e-01
6.492360000000001492e+03 -8.323343551906340343e-01
6.529040000000001783e+03 -1.063803740353155280e+00
6.565720000000002074e+03 -1.297955066383486455e+00
6.602400000000001455e+03 -1.534836140588155207e+00
6.639080000000001746e+03 -1.774496234671495865e+00
6.675760000000002037e+03 -2.016986146917429945e+00
6.712440000000002328e+03 -2.266296309868353287e+00
6.749120000000001710e+03 -2.519615851290049502e+00
6.785800000000002001e+03 -2.776108712006180479e+00
6.822480000000002292e+03 -3.035839244563167227e+00
6.859160000000001673e+03 -3.298874008401195823e+00
6.895840000000001965e+03 -3.565281875206599782e+00
6.932520000000002256e+03 -3.835134140824667526e+00
6.969200000000002547e+03 -4.108504644236527170e+00
7.005880000000001928e+03 -4.385469894156753590e+00
7.042560000000002219e+03 -4.666109203856333210e+00
7.079240000000002510e+03 -4.950504834874107196e+00
7.115920000000001892e+03 -5.238742150346332060e+00
7.152600000000002183e+03 -5.530909778755247252e+00
7.189280000000002474e+03 -5.827875449103845362e+00
7.225960000000002765e+03 -6.136222919547561716e+00
7.262640000000002146e+03 -6.449175689119830857e+00
7.299320000000002437e+03 -6.766856518742344839e+00
7.336000000000003638e+03 -7.437221943121969936e+00
7.345170000000000982e+03 -7.287229309677644373e+00
7.354340000000002874e+03 -7.410623154230661314e+00
7.354913125000002765e+03 -7.418491143394549070e+00
7.355486250000001746e+03 -7.437663614649270727e+00
7.356059375000002547e+03 -7.437568717220975678e+00
7.356131015625002874e+03 -7.437556396114127111e+00
7.356202656250003201e+03 -7.436266609947010942e+00
7.356274296875002619e+03 -7.437257121885445521e+00
7.356283251953127547e+03 -7.437529874341541891e+00
7.356292207031253383e+03 -7.437528299851761560e+00
7.356293326416020136e+03 -7.437528102928007812e+00
7.356293886108401239e+03 -7.437528004456971154e+00
7.356293888294699173e+03 -7.437528004072317955e+00
