3.668000000000000000e+03 2.174046784228726636e+01
3.704679999999999836e+03 2.167282302534599481e+01
3.741360000000000127e+03 2.160470519167282077e+01
3.778039999999999964e+03 2.153611328829384419e+01
3.814720000000000255e+03 2.146707149069716536e+01
3.851400000000000091e+03 2.139756462402947079e+01
3.888080000000000382e+03 2.132758111056255856e+01
3.924760000000000218e+03 2.125731781138771481e+01
3.961440000000000055e+03 2.118676418123150640e+01
3.998120000000000346e+03 2.111574153233587126e+01
4.034800000000000182e+03 2.104438113460066617e+01
4.071479999999999563e+03 2.097327438583826975e+01
4.108159999999999854e+03 2.090173794776503158e+01
4.144839999999999236e+03 2.082974795328157569e+01
4.181519999999999527e+03 2.075730355006161076e+01
4.218199999999999818e+03 2.068440303069688824e+01
4.254880000000000109e+03 2.061103864059717594e+01
4.291559999999999491e+03 2.053721809797901088e+01
4.328239999999999782e+03 2.046294052498910787e+01
4.364920000000000073e+03 2.038820371055567549e+01
4.401599999999999454e+03 2.031286287673400892e+01
4.438279999999999745e+03 2.023626158627076421e+01
4.474960000000000036e+03 2.015897142991266833e+01
4.511640000000000327e+03 2.008119094698378149e+01
4.548319999999999709e+03 2.000291878260231471e+01
4.585000000000000000e+03 1.992415084165991246e+01
4.621680000000000291e+03 1.984488173574596814e+01
4.658359999999999673e+03 1.976511600052323558e+01
4.695039999999999964e+03 1.968472195860466911e+01
4.731720000000000255e+03 1.960360986608233702e+01
4.768400000000000546e+03 1.952149682631524641e+01
4.805079999999999927e+03 1.943956788115826484e+01
4.841760000000000218e+03 1.935867755234632881e+01
4.878440000000000509e+03 1.927724686946095645e+01
4.915119999999999891e+03 1.919483884122259454e+01
4.951800000000000182e+03 1.911179544730848079e+01
4.988480000000000473e+03 1.902818829088264607e+01
5.025160000000000764e+03 1.894401679233915914e+01
5.061840000000000146e+03 1.885858822305752369e+01
5.098520000000000437e+03 1.876982983911691960e+01
5.135200000000000728e+03 1.868037203825620551e+01
5.171880000000000109e+03 1.859051637221395481e+01
5.208560000000000400e+03 1.850025894897804335e+01
5.245240000000000691e+03 1.840895418324603128e+01
5.281920000000000982e+03 1.831668630721314273e+01
5.318600000000000364e+03 1.822345918727360825e+01
5.355280000000000655e+03 1.812926252995993082e+01
5.391960000000000946e+03 1.803408583900611362e+01
5.428640000000000327e+03 1.793791812511777906e+01
5.465320000000000618e+03 1.784074027373320348e+01
5.502000000000000909e+03 1.774254673625698686e+01
5.538680000000001201e+03 1.764328891571709335e+01
5.575360000000000582e+03 1.754284775174633637e+01
5.612040000000000873e+03 1.744134091313765467e+01
5.648720000000001164e+03 1.733875585607833969e+01
5.685400000000000546e+03 1.723507977224597809e+01
5.722080000000000837e+03 1.713029958115481932e+01
5.758760000000001128e+03 1.702440192221337156e+01
5.795440000000001419e+03 1.691742348454217293e+01
5.832120000000000800e+03 1.680933384665896924e+01
5.868800000000001091e+03 1.670007919665288654e+01
5.905480000000001382e+03 1.658964477452813568e+01
5.942160000000000764e+03 1.647801548978635822e+01
5.978840000000001055e+03 1.636517591121975101e+01
6.015520000000001346e+03 1.625111025629448847e+01
6.052200000000001637e+03 1.613580238010115764e+01
6.088880000000001019e+03 1.601923576385220827e+01
6.125560000000001310e+03 1.590110333591360892e+01
6.162240000000001601e+03 1.578154095142204305e+01
6.198920000000000982e+03 1.566063688527961872e+01
6.235600000000001273e+03 1.553836831373727101e+01
6.272280000000001564e+03 1.541466596196246286e+01
6.308960000000001855e+03 1.528956077329063845e+01
6.345640000000001237e+03 1.516303196615913862e+01
6.382320000000001528e+03 1.503505822418038917e+01
6.419000000000001819e+03 1.490036444919704373e+01
6.455680000000002110e+03 1.476231076522858565e+01
6.492360000000001492e+03 1.462244577943739010e+01
6.529040000000001783e+03 1.448073425768017408e+01
6.565720000000002074e+03 1.433713983676076609e+01
6.602400000000001455e+03 1.419162497396551181e+01
6.639080000000001746e+03 1.404415089365778790e+01
6.675760000000002037e+03 1.389467753071902401e+01
6.712440000000002328e+03 1.374292747809231585e+01
6.749120000000001710e+03 1.358902121213516878e+01
6.785800000000002001e+03 1.343296636880596395e+01
6.822480000000002292e+03 1.327471597179127194e+01
6.859160000000001673e+03 1.311422135289558000e+01
6.895840000000001965e+03 1.295143206658618418e+01
6.932520000000002256e+03 1.278629579890036183e+01
6.969200000000002547e+03 1.261875827025136942e+01
7.005880000000001928e+03 1.244876313162421333e+01
7.042560000000002219e+03 1.227625185360371063e+01
7.079240000000002510e+03 1.210116360761444732e+01
7.115920000000001892e+03 1.192343513869519178e+01
7.152600000000002183e+03 1.174300062905391151e+01
7.189280000000002474e+03 1.155968989105011779e+01
7.225960000000002765e+03 1.137257391366243731e+01
7.262640000000002146e+03 1.118247299107418158e+01
7.299320000000002437e+03 1.098930618943908755e+01
7.336000000000003638e+03 1.076055088327621334e+01
7.345170000000000982e+03 1.073174414759803419e+01
7.354340000000002874e+03 1.067776807316813503e+01
7.354913125000002765e+03 1.067437289172149839e+01
7.355486250000001746e+03 1.066994196656228056e+01
7.356059375000002547e+03 1.066727392942640762e+01
7.356131015625002874e+03 1.066694041425971839e+01
7.356202656250003201e+03 1.066672384604055956e+01
7.356274296875002619e+03 1.066629849320035639e+01
7.356283251953127547e+03 1.066623168682231260e+01
7.356292207031253383e+03 1.066618999664739142e+01
7.356293326416020136e+03 1.066618478537297321e+01
7.356293886108401239e+03 1.066618217973553406e+01
7.356293888294699173e+03 1.066618216955728116e+01
