3.668000000000000000e+03 2.708433694141110593e+01
3.704679999999999836e+03 2.707247608581660714e+01
3.741360000000000127e+03 2.706022932158166583e+01
3.778039999999999964e+03 2.704759586549478101e+01
3.814720000000000255e+03 2.703460057695157914e+01
3.851400000000000091e+03 2.702122832533201091e+01
3.888080000000000382e+03 2.700746763683033436e+01
3.924760000000000218e+03 2.699340698266969696e+01
3.961440000000000055e+03 2.697904023421781261e+01
3.998120000000000346e+03 2.696428613172867372e+01
4.034800000000000182e+03 2.694924991098453759e+01
4.071479999999999563e+03 2.693440576112429952e+01
4.108159999999999854e+03 2.691921117330781499e+01
4.144839999999999236e+03 2.690364207725616197e+01
4.181519999999999527e+03 2.688769781756511534e+01
4.218199999999999818e+03 2.687137685724191272e+01
4.254880000000000109e+03 2.685467140590420598e+01
4.291559999999999491e+03 2.683758965641390404e+01
4.328239999999999782e+03 2.682013093274949256e+01
4.364920000000000073e+03 2.680229324431106619e+01
4.401599999999999454e+03 2.678393392115155081e+01
4.438279999999999745e+03 2.676454605812739729e+01
4.474960000000000036e+03 2.674458781839438615e+01
4.511640000000000327e+03 2.672422429249438736e+01
4.548319999999999709e+03 2.670345438088558510e+01
4.585000000000000000e+03 2.668227422877884436e+01
4.621680000000000291e+03 2.666067867854041396e+01
4.658359999999999673e+03 2.663867256023175401e+01
4.695039999999999964e+03 2.661616962637332762e+01
4.731720000000000255e+03 2.659309922515111069e+01
4.768400000000000546e+03 2.656912872530219616e+01
4.805079999999999927e+03 2.654483423350344040e+01
4.841760000000000218e+03 2.652041374476045021e+01
4.878440000000000509e+03 2.649554417007296436e+01
4.915119999999999891e+03 2.647006996748752528e+01
4.951800000000000182e+03 2.644410484637463910e+01
4.988480000000000473e+03 2.641767458332892815e+01
5.025160000000000764e+03 2.639077904130474295e+01
5.061840000000000146e+03 2.636344109551929193e+01
5.098520000000000437e+03 2.633571085211346841e+01
5.135200000000000728e+03 2.630747339723320266e+01
5.171880000000000109e+03 2.627822607063053439e+01
5.208560000000000400e+03 2.624750255837066604e+01
5.245240000000000691e+03 2.621606421624792205e+01
5.281920000000000982e+03 2.618400064483137868e+01
5.318600000000000364e+03 2.615132000974839599e+01
5.355280000000000655e+03 2.611801655370528152e+01
5.391960000000000946e+03 2.608408440912018378e+01
5.428640000000000327e+03 2.604951730888081940e+01
5.465320000000000618e+03 2.601430090797746075e+01
5.502000000000000909e+03 2.597843460665525939e+01
5.538680000000001201e+03 2.594187459870004631e+01
5.575360000000000582e+03 2.590450623437756406e+01
5.612040000000000873e+03 2.586645321320886026e+01
5.648720000000001164e+03 2.582770834242235125e+01
5.685400000000000546e+03 2.578826428093355716e+01
5.722080000000000837e+03 2.574811353518212798e+01
5.758760000000001128e+03 2.570724845481462495e+01
5.795440000000001419e+03 2.566571258455485705e+01
5.832120000000000800e+03 2.562348117233027978e+01
5.868800000000001091e+03 2.558050572038483139e+01
5.905480000000001382e+03 2.553677770940434755e+01
5.942160000000000764e+03 2.549228843323718507e+01
5.978840000000001055e+03 2.544702899327074874e+01
6.015520000000001346e+03 2.540099029258654895e+01
6.052200000000001637e+03 2.535416302988032555e+01
6.088880000000001019e+03 2.530653769313740753e+01
6.125560000000001310e+03 2.525781088425356558e+01
6.162240000000001601e+03 2.520812772266526736e+01
6.198920000000000982e+03 2.515758530852551544e+01
6.235600000000001273e+03 2.510616845125175800e+01
6.272280000000001564e+03 2.505381473138238846e+01
6.308960000000001855e+03 2.500056428525133612e+01
6.345640000000001237e+03 2.494640463795686358e+01
6.382320000000001528e+03 2.489132299321759945e+01
6.419000000000001819e+03 2.483262117496294863e+01
6.455680000000002110e+03 2.477201126846018298e+01
6.492360000000001492e+03 2.471028139969995507e+01
6.529040000000001783e+03 2.464741043520056607e+01
6.565720000000002074e+03 2.458337656703587371e+01
6.602400000000001455e+03 2.451815728285923868e+01
6.639080000000001746e+03 2.445172933418569627e+01
6.675760000000002037e+03 2.438406870280636340e+01
6.712440000000002328e+03 2.431499510007741804e+01
6.749120000000001710e+03 2.424458886310381800e+01
6.785800000000002001e+03 2.417285736936990048e+01
6.822480000000002292e+03 2.409977226422828878e+01
6.859160000000001673e+03 2.402530417210455127e+01
6.895840000000001965e+03 2.394942264498887496e+01
6.932520000000002256e+03 2.387209610752737277e+01
6.969200000000002547e+03 2.379329179843313113e+01
7.005880000000001928e+03 2.371297570790931175e+01
7.042560000000002219e+03 2.363111251074753127e+01
7.079240000000002510e+03 2.354766549472673631e+01
7.115920000000001892e+03 2.346259648390238794e+01
7.152600000000002183e+03 2.337586575633074304e+01
7.189280000000002474e+03 2.328733067563299741e+01
7.225960000000002765e+03 2.319609407500220755e+01
7.262640000000002146e+03 2.310300274493763695e+01
7.299320000000002437e+03 2.300800665311154347e+01
7.336000000000003638e+03 2.287885187767635031e+01
7.345170000000000982e+03 2.287492042419093607e+01
7.354340000000002874e+03 2.284608323889924009e+01
7.354913125000002765e+03 2.284426194338990967e+01
7.355486250000001746e+03 2.284141312242312338e+01
7.356059375000002547e+03 2.284031401319289500e+01
7.356131015625002874e+03 2.284017663458050862e+01
7.356202656250003201e+03 2.284015531251907305e+01
7.356274296875002619e+03 2.283992680811924103e+01
7.356283251953127547e+03 2.283988471249778485e+01
7.356292207031253383e+03 2.283986754092767413e+01
7.356293326416020136e+03 2.283986539448386921e+01
7.356293886108401239e+03 2.283986432126217281e+01
7.356293888294699173e+03 2.283986431706991382e+01
