3.668000000000000000e+03 1.541633526316803504e+01
3.704679999999999836e+03 1.521269097596803377e+01
3.741360000000000127e+03 1.500855282962777260e+01
3.778039999999999964e+03 1.480391885639624761e+01
3.814720000000000255e+03 1.459886273915982535e+01
3.851400000000000091e+03 1.439334037158574198e+01
3.888080000000000382e+03 1.418731831378272901e+01
3.924760000000000218e+03 1.398080544089730637e+01
3.961440000000000055e+03 1.377379906106747143e+01
3.998120000000000346e+03 1.356628728583358168e+01
4.034800000000000182e+03 1.335827890845663823e+01
4.071479999999999563e+03 1.314982100575201329e+01
4.108159999999999854e+03 1.294094286178045827e+01
4.144839999999999236e+03 1.273155424947717407e+01
4.181519999999999527e+03 1.252165302575600414e+01
4.218199999999999818e+03 1.231125541638874665e+01
4.254880000000000109e+03 1.210052323028747168e+01
4.291559999999999491e+03 1.188927855658218924e+01
4.328239999999999782e+03 1.167751924932520424e+01
4.364920000000000073e+03 1.146524246430374383e+01
4.401599999999999454e+03 1.125237294828746926e+01
4.438279999999999745e+03 1.103888124538132587e+01
4.474960000000000036e+03 1.082490483205372023e+01
4.511640000000000327e+03 1.061039452361362301e+01
4.548319999999999709e+03 1.039534791010590453e+01
4.585000000000000000e+03 1.017974564933515502e+01
4.621680000000000291e+03 9.963561834535534345e+00
4.658359999999999673e+03 9.746831604874845567e+00
4.695039999999999964e+03 9.529519594925391246e+00
4.731720000000000255e+03 9.311537583954827113e+00
4.768400000000000546e+03 9.092830646745971634e+00
4.805079999999999927e+03 8.873516697892542382e+00
4.841760000000000218e+03 8.653573261983112275e+00
4.878440000000000509e+03 8.433046870291539321e+00
4.915119999999999891e+03 8.211907950407077550e+00
4.951800000000000182e+03 7.990106236860190059e+00
4.988480000000000473e+03 7.767662132763527794e+00
5.025160000000000764e+03 7.544605103130830770e+00
5.061840000000000146e+03 7.320939675668983959e+00
5.098520000000000437e+03 7.096654735778206380e+00
5.135200000000000728e+03 6.871725624552605716e+00
5.171880000000000109e+03 6.646106420923208802e+00
5.208560000000000400e+03 6.419464075525985969e+00
5.245240000000000691e+03 6.190134534314444714e+00
5.281920000000000982e+03 5.959442070500400312e+00
5.318600000000000364e+03 5.728007779231498731e+00
5.355280000000000655e+03 5.495825846798859438e+00
5.391960000000000946e+03 5.262890366299807887e+00
5.428640000000000327e+03 5.029192054926353350e+00
5.465320000000000618e+03 4.794643032068377941e+00
5.502000000000000909e+03 4.559313566264123985e+00
5.538680000000001201e+03 4.322345122691086949e+00
5.575360000000000582e+03 4.081372505785420657e+00
5.612040000000000873e+03 3.839430620811952188e+00
5.648720000000001164e+03 3.596509483551697084e+00
5.685400000000000546e+03 3.352598925210434455e+00
5.722080000000000837e+03 3.107688587627128740e+00
5.758760000000001128e+03 2.861767918315758052e+00
5.795440000000001419e+03 2.611652947801411884e+00
5.832120000000000800e+03 2.357994271467979797e+00
5.868800000000001091e+03 2.103158685525313487e+00
5.905480000000001382e+03 1.847132467175022885e+00
5.942160000000000764e+03 1.589901615692996817e+00
5.978840000000001055e+03 1.331451844556841069e+00
6.015520000000001346e+03 1.071768573281290937e+00
6.052200000000001637e+03 8.108369189461325233e-01
6.088880000000001019e+03 5.486416874055054516e-01
6.125560000000001310e+03 2.838270114297596902e-01
6.162240000000001601e+03 1.711659967221482517e-02
6.198920000000000982e+03 -2.510096523414636627e-01
6.235600000000001273e+03 -5.205851454431562608e-01
6.272280000000001564e+03 -7.918141854322900963e-01
6.308960000000001855e+03 -1.064527558234426019e+00
6.345640000000001237e+03 -1.338747055931359897e+00
6.382320000000001528e+03 -1.614495026868431271e+00
6.419000000000001819e+03 -1.890718844160908851e+00
6.455680000000002110e+03 -2.168202079274863525e+00
6.492360000000001492e+03 -2.447302620806458329e+00
6.529040000000001783e+03 -2.728046236103493616e+00
6.565720000000002074e+03 -3.010459407095673168e+00
6.602400000000001455e+03 -3.294569358841524576e+00
6.639080000000001746e+03 -3.580404089586891825e+00
6.675760000000002037e+03 -3.867992402433448884e+00
6.712440000000002328e+03 -4.160070837478488492e+00
6.749120000000001710e+03 -4.454718800226515008e+00
6.785800000000002001e+03 -4.751356769680233683e+00
6.822480000000002292e+03 -5.050021966674620444e+00
6.859160000000001673e+03 -5.350752813403542696e+00
6.895840000000001965e+03 -5.653588989233984563e+00
6.932520000000002256e+03 -5.958571489943222943e+00
6.969200000000002547e+03 -6.265742690640220047e+00
7.005880000000001928e+03 -6.575146412659568007e+00
7.042560000000002219e+03 -6.886827994740192693e+00
7.079240000000002510e+03 -7.200834368833354482e+00
7.115920000000001892e+03 -7.517214140915573495e+00
7.152600000000002183e+03 -7.836017677221705391e+00
7.189280000000002474e+03 -8.158173183531966188e+00
7.225960000000002765e+03 -8.491058172709342600e+00
7.262640000000002146e+03 -8.826957919974201872e+00
7.299320000000002437e+03 -9.165948895296768484e+00
7.336000000000003638e+03 -9.617089912218899528e+00
7.345170000000000982e+03 -9.631930265798155588e+00
7.354340000000002874e+03 -9.731655502208756303e+00
7.354913125000002765e+03 -9.737941385193590094e+00
7.355486250000001746e+03 -9.747740100355308357e+00
7.356059375000002547e+03 -9.751553108225481381e+00
7.356131015625002874e+03 -9.752029606624796898e+00
7.356202656250003201e+03 -9.752109168507292480e+00
7.356274296875002619e+03 -9.752897277756135352e+00
7.356283251953127547e+03 -9.753042071318473560e+00
7.356292207031253383e+03 -9.753101624063493347e+00
7.356293326416020136e+03 -9.753109068125322523e+00
7.356293886108401239e+03 -9.753112790153677381e+00
7.356293888294699173e+03 -9.753112804692824156e+00
