3.668000000000000000e+03 1.042918205113094299e+00
3.704679999999999836e+03 1.042711197448830340e+00
3.741360000000000127e+03 1.042501677442134289e+00
3.778039999999999964e+03 1.042289639364194276e+00
3.814720000000000255e+03 1.042075077382778492e+00
3.851400000000000091e+03 1.041857985561343236e+00
3.888080000000000382e+03 1.041638357858126085e+00
3.924760000000000218e+03 1.041416188125213971e+00
3.961440000000000055e+03 1.041191470107594386e+00
3.998120000000000346e+03 1.040964197442183270e+00
4.034800000000000182e+03 1.040734363656833139e+00
4.071479999999999563e+03 1.040501962169318340e+00
4.108159999999999854e+03 1.040266986286299877e+00
4.144839999999999236e+03 1.040029429202266265e+00
4.181519999999999527e+03 1.039789283998452385e+00
4.218199999999999818e+03 1.039546543641734599e+00
4.254880000000000109e+03 1.039301200983503648e+00
4.291559999999999491e+03 1.039053248758511350e+00
4.328239999999999782e+03 1.038802679583693989e+00
4.364920000000000073e+03 1.038549485956970164e+00
4.401599999999999454e+03 1.038293660256013551e+00
4.438279999999999745e+03 1.038035194736999900e+00
4.474960000000000036e+03 1.037774081533326731e+00
4.511640000000000327e+03 1.037510312654306377e+00
4.548319999999999709e+03 1.037243879983831718e+00
4.585000000000000000e+03 1.036974775279012828e+00
4.621680000000000291e+03 1.036702990168787419e+00
4.658359999999999673e+03 1.036428516152497536e+00
4.695039999999999964e+03 1.036151344598443602e+00
4.731720000000000255e+03 1.035871466742397828e+00
4.768400000000000546e+03 1.035588873686097200e+00
4.805079999999999927e+03 1.035303556395698266e+00
4.841760000000000218e+03 1.035015505700199956e+00
4.878440000000000509e+03 1.034724712289836202e+00
4.915119999999999891e+03 1.034431166714431694e+00
4.951800000000000182e+03 1.034134859381726113e+00
4.988480000000000473e+03 1.033835780555659500e+00
5.025160000000000764e+03 1.033533920354625879e+00
5.061840000000000146e+03 1.033229268749686236e+00
5.098520000000000437e+03 1.032921815562746204e+00
5.135200000000000728e+03 1.032611550464694661e+00
5.171880000000000109e+03 1.032298462973502584e+00
5.208560000000000400e+03 1.031982542452283047e+00
5.245240000000000691e+03 1.031663778107308360e+00
5.281920000000000982e+03 1.031342158985988133e+00
5.318600000000000364e+03 1.031017673974800042e+00
5.355280000000000655e+03 1.030690311797180625e+00
5.391960000000000946e+03 1.030360061011369455e+00
5.428640000000000327e+03 1.030026910008206231e+00
5.465320000000000618e+03 1.029690847008885690e+00
5.502000000000000909e+03 1.029351860062656110e+00
5.538680000000001201e+03 1.029009937044477185e+00
5.575360000000000582e+03 1.028665065652620836e+00
5.612040000000000873e+03 1.028317233406225384e+00
5.648720000000001164e+03 1.027966427642791780e+00
5.685400000000000546e+03 1.027612635515631423e+00
5.722080000000000837e+03 1.027255843991253137e+00
5.758760000000001128e+03 1.026896039846696196e+00
5.795440000000001419e+03 1.026533209666806279e+00
5.832120000000000800e+03 1.026167339841447035e+00
5.868800000000001091e+03 1.025798416562656135e+00
5.905480000000001382e+03 1.025426425821734933e+00
5.942160000000000764e+03 1.025051353406274623e+00
5.978840000000001055e+03 1.024673184897118450e+00
6.015520000000001346e+03 1.024291905665253299e+00
6.052200000000001637e+03 1.023907500868633580e+00
6.088880000000001019e+03 1.023519955448935148e+00
6.125560000000001310e+03 1.022756782978453405e+00
6.162240000000001601e+03 1.021842420742766322e+00
6.198920000000000982e+03 1.020918513182847098e+00
6.235600000000001273e+03 1.019984902724149878e+00
6.272280000000001564e+03 1.019041041248179180e+00
6.308960000000001855e+03 1.018087226128345790e+00
6.345640000000001237e+03 1.017123318842855006e+00
6.382320000000001528e+03 1.016149177025506667e+00
6.419000000000001819e+03 1.015164760455772308e+00
6.455680000000002110e+03 1.014169851501197650e+00
6.492360000000001492e+03 1.013164263826308753e+00
6.529040000000001783e+03 1.012147838460559113e+00
6.565720000000002074e+03 1.011120411800584540e+00
6.602400000000001455e+03 1.010081815424975105e+00
6.639080000000001746e+03 1.009031875899329300e+00
6.675760000000002037e+03 1.007970414570971585e+00
6.712440000000002328e+03 1.006891930078011255e+00
6.749120000000001710e+03 1.005800167560750635e+00
6.785800000000002001e+03 1.004696145042574207e+00
6.822480000000002292e+03 1.003579654412954936e+00
6.859160000000001673e+03 1.002450480819271128e+00
6.895840000000001965e+03 1.001308402363057626e+00
6.932520000000002256e+03 1.000153189778294038e+00
6.969200000000002547e+03 9.989846060904320479e-01
7.005880000000001928e+03 9.978024062547143913e-01
7.042560000000002219e+03 9.966063367722380884e-01
7.079240000000002510e+03 9.953961352820532849e-01
7.115920000000001892e+03 9.941715301274457461e-01
7.152600000000002183e+03 9.929322398943746242e-01
7.189280000000002474e+03 9.916774198806774798e-01
7.225960000000002765e+03 9.904021578298742856e-01
7.262640000000002146e+03 9.891110553345386913e-01
7.299320000000002437e+03 9.878037723353714217e-01
7.336000000000003638e+03 9.616134330827865728e-01
7.345170000000000982e+03 9.755639648266777320e-01
7.354340000000002874e+03 9.716204500891650886e-01
7.354913125000002765e+03 9.713642132153861297e-01
7.355486250000001746e+03 9.703682842814367326e-01
7.356059375000002547e+03 9.706332218528093136e-01
7.356131015625002874e+03 9.706663707968925525e-01
7.356202656250003201e+03 9.707831123413726004e-01
7.356274296875002619e+03 9.707506406105064212e-01
7.356283251953127547e+03 9.707368357862257158e-01
7.356292207031253383e+03 9.707409817809075081e-01
7.356293326416020136e+03 9.707415000380242853e-01
7.356293886108401239e+03 9.707417591672276025e-01
7.356293888294699173e+03 9.707417601794504636e-01
