3.668000000000000000e+03 1.107874375339387107e+01
3.704679999999999836e+03 1.093089489200885822e+01
3.741360000000000127e+03 1.078227067672618844e+01
3.778039999999999964e+03 1.063286843496072187e+01
3.814720000000000255e+03 1.048290439775070659e+01
3.851400000000000091e+03 1.033225398592055022e+01
3.888080000000000382e+03 1.018082354039140469e+01
3.924760000000000218e+03 1.002862186313224591e+01
3.961440000000000055e+03 9.875645496528695944e+00
3.998120000000000346e+03 9.721881237656170072e+00
4.034800000000000182e+03 9.567337674153565175e+00
4.071479999999999563e+03 9.412064351911890725e+00
4.108159999999999854e+03 9.256322795818245908e+00
4.144839999999999236e+03 9.099788853992890836e+00
4.181519999999999527e+03 8.942459595106424075e+00
4.218199999999999818e+03 8.784458684145430851e+00
4.254880000000000109e+03 8.626902507682849830e+00
4.291559999999999491e+03 8.468570074182157015e+00
4.328239999999999782e+03 8.309458642994341560e+00
4.364920000000000073e+03 8.149564072156756822e+00
4.401599999999999454e+03 7.988736129514169448e+00
4.438279999999999745e+03 7.826898851151448788e+00
4.474960000000000036e+03 7.664115215544589077e+00
4.511640000000000327e+03 7.500527776812061731e+00
4.548319999999999709e+03 7.336133417578332150e+00
4.585000000000000000e+03 7.170841387470789030e+00
4.621680000000000291e+03 7.004529712272935527e+00
4.658359999999999673e+03 6.837391633478578257e+00
4.695039999999999964e+03 6.669311384208607585e+00
4.731720000000000255e+03 6.500037765371214249e+00
4.768400000000000546e+03 6.329617327799966553e+00
4.805079999999999927e+03 6.158310702288987137e+00
4.841760000000000218e+03 5.986051715005786811e+00
4.878440000000000509e+03 5.812902166735463894e+00
4.915119999999999891e+03 5.638781079399382890e+00
4.951800000000000182e+03 5.463593186288905557e+00
4.988480000000000473e+03 5.288331346296081037e+00
5.025160000000000764e+03 5.112377506572480357e+00
5.061840000000000146e+03 4.935495030833568997e+00
5.098520000000000437e+03 4.757670490605348412e+00
5.135200000000000728e+03 4.578901441093274904e+00
5.171880000000000109e+03 4.399113727716330580e+00
5.208560000000000400e+03 4.217173185773201993e+00
5.245240000000000691e+03 4.031055771597973347e+00
5.281920000000000982e+03 3.843013221435149340e+00
5.318600000000000364e+03 3.653704018902847128e+00
5.355280000000000655e+03 3.463116950405351613e+00
5.391960000000000946e+03 3.271240606525387840e+00
5.428640000000000327e+03 3.078052023052281427e+00
5.465320000000000618e+03 2.883258102104815368e+00
5.502000000000000909e+03 2.687113170085049685e+00
5.538680000000001201e+03 2.488975400747687861e+00
5.575360000000000582e+03 2.287105549396402537e+00
5.612040000000000873e+03 2.083745511312015353e+00
5.648720000000001164e+03 1.878879416925348211e+00
5.685400000000000546e+03 1.672491082445676458e+00
5.722080000000000837e+03 1.464564001434865537e+00
5.758760000000001128e+03 1.255081336083313293e+00
5.795440000000001419e+03 1.043553416815778734e+00
5.832120000000000800e+03 8.300488193645007007e-01
5.868800000000001091e+03 6.148998631510593782e-01
5.905480000000001382e+03 3.980873901917791891e-01
5.942160000000000764e+03 1.795918362143545111e-01
5.978840000000001055e+03 -4.060678111514590127e-02
6.015520000000001346e+03 -2.625288744105652716e-01
6.052200000000001637e+03 -4.861952992526983319e-01
6.088880000000001019e+03 -7.116273673648165765e-01
6.125560000000001310e+03 -9.428375588861814816e-01
6.162240000000001601e+03 -1.177642436734289033e+00
6.198920000000000982e+03 -1.414586650801062051e+00
6.235600000000001273e+03 -1.653741316985088972e+00
6.272280000000001564e+03 -1.895662684897592820e+00
6.308960000000001855e+03 -2.139844540457418454e+00
6.345640000000001237e+03 -2.386323354416525433e+00
6.382320000000001528e+03 -2.635136606906980372e+00
6.419000000000001819e+03 -2.885807277530882065e+00
6.455680000000002110e+03 -3.138763971503917727e+00
6.492360000000001492e+03 -3.394211638959091282e+00
6.529040000000001783e+03 -3.652193733259510022e+00
6.565720000000002074e+03 -3.912754999788746524e+00
6.602400000000001455e+03 -4.175941529625539772e+00
6.639080000000001746e+03 -4.441800816124662710e+00
6.675760000000002037e+03 -4.710381814600851591e+00
6.712440000000002328e+03 -4.986257400596242562e+00
6.749120000000001710e+03 -5.266196316301455127e+00
6.785800000000002001e+03 -5.549228850708095351e+00
6.822480000000002292e+03 -5.835418269886814002e+00
6.859160000000001673e+03 -6.124830009823091892e+00
6.895840000000001965e+03 -6.417531780581919421e+00
6.932520000000002256e+03 -6.713593676982925196e+00
6.969200000000002547e+03 -7.013088296288726653e+00
7.005880000000001928e+03 -7.316090863458513560e+00
7.042560000000002219e+03 -7.622679364570326577e+00
7.079240000000002510e+03 -7.932934689070535228e+00
7.115920000000001892e+03 -8.246940781577929869e+00
7.152600000000002183e+03 -8.564784804038216848e+00
7.189280000000002474e+03 -8.887531220769240292e+00
7.225960000000002765e+03 -9.223422259921358446e+00
7.262640000000002146e+03 -9.563923713604463472e+00
7.299320000000002437e+03 -9.909161452522488034e+00
7.336000000000003638e+03 -1.055589147687125973e+01
7.345170000000000982e+03 -1.044925969876337568e+01
7.354340000000002874e+03 -1.057411057512493180e+01
7.354913125000002765e+03 -1.058204791885323814e+01
7.355486250000001746e+03 -1.059956645329521230e+01
7.356059375000002547e+03 -1.060075555273630421e+01
7.356131015625002874e+03 -1.060090378347134177e+01
7.356202656250003201e+03 -1.059996926419443142e+01
7.356274296875002619e+03 -1.060096746109709720e+01
7.356283251953127547e+03 -1.060121847297546438e+01
7.356292207031253383e+03 -1.060123697137352039e+01
7.356293326416020136e+03 -1.060123928357358558e+01
7.356293886108401239e+03 -1.060124043966542473e+01
7.356293888294699173e+03 -1.060124044418139988e+01
