3.668000000000000000e+03 1.145985492253957183e+01
3.704679999999999836e+03 1.129456852431701286e+01
3.741360000000000127e+03 1.112857859079953293e+01
3.778039999999999964e+03 1.096188246542746825e+01
3.814720000000000255e+03 1.079465639015580436e+01
3.851400000000000091e+03 1.062679812418762992e+01
3.888080000000000382e+03 1.045823065004169372e+01
3.924760000000000218e+03 1.028896230512569865e+01
3.961440000000000055e+03 1.011898967874337885e+01
3.998120000000000346e+03 9.948300018787753274e+00
4.034800000000000182e+03 9.776901481283342576e+00
4.071479999999999563e+03 9.604841161523822279e+00
4.108159999999999854e+03 9.432249558901400377e+00
4.144839999999999236e+03 9.258935729183665586e+00
4.181519999999999527e+03 9.084896767590672439e+00
4.218199999999999818e+03 8.910110450045296560e+00
4.254880000000000109e+03 8.734416851859037934e+00
4.291559999999999491e+03 8.558009860021035919e+00
4.328239999999999782e+03 8.380886749985130280e+00
4.364920000000000073e+03 8.203043594841847863e+00
4.401599999999999454e+03 8.024351409071179830e+00
4.438279999999999745e+03 7.844741430089499090e+00
4.474960000000000036e+03 7.664269071910971398e+00
4.511640000000000327e+03 7.483057089652696448e+00
4.548319999999999709e+03 7.301102405666392237e+00
4.585000000000000000e+03 7.118328201962093260e+00
4.621680000000000291e+03 6.934631541281314426e+00
4.658359999999999673e+03 6.750174635842936866e+00
4.695039999999999964e+03 6.564863127880436799e+00
4.731720000000000255e+03 6.378489710076321373e+00
4.768400000000000546e+03 6.191073596998483808e+00
4.805079999999999927e+03 6.002833849279151757e+00
4.841760000000000218e+03 5.813719880774359083e+00
4.878440000000000509e+03 5.623788027630842734e+00
4.915119999999999891e+03 5.432968489577273630e+00
4.951800000000000182e+03 5.241166802099511912e+00
4.988480000000000473e+03 5.048360292052766596e+00
5.025160000000000764e+03 4.854664267829168267e+00
5.061840000000000146e+03 4.660114099814372857e+00
5.098520000000000437e+03 4.464698147230193648e+00
5.135200000000000728e+03 4.268414812759830035e+00
5.171880000000000109e+03 4.071191023893179661e+00
5.208560000000000400e+03 3.872053714285875081e+00
5.245240000000000691e+03 3.668788512017766124e+00
5.281920000000000982e+03 3.463593615044655571e+00
5.318600000000000364e+03 3.257212242671511770e+00
5.355280000000000655e+03 3.049633911437363842e+00
5.391960000000000946e+03 2.840847958802234619e+00
5.428640000000000327e+03 2.630833371340038251e+00
5.465320000000000618e+03 2.419327725890168423e+00
5.502000000000000909e+03 2.206558783727987638e+00
5.538680000000001201e+03 1.991747345887993736e+00
5.575360000000000582e+03 1.772773929833094231e+00
5.612040000000000873e+03 1.552376043039148223e+00
5.648720000000001164e+03 1.330538286138219561e+00
5.685400000000000546e+03 1.107244957135830710e+00
5.722080000000000837e+03 8.824800432788549864e-01
5.758760000000001128e+03 6.562272126358074109e-01
5.795440000000001419e+03 4.277066936328767222e-01
5.832120000000000800e+03 1.970493412212912798e-01
5.868800000000001091e+03 -3.519384946919414114e-02
5.905480000000001382e+03 -2.690416622420351289e-01
5.942160000000000764e+03 -5.045132777436992511e-01
5.978840000000001055e+03 -7.416282849962977375e-01
6.015520000000001346e+03 -9.804066933664652428e-01
6.052200000000001637e+03 -1.220868944993564797e+00
6.088880000000001019e+03 -1.463035927695911065e+00
6.125560000000001310e+03 -1.710417321525596446e+00
6.162240000000001601e+03 -1.961104391983501616e+00
6.198920000000000982e+03 -2.213826892348521813e+00
6.235600000000001273e+03 -2.468647803852542566e+00
6.272280000000001564e+03 -2.726034819284845589e+00
6.308960000000001855e+03 -2.985569712946178900e+00
6.345640000000001237e+03 -3.247286856538333044e+00
6.382320000000001528e+03 -3.511221561877915232e+00
6.419000000000001819e+03 -3.776778591189043688e+00
6.455680000000002110e+03 -4.044459658791622836e+00
6.492360000000001492e+03 -4.314502193149163389e+00
6.529040000000001783e+03 -4.586947001524337431e+00
6.565720000000002074e+03 -4.861836091303803897e+00
6.602400000000001455e+03 -5.139212719585088962e+00
6.639080000000001746e+03 -5.419121445438023876e+00
6.675760000000002037e+03 -5.701608185020746511e+00
6.712440000000002328e+03 -5.990675112316177220e+00
6.749120000000001710e+03 -6.283505947991329776e+00
6.785800000000002001e+03 -6.579256879457635598e+00
6.822480000000002292e+03 -6.877986904626363973e+00
6.859160000000001673e+03 -7.179757024651919117e+00
6.895840000000001965e+03 -7.484630339616591854e+00
6.932520000000002256e+03 -7.792672150176083612e+00
6.969200000000002547e+03 -8.103950065624998089e+00
7.005880000000001928e+03 -8.418534118886940476e+00
7.042560000000002219e+03 -8.736496888979727871e+00
7.079240000000002510e+03 -9.057913631558056622e+00
7.115920000000001892e+03 -9.382862418196829424e+00
7.152600000000002183e+03 -9.711424285142516766e+00
7.189280000000002474e+03 -1.004483280518134158e+01
7.225960000000002765e+03 -1.039284135724329516e+01
7.262640000000002146e+03 -1.074539633964952756e+01
7.299320000000002437e+03 -1.110262437169799021e+01
7.336000000000003638e+03 -1.172083675741617981e+01
7.345170000000000982e+03 -1.164346808820375045e+01
7.354340000000002874e+03 -1.176623693069319287e+01
7.354913125000002765e+03 -1.177402663336779476e+01
7.355486250000001746e+03 -1.179010244435945864e+01
7.356059375000002547e+03 -1.179205625961779447e+01
7.356131015625002874e+03 -1.179230013071469862e+01
7.356202656250003201e+03 -1.179160760074204717e+01
7.356274296875002619e+03 -1.179258655028077207e+01
7.356283251953127547e+03 -1.179281809361100919e+01
7.356292207031253383e+03 -1.179284855086187456e+01
7.356293326416020136e+03 -1.179285235793101094e+01
7.356293886108401239e+03 -1.179285426145840354e+01
7.356293888294699173e+03 -1.179285426889404143e+01
