3.668000000000000000e+03 2.412500141399059217e+01
3.704679999999999836e+03 2.400801572775300841e+01
3.741360000000000127e+03 2.389062217162388180e+01
3.778039999999999964e+03 2.377281934298380150e+01
3.814720000000000255e+03 2.365467548765161965e+01
3.851400000000000091e+03 2.353615038812745652e+01
3.888080000000000382e+03 2.341721367207470550e+01
3.924760000000000218e+03 2.329787637453255655e+01
3.961440000000000055e+03 2.317813629254726493e+01
3.998120000000000346e+03 2.305798070723566440e+01
4.034800000000000182e+03 2.293742059030078195e+01
4.071479999999999563e+03 2.281651064961583231e+01
4.108159999999999854e+03 2.269525459017797786e+01
4.144839999999999236e+03 2.257358031890968419e+01
4.181519999999999527e+03 2.245148631292600783e+01
4.218199999999999818e+03 2.232897449345153618e+01
4.254880000000000109e+03 2.220607542564708581e+01
4.291559999999999491e+03 2.208275552152070631e+01
4.328239999999999782e+03 2.195901324688904666e+01
4.364920000000000073e+03 2.183484635832720855e+01
4.401599999999999454e+03 2.171017839965969998e+01
4.438279999999999745e+03 2.158495372319826444e+01
4.474960000000000036e+03 2.145922079872407195e+01
4.511640000000000327e+03 2.133305072282430359e+01
4.548319999999999709e+03 2.120644174110952918e+01
4.585000000000000000e+03 2.107938322702887035e+01
4.621680000000000291e+03 2.095186064394398784e+01
4.658359999999999673e+03 2.082389161857656745e+01
4.695039999999999964e+03 2.069544636119619696e+01
4.731720000000000255e+03 2.056644457091743661e+01
4.768400000000000546e+03 2.043681243436317985e+01
4.805079999999999927e+03 2.030666923444701055e+01
4.841760000000000218e+03 2.017599463641160895e+01
4.878440000000000509e+03 2.004484119005716281e+01
4.915119999999999891e+03 1.991318279044662276e+01
4.951800000000000182e+03 1.978103649152490817e+01
4.988480000000000473e+03 1.964839021826930932e+01
5.025160000000000764e+03 1.951524788181841785e+01
5.061840000000000146e+03 1.938160974949463977e+01
5.098520000000000437e+03 1.924745434978063230e+01
5.135200000000000728e+03 1.911269831559180332e+01
5.171880000000000109e+03 1.897735586743636560e+01
5.208560000000000400e+03 1.884115515754812265e+01
5.245240000000000691e+03 1.870360411671552114e+01
5.281920000000000982e+03 1.856526053485451300e+01
5.318600000000000364e+03 1.842632299470397683e+01
5.355280000000000655e+03 1.828678698950938752e+01
5.391960000000000946e+03 1.814664793798517550e+01
5.428640000000000327e+03 1.800589977972878941e+01
5.465320000000000618e+03 1.786450107234732698e+01
5.502000000000000909e+03 1.772247804751705758e+01
5.538680000000001201e+03 1.757956343533274435e+01
5.575360000000000582e+03 1.743501931828152962e+01
5.612040000000000873e+03 1.728977175651561637e+01
5.648720000000001164e+03 1.714381402513043184e+01
5.685400000000000546e+03 1.699713927254886414e+01
5.722080000000000837e+03 1.684974051721716393e+01
5.758760000000001128e+03 1.670161064418455510e+01
5.795440000000001419e+03 1.655303642351941207e+01
5.832120000000000800e+03 1.640392147382582877e+01
5.868800000000001091e+03 1.625402953881821233e+01
5.905480000000001382e+03 1.610335223409053640e+01
5.942160000000000764e+03 1.595188100347223248e+01
5.978840000000001055e+03 1.579960711414435615e+01
6.015520000000001346e+03 1.564652165157292352e+01
6.052200000000001637e+03 1.549261551424926786e+01
6.088880000000001019e+03 1.533787940823078166e+01
6.125560000000001310e+03 1.518141340232380010e+01
6.162240000000001601e+03 1.502369063116639047e+01
6.198920000000000982e+03 1.486502914025305699e+01
6.235600000000001273e+03 1.470540460843336739e+01
6.272280000000001564e+03 1.454464462408705216e+01
6.308960000000001855e+03 1.438290104568014804e+01
6.345640000000001237e+03 1.422015998793841796e+01
6.382320000000001528e+03 1.405640720645688013e+01
6.419000000000001819e+03 1.389291642436609209e+01
6.455680000000002110e+03 1.372876443248013700e+01
6.492360000000001492e+03 1.356353647705389598e+01
6.529040000000001783e+03 1.339721571172408865e+01
6.565720000000002074e+03 1.322978481136191320e+01
6.602400000000001455e+03 1.306122595260323749e+01
6.639080000000001746e+03 1.289152079333129031e+01
6.675760000000002037e+03 1.272065045104154279e+01
6.712440000000002328e+03 1.254624459020278415e+01
6.749120000000001710e+03 1.236997653986900225e+01
6.785800000000002001e+03 1.219235642232150774e+01
6.822480000000002292e+03 1.201335907610657827e+01
6.859160000000001673e+03 1.183295851324470327e+01
6.895840000000001965e+03 1.165112788036156566e+01
6.932520000000002256e+03 1.146783941741002799e+01
6.969200000000002547e+03 1.128306441379707614e+01
7.005880000000001928e+03 1.109677316171140582e+01
7.042560000000002219e+03 1.090893490642850416e+01
7.079240000000002510e+03 1.071951779334886901e+01
7.115920000000001892e+03 1.052848881150036142e+01
7.152600000000002183e+03 1.033581373320929409e+01
7.189280000000002474e+03 1.014108138574709450e+01
7.225960000000002765e+03 9.941102078032452383e+00
7.262640000000002146e+03 9.739158940500900030e+00
7.299320000000002437e+03 9.535202787305099292e+00
7.336000000000003638e+03 9.246282660546523147e+00
7.345170000000000982e+03 9.248019874247439986e+00
7.354340000000002874e+03 9.185569338589163024e+00
7.354913125000002765e+03 9.181625406375346188e+00
7.355486250000001746e+03 9.175025827858158678e+00
7.356059375000002547e+03 9.172951096921996950e+00
7.356131015625002874e+03 9.172691845969875857e+00
7.356202656250003201e+03 9.172732662172016660e+00
7.356274296875002619e+03 9.172237842922527307e+00
7.356283251953127547e+03 9.172141004591974678e+00
7.356292207031253383e+03 9.172108604993491454e+00
7.356293326416020136e+03 9.172104555065844878e+00
7.356293886108401239e+03 9.172102530103833473e+00
7.356293888294699173e+03 9.172102522193849694e+00
