3.668000000000000000e+03 9.580000000000000737e-01
3.704679999999999836e+03 9.580000000000000737e-01
3.741360000000000127e+03 9.580000000000000737e-01
3.778039999999999964e+03 9.580000000000000737e-01
3.814720000000000255e+03 9.580000000000000737e-01
3.851400000000000091e+03 9.580000000000000737e-01
3.888080000000000382e+03 9.580000000000000737e-01
3.924760000000000218e+03 9.580000000000000737e-01
3.961440000000000055e+03 9.580000000000000737e-01
3.998120000000000346e+03 9.580000000000000737e-01
4.034800000000000182e+03 9.580000000000000737e-01
4.071479999999999563e+03 9.580000000000000737e-01
4.108159999999999854e+03 9.580000000000000737e-01
4.144839999999999236e+03 9.580000000000000737e-01
4.181519999999999527e+03 9.580000000000000737e-01
4.218199999999999818e+03 9.580000000000000737e-01
4.254880000000000109e+03 9.580000000000000737e-01
4.291559999999999491e+03 9.580000000000000737e-01
4.328239999999999782e+03 9.580000000000000737e-01
4.364920000000000073e+03 9.579963534573363582e-01
4.401599999999999454e+03 9.575979211541394420e-01
4.438279999999999745e+03 9.570985144108015152e-01
4.474960000000000036e+03 9.565174048485657332e-01
4.511640000000000327e+03 9.559346990986156145e-01
4.548319999999999709e+03 9.553503860853559404e-01
4.585000000000000000e+03 9.547644511828081715e-01
4.621680000000000291e+03 9.541768783114060737e-01
4.658359999999999673e+03 9.535876636386765304e-01
4.695039999999999964e+03 9.529499588793912679e-01
4.731720000000000255e+03 9.522441447386919000e-01
4.768400000000000546e+03 9.513241359478866732e-01
4.805079999999999927e+03 9.503065867781982368e-01
4.841760000000000218e+03 9.492785119538319494e-01
4.878440000000000509e+03 9.482461264540633650e-01
4.915119999999999891e+03 9.472093591792609679e-01
4.951800000000000182e+03 9.461681498434230120e-01
4.988480000000000473e+03 9.451224758185035046e-01
5.025160000000000764e+03 9.440723000042779978e-01
5.061840000000000146e+03 9.430168040838824428e-01
5.098520000000000437e+03 9.419536730854377593e-01
5.135200000000000728e+03 9.408858449967043569e-01
5.171880000000000109e+03 9.398123215080680382e-01
5.208560000000000400e+03 9.387323954019927141e-01
5.245240000000000691e+03 9.376471228199861896e-01
5.281920000000000982e+03 9.365566851130897597e-01
5.318600000000000364e+03 9.354611990890678852e-01
5.355280000000000655e+03 9.343606048945444220e-01
5.391960000000000946e+03 9.332548414782053658e-01
5.428640000000000327e+03 9.321438451283200477e-01
5.465320000000000618e+03 9.310275137115233690e-01
5.502000000000000909e+03 9.299058127744441737e-01
5.538680000000001201e+03 9.287784992008517593e-01
5.575360000000000582e+03 9.276450134900426914e-01
5.612040000000000873e+03 9.265059140340120569e-01
5.648720000000001164e+03 9.253611284639162715e-01
5.685400000000000546e+03 9.242105828385460686e-01
5.722080000000000837e+03 9.230542015972507119e-01
5.758760000000001128e+03 9.218919075110331152e-01
5.795440000000001419e+03 9.207235117268075530e-01
5.832120000000000800e+03 9.195489494964955712e-01
5.868800000000001091e+03 9.183682183019402645e-01
5.905480000000001382e+03 9.171812331166369070e-01
5.942160000000000764e+03 9.159879069447550703e-01
5.978840000000001055e+03 9.147881507580563065e-01
6.015520000000001346e+03 9.135818734302106892e-01
6.052200000000001637e+03 9.123689816683514531e-01
6.088880000000001019e+03 9.111493799417623718e-01
6.125560000000001310e+03 9.099224134331430625e-01
6.162240000000001601e+03 9.086882425948040742e-01
6.198920000000000982e+03 9.074469596522867221e-01
6.235600000000001273e+03 9.061984642308564819e-01
6.272280000000001564e+03 9.049427879466260816e-01
6.308960000000001855e+03 9.036796602392939137e-01
6.345640000000001237e+03 9.024089608696816978e-01
6.382320000000001528e+03 9.011305662979035569e-01
6.419000000000001819e+03 8.996461255458869655e-01
6.455680000000002110e+03 8.980895828580480744e-01
6.492360000000001492e+03 8.965212632394357062e-01
6.529040000000001783e+03 8.949409267542379753e-01
6.565720000000002074e+03 8.933483252692762111e-01
6.602400000000001455e+03 8.917432020615945198e-01
6.639080000000001746e+03 8.901252914016933859e-01
6.675760000000002037e+03 8.884943181105234844e-01
6.712440000000002328e+03 8.868429693420208926e-01
6.749120000000001710e+03 8.851761085023397424e-01
6.785800000000002001e+03 8.834950257680891372e-01
6.822480000000002292e+03 8.817993912691560743e-01
6.859160000000001673e+03 8.800888623165830094e-01
6.895840000000001965e+03 8.783630827030302068e-01
6.932520000000002256e+03 8.766216819536924998e-01
6.969200000000002547e+03 8.748642745233142781e-01
7.005880000000001928e+03 8.730904589345187539e-01
7.042560000000002219e+03 8.712998168521369768e-01
7.079240000000002510e+03 8.694919120876587471e-01
7.115920000000001892e+03 8.676662895272512221e-01
7.152600000000002183e+03 8.658224739761182231e-01
7.189280000000002474e+03 8.639595165326428017e-01
7.225960000000002765e+03 8.620730580133879606e-01
7.262640000000002146e+03 8.601665115558108088e-01
7.299320000000002437e+03 8.582392849229262266e-01
7.336000000000003638e+03 8.561277399083322415e-01
7.345170000000000982e+03 8.557420590374209546e-01
7.354340000000002874e+03 8.552289398073259497e-01
7.354913125000002765e+03 8.551967435736234080e-01
7.355486250000001746e+03 8.551593004254899322e-01
7.356059375000002547e+03 8.551307822145395310e-01
7.356131015625002874e+03 8.551272173071897686e-01
7.356202656250003201e+03 8.551242446823921206e-01
7.356274296875002619e+03 8.551202146132622639e-01
7.356283251953127547e+03 8.551196417826960605e-01
7.356292207031253383e+03 8.551191961595296931e-01
7.356293326416020136e+03 8.551191404566023113e-01
7.356293886108401239e+03 8.551191126051354008e-01
7.356293888294699173e+03 8.551191124963400947e-01
