3.668000000000000000e+03 1.900000000000006395e+01
3.704679999999999836e+03 1.912324480000003035e+01
3.741360000000000127e+03 1.924648959999984044e+01
3.778039999999999964e+03 1.936973440000005553e+01
3.814720000000000255e+03 1.949297919999988693e+01
3.851400000000000091e+03 1.961622400000003097e+01
3.888080000000000382e+03 1.973946879999999737e+01
3.924760000000000218e+03 1.986271360000001351e+01
3.961440000000000055e+03 1.998595839999993373e+01
3.998120000000000346e+03 2.010920319999996764e+01
4.034800000000000182e+03 2.023244799999998378e+01
4.071479999999999563e+03 2.035569280000007808e+01
4.108159999999999854e+03 2.047893760000006580e+01
4.144839999999999236e+03 2.060218240000005352e+01
4.181519999999999527e+03 2.072542720000006611e+01
4.218199999999999818e+03 2.084867199999992238e+01
4.254880000000000109e+03 2.097191680000000247e+01
4.291559999999999491e+03 2.109516160000005769e+01
4.328239999999999782e+03 2.121840640000009159e+01
4.364920000000000073e+03 2.134165120000005800e+01
4.401599999999999454e+03 2.146489599999998177e+01
4.438279999999999745e+03 2.158814080000005475e+01
4.474960000000000036e+03 2.171138560000007089e+01
4.511640000000000327e+03 2.183463039999992716e+01
4.548319999999999709e+03 2.195787520000000370e+01
4.585000000000000000e+03 2.208112000000006248e+01
4.621680000000000291e+03 2.220436480000007862e+01
4.658359999999999673e+03 2.232760960000013384e+01
4.695039999999999964e+03 2.245085439999990129e+01
4.731720000000000255e+03 2.257409920000000270e+01
4.768400000000000546e+03 2.269734400000012187e+01
4.805079999999999927e+03 2.282058880000002432e+01
4.841760000000000218e+03 2.294383359999994809e+01
4.878440000000000509e+03 2.306707840000000331e+01
4.915119999999999891e+03 2.319032320000005853e+01
4.951800000000000182e+03 2.331356800000009599e+01
4.988480000000000473e+03 2.343681279999986344e+01
5.025160000000000764e+03 2.356005759999997906e+01
5.061840000000000146e+03 2.368330240000005915e+01
5.098520000000000437e+03 2.380654720000005042e+01
5.135200000000000728e+03 2.392979200000004170e+01
5.171880000000000109e+03 2.405303680000002942e+01
5.208560000000000400e+03 2.417628160000008819e+01
5.245240000000000691e+03 2.429952639999996933e+01
5.281920000000000982e+03 2.442277120000004942e+01
5.318600000000000364e+03 2.454601599999996964e+01
5.355280000000000655e+03 2.466926080000006394e+01
5.391960000000000946e+03 2.479250560000000903e+01
5.428640000000000327e+03 2.491575040000000030e+01
5.465320000000000618e+03 2.503899520000016921e+01
5.502000000000000909e+03 2.516224000000011785e+01
5.538680000000001201e+03 2.528548479999992793e+01
5.575360000000000582e+03 2.540872960000005065e+01
5.612040000000000873e+03 2.553197440000001350e+01
5.648720000000001164e+03 2.565521920000005096e+01
5.685400000000000546e+03 2.577846399999999605e+01
5.722080000000000837e+03 2.590170879999998732e+01
5.758760000000001128e+03 2.602495360000004254e+01
5.795440000000001419e+03 2.614819840000000895e+01
5.832120000000000800e+03 2.627144320000004640e+01
5.868800000000001091e+03 2.639468799999994530e+01
5.905480000000001382e+03 2.651793280000000408e+01
5.942160000000000764e+03 2.664117760000000956e+01
5.978840000000001055e+03 2.676442240000000083e+01
6.015520000000001346e+03 2.688766720000010224e+01
6.052200000000001637e+03 2.701091200000000470e+01
6.088880000000001019e+03 2.713415680000003860e+01
6.125560000000001310e+03 2.725740159999989842e+01
6.162240000000001601e+03 2.738064640000002115e+01
6.198920000000000982e+03 2.750389119999998044e+01
6.235600000000001273e+03 2.762713599999990421e+01
6.272280000000001564e+03 2.775038080000014062e+01
6.308960000000001855e+03 2.787362560000006440e+01
6.345640000000001237e+03 2.799687039999996685e+01
6.382320000000001528e+03 2.812011520000004339e+01
6.419000000000001819e+03 2.824336000000008084e+01
6.455680000000002110e+03 2.836660479999995843e+01
6.492360000000001492e+03 2.848984960000004207e+01
6.529040000000001783e+03 2.861309440000015769e+01
6.565720000000002074e+03 2.873633919999996778e+01
6.602400000000001455e+03 2.885958400000011537e+01
6.639080000000001746e+03 2.898282880000006045e+01
6.675760000000002037e+03 2.910607360000002686e+01
6.712440000000002328e+03 2.922931840000011050e+01
6.749120000000001710e+03 2.935256320000003427e+01
6.785800000000002001e+03 2.947580800000014989e+01
6.822480000000002292e+03 2.959905280000011629e+01
6.859160000000001673e+03 2.972229760000004006e+01
6.895840000000001965e+03 2.984554240000000647e+01
6.932520000000002256e+03 2.996878720000013274e+01
6.969200000000002547e+03 3.009203200000001388e+01
7.005880000000001928e+03 3.021527680000004779e+01
7.042560000000002219e+03 3.033852160000001419e+01
7.079240000000002510e+03 3.046176640000016533e+01
7.115920000000001892e+03 3.058501120000003226e+01
7.152600000000002183e+03 3.070825600000009103e+01
7.189280000000002474e+03 3.083150080000001125e+01
7.225960000000002765e+03 3.095474560000006292e+01
7.262640000000002146e+03 3.107799040000003643e+01
7.299320000000002437e+03 3.120123520000013428e+01
7.336000000000003638e+03 3.132448000000009358e+01
7.345170000000000982e+03 3.135529120000001768e+01
7.354340000000002874e+03 3.138610240000008389e+01
7.354913125000002765e+03 3.138802809999996768e+01
7.355486250000001746e+03 3.138995379999999358e+01
7.356059375000002547e+03 3.139187950000009408e+01
7.356131015625002874e+03 3.139212021250018125e+01
7.356202656250003201e+03 3.139236092500004460e+01
7.356274296875002619e+03 3.139260163750000032e+01
7.356283251953127547e+03 3.139263172656256984e+01
7.356292207031253383e+03 3.139266181562500435e+01
7.356293326416020136e+03 3.139266557675785663e+01
7.356293886108401239e+03 3.139266745732428276e+01
7.356293888294699173e+03 3.139266746467024305e+01
