3.668000000000000000e+03 9.494381000303759865e-01
3.704679999999999836e+03 9.493079305473057783e-01
3.741360000000000127e+03 9.491774503212557779e-01
3.778039999999999964e+03 9.490466577254577096e-01
3.814720000000000255e+03 9.489155527772638044e-01
3.851400000000000091e+03 9.487841329120582090e-01
3.888080000000000382e+03 9.486523957826468179e-01
3.924760000000000218e+03 9.485203428114654667e-01
3.961440000000000055e+03 9.483879722401951096e-01
3.998120000000000346e+03 9.482552796230905301e-01
4.034800000000000182e+03 9.481222662123001133e-01
4.071479999999999563e+03 9.479889438305241223e-01
4.108159999999999854e+03 9.478552962013132577e-01
4.144839999999999236e+03 9.477213206633451348e-01
4.181519999999999527e+03 9.475870154922891864e-01
4.218199999999999818e+03 9.474523793138933669e-01
4.254880000000000109e+03 9.473174136429669545e-01
4.291559999999999491e+03 9.471821132822668687e-01
4.328239999999999782e+03 9.470464764654938916e-01
4.364920000000000073e+03 9.469096171953386154e-01
4.401599999999999454e+03 9.466766732318409039e-01
4.438279999999999745e+03 9.461584862520332484e-01
4.474960000000000036e+03 9.454101218085113612e-01
4.511640000000000327e+03 9.446596034588043977e-01
4.548319999999999709e+03 9.439069159686943600e-01
4.585000000000000000e+03 9.431520401143941301e-01
4.621680000000000291e+03 9.423949550329157043e-01
4.658359999999999673e+03 9.416356534463080630e-01
4.695039999999999964e+03 9.407868966906555164e-01
4.731720000000000255e+03 9.398122055336560754e-01
4.768400000000000546e+03 9.386925395755247870e-01
4.805079999999999927e+03 9.375011940931712306e-01
4.841760000000000218e+03 9.362951857787497056e-01
4.878440000000000509e+03 9.350841507620537563e-01
4.915119999999999891e+03 9.338680217173964682e-01
4.951800000000000182e+03 9.326467265713923593e-01
4.988480000000000473e+03 9.314202287407015168e-01
5.025160000000000764e+03 9.301884805680090684e-01
5.061840000000000146e+03 9.289502240365848929e-01
5.098520000000000437e+03 9.277018791945380594e-01
5.135200000000000728e+03 9.264480410395428134e-01
5.171880000000000109e+03 9.251872412699732040e-01
5.208560000000000400e+03 9.239184406646727687e-01
5.245240000000000691e+03 9.226435364552070251e-01
5.281920000000000982e+03 9.213626550345181965e-01
5.318600000000000364e+03 9.200758747587097774e-01
5.355280000000000655e+03 9.187831251336173732e-01
5.391960000000000946e+03 9.174843342413055991e-01
5.428640000000000327e+03 9.161794275063263049e-01
5.465320000000000618e+03 9.148682978222937301e-01
5.502000000000000909e+03 9.135508941385062087e-01
5.538680000000001201e+03 9.122269903902776589e-01
5.575360000000000582e+03 9.108960949146069908e-01
5.612040000000000873e+03 9.095586508576285478e-01
5.648720000000001164e+03 9.082145734145820049e-01
5.685400000000000546e+03 9.068637759265092413e-01
5.722080000000000837e+03 9.055061698241716472e-01
5.758760000000001128e+03 9.041416645697645249e-01
5.795440000000001419e+03 9.027700688116885308e-01
5.832120000000000800e+03 9.013913027443392068e-01
5.868800000000001091e+03 9.000053416317798094e-01
5.905480000000001382e+03 8.986120859105245495e-01
5.942160000000000764e+03 8.972114336966995340e-01
5.978840000000001055e+03 8.958032807110045681e-01
6.015520000000001346e+03 8.943875202005608926e-01
6.052200000000001637e+03 8.929640428574402433e-01
6.088880000000001019e+03 8.915327367337543274e-01
6.125560000000001310e+03 8.900930298871736479e-01
6.162240000000001601e+03 8.886450163846160155e-01
6.198920000000000982e+03 8.871887351068556971e-01
6.235600000000001273e+03 8.857240670547789074e-01
6.272280000000001564e+03 8.842510112801739153e-01
6.308960000000001855e+03 8.827692944866243341e-01
6.345640000000001237e+03 8.812787774866860380e-01
6.382320000000001528e+03 8.797793172852245158e-01
6.419000000000001819e+03 8.779660756601511684e-01
6.455680000000002110e+03 8.760452830148666159e-01
6.492360000000001492e+03 8.741097675448373794e-01
6.529040000000001783e+03 8.721592265306244984e-01
6.565720000000002074e+03 8.701933467936774358e-01
6.602400000000001455e+03 8.682118041898502225e-01
6.639080000000001746e+03 8.662142630711395785e-01
6.675760000000002037e+03 8.642003757131703212e-01
6.712440000000002328e+03 8.621600505821281901e-01
6.749120000000001710e+03 8.601000891941270599e-01
6.785800000000002001e+03 8.580223199672262213e-01
6.822480000000002292e+03 8.559263262289203977e-01
6.859160000000001673e+03 8.538116749431783337e-01
6.895840000000001965e+03 8.516779158078201517e-01
6.932520000000002256e+03 8.495245802873078178e-01
6.969200000000002547e+03 8.473511805752198534e-01
7.005880000000001928e+03 8.451572084801033391e-01
7.042560000000002219e+03 8.429421342277039209e-01
7.079240000000002510e+03 8.407054051718102494e-01
7.115920000000001892e+03 8.384464444050617749e-01
7.152600000000002183e+03 8.361646492601626512e-01
7.189280000000002474e+03 8.338589503748241594e-01
7.225960000000002765e+03 8.315249543274730870e-01
7.262640000000002146e+03 8.291658080083162963e-01
7.299320000000002437e+03 8.267807641757988213e-01
7.336000000000003638e+03 8.242094813490594696e-01
7.345170000000000982e+03 8.237050295302679181e-01
7.354340000000002874e+03 8.230753996143832518e-01
7.354913125000002765e+03 8.230359118169500166e-01
7.355486250000001746e+03 8.229912814072968263e-01
7.356059375000002547e+03 8.229553946264057673e-01
7.356131015625002874e+03 8.229509085564334914e-01
7.356202656250003201e+03 8.229470028219946220e-01
7.356274296875002619e+03 8.229420609150968069e-01
7.356283251953127547e+03 8.229413754939338688e-01
7.356292207031253383e+03 8.229408147186172418e-01
7.356293326416020136e+03 8.229407446216489008e-01
7.356293886108401239e+03 8.229407095731592348e-01
7.356293888294699173e+03 8.229407094362505282e-01
