3.668000000000000000e+03 1.050429540622134397e+02
3.704679999999999836e+03 1.055658698499723442e+02
3.741360000000000127e+03 1.060908488436375023e+02
3.778039999999999964e+03 1.066178909865115116e+02
3.814720000000000255e+03 1.071468803243118373e+02
3.851400000000000091e+03 1.076778811930776527e+02
3.888080000000000382e+03 1.082109417919675707e+02
3.924760000000000218e+03 1.087461993325376568e+02
3.961440000000000055e+03 1.092836470851503066e+02
3.998120000000000346e+03 1.098231622282315527e+02
4.034800000000000182e+03 1.103575438493314778e+02
4.071479999999999563e+03 1.108550003358969747e+02
4.108159999999999854e+03 1.113541561634494883e+02
4.144839999999999236e+03 1.118551237787864068e+02
4.181519999999999527e+03 1.123579033145697679e+02
4.218199999999999818e+03 1.128625028302635087e+02
4.254880000000000109e+03 1.133689894766480819e+02
4.291559999999999491e+03 1.138772855528828813e+02
4.328239999999999782e+03 1.143873913437117267e+02
4.364920000000000073e+03 1.148993020784686934e+02
4.401599999999999454e+03 1.154124612091157047e+02
4.438279999999999745e+03 1.159668843827036540e+02
4.474960000000000036e+03 1.165322630365985219e+02
4.511640000000000327e+03 1.170996861488643930e+02
4.548319999999999709e+03 1.176691543592426115e+02
4.585000000000000000e+03 1.182406729676835795e+02
4.621680000000000291e+03 1.188142504828518611e+02
4.658359999999999673e+03 1.193898782383278387e+02
4.695039999999999964e+03 1.207459148865994791e+02
4.731720000000000255e+03 1.232043816387504194e+02
4.768400000000000546e+03 1.257673521377269878e+02
4.805079999999999927e+03 1.284816722241120601e+02
4.841760000000000218e+03 1.313311344900820359e+02
4.878440000000000509e+03 1.341897984726199411e+02
4.915119999999999891e+03 1.370574175469164970e+02
4.951800000000000182e+03 1.399343441078212322e+02
4.988480000000000473e+03 1.428206750560995602e+02
5.025160000000000764e+03 1.457164638660773335e+02
5.061840000000000146e+03 1.486814372591304618e+02
5.098520000000000437e+03 1.518892391479791968e+02
5.135200000000000728e+03 1.551085274708191832e+02
5.171880000000000109e+03 1.584066369942931942e+02
5.208560000000000400e+03 1.618310502954055323e+02
5.245240000000000691e+03 1.652690628550078600e+02
5.281920000000000982e+03 1.687203041570366224e+02
5.318600000000000364e+03 1.721847633600713152e+02
5.355280000000000655e+03 1.756625531765781716e+02
5.391960000000000946e+03 1.791537885333216025e+02
5.428640000000000327e+03 1.826585883774246781e+02
5.465320000000000618e+03 1.861771217528128943e+02
5.502000000000000909e+03 1.897094756502185362e+02
5.538680000000001201e+03 1.932560015864318075e+02
5.575360000000000582e+03 1.968174788543994964e+02
5.612040000000000873e+03 2.003932461084063448e+02
5.648720000000001164e+03 2.039834389708257163e+02
5.685400000000000546e+03 2.075881959276555335e+02
5.722080000000000837e+03 2.112076584107286692e+02
5.758760000000001128e+03 2.148419708830214745e+02
5.795440000000001419e+03 2.184911143225152728e+02
5.832120000000000800e+03 2.221553035732567025e+02
5.868800000000001091e+03 2.258348267818650470e+02
5.905480000000001382e+03 2.295298426967434580e+02
5.942160000000000764e+03 2.332405136243931452e+02
5.978840000000001055e+03 2.369670055389283903e+02
6.015520000000001346e+03 2.407094881959868928e+02
6.052200000000001637e+03 2.444681352513342460e+02
6.088880000000001019e+03 2.482431243843068387e+02
6.125560000000001310e+03 2.520361258342798578e+02
6.162240000000001601e+03 2.558465626034257525e+02
6.198920000000000982e+03 2.596740879831077677e+02
6.235600000000001273e+03 2.635189162531816578e+02
6.272280000000001564e+03 2.673813986520585786e+02
6.308960000000001855e+03 2.712616036251377523e+02
6.345640000000001237e+03 2.751597514761467096e+02
6.382320000000001528e+03 2.790760682552079288e+02
6.419000000000001819e+03 2.799999999999994316e+02
6.455680000000002110e+03 2.800000000000014211e+02
6.492360000000001492e+03 2.800000000000012506e+02
6.529040000000001783e+03 2.799999999999997726e+02
6.565720000000002074e+03 2.799999999999994884e+02
6.602400000000001455e+03 2.800000000000006821e+02
6.639080000000001746e+03 2.800000000000007958e+02
6.675760000000002037e+03 2.799999999999990337e+02
6.712440000000002328e+03 2.800000000000006821e+02
6.749120000000001710e+03 2.800000000000000000e+02
6.785800000000002001e+03 2.800000000000011937e+02
6.822480000000002292e+03 2.800000000000006821e+02
6.859160000000001673e+03 2.800000000000006821e+02
6.895840000000001965e+03 2.800000000000010800e+02
6.932520000000002256e+03 2.800000000000001137e+02
6.969200000000002547e+03 2.800000000000007390e+02
7.005880000000001928e+03 2.799999999999999432e+02
7.042560000000002219e+03 2.799999999999992042e+02
7.079240000000002510e+03 2.800000000000005116e+02
7.115920000000001892e+03 2.800000000000000568e+02
7.152600000000002183e+03 2.799999999999993747e+02
7.189280000000002474e+03 2.800000000000003979e+02
7.225960000000002765e+03 2.799999999999996589e+02
7.262640000000002146e+03 2.799999999999976126e+02
7.299320000000002437e+03 2.799999999999983515e+02
7.336000000000003638e+03 2.800000000000001705e+02
7.345170000000000982e+03 2.800000000000004547e+02
7.354340000000002874e+03 2.799999999999993179e+02
7.354913125000002765e+03 2.799999999999993179e+02
7.355486250000001746e+03 2.800000000000021600e+02
7.356059375000002547e+03 2.799999999999998295e+02
7.356131015625002874e+03 2.800000000000009095e+02
7.356202656250003201e+03 2.800000000000001705e+02
7.356274296875002619e+03 2.800000000000007958e+02
7.356283251953127547e+03 2.799999999999998863e+02
7.356292207031253383e+03 2.800000000000006253e+02
7.356293326416020136e+03 2.799999999999994316e+02
7.356293886108401239e+03 2.800000000000000568e+02
7.356293888294699173e+03 2.800000000000014779e+02
