3.668000000000000000e+03 9.568171436508683403e-01
3.704679999999999836e+03 9.564732796889601207e-01
3.741360000000000127e+03 9.561285613809639150e-01
3.778039999999999964e+03 9.557829869381476717e-01
3.814720000000000255e+03 9.554365518811458458e-01
3.851400000000000091e+03 9.550892558242519703e-01
3.888080000000000382e+03 9.547410980550677939e-01
3.924760000000000218e+03 9.543920774772599591e-01
3.961440000000000055e+03 9.540421922369720642e-01
3.998120000000000346e+03 9.536914398514300117e-01
4.034800000000000182e+03 9.533398192255249093e-01
4.071479999999999563e+03 9.529873318819844785e-01
4.108159999999999854e+03 9.526339634754736885e-01
4.144839999999999236e+03 9.522797204206034927e-01
4.181519999999999527e+03 9.519246008466284437e-01
4.218199999999999818e+03 9.515685954968045035e-01
4.254880000000000109e+03 9.512116365385409056e-01
4.291559999999999491e+03 9.508537924237441263e-01
4.328239999999999782e+03 9.504950611936219262e-01
4.364920000000000073e+03 9.501354408732163304e-01
4.401599999999999454e+03 9.497749285457088853e-01
4.438279999999999745e+03 9.494111135647752553e-01
4.474960000000000036e+03 9.490337381025516494e-01
4.511640000000000327e+03 9.486554254886107040e-01
4.548319999999999709e+03 9.482761735285624161e-01
4.585000000000000000e+03 9.478959843751791903e-01
4.621680000000000291e+03 9.475148617609302493e-01
4.658359999999999673e+03 9.471327937176419187e-01
4.695039999999999964e+03 9.467497807370686136e-01
4.731720000000000255e+03 9.463658246967482368e-01
4.768400000000000546e+03 9.459809124900447896e-01
4.805079999999999927e+03 9.455950421474430545e-01
4.841760000000000218e+03 9.452082121406684134e-01
4.878440000000000509e+03 9.448204231918347906e-01
4.915119999999999891e+03 9.444316746231634641e-01
4.951800000000000182e+03 9.440302914021387881e-01
4.988480000000000473e+03 9.436253134502784468e-01
5.025160000000000764e+03 9.432193373323757291e-01
5.061840000000000146e+03 9.428123575824469693e-01
5.098520000000000437e+03 9.424043642564903234e-01
5.135200000000000728e+03 9.419953148354197614e-01
5.171880000000000109e+03 9.415852464074513373e-01
5.208560000000000400e+03 9.411741935201989318e-01
5.245240000000000691e+03 9.407628822015581260e-01
5.281920000000000982e+03 9.403508460668605906e-01
5.318600000000000364e+03 9.399378217551421777e-01
5.355280000000000655e+03 9.395238074047511656e-01
5.391960000000000946e+03 9.391088011607081620e-01
5.428640000000000327e+03 9.386928023846023983e-01
5.465320000000000618e+03 9.382758384970012466e-01
5.502000000000000909e+03 9.378578786391177369e-01
5.538680000000001201e+03 9.374031904698281181e-01
5.575360000000000582e+03 9.368161098595073621e-01
5.612040000000000873e+03 9.362263639327637055e-01
5.648720000000001164e+03 9.356339316146209395e-01
5.685400000000000546e+03 9.350387914860683880e-01
5.722080000000000837e+03 9.344409217757112529e-01
5.758760000000001128e+03 9.338403003511317468e-01
5.795440000000001419e+03 9.332230793890400333e-01
5.832120000000000800e+03 9.325922726858736356e-01
5.868800000000001091e+03 9.319582620496799086e-01
5.905480000000001382e+03 9.313210161500952156e-01
5.942160000000000764e+03 9.306805030748085406e-01
5.978840000000001055e+03 9.300366903139227759e-01
6.015520000000001346e+03 9.293895447437600099e-01
6.052200000000001637e+03 9.287390326100702920e-01
6.088880000000001019e+03 9.280851195106434304e-01
6.125560000000001310e+03 9.274263390744431623e-01
6.162240000000001601e+03 9.267634616154267757e-01
6.198920000000000982e+03 9.260969829147001064e-01
6.235600000000001273e+03 9.254268543349457588e-01
6.272280000000001564e+03 9.247529294351302109e-01
6.308960000000001855e+03 9.240752716794824462e-01
6.345640000000001237e+03 9.233938368712304445e-01
6.382320000000001528e+03 9.227085797848713078e-01
6.419000000000001819e+03 9.220197434445429607e-01
6.455680000000002110e+03 9.213270784638220023e-01
6.492360000000001492e+03 9.206304466308470325e-01
6.529040000000001783e+03 9.199297976982315772e-01
6.565720000000002074e+03 9.192250801608010669e-01
6.602400000000001455e+03 9.185162412082930050e-01
6.639080000000001746e+03 9.178032266756288582e-01
6.675760000000002037e+03 9.170859809906327653e-01
6.712440000000002328e+03 9.163594764129323611e-01
6.749120000000001710e+03 9.156272680936456965e-01
6.785800000000002001e+03 9.148904214156117209e-01
6.822480000000002292e+03 9.141488661622945155e-01
6.859160000000001673e+03 9.134025300333332709e-01
6.895840000000001965e+03 9.126513385520290678e-01
6.932520000000002256e+03 9.118952149673020813e-01
6.969200000000002547e+03 9.111340801497087583e-01
7.005880000000001928e+03 9.103678524810646655e-01
7.042560000000002219e+03 9.095964477371795143e-01
7.079240000000002510e+03 9.088197789631513590e-01
7.115920000000001892e+03 9.080377563406455410e-01
7.152600000000002183e+03 9.072502870464824731e-01
7.189280000000002474e+03 9.064418689612200319e-01
7.225960000000002765e+03 9.054861790258089682e-01
7.262640000000002146e+03 9.045220454918898589e-01
7.299320000000002437e+03 9.035492721561141360e-01
7.336000000000003638e+03 9.023954069840443015e-01
7.345170000000000982e+03 9.022639904541559508e-01
7.354340000000002874e+03 9.019964071570232278e-01
7.354913125000002765e+03 9.019795962991503657e-01
7.355486250000001746e+03 9.019571486176147790e-01
7.356059375000002547e+03 9.019443054212709088e-01
7.356131015625002874e+03 9.019427002262673243e-01
7.356202656250003201e+03 9.019417319662764720e-01
7.356274296875002619e+03 9.019396267523389632e-01
7.356283251953127547e+03 9.019392893383294529e-01
7.356292207031253383e+03 9.019390887042827432e-01
7.356293326416020136e+03 9.019390636250775861e-01
7.356293886108401239e+03 9.019390510854787824e-01
7.356293888294699173e+03 9.019390510364957425e-01
