3.668000000000000000e+03 2.675689099705675034e+01
3.704679999999999836e+03 2.671573420508951457e+01
3.741360000000000127e+03 2.667432090740713235e+01
3.778039999999999964e+03 2.663265056901281014e+01
3.814720000000000255e+03 2.659074260052517502e+01
3.851400000000000091e+03 2.654858528751922719e+01
3.888080000000000382e+03 2.650616977724373058e+01
3.924760000000000218e+03 2.646352967572461523e+01
3.961440000000000055e+03 2.642066236476611962e+01
3.998120000000000346e+03 2.637753648658650008e+01
4.034800000000000182e+03 2.633418276146449699e+01
4.071479999999999563e+03 2.629074119585969171e+01
4.108159999999999854e+03 2.624706278669189530e+01
4.144839999999999236e+03 2.620312910839735920e+01
4.181519999999999527e+03 2.615893963681507017e+01
4.218199999999999818e+03 2.611449335102733471e+01
4.254880000000000109e+03 2.606978584899127682e+01
4.291559999999999491e+03 2.602482166696086097e+01
4.328239999999999782e+03 2.597960026493707986e+01
4.364920000000000073e+03 2.593411954867343638e+01
4.401599999999999454e+03 2.588821062123323102e+01
4.438279999999999745e+03 2.584182479170353375e+01
4.474960000000000036e+03 2.579509651892330169e+01
4.511640000000000327e+03 2.574809334264564598e+01
4.548319999999999709e+03 2.570081440823553010e+01
4.585000000000000000e+03 2.565325633863203691e+01
4.621680000000000291e+03 2.560541461111962391e+01
4.658359999999999673e+03 2.555729383178641356e+01
4.695039999999999964e+03 2.551163111252327198e+01
4.731720000000000255e+03 2.546951914694840369e+01
4.768400000000000546e+03 2.542690516837924264e+01
4.805079999999999927e+03 2.538385866155853421e+01
4.841760000000000218e+03 2.534040196588827243e+01
4.878440000000000509e+03 2.529662306747816203e+01
4.915119999999999891e+03 2.525246097163993397e+01
4.951800000000000182e+03 2.520795497184382583e+01
4.988480000000000473e+03 2.516311577057628313e+01
5.025160000000000764e+03 2.511794349764821632e+01
5.061840000000000146e+03 2.507245760365977105e+01
5.098520000000000437e+03 2.502670794469713655e+01
5.135200000000000728e+03 2.498060319025255183e+01
5.171880000000000109e+03 2.493396366801038511e+01
5.208560000000000400e+03 2.488659225491803539e+01
5.245240000000000691e+03 2.483872245253967392e+01
5.281920000000000982e+03 2.479043060548742972e+01
5.318600000000000364e+03 2.474172829982303767e+01
5.355280000000000655e+03 2.469261195158802025e+01
5.391960000000000946e+03 2.464307791057317587e+01
5.428640000000000327e+03 2.459312220202007992e+01
5.465320000000000618e+03 2.454273371579867913e+01
5.502000000000000909e+03 2.449191369030609877e+01
5.538680000000001201e+03 2.444062493856051077e+01
5.575360000000000582e+03 2.438876801451685594e+01
5.612040000000000873e+03 2.433645488021391046e+01
5.648720000000001164e+03 2.428368098481481496e+01
5.685400000000000546e+03 2.423044168591485814e+01
5.722080000000000837e+03 2.417673224700552126e+01
5.758760000000001128e+03 2.412254783484511123e+01
5.795440000000001419e+03 2.406792075803087982e+01
5.832120000000000800e+03 2.401283339822397522e+01
5.868800000000001091e+03 2.395725122608159907e+01
5.905480000000001382e+03 2.390116883446613727e+01
5.942160000000000764e+03 2.384458070000136232e+01
5.978840000000001055e+03 2.378748117960925512e+01
6.015520000000001346e+03 2.372986450691155014e+01
6.052200000000001637e+03 2.367172478848803152e+01
6.088880000000001019e+03 2.361305599998525295e+01
6.125560000000001310e+03 2.355361241249438109e+01
6.162240000000001601e+03 2.349351369834630177e+01
6.198920000000000982e+03 2.343284081839465571e+01
6.235600000000001273e+03 2.337158363713328768e+01
6.272280000000001564e+03 2.330969834909265970e+01
6.308960000000001855e+03 2.324721419181918947e+01
6.345640000000001237e+03 2.318412300961548311e+01
6.382320000000001528e+03 2.312041643592043982e+01
6.419000000000001819e+03 2.305853891369777742e+01
6.455680000000002110e+03 2.299671335412135420e+01
6.492360000000001492e+03 2.293416390466900978e+01
6.529040000000001783e+03 2.287087793991935314e+01
6.565720000000002074e+03 2.280684244363784430e+01
6.602400000000001455e+03 2.274204399164971946e+01
6.639080000000001746e+03 2.267646873372511962e+01
6.675760000000002037e+03 2.261010237440556025e+01
6.712440000000002328e+03 2.254290060090340120e+01
6.749120000000001710e+03 2.247486164247304785e+01
6.785800000000002001e+03 2.240597509592790004e+01
6.822480000000002292e+03 2.233622405236550890e+01
6.859160000000001673e+03 2.226559100821922854e+01
6.895840000000001965e+03 2.219405783552041100e+01
6.932520000000002256e+03 2.212160575020416786e+01
6.969200000000002547e+03 2.204821527829847483e+01
7.005880000000001928e+03 2.197386621981938859e+01
7.042560000000002219e+03 2.189853761017928591e+01
7.079240000000002510e+03 2.182220767889248592e+01
7.115920000000001892e+03 2.174485380534302337e+01
7.152600000000002183e+03 2.166645247135257080e+01
7.189280000000002474e+03 2.158689585526401089e+01
7.225960000000002765e+03 2.150545610900573834e+01
7.262640000000002146e+03 2.142284108606227022e+01
7.299320000000002437e+03 2.133902059582166899e+01
7.336000000000003638e+03 2.122736651010981745e+01
7.345170000000000982e+03 2.122293341688651225e+01
7.354340000000002874e+03 2.119795372271449452e+01
7.354913125000002765e+03 2.119637760896369372e+01
7.355486250000001746e+03 2.119395305239346072e+01
7.356059375000002547e+03 2.119297350816811942e+01
7.356131015625002874e+03 2.119285107957534109e+01
7.356202656250003201e+03 2.119282449187960538e+01
7.356274296875002619e+03 2.119262681430694428e+01
7.356283251953127547e+03 2.119259092951612544e+01
7.356292207031253383e+03 2.119257562702529185e+01
7.356293326416020136e+03 2.119257371421747393e+01
7.356293886108401239e+03 2.119257275781387406e+01
7.356293888294699173e+03 2.119257275407793273e+01
