3.668000000000000000e+03 -2.842170943040400743e-14
3.704679999999999836e+03 1.989519660128280520e-13
3.741360000000000127e+03 -2.273736754432320595e-13
3.778039999999999964e+03 -1.278976924368180335e-13
3.814720000000000255e+03 4.263256414560601115e-14
3.851400000000000091e+03 0.000000000000000000e+00
3.888080000000000382e+03 4.263256414560601115e-14
3.924760000000000218e+03 -1.136868377216160297e-13
3.961440000000000055e+03 -4.263256414560601115e-14
3.998120000000000346e+03 5.684341886080801487e-14
4.034800000000000182e+03 -1.421085471520200372e-14
4.071479999999999563e+03 -2.557953848736360669e-13
4.108159999999999854e+03 1.421085471520200372e-13
4.144839999999999236e+03 4.263256414560601115e-14
4.181519999999999527e+03 9.947598300641402602e-14
4.218199999999999818e+03 -1.136868377216160297e-13
4.254880000000000109e+03 1.421085471520200372e-14
4.291559999999999491e+03 7.105427357601001859e-14
4.328239999999999782e+03 2.842170943040400743e-14
4.364920000000000073e+03 0.000000000000000000e+00
4.401599999999999454e+03 0.000000000000000000e+00
4.438279999999999745e+03 -1.421085471520200372e-13
4.474960000000000036e+03 1.421085471520200372e-14
4.511640000000000327e+03 9.947598300641402602e-14
4.548319999999999709e+03 1.847411112976260483e-13
4.585000000000000000e+03 -1.563194018672220409e-13
4.621680000000000291e+03 -1.563194018672220409e-13
4.658359999999999673e+03 -3.836930773104541004e-13
4.695039999999999964e+03 1.421085471520200372e-13
4.731720000000000255e+03 -2.415845301584340632e-13
4.768400000000000546e+03 -4.263256414560601115e-14
4.805079999999999927e+03 7.105427357601001859e-14
4.841760000000000218e+03 3.268496584496460855e-13
4.878440000000000509e+03 -1.136868377216160297e-13
4.915119999999999891e+03 -1.278976924368180335e-13
4.951800000000000182e+03 7.105427357601001859e-14
4.988480000000000473e+03 -9.947598300641402602e-14
5.025160000000000764e+03 -1.278976924368180335e-13
5.061840000000000146e+03 -4.263256414560601115e-14
5.098520000000000437e+03 0.000000000000000000e+00
5.135200000000000728e+03 1.421085471520200372e-13
5.171880000000000109e+03 3.410605131648480892e-13
5.208560000000000400e+03 -8.526512829121202230e-14
5.245240000000000691e+03 2.842170943040400743e-14
5.281920000000000982e+03 -3.694822225952520967e-13
5.318600000000000364e+03 1.136868377216160297e-13
5.355280000000000655e+03 1.136868377216160297e-13
5.391960000000000946e+03 2.842170943040400743e-14
5.428640000000000327e+03 3.126388037344440818e-13
5.465320000000000618e+03 -2.273736754432320595e-13
5.502000000000000909e+03 5.684341886080801487e-14
5.538680000000001201e+03 0.000000000000000000e+00
5.575360000000000582e+03 -5.684341886080801487e-14
5.612040000000000873e+03 -2.273736754432320595e-13
5.648720000000001164e+03 -1.136868377216160297e-13
5.685400000000000546e+03 2.273736754432320595e-13
5.722080000000000837e+03 -8.526512829121202230e-14
5.758760000000001128e+03 3.979039320256561041e-13
5.795440000000001419e+03 -2.842170943040400743e-14
5.832120000000000800e+03 3.126388037344440818e-13
5.868800000000001091e+03 -2.557953848736360669e-13
5.905480000000001382e+03 -2.842170943040400743e-13
5.942160000000000764e+03 3.694822225952520967e-13
5.978840000000001055e+03 1.989519660128280520e-13
6.015520000000001346e+03 -2.273736754432320595e-13
6.052200000000001637e+03 -1.705302565824240446e-13
6.088880000000001019e+03 0.000000000000000000e+00
6.125560000000001310e+03 -2.842170943040400743e-14
6.162240000000001601e+03 1.421085471520200372e-13
6.198920000000000982e+03 0.000000000000000000e+00
6.235600000000001273e+03 2.273736754432320595e-13
6.272280000000001564e+03 -2.557953848736360669e-13
6.308960000000001855e+03 0.000000000000000000e+00
6.345640000000001237e+03 -1.136868377216160297e-13
6.382320000000001528e+03 5.684341886080801487e-14
6.419000000000001819e+03 -5.684341886080801487e-14
6.455680000000002110e+03 1.421085471520200372e-13
6.492360000000001492e+03 -5.684341886080801487e-14
6.529040000000001783e+03 -1.989519660128280520e-13
6.565720000000002074e+03 -2.842170943040400743e-14
6.602400000000001455e+03 2.842170943040400743e-14
6.639080000000001746e+03 -2.273736754432320595e-13
6.675760000000002037e+03 1.989519660128280520e-13
6.712440000000002328e+03 -1.989519660128280520e-13
6.749120000000001710e+03 -8.526512829121202230e-14
6.785800000000002001e+03 1.421085471520200372e-13
6.822480000000002292e+03 1.421085471520200372e-13
6.859160000000001673e+03 -2.557953848736360669e-13
6.895840000000001965e+03 -1.136868377216160297e-13
6.932520000000002256e+03 1.989519660128280520e-13
6.969200000000002547e+03 1.136868377216160297e-13
7.005880000000001928e+03 -2.557953848736360669e-13
7.042560000000002219e+03 -8.526512829121202230e-14
7.079240000000002510e+03 1.136868377216160297e-13
7.115920000000001892e+03 -3.126388037344440818e-13
7.152600000000002183e+03 -1.705302565824240446e-13
7.189280000000002474e+03 -1.705302565824240446e-13
7.225960000000002765e+03 -3.979039320256561041e-13
7.262640000000002146e+03 1.705302565824240446e-13
7.299320000000002437e+03 1.989519660128280520e-13
7.336000000000003638e+03 2.842170943040400743e-14
7.345170000000000982e+03 2.842170943040400743e-13
7.354340000000002874e+03 1.989519660128280520e-13
7.354913125000002765e+03 -1.989519660128280520e-13
7.355486250000001746e+03 -8.526512829121202230e-14
7.356059375000002547e+03 1.421085471520200372e-13
7.356131015625002874e+03 -2.842170943040400743e-14
7.356202656250003201e+03 -1.136868377216160297e-13
7.356274296875002619e+03 -3.694822225952520967e-13
7.356283251953127547e+03 2.273736754432320595e-13
7.356292207031253383e+03 0.000000000000000000e+00
7.356293326416020136e+03 2.842170943040400743e-13
7.356293886108401239e+03 1.421085471520200372e-13
7.356293888294699173e+03 -1.136868377216160297e-13
