3.668000000000000000e+03 9.809253434276973271e-01
3.704679999999999836e+03 9.804364178346175462e-01
3.741360000000000127e+03 9.799465277410552844e-01
3.778039999999999964e+03 9.794556721763501006e-01
3.814720000000000255e+03 9.789638509819028611e-01
3.851400000000000091e+03 9.784710626851923498e-01
3.888080000000000382e+03 9.779773059208574093e-01
3.924760000000000218e+03 9.774825635643857868e-01
3.961440000000000055e+03 9.769868351468582457e-01
3.998120000000000346e+03 9.764901339623150989e-01
4.034800000000000182e+03 9.760022035438150612e-01
4.071479999999999563e+03 9.755660738794877940e-01
4.108159999999999854e+03 9.751293336193541661e-01
4.144839999999999236e+03 9.746919820699176951e-01
4.181519999999999527e+03 9.742540191707537156e-01
4.218199999999999818e+03 9.738154448105617034e-01
4.254880000000000109e+03 9.733762585530553180e-01
4.291559999999999491e+03 9.729364607405452947e-01
4.328239999999999782e+03 9.724960512801387180e-01
4.364920000000000073e+03 9.720550300969592605e-01
4.401599999999999454e+03 9.716133999107671171e-01
4.438279999999999745e+03 9.711177248314782906e-01
4.474960000000000036e+03 9.706090336943394847e-01
4.511640000000000327e+03 9.700993561543930221e-01
4.548319999999999709e+03 9.695886908774196122e-01
4.585000000000000000e+03 9.690770364809959680e-01
4.621680000000000291e+03 9.685643915449959618e-01
4.658359999999999673e+03 9.680507547434992199e-01
4.695039999999999964e+03 9.675127225378890028e-01
4.731720000000000255e+03 9.669405706009535084e-01
4.768400000000000546e+03 9.663642272025251279e-01
4.805079999999999927e+03 9.657575698846251333e-01
4.841760000000000218e+03 9.651152001409806225e-01
4.878440000000000509e+03 9.644711567930021046e-01
4.915119999999999891e+03 9.638254706072398870e-01
4.951800000000000182e+03 9.631781029829178387e-01
4.988480000000000473e+03 9.625290407659971015e-01
5.025160000000000764e+03 9.618782766433453535e-01
5.061840000000000146e+03 9.611945457235765433e-01
5.098520000000000437e+03 9.603868729999777143e-01
5.135200000000000728e+03 9.595764721579528311e-01
5.171880000000000109e+03 9.587276347278361754e-01
5.208560000000000400e+03 9.578152868361216044e-01
5.245240000000000691e+03 9.568994484133825917e-01
5.281920000000000982e+03 9.559801017712468152e-01
5.318600000000000364e+03 9.550572251342808183e-01
5.355280000000000655e+03 9.541307904822338148e-01
5.391960000000000946e+03 9.532007693097140910e-01
5.428640000000000327e+03 9.522671325627513061e-01
5.465320000000000618e+03 9.513298493249238152e-01
5.502000000000000909e+03 9.503888906421321670e-01
5.538680000000001201e+03 9.494442194781349542e-01
5.575360000000000582e+03 9.484957865633295571e-01
5.612040000000000873e+03 9.475435830147842520e-01
5.648720000000001164e+03 9.465875764875812948e-01
5.685400000000000546e+03 9.456277340400776055e-01
5.722080000000000837e+03 9.446640221180446773e-01
5.758760000000001128e+03 9.436964065382292821e-01
5.795440000000001419e+03 9.427248498126717946e-01
5.832120000000000800e+03 9.417493166082685496e-01
5.868800000000001091e+03 9.407697726146292405e-01
5.905480000000001382e+03 9.397861809301909508e-01
5.942160000000000764e+03 9.387985039313037072e-01
5.978840000000001055e+03 9.378067032516697044e-01
6.015520000000001346e+03 9.368107397609878317e-01
6.052200000000001637e+03 9.358105735427676430e-01
6.088880000000001019e+03 9.348061638712653609e-01
6.125560000000001310e+03 9.337974447282748613e-01
6.162240000000001601e+03 9.327843853482865599e-01
6.198920000000000982e+03 9.317669510225933260e-01
6.235600000000001273e+03 9.307450975833987394e-01
6.272280000000001564e+03 9.297187837157713242e-01
6.308960000000001855e+03 9.286879587021036331e-01
6.345640000000001237e+03 9.276525751184500068e-01
6.382320000000001528e+03 9.266125844918562393e-01
6.419000000000001819e+03 9.252326774814710886e-01
6.455680000000002110e+03 9.237413250364092665e-01
6.492360000000001492e+03 9.222410402460217149e-01
6.529040000000001783e+03 9.207316825582502196e-01
6.565720000000002074e+03 9.192131071987628133e-01
6.602400000000001455e+03 9.176851649856831994e-01
6.639080000000001746e+03 9.161477021335181492e-01
6.675760000000002037e+03 9.146005600454610862e-01
6.712440000000002328e+03 9.130344788928447253e-01
6.749120000000001710e+03 9.114560860688106780e-01
6.785800000000002001e+03 9.098672939817857852e-01
6.822480000000002292e+03 9.082679159813505931e-01
6.859160000000001673e+03 9.066577590559343758e-01
6.895840000000001965e+03 9.050366235150665295e-01
6.932520000000002256e+03 9.034043026505148566e-01
6.969200000000002547e+03 9.017605823745086235e-01
7.005880000000001928e+03 9.001052408331300381e-01
7.042560000000002219e+03 8.984380479927288610e-01
7.079240000000002510e+03 8.967587651969852747e-01
7.115920000000001892e+03 8.950671446920132057e-01
7.152600000000002183e+03 8.933629291166176323e-01
7.189280000000002474e+03 8.916457207410172225e-01
7.225960000000002765e+03 8.899141375510429830e-01
7.262640000000002146e+03 8.881690302991194219e-01
7.299320000000002437e+03 8.864100910358169161e-01
7.336000000000003638e+03 8.845896511516018190e-01
7.345170000000000982e+03 8.841748953819094092e-01
7.354340000000002874e+03 8.837224987279554966e-01
7.354913125000002765e+03 8.836941723372363500e-01
7.355486250000001746e+03 8.836643158352192051e-01
7.356059375000002547e+03 8.836370574039484893e-01
7.356131015625002874e+03 8.836336499312242854e-01
7.356202656250003201e+03 8.836304149429943244e-01
7.356274296875002619e+03 8.836268719247105663e-01
7.356283251953127547e+03 8.836264089272105604e-01
7.356292207031253383e+03 8.836259829805276356e-01
7.356293326416020136e+03 8.836259297371514831e-01
7.356293886108401239e+03 8.836259031154591881e-01
7.356293888294699173e+03 8.836259030114689272e-01
