3.668000000000000000e+03 2.492286102717565655e+01
3.704679999999999836e+03 2.481961645619826129e+01
3.741360000000000127e+03 2.471596784980973993e+01
3.778039999999999964e+03 2.461191383272823074e+01
3.814720000000000255e+03 2.450752383517070143e+01
3.851400000000000091e+03 2.440275702803306146e+01
3.888080000000000382e+03 2.429758258634560164e+01
3.924760000000000218e+03 2.419201126812870584e+01
3.961440000000000055e+03 2.408604091606982678e+01
3.998120000000000346e+03 2.397965911182519605e+01
4.034800000000000182e+03 2.387287654875487775e+01
4.071479999999999563e+03 2.376574660683212770e+01
4.108159999999999854e+03 2.365827806118439014e+01
4.144839999999999236e+03 2.355039546908568937e+01
4.181519999999999527e+03 2.344209733254642458e+01
4.218199999999999818e+03 2.333338847314993458e+01
4.254880000000000109e+03 2.322432488008499618e+01
4.291559999999999491e+03 2.311484531295694111e+01
4.328239999999999782e+03 2.300494826711729601e+01
4.364920000000000073e+03 2.289463153160153297e+01
4.401599999999999454e+03 2.278381903088078175e+01
4.438279999999999745e+03 2.267245612861349358e+01
4.474960000000000036e+03 2.256059103613713290e+01
4.511640000000000327e+03 2.244829398552900557e+01
4.548319999999999709e+03 2.233556325156035172e+01
4.585000000000000000e+03 2.222238668578356169e+01
4.621680000000000291e+03 2.210874771968319763e+01
4.658359999999999673e+03 2.199466751018191601e+01
4.695039999999999964e+03 2.188011535309397715e+01
4.731720000000000255e+03 2.176500958285940612e+01
4.768400000000000546e+03 2.164928018342044780e+01
4.805079999999999927e+03 2.153304633591463002e+01
4.841760000000000218e+03 2.141628745610187678e+01
4.878440000000000509e+03 2.129905509886591730e+01
4.915119999999999891e+03 2.118132265652281632e+01
4.951800000000000182e+03 2.106307931319481241e+01
4.988480000000000473e+03 2.094433156755364678e+01
5.025160000000000764e+03 2.082509183583874801e+01
5.061840000000000146e+03 2.070536137811992461e+01
5.098520000000000437e+03 2.058520854235639064e+01
5.135200000000000728e+03 2.046501824112203494e+01
5.171880000000000109e+03 2.034425156993398076e+01
5.208560000000000400e+03 2.022262506369611046e+01
5.245240000000000691e+03 2.009942081317721474e+01
5.281920000000000982e+03 1.997534460774159015e+01
5.318600000000000364e+03 1.985067670324779598e+01
5.355280000000000655e+03 1.972541253225501379e+01
5.391960000000000946e+03 1.959954745046567126e+01
5.428640000000000327e+03 1.947307496992657860e+01
5.465320000000000618e+03 1.934594488705741355e+01
5.502000000000000909e+03 1.921819212332966842e+01
5.538680000000001201e+03 1.908982108624603669e+01
5.575360000000000582e+03 1.896082841048849588e+01
5.612040000000000873e+03 1.883115807556000121e+01
5.648720000000001164e+03 1.870080359601731246e+01
5.685400000000000546e+03 1.856975836230920507e+01
5.722080000000000837e+03 1.843801563752026240e+01
5.758760000000001128e+03 1.830556855399984428e+01
5.795440000000001419e+03 1.817225922117349057e+01
5.832120000000000800e+03 1.803809340382231596e+01
5.868800000000001091e+03 1.790317127096580307e+01
5.905480000000001382e+03 1.776748466296217899e+01
5.942160000000000764e+03 1.763102525129168185e+01
5.978840000000001055e+03 1.749378453373630293e+01
6.015520000000001346e+03 1.735575382937861733e+01
6.052200000000001637e+03 1.721692427340973097e+01
6.088880000000001019e+03 1.707728681173961505e+01
6.125560000000001310e+03 1.693587650586012572e+01
6.162240000000001601e+03 1.679320459323622572e+01
6.198920000000000982e+03 1.664961390196349100e+01
6.235600000000001273e+03 1.650508005988325522e+01
6.272280000000001564e+03 1.635942767357015981e+01
6.308960000000001855e+03 1.621281206684434650e+01
6.345640000000001237e+03 1.606521953400420699e+01
6.382320000000001528e+03 1.591663601128190564e+01
6.419000000000001819e+03 1.576829312595521770e+01
6.455680000000002110e+03 1.561929734131771852e+01
6.492360000000001492e+03 1.546924713568365384e+01
6.529040000000001783e+03 1.531812586429251510e+01
6.565720000000002074e+03 1.516591640522063322e+01
6.602400000000001455e+03 1.501260113990772460e+01
6.639080000000001746e+03 1.485816193263386786e+01
6.675760000000002037e+03 1.470258010887654443e+01
6.712440000000002328e+03 1.454432837400799272e+01
6.749120000000001710e+03 1.438445582670142286e+01
6.785800000000002001e+03 1.422327994401582885e+01
6.822480000000002292e+03 1.406077631619708868e+01
6.859160000000001673e+03 1.389691972540789600e+01
6.895840000000001965e+03 1.373168410759780222e+01
6.932520000000002256e+03 1.356504251200560063e+01
6.969200000000002547e+03 1.339696705811097033e+01
7.005880000000001928e+03 1.322742888983441745e+01
7.042560000000002219e+03 1.305639812676587752e+01
7.079240000000002510e+03 1.288384381218151375e+01
7.115920000000001892e+03 1.270973385758410146e+01
7.152600000000002183e+03 1.253403498347614686e+01
7.189280000000002474e+03 1.235647556851757756e+01
7.225960000000002765e+03 1.217500855278297323e+01
7.262640000000002146e+03 1.199167380740330202e+01
7.299320000000002437e+03 1.180642437674745437e+01
7.336000000000003638e+03 1.153585184825348442e+01
7.345170000000000982e+03 1.154264755922710073e+01
7.354340000000002874e+03 1.148488111448555138e+01
7.354913125000002765e+03 1.148123005043398059e+01
7.355486250000001746e+03 1.147490788461197475e+01
7.356059375000002547e+03 1.147313701847130041e+01
7.356131015625002874e+03 1.147291575284799769e+01
7.356202656250003201e+03 1.147299630404679327e+01
7.356274296875002619e+03 1.147253809756031728e+01
7.356283251953127547e+03 1.147244563193999944e+01
7.356292207031253383e+03 1.147241798067419261e+01
7.356293326416020136e+03 1.147241452428867170e+01
7.356293886108401239e+03 1.147241279609777465e+01
7.356293888294699173e+03 1.147241278934704489e+01
