3.668000000000000000e+03 1.098226204438870468e+01
3.704679999999999836e+03 1.087599924157430920e+01
3.741360000000000127e+03 1.076878975028232688e+01
3.778039999999999964e+03 1.066063129555668887e+01
3.814720000000000255e+03 1.055182874632492229e+01
3.851400000000000091e+03 1.044220869222167458e+01
3.888080000000000382e+03 1.033164119924629354e+01
3.924760000000000218e+03 1.022013537831778507e+01
3.961440000000000055e+03 1.010768817091673455e+01
3.998120000000000346e+03 9.994286843034970502e+00
4.034800000000000182e+03 9.879940221926428734e+00
4.071479999999999563e+03 9.764697417250532752e+00
4.108159999999999854e+03 9.648766049008667522e+00
4.144839999999999236e+03 9.531875589099980672e+00
4.181519999999999527e+03 9.414023462795656272e+00
4.218199999999999818e+03 9.295230152370606902e+00
4.254880000000000109e+03 9.175697093407888971e+00
4.291559999999999491e+03 9.055199350340291886e+00
4.328239999999999782e+03 8.933734346624541800e+00
4.364920000000000073e+03 8.811297703627715805e+00
4.401599999999999454e+03 8.687696914971219542e+00
4.438279999999999745e+03 8.562843763249505358e+00
4.474960000000000036e+03 8.436811356598299838e+00
4.511640000000000327e+03 8.309785207061663570e+00
4.548319999999999709e+03 8.181762291750969140e+00
4.585000000000000000e+03 8.052697705062824340e+00
4.621680000000000291e+03 7.922532794280550128e+00
4.658359999999999673e+03 7.791358809558425413e+00
4.695039999999999964e+03 7.659012585451002053e+00
4.731720000000000255e+03 7.527356211013371379e+00
4.768400000000000546e+03 7.398080832592344613e+00
4.805079999999999927e+03 7.268882978139914464e+00
4.841760000000000218e+03 7.138492548137883809e+00
4.878440000000000509e+03 7.006978839777675105e+00
4.915119999999999891e+03 6.874300271783051031e+00
4.951800000000000182e+03 6.740415852614586534e+00
4.988480000000000473e+03 6.605341507606904194e+00
5.025160000000000764e+03 6.469102985020256824e+00
5.061840000000000146e+03 6.331701810627726523e+00
5.098520000000000437e+03 6.193121283497234231e+00
5.135200000000000728e+03 6.053360936905074929e+00
5.171880000000000109e+03 5.912346198185714385e+00
5.208560000000000400e+03 5.769385625787167626e+00
5.245240000000000691e+03 5.622498728443694915e+00
5.281920000000000982e+03 5.473560149467441960e+00
5.318600000000000364e+03 5.323270950867994955e+00
5.355280000000000655e+03 5.171620569161249570e+00
5.391960000000000946e+03 5.018598250642182457e+00
5.428640000000000327e+03 4.864193648749631116e+00
5.465320000000000618e+03 4.708381737127647959e+00
5.502000000000000909e+03 4.551109717797108267e+00
5.538680000000001201e+03 4.391885206029866318e+00
5.575360000000000582e+03 4.229378182619041304e+00
5.612040000000000873e+03 4.065295345501811042e+00
5.648720000000001164e+03 3.899621588081001011e+00
5.685400000000000546e+03 3.732341505133840442e+00
5.722080000000000837e+03 3.563439385170120044e+00
5.758760000000001128e+03 3.392899202524652935e+00
5.795440000000001419e+03 3.220378393476477363e+00
5.832120000000000800e+03 3.045917097328080470e+00
5.868800000000001091e+03 2.869739288861769211e+00
5.905480000000001382e+03 2.691826892855161191e+00
5.942160000000000764e+03 2.512161455576800151e+00
5.978840000000001055e+03 2.330724134292971872e+00
6.015520000000001346e+03 2.147495686385312741e+00
6.052200000000001637e+03 1.962456458061755615e+00
6.088880000000001019e+03 1.775586372641795307e+00
6.125560000000001310e+03 1.582765667701633738e+00
6.162240000000001601e+03 1.386183119354054805e+00
6.198920000000000982e+03 1.187324165695777145e+00
6.235600000000001273e+03 9.861027247451428224e-01
6.272280000000001564e+03 7.817783671289750824e-01
6.308960000000001855e+03 5.750453322502009357e-01
6.345640000000001237e+03 3.658651343736826211e-01
6.382320000000001528e+03 1.541982082963439249e-01
6.419000000000001819e+03 -5.988177964934333908e-02
6.455680000000002110e+03 -2.765388920210382628e-01
6.492360000000001492e+03 -4.958587923813556619e-01
6.529040000000001783e+03 -7.178877096639891819e-01
6.565720000000002074e+03 -9.426732640174513289e-01
6.602400000000001455e+03 -1.170264524390392635e+00
6.639080000000001746e+03 -1.400712069226358381e+00
6.675760000000002037e+03 -1.634068050478867606e+00
6.712440000000002328e+03 -1.874152229582383589e+00
6.749120000000001710e+03 -2.118278016823676779e+00
6.785800000000002001e+03 -2.365649557021591409e+00
6.822480000000002292e+03 -2.616332440834102879e+00
6.859160000000001673e+03 -2.870394510136606403e+00
6.895840000000001965e+03 -3.127905965167176561e+00
6.932520000000002256e+03 -3.388939478325798671e+00
6.969200000000002547e+03 -3.653570315135322044e+00
7.005880000000001928e+03 -3.921876462928472140e+00
7.042560000000002219e+03 -4.193938767871346229e+00
7.079240000000002510e+03 -4.469841080993704807e+00
7.115920000000001892e+03 -4.749670413963707816e+00
7.152600000000002183e+03 -5.033517105416268400e+00
7.189280000000002474e+03 -5.322205581062881663e+00
7.225960000000002765e+03 -5.621943946494016409e+00
7.262640000000002146e+03 -5.926356835955113311e+00
7.299320000000002437e+03 -6.235567851011811769e+00
7.336000000000003638e+03 -6.993231235351619723e+00
7.345170000000000982e+03 -6.766562255038524931e+00
7.354340000000002874e+03 -6.895535675839500556e+00
7.354913125000002765e+03 -6.903781161168636160e+00
7.355486250000001746e+03 -6.926701571358196752e+00
7.356059375000002547e+03 -6.924603540412509695e+00
7.356131015625002874e+03 -6.924340686811992107e+00
7.356202656250003201e+03 -6.922419459030273003e+00
7.356274296875002619e+03 -6.923458461303837908e+00
7.356283251953127547e+03 -6.923781679388253174e+00
7.356292207031253383e+03 -6.923748777801438159e+00
7.356293326416020136e+03 -6.923744664956067218e+00
7.356293886108401239e+03 -6.923742608521377129e+00
7.356293888294699173e+03 -6.923742600488431265e+00
