3.668000000000000000e+03 2.688543848308895790e+01
3.704679999999999836e+03 2.766018195827722437e+01
3.741360000000000127e+03 2.843676937470664967e+01
3.778039999999999964e+03 2.921520058247366691e+01
3.814720000000000255e+03 2.999542606411861456e+01
3.851400000000000091e+03 3.077747489313323825e+01
3.888080000000000382e+03 3.156136788990786002e+01
3.924760000000000218e+03 3.234710591735658625e+01
3.961440000000000055e+03 3.313468906842840056e+01
3.998120000000000346e+03 3.392411680026236809e+01
4.034800000000000182e+03 3.471539013965823983e+01
4.071479999999999563e+03 3.550849292796129220e+01
4.108159999999999854e+03 3.629735908580013160e+01
4.144839999999999236e+03 3.708805018702605594e+01
4.181519999999999527e+03 3.788056656885618878e+01
4.218199999999999818e+03 3.866498159476501684e+01
4.254880000000000109e+03 3.935432634671339969e+01
4.291559999999999491e+03 4.004474006782584894e+01
4.328239999999999782e+03 4.073622129053040908e+01
4.364920000000000073e+03 4.142876827009347807e+01
4.401599999999999454e+03 4.212234712423270366e+01
4.438279999999999745e+03 4.281694439032214206e+01
4.474960000000000036e+03 4.351257008526788894e+01
4.511640000000000327e+03 4.420925210228455882e+01
4.548319999999999709e+03 4.490698903561484201e+01
4.585000000000000000e+03 4.560782846758376508e+01
4.621680000000000291e+03 4.631441627263819782e+01
4.658359999999999673e+03 4.702208274981806824e+01
4.695039999999999964e+03 4.773079109162895861e+01
4.731720000000000255e+03 4.844047539378730960e+01
4.768400000000000546e+03 4.915187709056556287e+01
4.805079999999999927e+03 4.986549662281130679e+01
4.841760000000000218e+03 5.058017653099547317e+01
4.878440000000000509e+03 5.129592509583112303e+01
4.915119999999999891e+03 5.201332577934356038e+01
4.951800000000000182e+03 5.273310514729672605e+01
4.988480000000000473e+03 5.346406624476362879e+01
5.025160000000000764e+03 5.419886462501198565e+01
5.061840000000000146e+03 5.493476717230143436e+01
5.098520000000000437e+03 5.567176955948333017e+01
5.135200000000000728e+03 5.640986811855013627e+01
5.171880000000000109e+03 5.714906124066992277e+01
5.208560000000000400e+03 5.789700283571515627e+01
5.245240000000000691e+03 5.927938939159788845e+01
5.281920000000000982e+03 6.090211129785764399e+01
5.318600000000000364e+03 6.253180165318701711e+01
5.355280000000000655e+03 6.416850929109679669e+01
5.391960000000000946e+03 6.581228395435934431e+01
5.428640000000000327e+03 6.746382452115597061e+01
5.465320000000000618e+03 6.913855838863369740e+01
5.502000000000000909e+03 7.082068202691229430e+01
5.538680000000001201e+03 7.251441577336541400e+01
5.575360000000000582e+03 7.423112335211331470e+01
5.612040000000000873e+03 7.595585333269585249e+01
5.648720000000001164e+03 7.768867696828579028e+01
5.685400000000000546e+03 7.942966700685457226e+01
5.722080000000000837e+03 8.117889773132472442e+01
5.758760000000001128e+03 8.293644500119600593e+01
5.795440000000001419e+03 8.470402327911062912e+01
5.832120000000000800e+03 8.648141367958264425e+01
5.868800000000001091e+03 8.826748423329844684e+01
5.905480000000001382e+03 9.006232117730934306e+01
5.942160000000000764e+03 9.186601266566185586e+01
5.978840000000001055e+03 9.367864882512449753e+01
6.015520000000001346e+03 9.550032181302560730e+01
6.052200000000001637e+03 9.733112587734905219e+01
6.088880000000001019e+03 9.917115741909911719e+01
6.125560000000001310e+03 1.011380686062269803e+02
6.162240000000001601e+03 1.031615858320764971e+02
6.198920000000000982e+03 1.051971950878520659e+02
6.235600000000001273e+03 1.072451921609341241e+02
6.272280000000001564e+03 1.093075996276089796e+02
6.308960000000001855e+03 1.113826395664768256e+02
6.345640000000001237e+03 1.134704871068207837e+02
6.382320000000001528e+03 1.155713222878977717e+02
6.419000000000001819e+03 1.176850042179237903e+02
6.455680000000002110e+03 1.198119226273873323e+02
6.492360000000001492e+03 1.219523693090673362e+02
6.529040000000001783e+03 1.241065449133971441e+02
6.565720000000002074e+03 1.262746560138447478e+02
6.602400000000001455e+03 1.284569153488023119e+02
6.639080000000001746e+03 1.306535420763516413e+02
6.675760000000002037e+03 1.328647620427424840e+02
6.712440000000002328e+03 1.351554445140437792e+02
6.749120000000001710e+03 1.374774625808182122e+02
6.785800000000002001e+03 1.398162225720014362e+02
6.822480000000002292e+03 1.421720202490952261e+02
6.859160000000001673e+03 1.445451613681835283e+02
6.895840000000001965e+03 1.469359621514404637e+02
6.932520000000002256e+03 1.493447497876652506e+02
6.969200000000002547e+03 1.517718629639761900e+02
7.005880000000001928e+03 1.542176524311637138e+02
7.042560000000002219e+03 1.566824816052456981e+02
7.079240000000002510e+03 1.591667272081487852e+02
7.115920000000001892e+03 1.616707799506538379e+02
7.152600000000002183e+03 1.641950452610435320e+02
7.189280000000002474e+03 1.667523020905805993e+02
7.225960000000002765e+03 1.694449131820492767e+02
7.262640000000002146e+03 1.721624973176986941e+02
7.299320000000002437e+03 1.749056808340700115e+02
7.336000000000003638e+03 1.811142172522810370e+02
7.345170000000000982e+03 1.794287687746037534e+02
7.354340000000002874e+03 1.804910491751472250e+02
7.354913125000002765e+03 1.805585368828557762e+02
7.355486250000001746e+03 1.807396130915633421e+02
7.356059375000002547e+03 1.807269219743333508e+02
7.356131015625002874e+03 1.807253284535357238e+02
7.356202656250003201e+03 1.807108940538689126e+02
7.356274296875002619e+03 1.807193793455573996e+02
7.356283251953127547e+03 1.807219369472992980e+02
7.356292207031253383e+03 1.807217372233808135e+02
7.356293326416020136e+03 1.807217122561435474e+02
7.356293886108401239e+03 1.807216997723785425e+02
7.356293888294699173e+03 1.807216997236114935e+02
