3.668000000000000000e+03 2.760059282679890913e+01
3.704679999999999836e+03 2.756912200315605332e+01
3.741360000000000127e+03 2.753741004369210543e+01
3.778039999999999964e+03 2.750545627105659108e+01
3.814720000000000255e+03 2.747330216442389883e+01
3.851400000000000091e+03 2.744092354035272763e+01
3.888080000000000382e+03 2.740830218689183795e+01
3.924760000000000218e+03 2.737545164137511122e+01
3.961440000000000055e+03 2.734237034523406251e+01
3.998120000000000346e+03 2.730904475572947376e+01
4.034800000000000182e+03 2.727548838822689703e+01
4.071479999999999563e+03 2.724176458421169400e+01
4.108159999999999854e+03 2.720783676242550797e+01
4.144839999999999236e+03 2.717366480595389788e+01
4.181519999999999527e+03 2.713924799203405414e+01
4.218199999999999818e+03 2.710458360753758811e+01
4.254880000000000109e+03 2.706965437168392796e+01
4.291559999999999491e+03 2.703447940111125192e+01
4.328239999999999782e+03 2.699905796274954639e+01
4.364920000000000073e+03 2.696338870924364528e+01
4.401599999999999454e+03 2.692740528697433788e+01
4.438279999999999745e+03 2.689105338350961105e+01
4.474960000000000036e+03 2.685439383891585408e+01
4.511640000000000327e+03 2.681747766687356815e+01
4.548319999999999709e+03 2.678030397138024199e+01
4.585000000000000000e+03 2.674286843706242323e+01
4.621680000000000291e+03 2.670516500073101795e+01
4.658359999999999673e+03 2.666720008354660365e+01
4.695039999999999964e+03 2.662896279138282196e+01
4.731720000000000255e+03 2.659040603535870417e+01
4.768400000000000546e+03 2.655140708479267531e+01
4.805079999999999927e+03 2.651205948521100808e+01
4.841760000000000218e+03 2.647236908581493964e+01
4.878440000000000509e+03 2.643239315756080998e+01
4.915119999999999891e+03 2.639210593405899985e+01
4.951800000000000182e+03 2.635151671766643489e+01
4.988480000000000473e+03 2.631063138980956850e+01
5.025160000000000764e+03 2.626945135749540938e+01
5.061840000000000146e+03 2.622797573802520077e+01
5.098520000000000437e+03 2.618619898992203687e+01
5.135200000000000728e+03 2.614411210419738296e+01
5.171880000000000109e+03 2.610163361988691477e+01
5.208560000000000400e+03 2.605858231687374627e+01
5.245240000000000691e+03 2.601503570674730881e+01
5.281920000000000982e+03 2.597112845807776083e+01
5.318600000000000364e+03 2.592686635907409354e+01
5.355280000000000655e+03 2.588224663043047258e+01
5.391960000000000946e+03 2.583726644379504833e+01
5.428640000000000327e+03 2.579192256154037466e+01
5.465320000000000618e+03 2.574620149530830204e+01
5.502000000000000909e+03 2.570010710005878707e+01
5.538680000000001201e+03 2.565358839596166973e+01
5.575360000000000582e+03 2.560650208671456340e+01
5.612040000000000873e+03 2.555901054590897914e+01
5.648720000000001164e+03 2.551110991157154473e+01
5.685400000000000546e+03 2.546279624598830793e+01
5.722080000000000837e+03 2.541406553368435084e+01
5.758760000000001128e+03 2.536491367933117402e+01
5.795440000000001419e+03 2.531542906112064273e+01
5.832120000000000800e+03 2.526557846421291487e+01
5.868800000000001091e+03 2.521528522762055502e+01
5.905480000000001382e+03 2.516454462769003442e+01
5.942160000000000764e+03 2.511335184106362561e+01
5.978840000000001055e+03 2.506170194179632915e+01
6.015520000000001346e+03 2.500958989836313506e+01
6.052200000000001637e+03 2.495701057055040195e+01
6.088880000000001019e+03 2.490395870622703711e+01
6.125560000000001310e+03 2.484998757994070928e+01
6.162240000000001601e+03 2.479532695835298028e+01
6.198920000000000982e+03 2.474013298828943519e+01
6.235600000000001273e+03 2.468439173146241217e+01
6.272280000000001564e+03 2.462800303616451458e+01
6.308960000000001855e+03 2.457105555031684219e+01
6.345640000000001237e+03 2.451354142212942122e+01
6.382320000000001528e+03 2.445545259384666892e+01
6.419000000000001819e+03 2.439864280218867876e+01
6.455680000000002110e+03 2.434180360614604766e+01
6.492360000000001492e+03 2.428435129442555862e+01
6.529040000000001783e+03 2.422627598132079285e+01
6.565720000000002074e+03 2.416756749054588127e+01
6.602400000000001455e+03 2.410821534314079528e+01
6.639080000000001746e+03 2.404820874471247194e+01
6.675760000000002037e+03 2.398753657196605360e+01
6.712440000000002328e+03 2.392619719627450792e+01
6.749120000000001710e+03 2.386416166332284661e+01
6.785800000000002001e+03 2.380141390259320033e+01
6.822480000000002292e+03 2.373794066040525053e+01
6.859160000000001673e+03 2.367372823740812393e+01
6.895840000000001965e+03 2.360876246725794658e+01
6.932520000000002256e+03 2.354302869395102960e+01
6.969200000000002547e+03 2.347651174770707883e+01
7.005880000000001928e+03 2.340919591928627241e+01
7.042560000000002219e+03 2.334106493261323223e+01
7.079240000000002510e+03 2.327210191556837060e+01
7.115920000000001892e+03 2.320228936879287218e+01
7.152600000000002183e+03 2.313160913233846827e+01
7.189280000000002474e+03 2.305990300126175541e+01
7.225960000000002765e+03 2.298597675424506193e+01
7.262640000000002146e+03 2.291103751462276250e+01
7.299320000000002437e+03 2.283506007179015640e+01
7.336000000000003638e+03 2.271460378230068500e+01
7.345170000000000982e+03 2.272295246141324299e+01
7.354340000000002874e+03 2.269785072992864627e+01
7.354913125000002765e+03 2.269625992380360557e+01
7.355486250000001746e+03 2.269328584636880564e+01
7.356059375000002547e+03 2.269266841919741040e+01
7.356131015625002874e+03 2.269259128194985209e+01
7.356202656250003201e+03 2.269267043277456253e+01
7.356274296875002619e+03 2.269247059760802543e+01
7.356283251953127547e+03 2.269242739574533374e+01
7.356292207031253383e+03 2.269241775667094174e+01
7.356293326416020136e+03 2.269241655179672179e+01
7.356293886108401239e+03 2.269241594936044848e+01
7.356293888294699173e+03 2.269241594700719133e+01
