3.668000000000000000e+03 5.134807493043779232e+02
3.704679999999999836e+03 5.191672729238614465e+02
3.741360000000000127e+03 5.248823122289368257e+02
3.778039999999999964e+03 5.306259413514618473e+02
3.814720000000000255e+03 5.363946704513783743e+02
3.851400000000000091e+03 5.421905678202841727e+02
3.888080000000000382e+03 5.480151915179563957e+02
3.924760000000000218e+03 5.538668829772003619e+02
3.961440000000000055e+03 5.597458225980832367e+02
3.998120000000000346e+03 5.656536513800693911e+02
4.034800000000000182e+03 5.715887837114081549e+02
4.071479999999999563e+03 5.775438122501909675e+02
4.108159999999999854e+03 5.835241758315894458e+02
4.144839999999999236e+03 5.895334042737603113e+02
4.181519999999999527e+03 5.955715751706937908e+02
4.218199999999999818e+03 6.016385468751481085e+02
4.254880000000000109e+03 6.077323736662233387e+02
4.291559999999999491e+03 6.138551865613442260e+02
4.328239999999999782e+03 6.200070631664254961e+02
4.364920000000000073e+03 6.261881516471597706e+02
4.401599999999999454e+03 6.324060516758265749e+02
4.438279999999999745e+03 6.386779665202262777e+02
4.474960000000000036e+03 6.449947579184434971e+02
4.511640000000000327e+03 6.513419395184592986e+02
4.548319999999999709e+03 6.577196093079284083e+02
4.585000000000000000e+03 6.641284677211646112e+02
4.621680000000000291e+03 6.705694673212676662e+02
4.658359999999999673e+03 6.770413816641702169e+02
4.695039999999999964e+03 6.835528810928466328e+02
4.731720000000000255e+03 6.901123789661426144e+02
4.768400000000000546e+03 6.967172756691795712e+02
4.805079999999999927e+03 7.033663095404353953e+02
4.841760000000000218e+03 7.100623516257684287e+02
4.878440000000000509e+03 7.167921813682988841e+02
4.915119999999999891e+03 7.235591688217409683e+02
4.951800000000000182e+03 7.303629572540355639e+02
4.988480000000000473e+03 7.372023068786970725e+02
5.025160000000000764e+03 7.440765773945815909e+02
5.061840000000000146e+03 7.509861369664885160e+02
5.098520000000000437e+03 7.579327702045055730e+02
5.135200000000000728e+03 7.649156768589776902e+02
5.171880000000000109e+03 7.719455421356768738e+02
5.208560000000000400e+03 7.790411635191790083e+02
5.245240000000000691e+03 7.862192044569823111e+02
5.281920000000000982e+03 7.934502284809663024e+02
5.318600000000000364e+03 8.007230828976663588e+02
5.355280000000000655e+03 8.080380744734922018e+02
5.391960000000000946e+03 8.153955152593293860e+02
5.428640000000000327e+03 8.227958064179483699e+02
5.465320000000000618e+03 8.302414789776267980e+02
5.502000000000000909e+03 8.377310263899964866e+02
5.538680000000001201e+03 8.452654272549574443e+02
5.575360000000000582e+03 8.528474627357541067e+02
5.612040000000000873e+03 8.604756884337325573e+02
5.648720000000001164e+03 8.681505060454277327e+02
5.685400000000000546e+03 8.758723249630623968e+02
5.722080000000000837e+03 8.836415624781295719e+02
5.758760000000001128e+03 8.914586439922831005e+02
5.795440000000001419e+03 8.993351864566363929e+02
5.832120000000000800e+03 9.072699811118141042e+02
5.868800000000001091e+03 9.152553051493460998e+02
5.905480000000001382e+03 9.232916501888054199e+02
5.942160000000000764e+03 9.313795179243160192e+02
5.978840000000001055e+03 9.395194204121978601e+02
6.015520000000001346e+03 9.477118803695683482e+02
6.052200000000001637e+03 9.559574314842482181e+02
6.088880000000001019e+03 9.642566187378724862e+02
6.125560000000001310e+03 9.726588547837691294e+02
6.162240000000001601e+03 9.811385319919635322e+02
6.198920000000000982e+03 9.896783015018311289e+02
6.235600000000001273e+03 9.982793831964725086e+02
6.272280000000001564e+03 1.006948999522306963e+03
6.308960000000001855e+03 1.015681288967669730e+03
6.345640000000001237e+03 1.024477069998554498e+03
6.382320000000001528e+03 1.033337182193748504e+03
6.419000000000001819e+03 1.042288948755072624e+03
6.455680000000002110e+03 1.051318649166398245e+03
6.492360000000001492e+03 1.060419680579474516e+03
6.529040000000001783e+03 1.069593125644201336e+03
6.565720000000002074e+03 1.078840098758001432e+03
6.602400000000001455e+03 1.088161747401611819e+03
6.639080000000001746e+03 1.097559253549379036e+03
6.675760000000002037e+03 1.107033835159303408e+03
6.712440000000002328e+03 1.116611639377991423e+03
6.749120000000001710e+03 1.126276645066227729e+03
6.785800000000002001e+03 1.136024675187383764e+03
6.822480000000002292e+03 1.145857198025876642e+03
6.859160000000001673e+03 1.155775731176239788e+03
6.895840000000001965e+03 1.165781843926254851e+03
6.932520000000002256e+03 1.175877159792534712e+03
6.969200000000002547e+03 1.186063359220689790e+03
7.005880000000001928e+03 1.196342182463483823e+03
7.042560000000002219e+03 1.206715432651725905e+03
7.079240000000002510e+03 1.217184979073951354e+03
7.115920000000001892e+03 1.227752760682764574e+03
7.152600000000002183e+03 1.238420789847489459e+03
7.189280000000002474e+03 1.249194199612366674e+03
7.225960000000002765e+03 1.260102489805040022e+03
7.262640000000002146e+03 1.271122618085076965e+03
7.299320000000002437e+03 1.282257222324946497e+03
7.336000000000003638e+03 1.298256537603122979e+03
7.345170000000000982e+03 1.298034661531335132e+03
7.354340000000002874e+03 1.301480736372339834e+03
7.354913125000002765e+03 1.301698495654961562e+03
7.355486250000001746e+03 1.302067867573146714e+03
7.356059375000002547e+03 1.302178930425265662e+03
7.356131015625002874e+03 1.302192808826651117e+03
7.356202656250003201e+03 1.302189557420123037e+03
7.356274296875002619e+03 1.302216884055244009e+03
7.356283251953127547e+03 1.302222297133331949e+03
7.356292207031253383e+03 1.302224031599874479e+03
7.356293326416020136e+03 1.302224248407288087e+03
7.356293886108401239e+03 1.302224356810849940e+03
7.356293888294699173e+03 1.302224357234075796e+03
