3.668000000000000000e+03 1.108318063149910238e+01
3.704679999999999836e+03 1.093468210909387395e+01
3.741360000000000127e+03 1.078540491807892465e+01
3.778039999999999964e+03 1.063534638012442812e+01
3.814720000000000255e+03 1.048472319562285016e+01
3.851400000000000091e+03 1.033341051470364214e+01
3.888080000000000382e+03 1.018131447481978569e+01
3.924760000000000218e+03 1.002844386804152066e+01
3.961440000000000055e+03 9.874795230681408853e+00
3.998120000000000346e+03 9.720355356768548560e+00
4.034800000000000182e+03 9.565132823471934387e+00
4.071479999999999563e+03 9.409177208040825136e+00
4.108159999999999854e+03 9.252766828086368633e+00
4.144839999999999236e+03 9.095560783102724756e+00
4.181519999999999527e+03 8.937556134932311380e+00
4.218199999999999818e+03 8.778901655101400081e+00
4.254880000000000109e+03 8.620933779870799896e+00
4.291559999999999491e+03 8.462188331886276060e+00
4.328239999999999782e+03 8.302662569303262075e+00
4.364920000000000073e+03 8.142352348373895765e+00
4.401599999999999454e+03 7.981107378698325761e+00
4.438279999999999745e+03 7.818851685236712257e+00
4.474960000000000036e+03 7.655648241993566749e+00
4.511640000000000327e+03 7.491639669775391752e+00
4.548319999999999709e+03 7.326822849618131350e+00
4.585000000000000000e+03 7.161102492896689320e+00
4.621680000000000291e+03 6.994350761992272680e+00
4.658359999999999673e+03 6.826771232357580210e+00
4.695039999999999964e+03 6.658248057902120820e+00
4.731720000000000255e+03 6.488529821818613819e+00
4.768400000000000546e+03 6.317661362722464702e+00
4.805079999999999927e+03 6.145902348482946032e+00
4.841760000000000218e+03 5.973189515406704508e+00
4.878440000000000509e+03 5.799584660929307134e+00
4.915119999999999891e+03 5.625005025408305492e+00
4.951800000000000182e+03 5.449353141279567048e+00
4.988480000000000473e+03 5.273821889322100276e+00
5.025160000000000764e+03 5.097650694719845887e+00
5.061840000000000146e+03 4.920549882411366482e+00
5.098520000000000437e+03 4.742506019485765556e+00
5.135200000000000728e+03 4.563516674110119631e+00
5.171880000000000109e+03 4.383507694961191525e+00
5.208560000000000400e+03 4.201328039852573859e+00
5.245240000000000691e+03 4.015127890208003869e+00
5.281920000000000982e+03 3.827069227272594798e+00
5.318600000000000364e+03 3.637743881581778194e+00
5.355280000000000655e+03 3.447140640728350469e+00
5.391960000000000946e+03 3.255248096502673771e+00
5.428640000000000327e+03 3.062043249663642719e+00
5.465320000000000618e+03 2.867232133265111393e+00
5.502000000000000909e+03 2.671069952257738578e+00
5.538680000000001201e+03 2.472914489461640386e+00
5.575360000000000582e+03 2.271025423912125696e+00
5.612040000000000873e+03 2.067646055563818308e+00
5.648720000000001164e+03 1.862760514598683637e+00
5.685400000000000546e+03 1.656352616974215763e+00
5.722080000000000837e+03 1.448405855998085467e+00
5.758760000000001128e+03 1.238903393604656955e+00
5.795440000000001419e+03 1.027354369523016953e+00
5.832120000000000800e+03 8.138276181114730834e-01
5.868800000000001091e+03 5.986563539252377497e-01
5.905480000000001382e+03 3.818214182657509448e-01
5.942160000000000764e+03 1.633032461388214118e-01
5.978840000000001055e+03 -5.691814551778581754e-02
6.015520000000001346e+03 -2.788631700519942358e-01
6.052200000000001637e+03 -5.025526837837803740e-01
6.088880000000001019e+03 -7.280079991799714989e-01
6.125560000000001310e+03 -9.592414868474994361e-01
6.162240000000001601e+03 -1.194069740946935188e+00
6.198920000000000982e+03 -1.431037448070362705e+00
6.235600000000001273e+03 -1.670215759407075451e+00
6.272280000000001564e+03 -1.912161404589075575e+00
6.308960000000001855e+03 -2.156367673558791775e+00
6.345640000000001237e+03 -2.402871037971895607e+00
6.382320000000001528e+03 -2.651708978873851930e+00
6.419000000000001819e+03 -2.902405421947718445e+00
6.455680000000002110e+03 -3.155388332423719078e+00
6.492360000000001492e+03 -3.410862372820058219e+00
6.529040000000001783e+03 -3.668870997864331240e+00
6.565720000000002074e+03 -3.929458954326351616e+00
6.602400000000001455e+03 -4.192672334692130853e+00
6.639080000000001746e+03 -4.458558633743926691e+00
6.675760000000002037e+03 -4.727166808243238094e+00
6.712440000000002328e+03 -5.003065551315875936e+00
6.749120000000001710e+03 -5.283026643566813618e+00
6.785800000000002001e+03 -5.566081322861124114e+00
6.822480000000002292e+03 -5.852292850264030122e+00
6.859160000000001673e+03 -6.141726656496529380e+00
6.895840000000001965e+03 -6.434450446083453734e+00
6.932520000000002256e+03 -6.730534308010739153e+00
6.969200000000002547e+03 -7.030050833394627219e+00
7.005880000000001928e+03 -7.333075240714606480e+00
7.042560000000002219e+03 -7.639685509213540726e+00
7.079240000000002510e+03 -7.949962521123233650e+00
7.115920000000001892e+03 -8.263990213442784949e+00
7.152600000000002183e+03 -8.581855740065314819e+00
7.189280000000002474e+03 -8.904624004077250632e+00
7.225960000000002765e+03 -9.240541204668145880e+00
7.262640000000002146e+03 -9.581069368668222452e+00
7.299320000000002437e+03 -9.926334387955352057e+00
7.336000000000003638e+03 -1.057316351424158185e+01
7.345170000000000982e+03 -1.046647136231245945e+01
7.354340000000002874e+03 -1.059133093265768721e+01
7.354913125000002765e+03 -1.059926883060415825e+01
7.355486250000001746e+03 -1.061679075580977383e+01
7.356059375000002547e+03 -1.061797840120886427e+01
7.356131015625002874e+03 -1.061812644997606725e+01
7.356202656250003201e+03 -1.061719142798786564e+01
7.356274296875002619e+03 -1.061818969465659812e+01
7.356283251953127547e+03 -1.061844075264133025e+01
7.356292207031253383e+03 -1.061845922827749611e+01
7.356293326416020136e+03 -1.061846153763227107e+01
7.356293886108401239e+03 -1.061846269230146156e+01
7.356293888294699173e+03 -1.061846269681188204e+01
