3.668000000000000000e+03 9.683026929845598429e-01
3.704679999999999836e+03 9.680695289692508032e-01
3.741360000000000127e+03 9.678360068553063522e-01
3.778039999999999964e+03 9.676021263966433361e-01
3.814720000000000255e+03 9.673678923436110910e-01
3.851400000000000091e+03 9.671333019240913043e-01
3.888080000000000382e+03 9.668983528532759664e-01
3.924760000000000218e+03 9.666630448669415454e-01
3.961440000000000055e+03 9.664273777013054900e-01
3.998120000000000346e+03 9.661913510922577331e-01
4.034800000000000182e+03 9.659549647577617693e-01
4.071479999999999563e+03 9.657182184632894240e-01
4.108159999999999854e+03 9.654811358922238407e-01
4.144839999999999236e+03 9.652436938160173785e-01
4.181519999999999527e+03 9.650058919485553499e-01
4.218199999999999818e+03 9.647677342356636432e-01
4.254880000000000109e+03 9.645292586138346502e-01
4.291559999999999491e+03 9.642904246938310830e-01
4.328239999999999782e+03 9.640512322147460900e-01
4.364920000000000073e+03 9.638116809088774772e-01
4.401599999999999454e+03 9.635717703141941648e-01
4.438279999999999745e+03 9.633315001065414496e-01
4.474960000000000036e+03 9.630908700043400161e-01
4.511640000000000327e+03 9.628498799413914844e-01
4.548319999999999709e+03 9.626085296267408165e-01
4.585000000000000000e+03 9.623517636194569569e-01
4.621680000000000291e+03 9.620601453959680693e-01
4.658359999999999673e+03 9.617679841225281745e-01
4.695039999999999964e+03 9.614752815590015267e-01
4.731720000000000255e+03 9.611812780855677474e-01
4.768400000000000546e+03 9.608210722661514325e-01
4.805079999999999927e+03 9.603546013579864482e-01
4.841760000000000218e+03 9.598870136362951389e-01
4.878440000000000509e+03 9.594183051236911952e-01
4.915119999999999891e+03 9.589458198476187301e-01
4.951800000000000182e+03 9.584663894610351287e-01
4.988480000000000473e+03 9.579855008935775906e-01
5.025160000000000764e+03 9.575033532627610366e-01
5.061840000000000146e+03 9.570200184631474372e-01
5.098520000000000437e+03 9.565354928696537806e-01
5.135200000000000728e+03 9.560497723785239543e-01
5.171880000000000109e+03 9.555628530119412156e-01
5.208560000000000400e+03 9.550138423916636476e-01
5.245240000000000691e+03 9.543412966594820857e-01
5.281920000000000982e+03 9.536483194479440373e-01
5.318600000000000364e+03 9.529528825751212295e-01
5.355280000000000655e+03 9.522549691793065207e-01
5.391960000000000946e+03 9.515545621346909178e-01
5.428640000000000327e+03 9.508468508908686223e-01
5.465320000000000618e+03 9.500184225881949107e-01
5.502000000000000909e+03 9.491867947946319717e-01
5.538680000000001201e+03 9.483516011752213259e-01
5.575360000000000582e+03 9.475118855429004450e-01
5.612040000000000873e+03 9.466688522496428115e-01
5.648720000000001164e+03 9.458224742253116268e-01
5.685400000000000546e+03 9.449727239290341974e-01
5.722080000000000837e+03 9.441195733379510457e-01
5.758760000000001128e+03 9.432629939355989812e-01
5.795440000000001419e+03 9.424028331317851892e-01
5.832120000000000800e+03 9.415390824919275259e-01
5.868800000000001091e+03 9.406718030076876014e-01
5.905480000000001382e+03 9.398009636627154828e-01
5.942160000000000764e+03 9.389265328686647871e-01
5.978840000000001055e+03 9.380484784504347084e-01
6.015520000000001346e+03 9.371667676309021200e-01
6.052200000000001637e+03 9.362813670151025613e-01
6.088880000000001019e+03 9.353922425738584456e-01
6.125560000000001310e+03 9.343930143352953133e-01
6.162240000000001601e+03 9.333475512120339435e-01
6.198920000000000982e+03 9.322962298004185966e-01
6.235600000000001273e+03 9.312388836013427706e-01
6.272280000000001564e+03 9.301741646534611441e-01
6.308960000000001855e+03 9.291033340248925354e-01
6.345640000000001237e+03 9.280263119887847134e-01
6.382320000000001528e+03 9.269430168061101316e-01
6.419000000000001819e+03 9.258535602961281974e-01
6.455680000000002110e+03 9.247577312988294329e-01
6.492360000000001492e+03 9.236553831804173997e-01
6.529040000000001783e+03 9.225464258433060394e-01
6.565720000000002074e+03 9.214307667990708772e-01
6.602400000000001455e+03 9.203083110775847064e-01
6.639080000000001746e+03 9.191789611315618336e-01
6.675760000000002037e+03 9.180426167362086831e-01
6.712440000000002328e+03 9.168906013792692544e-01
6.749120000000001710e+03 9.157291743544652141e-01
6.785800000000002001e+03 9.145601875331933472e-01
6.822480000000002292e+03 9.133835206692371145e-01
6.859160000000001673e+03 9.121990498788157264e-01
6.895840000000001965e+03 9.110066474814714210e-01
6.932520000000002256e+03 9.098061818316820482e-01
6.969200000000002547e+03 9.085975171405430428e-01
7.005880000000001928e+03 9.073805132867607259e-01
7.042560000000002219e+03 9.061550256161767791e-01
7.079240000000002510e+03 9.049209047289354935e-01
7.115920000000001892e+03 9.036779962533502131e-01
7.152600000000002183e+03 9.024261406054194801e-01
7.189280000000002474e+03 9.011638420653789172e-01
7.225960000000002765e+03 8.998798989771087387e-01
7.262640000000002146e+03 8.985860180387709173e-01
7.299320000000002437e+03 8.972819919199448435e-01
7.336000000000003638e+03 8.899216577013928653e-01
7.345170000000000982e+03 8.947666256074577884e-01
7.354340000000002874e+03 8.941369949600574962e-01
7.354913125000002765e+03 8.940967869486051711e-01
7.355486250000001746e+03 8.938308479122307748e-01
7.356059375000002547e+03 8.939504503314366080e-01
7.356131015625002874e+03 8.939654203245364084e-01
7.356202656250003201e+03 8.940059194987212132e-01
7.356274296875002619e+03 8.940008548445954606e-01
7.356283251953127547e+03 8.939972461233590684e-01
7.356292207031253383e+03 8.939991188464118110e-01
7.356293326416020136e+03 8.939993529416186968e-01
7.356293886108401239e+03 8.939994699896232078e-01
7.356293888294699173e+03 8.939994704468419151e-01
