3.668000000000000000e+03 1.592966717651709274e+01
3.704679999999999836e+03 1.633412766459553467e+01
3.741360000000000127e+03 1.673967825420622191e+01
3.778039999999999964e+03 1.714631983713882946e+01
3.814720000000000255e+03 1.755405061404082545e+01
3.851400000000000091e+03 1.796287244539696104e+01
3.888080000000000382e+03 1.837278726697596909e+01
3.924760000000000218e+03 1.878379600207660260e+01
3.961440000000000055e+03 1.919589958385135375e+01
3.998120000000000346e+03 1.960909895494139121e+01
4.034800000000000182e+03 2.002339507726839685e+01
4.071479999999999563e+03 2.043878892043838746e+01
4.108159999999999854e+03 2.085527463282441474e+01
4.144839999999999236e+03 2.127285908141384141e+01
4.181519999999999527e+03 2.169154326019663870e+01
4.218199999999999818e+03 2.211132614384329287e+01
4.254880000000000109e+03 2.253218963533309349e+01
4.291559999999999491e+03 2.295415330719433555e+01
4.328239999999999782e+03 2.337721813710640006e+01
4.364920000000000073e+03 2.380138511798512013e+01
4.401599999999999454e+03 2.422665564014197059e+01
4.438279999999999745e+03 2.465303086179844172e+01
4.474960000000000036e+03 2.508051178755023969e+01
4.511640000000000327e+03 2.550909904407136608e+01
4.548319999999999709e+03 2.593879368163663912e+01
4.585000000000000000e+03 2.636991617812459054e+01
4.621680000000000291e+03 2.680288371201904596e+01
4.658359999999999673e+03 2.723697150772200715e+01
4.695039999999999964e+03 2.767218127854436815e+01
4.731720000000000255e+03 2.811829567012682674e+01
4.768400000000000546e+03 2.881452684624390770e+01
4.805079999999999927e+03 2.989677272999942659e+01
4.841760000000000218e+03 3.098187997671355376e+01
4.878440000000000509e+03 3.206985716401500497e+01
4.915119999999999891e+03 3.316449819204463267e+01
4.951800000000000182e+03 3.427032844281788471e+01
4.988480000000000473e+03 3.537939007865817587e+01
5.025160000000000764e+03 3.649149699086841991e+01
5.061840000000000146e+03 3.760658521120505782e+01
5.098520000000000437e+03 3.872466341988045713e+01
5.135200000000000728e+03 3.984574081547420832e+01
5.171880000000000109e+03 4.096982653994970036e+01
5.208560000000000400e+03 4.215042986031439654e+01
5.245240000000000691e+03 4.344309320659590412e+01
5.281920000000000982e+03 4.475634798245594936e+01
5.318600000000000364e+03 4.607384994601672190e+01
5.355280000000000655e+03 4.739562253811310200e+01
5.391960000000000946e+03 4.872168954416646613e+01
5.428640000000000327e+03 5.000000000000059686e+01
5.465320000000000618e+03 4.999999999999983658e+01
5.502000000000000909e+03 4.999999999999968026e+01
5.538680000000001201e+03 4.999999999999975842e+01
5.575360000000000582e+03 4.999999999999936051e+01
5.612040000000000873e+03 4.999999999999974420e+01
5.648720000000001164e+03 4.999999999999901945e+01
5.685400000000000546e+03 5.000000000000015632e+01
5.722080000000000837e+03 5.000000000000025580e+01
5.758760000000001128e+03 5.000000000000090949e+01
5.795440000000001419e+03 5.000000000000078160e+01
5.832120000000000800e+03 5.000000000000057554e+01
5.868800000000001091e+03 5.000000000000022737e+01
5.905480000000001382e+03 4.999999999999936051e+01
5.942160000000000764e+03 5.000000000000031264e+01
5.978840000000001055e+03 5.000000000000016342e+01
6.015520000000001346e+03 5.000000000000002132e+01
6.052200000000001637e+03 4.999999999999929656e+01
6.088880000000001019e+03 4.999999999999997158e+01
6.125560000000001310e+03 5.000000000000022737e+01
6.162240000000001601e+03 4.999999999999985789e+01
6.198920000000000982e+03 5.000000000000022027e+01
6.235600000000001273e+03 5.000000000000027711e+01
6.272280000000001564e+03 5.000000000000024158e+01
6.308960000000001855e+03 4.999999999999938183e+01
6.345640000000001237e+03 5.000000000000025580e+01
6.382320000000001528e+03 5.000000000000035527e+01
6.419000000000001819e+03 4.999999999999958078e+01
6.455680000000002110e+03 5.000000000000055422e+01
6.492360000000001492e+03 5.000000000000031264e+01
6.529040000000001783e+03 5.000000000000031264e+01
6.565720000000002074e+03 4.999999999999994316e+01
6.602400000000001455e+03 4.999999999999981526e+01
6.639080000000001746e+03 5.000000000000128608e+01
6.675760000000002037e+03 4.999999999999923261e+01
6.712440000000002328e+03 5.000000000000148503e+01
6.749120000000001710e+03 5.000000000000012079e+01
6.785800000000002001e+03 5.000000000000019895e+01
6.822480000000002292e+03 5.000000000000102318e+01
6.859160000000001673e+03 4.999999999999990763e+01
6.895840000000001965e+03 4.999999999999956657e+01
6.932520000000002256e+03 4.999999999999992895e+01
6.969200000000002547e+03 5.000000000000035527e+01
7.005880000000001928e+03 4.999999999999967315e+01
7.042560000000002219e+03 5.000000000000157030e+01
7.079240000000002510e+03 4.999999999999876366e+01
7.115920000000001892e+03 4.999999999999990763e+01
7.152600000000002183e+03 4.999999999999940314e+01
7.189280000000002474e+03 5.000000000000043343e+01
7.225960000000002765e+03 4.999999999999968736e+01
7.262640000000002146e+03 5.000000000000003553e+01
7.299320000000002437e+03 4.999999999999982236e+01
7.336000000000003638e+03 5.000000000000055422e+01
7.345170000000000982e+03 5.000000000000092371e+01
7.354340000000002874e+03 5.000000000000009237e+01
7.354913125000002765e+03 5.000000000000039790e+01
7.355486250000001746e+03 4.999999999999913314e+01
7.356059375000002547e+03 5.000000000000099476e+01
7.356131015625002874e+03 4.999999999999997868e+01
7.356202656250003201e+03 4.999999999999886313e+01
7.356274296875002619e+03 4.999999999999927525e+01
7.356283251953127547e+03 4.999999999999963052e+01
7.356292207031253383e+03 5.000000000000021316e+01
7.356293326416020136e+03 4.999999999999966604e+01
7.356293886108401239e+03 5.000000000000097344e+01
7.356293888294699173e+03 5.000000000000060396e+01
