3.668000000000000000e+03 9.866907463849479143e-01
3.704679999999999836e+03 9.865599431857812185e-01
3.741360000000000127e+03 9.864290633933749941e-01
3.778039999999999964e+03 9.862981069223305530e-01
3.814720000000000255e+03 9.861670736870720155e-01
3.851400000000000091e+03 9.860359636018450891e-01
3.888080000000000382e+03 9.859047765807175123e-01
3.924760000000000218e+03 9.857735125375782781e-01
3.961440000000000055e+03 9.856421713861365230e-01
3.998120000000000346e+03 9.855107530399216387e-01
4.034800000000000182e+03 9.853792574122829384e-01
4.071479999999999563e+03 9.852476844163882141e-01
4.108159999999999854e+03 9.851160339652242914e-01
4.144839999999999236e+03 9.849843059715954752e-01
4.181519999999999527e+03 9.848525003481245488e-01
4.218199999999999818e+03 9.847206170072501097e-01
4.254880000000000109e+03 9.845886558612282347e-01
4.291559999999999491e+03 9.844566168221302593e-01
4.328239999999999782e+03 9.843244998018436664e-01
4.364920000000000073e+03 9.841923047120698653e-01
4.401599999999999454e+03 9.840600314643255242e-01
4.438279999999999745e+03 9.839276799699407938e-01
4.474960000000000036e+03 9.837952501400590855e-01
4.511640000000000327e+03 9.836627418856366267e-01
4.548319999999999709e+03 9.835301551174421286e-01
4.585000000000000000e+03 9.833974897460556752e-01
4.621680000000000291e+03 9.832647456818687237e-01
4.658359999999999673e+03 9.831319228350832162e-01
4.695039999999999964e+03 9.829990211157111357e-01
4.731720000000000255e+03 9.828660404335741729e-01
4.768400000000000546e+03 9.827329806983031713e-01
4.805079999999999927e+03 9.824312515545249314e-01
4.841760000000000218e+03 9.819212579858701551e-01
4.878440000000000509e+03 9.814095131179169096e-01
4.915119999999999891e+03 9.808960337376351202e-01
4.951800000000000182e+03 9.803807935386056327e-01
4.988480000000000473e+03 9.798637818204368743e-01
5.025160000000000764e+03 9.793449914378287158e-01
5.061840000000000146e+03 9.788213765722905135e-01
5.098520000000000437e+03 9.782840518951606557e-01
5.135200000000000728e+03 9.777447694619104679e-01
5.171880000000000109e+03 9.772001060166768394e-01
5.208560000000000400e+03 9.766476402346530028e-01
5.245240000000000691e+03 9.760930864216095237e-01
5.281920000000000982e+03 9.755364362432920045e-01
5.318600000000000364e+03 9.749776820075923833e-01
5.355280000000000655e+03 9.744168118006162338e-01
5.391960000000000946e+03 9.738538135356623604e-01
5.428640000000000327e+03 9.732886749218400135e-01
5.465320000000000618e+03 9.727213827790235356e-01
5.502000000000000909e+03 9.721519250907376675e-01
5.538680000000001201e+03 9.715802856519346609e-01
5.575360000000000582e+03 9.710064421615145491e-01
5.612040000000000873e+03 9.704303935437110784e-01
5.648720000000001164e+03 9.698521263743178356e-01
5.685400000000000546e+03 9.692716270241235055e-01
5.722080000000000837e+03 9.686888816544452219e-01
5.758760000000001128e+03 9.681038762125220298e-01
5.795440000000001419e+03 9.675165916205956673e-01
5.832120000000000800e+03 9.669270143393985384e-01
5.868800000000001091e+03 9.663351332334126909e-01
5.905480000000001382e+03 9.657409333401734131e-01
5.942160000000000764e+03 9.651443994573657426e-01
5.978840000000001055e+03 9.645455161371956354e-01
6.015520000000001346e+03 9.639442676805713983e-01
6.052200000000001637e+03 9.633406381310782862e-01
6.088880000000001019e+03 9.627346112687455992e-01
6.125560000000001310e+03 9.621261669083152057e-01
6.162240000000001601e+03 9.615152894778766779e-01
6.198920000000000982e+03 9.609019630774386922e-01
6.235600000000001273e+03 9.602861707054319851e-01
6.272280000000001564e+03 9.596679007426128782e-01
6.308960000000001855e+03 9.590471287703322689e-01
6.345640000000001237e+03 9.584238364044542768e-01
6.382320000000001528e+03 9.577980049298024934e-01
6.419000000000001819e+03 9.570712352362278352e-01
6.455680000000002110e+03 9.563104345565653919e-01
6.492360000000001492e+03 9.555456592693051254e-01
6.529040000000001783e+03 9.547768597996728612e-01
6.565720000000002074e+03 9.540039852245894014e-01
6.602400000000001455e+03 9.532269832165153334e-01
6.639080000000001746e+03 9.524457999840810762e-01
6.675760000000002037e+03 9.516603802092671316e-01
6.712440000000002328e+03 9.508679598214615503e-01
6.749120000000001710e+03 9.500704983155910943e-01
6.785800000000002001e+03 9.492685557639477523e-01
6.822480000000002292e+03 9.484620678859942977e-01
6.859160000000001673e+03 9.476509683978968646e-01
6.895840000000001965e+03 9.468351889163580948e-01
6.932520000000002256e+03 9.460146588561307857e-01
6.969200000000002547e+03 9.451893053206702477e-01
7.005880000000001928e+03 9.443590529853546078e-01
7.042560000000002219e+03 9.435238239726236875e-01
7.079240000000002510e+03 9.426835377183271358e-01
7.115920000000001892e+03 9.418381108284964442e-01
7.152600000000002183e+03 9.409874569256753141e-01
7.189280000000002474e+03 9.401314463216433603e-01
7.225960000000002765e+03 9.392696454257598582e-01
7.262640000000002146e+03 9.384023092716882175e-01
7.299320000000002437e+03 9.375293357107611358e-01
7.336000000000003638e+03 9.366357868994416025e-01
7.345170000000000982e+03 9.364248319968649925e-01
7.354340000000002874e+03 9.362020002950891540e-01
7.354913125000002765e+03 9.361880543010845379e-01
7.355486250000001746e+03 9.361736283072319420e-01
7.356059375000002547e+03 9.361600164280299285e-01
7.356131015625002874e+03 9.361583148676863031e-01
7.356202656250003201e+03 9.361566673749035505e-01
7.356274296875002619e+03 9.361549233120889379e-01
7.356283251953127547e+03 9.361546989963158705e-01
7.356292207031253383e+03 9.361544862956443502e-01
7.356293326416020136e+03 9.361544597080416752e-01
7.356293886108401239e+03 9.361544464142386168e-01
7.356293888294699173e+03 9.361544463623099332e-01
