3.668000000000000000e+03 9.715603877590039961e-01
3.704679999999999836e+03 9.713979732039689230e-01
3.741360000000000127e+03 9.712349665909056906e-01
3.778039999999999964e+03 9.710713674963279418e-01
3.814720000000000255e+03 9.709072166726722131e-01
3.851400000000000091e+03 9.707424901867383049e-01
3.888080000000000382e+03 9.705771703394107108e-01
3.924760000000000218e+03 9.704112565258803391e-01
3.961440000000000055e+03 9.702447482038906168e-01
3.998120000000000346e+03 9.700776448813711594e-01
4.034800000000000182e+03 9.699099458637658877e-01
4.071479999999999563e+03 9.697416581718776296e-01
4.108159999999999854e+03 9.695752218765836261e-01
4.144839999999999236e+03 9.694081963529093127e-01
4.181519999999999527e+03 9.692405809524868854e-01
4.218199999999999818e+03 9.690763287616281918e-01
4.254880000000000109e+03 9.689500722343635797e-01
4.291559999999999491e+03 9.688235159144646946e-01
4.328239999999999782e+03 9.686966598379749271e-01
4.364920000000000073e+03 9.685695040265345224e-01
4.401599999999999454e+03 9.684420484805958962e-01
4.438279999999999745e+03 9.683142935479067681e-01
4.474960000000000036e+03 9.681862391818146785e-01
4.511640000000000327e+03 9.680578855661645665e-01
4.548319999999999709e+03 9.679292326609919561e-01
4.585000000000000000e+03 9.677686038053555651e-01
4.621680000000000291e+03 9.675350960030554281e-01
4.658359999999999673e+03 9.673008933391341602e-01
4.695039999999999964e+03 9.670660012845695430e-01
4.731720000000000255e+03 9.668303909353445080e-01
4.768400000000000546e+03 9.665853803680177769e-01
4.805079999999999927e+03 9.663254951699380424e-01
4.841760000000000218e+03 9.660648266013212027e-01
4.878440000000000509e+03 9.658033719923436733e-01
4.915119999999999891e+03 9.655374931971524299e-01
4.951800000000000182e+03 9.652628539599928947e-01
4.988480000000000473e+03 9.649829314009990000e-01
5.025160000000000764e+03 9.647009472956963316e-01
5.061840000000000146e+03 9.644180997324903748e-01
5.098520000000000437e+03 9.641343874111669709e-01
5.135200000000000728e+03 9.638498083366379143e-01
5.171880000000000109e+03 9.635643606336286027e-01
5.208560000000000400e+03 9.631781246929861373e-01
5.245240000000000691e+03 9.623464062074388314e-01
5.281920000000000982e+03 9.613889784812855721e-01
5.318600000000000364e+03 9.604265774348329510e-01
5.355280000000000655e+03 9.594591645806396230e-01
5.391960000000000946e+03 9.584867007489944468e-01
5.428640000000000327e+03 9.575078461013694087e-01
5.465320000000000618e+03 9.564917690946227458e-01
5.502000000000000909e+03 9.554702707789463068e-01
5.538680000000001201e+03 9.544414155296521152e-01
5.575360000000000582e+03 9.534000315075978893e-01
5.612040000000000873e+03 9.523528894468255013e-01
5.648720000000001164e+03 9.512999360112502911e-01
5.685400000000000546e+03 9.502411168026619892e-01
5.722080000000000837e+03 9.491763763330018921e-01
5.758760000000001128e+03 9.481056579956479435e-01
5.795440000000001419e+03 9.470283713815467186e-01
5.832120000000000800e+03 9.459445488453759321e-01
5.868800000000001091e+03 9.448545229498915843e-01
5.905480000000001382e+03 9.437582306837445367e-01
5.942160000000000764e+03 9.426556077035529446e-01
5.978840000000001055e+03 9.415465882962971156e-01
6.015520000000001346e+03 9.404311053403127119e-01
6.052200000000001637e+03 9.393090902648012497e-01
6.088880000000001019e+03 9.381804730078233678e-01
6.125560000000001310e+03 9.369401847245238946e-01
6.162240000000001601e+03 9.356510395410131409e-01
6.198920000000000982e+03 9.343528202648403447e-01
6.235600000000001273e+03 9.330452234086848984e-01
6.272280000000001564e+03 9.317256644785103514e-01
6.308960000000001855e+03 9.303966000772195821e-01
6.345640000000001237e+03 9.290578950394231539e-01
6.382320000000001528e+03 9.277094105147715153e-01
6.419000000000001819e+03 9.263513075284309783e-01
6.455680000000002110e+03 9.249832484967784874e-01
6.492360000000001492e+03 9.236049924898799279e-01
6.529040000000001783e+03 9.222163852146805230e-01
6.565720000000002074e+03 9.208172679517842019e-01
6.602400000000001455e+03 9.194074773780563925e-01
6.639080000000001746e+03 9.179868453799175931e-01
6.675760000000002037e+03 9.165551988567082198e-01
6.712440000000002328e+03 9.150755926578462152e-01
6.749120000000001710e+03 9.135753087140363604e-01
6.785800000000002001e+03 9.120625925608211171e-01
6.822480000000002292e+03 9.105372234496001971e-01
6.859160000000001673e+03 9.089989733789215487e-01
6.895840000000001965e+03 9.074476067588688188e-01
6.932520000000002256e+03 9.058828800550814409e-01
6.969200000000002547e+03 9.043045414109232016e-01
7.005880000000001928e+03 9.027123302460744458e-01
7.042560000000002219e+03 9.011059768297844386e-01
7.079240000000002510e+03 8.994852018267500693e-01
7.115920000000001892e+03 8.978497158134701728e-01
7.152600000000002183e+03 8.961992187626816042e-01
7.189280000000002474e+03 8.945269079245662391e-01
7.225960000000002765e+03 8.927788840591581732e-01
7.262640000000002146e+03 8.910129995321057761e-01
7.299320000000002437e+03 8.892288190039058238e-01
7.336000000000003638e+03 8.839978380786279732e-01
7.345170000000000982e+03 8.860455263079993760e-01
7.354340000000002874e+03 8.852716241680472775e-01
7.354913125000002765e+03 8.852223070359330759e-01
7.355486250000001746e+03 8.850564288545752500e-01
7.356059375000002547e+03 8.850894516093370523e-01
7.356131015625002874e+03 8.850935874925679459e-01
7.356202656250003201e+03 8.851109017213063535e-01
7.356274296875002619e+03 8.851046943343026108e-01
7.356283251953127547e+03 8.851023821902126443e-01
7.356292207031253383e+03 8.851028997773674467e-01
7.356293326416020136e+03 8.851029644777315131e-01
7.356293886108401239e+03 8.851029968280782478e-01
7.356293888294699173e+03 8.851029969544476073e-01
