3.668000000000000000e+03 -4.039422009580992068e+01
3.704679999999999836e+03 -4.031821783803186321e+01
3.741360000000000127e+03 -4.023848075081939868e+01
3.778039999999999964e+03 -4.015499941011855611e+01
3.814720000000000255e+03 -4.006776542224898208e+01
3.851400000000000091e+03 -3.997676887693845060e+01
3.888080000000000382e+03 -3.988199970253294424e+01
3.924760000000000218e+03 -3.978344776779970005e+01
3.961440000000000055e+03 -3.968110317393316677e+01
3.998120000000000346e+03 -3.957495632083459469e+01
4.034800000000000182e+03 -3.946499671821999300e+01
4.071479999999999563e+03 -3.935121188815379156e+01
4.108159999999999854e+03 -3.923360017101084907e+01
4.144839999999999236e+03 -3.911214594771874431e+01
4.181519999999999527e+03 -3.898683885463587728e+01
4.218199999999999818e+03 -3.885767449813882024e+01
4.254880000000000109e+03 -3.872469945624036569e+01
4.291559999999999491e+03 -3.858784785207968326e+01
4.328239999999999782e+03 -3.844710916658271316e+01
4.364920000000000073e+03 -3.830247279542443550e+01
4.401599999999999454e+03 -3.815392895977902299e+01
4.438279999999999745e+03 -3.800146600404919184e+01
4.474960000000000036e+03 -3.784505594683044194e+01
4.511640000000000327e+03 -3.768470385780256748e+01
4.548319999999999709e+03 -3.752039862550670790e+01
4.585000000000000000e+03 -3.735212412591693010e+01
4.621680000000000291e+03 -3.717986180147344299e+01
4.658359999999999673e+03 -3.700361091814386327e+01
4.695039999999999964e+03 -3.682335663049301644e+01
4.731720000000000255e+03 -3.663908196461451183e+01
4.768400000000000546e+03 -3.645078836204686468e+01
4.805079999999999927e+03 -3.625846391829129800e+01
4.841760000000000218e+03 -3.606209598825223850e+01
4.878440000000000509e+03 -3.586166869696222648e+01
4.915119999999999891e+03 -3.565716765361462137e+01
4.951800000000000182e+03 -3.544872847562727003e+01
4.988480000000000473e+03 -3.523621476058866619e+01
5.025160000000000764e+03 -3.501959027137881719e+01
5.061840000000000146e+03 -3.479884642006337003e+01
5.098520000000000437e+03 -3.451919887994043279e+01
5.135200000000000728e+03 -3.389576448048792656e+01
5.171880000000000109e+03 -3.326748470185989959e+01
5.208560000000000400e+03 -3.263430296811164766e+01
5.245240000000000691e+03 -3.199535250631373628e+01
5.281920000000000982e+03 -3.135111947172476476e+01
5.318600000000000364e+03 -3.070188587146653703e+01
5.355280000000000655e+03 -3.004763430360180720e+01
5.391960000000000946e+03 -2.938834717202488633e+01
5.428640000000000327e+03 -2.872400513971169289e+01
5.465320000000000618e+03 -2.805455217294847614e+01
5.502000000000000909e+03 -2.738000643021118918e+01
5.538680000000001201e+03 -2.669801160427639886e+01
5.575360000000000582e+03 -2.600209396818958396e+01
5.612040000000000873e+03 -2.530058847927532639e+01
5.648720000000001164e+03 -2.459346454380947122e+01
5.685400000000000546e+03 -2.388069108188071965e+01
5.722080000000000837e+03 -2.316223651625907465e+01
5.758760000000001128e+03 -2.243806876079908363e+01
5.795440000000001419e+03 -2.113247524511146480e+01
5.832120000000000800e+03 -1.938035040564697198e+01
5.868800000000001091e+03 -1.761748120523589023e+01
5.905480000000001382e+03 -1.584378230333394200e+01
5.942160000000000764e+03 -1.405916678008506615e+01
5.978840000000001055e+03 -1.226354609452205580e+01
6.015520000000001346e+03 -1.045683004124572690e+01
6.052200000000001637e+03 -8.638926705565712183e+00
6.088880000000001019e+03 -6.809742417043430862e+00
6.125560000000001310e+03 -4.967817490681792236e+00
6.162240000000001601e+03 -3.113784341205878547e+00
6.198920000000000982e+03 -1.248042370462780326e+00
6.235600000000001273e+03 6.295220427241616790e-01
6.272280000000001564e+03 2.519101101773738804e+00
6.308960000000001855e+03 4.420725860118352557e+00
6.345640000000001237e+03 6.334511662284349143e+00
6.382320000000001528e+03 8.260576439644871982e+00
6.419000000000001819e+03 1.019962848281357282e+01
6.455680000000002110e+03 1.215140262258340087e+01
6.492360000000001492e+03 1.411584672895458326e+01
6.529040000000001783e+03 1.609308994485054711e+01
6.565720000000002074e+03 1.808326447274211546e+01
6.602400000000001455e+03 2.008650568379121282e+01
6.639080000000001746e+03 2.210295223225952554e+01
6.675760000000002037e+03 2.413274617558934310e+01
6.712440000000002328e+03 2.660708695973799820e+01
6.749120000000001710e+03 2.920150003054673249e+01
6.785800000000002001e+03 3.181684103253596874e+01
6.822480000000002292e+03 3.445341529014812920e+01
6.859160000000001673e+03 3.711153742407562106e+01
6.895840000000001965e+03 3.979153176634033429e+01
6.932520000000002256e+03 4.249373280016088472e+01
6.969200000000002547e+03 4.521848562644872516e+01
7.005880000000001928e+03 4.796614645894714357e+01
7.042560000000002219e+03 5.073708315024034476e+01
7.079240000000002510e+03 5.353167575099951847e+01
7.115920000000001892e+03 5.635031710523027471e+01
7.152600000000002183e+03 5.919341348429703231e+01
7.189280000000002474e+03 6.206741921989831212e+01
7.225960000000002765e+03 6.502314537265067429e+01
7.262640000000002146e+03 6.800746661889604638e+01
7.299320000000002437e+03 7.102098653744586443e+01
7.336000000000003638e+03 7.492359485965096155e+01
7.345170000000000982e+03 7.511380287049892956e+01
7.354340000000002874e+03 7.598067967262265654e+01
7.354913125000002765e+03 7.603523368985973718e+01
7.355486250000001746e+03 7.611777320210408959e+01
7.356059375000002547e+03 7.615260898742043594e+01
7.356131015625002874e+03 7.615696221881992756e+01
7.356202656250003201e+03 7.615815276250813781e+01
7.356274296875002619e+03 7.616498869581387510e+01
7.356283251953127547e+03 7.616621191653918288e+01
7.356292207031253383e+03 7.616675597745215498e+01
7.356293326416020136e+03 7.616682398476164906e+01
7.356293886108401239e+03 7.616685798838989285e+01
7.356293888294699173e+03 7.616685812121352228e+01
