3.668000000000000000e+03 1.301552766226702396e+01
3.704679999999999836e+03 1.293564368477954574e+01
3.741360000000000127e+03 1.285482677485405034e+01
3.778039999999999964e+03 1.277307469516985705e+01
3.814720000000000255e+03 1.269069362112443322e+01
3.851400000000000091e+03 1.260750947647367504e+01
3.888080000000000382e+03 1.252339183904503805e+01
3.924760000000000218e+03 1.243834985694494222e+01
3.961440000000000055e+03 1.235238051068180809e+01
3.998120000000000346e+03 1.226547110677214469e+01
4.034800000000000182e+03 1.217763051023609755e+01
4.071479999999999563e+03 1.208890788308139186e+01
4.108159999999999854e+03 1.199951689554603185e+01
4.144839999999999236e+03 1.190918108202826886e+01
4.181519999999999527e+03 1.181789790825707165e+01
4.218199999999999818e+03 1.172568886274194710e+01
4.254880000000000109e+03 1.163276393299807587e+01
4.291559999999999491e+03 1.153888891718760235e+01
4.328239999999999782e+03 1.144406128129775269e+01
4.364920000000000073e+03 1.134827668921098720e+01
4.401599999999999454e+03 1.125134265236824582e+01
4.438279999999999745e+03 1.115317099280218471e+01
4.474960000000000036e+03 1.105383486108113367e+01
4.511640000000000327e+03 1.095351984375763443e+01
4.548319999999999709e+03 1.085222296186522151e+01
4.585000000000000000e+03 1.074992982241409756e+01
4.621680000000000291e+03 1.064662105148320848e+01
4.658359999999999673e+03 1.054231845390739331e+01
4.695039999999999964e+03 1.043685887074018304e+01
4.731720000000000255e+03 1.032970205736322455e+01
4.768400000000000546e+03 1.022213451831507136e+01
4.805079999999999927e+03 1.011556830292084186e+01
4.841760000000000218e+03 1.000786867551237869e+01
4.878440000000000509e+03 9.899105316344247285e+00
4.915119999999999891e+03 9.789243159889441159e+00
4.951800000000000182e+03 9.678249050284764010e+00
4.988480000000000473e+03 9.566125950254825483e+00
5.025160000000000764e+03 9.452900110411048828e+00
5.061840000000000146e+03 9.338573496475950364e+00
5.098520000000000437e+03 9.223129815563064327e+00
5.135200000000000728e+03 9.106569022886494835e+00
5.171880000000000109e+03 8.988816964902145656e+00
5.208560000000000400e+03 8.869373263506924232e+00
5.245240000000000691e+03 8.746394581399743018e+00
5.281920000000000982e+03 8.621471532696126872e+00
5.318600000000000364e+03 8.495271493549699571e+00
5.355280000000000655e+03 8.367784474135198991e+00
5.391960000000000946e+03 8.239000301394840520e+00
5.428640000000000327e+03 8.108951684934957882e+00
5.465320000000000618e+03 7.978629201197121823e+00
5.502000000000000909e+03 7.846948995093655732e+00
5.538680000000001201e+03 7.713419901141407742e+00
5.575360000000000582e+03 7.576713606719246208e+00
5.612040000000000873e+03 7.438536948225077161e+00
5.648720000000001164e+03 7.298875839082259454e+00
5.685400000000000546e+03 7.157715909431772161e+00
5.722080000000000837e+03 7.015042498818337968e+00
5.758760000000001128e+03 6.870840648620255564e+00
5.795440000000001419e+03 6.724768519680543122e+00
5.832120000000000800e+03 6.576867450363126366e+00
5.868800000000001091e+03 6.427362809736820282e+00
5.905480000000001382e+03 6.276237658849082912e+00
5.942160000000000764e+03 6.123474698168217323e+00
5.978840000000001055e+03 5.969056257494860240e+00
6.015520000000001346e+03 5.812964285496474481e+00
6.052200000000001637e+03 5.655180338847812571e+00
6.088880000000001019e+03 5.495685570958810828e+00
6.125560000000001310e+03 5.331208072514280971e+00
6.162240000000001601e+03 5.163454786025862830e+00
6.198920000000000982e+03 4.993595647899836010e+00
6.235600000000001273e+03 4.821547256674195481e+00
6.272280000000001564e+03 4.646574001965447565e+00
6.308960000000001855e+03 4.469370521546794706e+00
6.345640000000001237e+03 4.289901040834356749e+00
6.382320000000001528e+03 4.108128771109314847e+00
6.419000000000001819e+03 3.924128889703700995e+00
6.455680000000002110e+03 3.737741104612524179e+00
6.492360000000001492e+03 3.548883136453517828e+00
6.529040000000001783e+03 3.357511813815199808e+00
6.565720000000002074e+03 3.163582651578328964e+00
6.602400000000001455e+03 2.967049796156351338e+00
6.639080000000001746e+03 2.767865967762643820e+00
6.675760000000002037e+03 2.565982399502094502e+00
6.712440000000002328e+03 2.357620963670655545e+00
6.749120000000001710e+03 2.145444388970943361e+00
6.785800000000002001e+03 1.930243614304390620e+00
6.822480000000002292e+03 1.711956909517681424e+00
6.859160000000001673e+03 1.490520402695064917e+00
6.895840000000001965e+03 1.265867977517500576e+00
6.932520000000002256e+03 1.037931164215175617e+00
6.969200000000002547e+03 8.066390236223347499e-01
7.005880000000001928e+03 5.719180237890602037e-01
7.042560000000002219e+03 3.336919085596281032e-01
7.079240000000002510e+03 9.188155746886315922e-02
7.115920000000001892e+03 -1.535951637569141215e-01
7.152600000000002183e+03 -4.028235628777668276e-01
7.189280000000002474e+03 -6.566173347933822457e-01
7.225960000000002765e+03 -9.211325135682457699e-01
7.262640000000002146e+03 -1.190036938210513151e+00
7.299320000000002437e+03 -1.463448268031801280e+00
7.336000000000003638e+03 -2.106287650980417592e+00
7.345170000000000982e+03 -1.938409899738886333e+00
7.354340000000002874e+03 -2.054502613539844980e+00
7.354913125000002765e+03 -2.061930830351526023e+00
7.355486250000001746e+03 -2.081090480898490913e+00
7.356059375000002547e+03 -2.080258822923596096e+00
7.356131015625002874e+03 -2.080154480637387060e+00
7.356202656250003201e+03 -2.078724589444748361e+00
7.356274296875002619e+03 -2.079660883188227505e+00
7.356283251953127547e+03 -2.079932468511896282e+00
7.356292207031253383e+03 -2.079919396905967943e+00
7.356293326416020136e+03 -2.079917762860799879e+00
7.356293886108401239e+03 -2.079916945830590169e+00
7.356293888294699173e+03 -2.079916942639068900e+00
