3.668000000000000000e+03 1.219723654637568799e+01
3.704679999999999836e+03 1.210374114862757544e+01
3.741360000000000127e+03 1.200932455773167185e+01
3.778039999999999964e+03 1.191398443727572065e+01
3.814720000000000255e+03 1.181804846126769348e+01
3.851400000000000091e+03 1.172133043382782880e+01
3.888080000000000382e+03 1.162369086697509069e+01
3.924760000000000218e+03 1.152513880008390146e+01
3.961440000000000055e+03 1.142567112256682371e+01
3.998120000000000346e+03 1.132527506388731986e+01
4.034800000000000182e+03 1.122395937886489747e+01
4.071479999999999563e+03 1.112177301355646541e+01
4.108159999999999854e+03 1.101891736894331864e+01
4.144839999999999236e+03 1.091512818557415976e+01
4.181519999999999527e+03 1.081040283941750246e+01
4.218199999999999818e+03 1.070476449023888676e+01
4.254880000000000109e+03 1.059843874878575498e+01
4.291559999999999491e+03 1.049117451436427118e+01
4.328239999999999782e+03 1.038296917057797764e+01
4.364920000000000073e+03 1.027381828096552319e+01
4.401599999999999454e+03 1.016352730469278498e+01
4.438279999999999745e+03 1.005200743076314396e+01
4.474960000000000036e+03 9.939332129881019995e+00
4.511640000000000327e+03 9.825688942036006068e+00
4.548319999999999709e+03 9.711074806854458785e+00
4.585000000000000000e+03 9.595465543164497291e+00
4.621680000000000291e+03 9.478828410172519980e+00
4.658359999999999673e+03 9.361206847465508574e+00
4.695039999999999964e+03 9.242435359682447782e+00
4.731720000000000255e+03 9.121972734684701933e+00
4.768400000000000546e+03 9.001056950865420347e+00
4.805079999999999927e+03 8.881058076207668961e+00
4.841760000000000218e+03 8.759923893290277874e+00
4.878440000000000509e+03 8.637724292766224110e+00
4.915119999999999891e+03 8.514444170627264441e+00
4.951800000000000182e+03 8.390073397760474450e+00
4.988480000000000473e+03 8.264568107935680530e+00
5.025160000000000764e+03 8.137956229749741865e+00
5.061840000000000146e+03 8.010240249898336273e+00
5.098520000000000437e+03 7.881403627243119381e+00
5.135200000000000728e+03 7.751446358496439260e+00
5.171880000000000109e+03 7.620294180510577498e+00
5.208560000000000400e+03 7.487489455684148254e+00
5.245240000000000691e+03 7.351047734583136872e+00
5.281920000000000982e+03 7.212589415089837530e+00
5.318600000000000364e+03 7.072835065223326723e+00
5.355280000000000655e+03 6.931774359968660093e+00
5.391960000000000946e+03 6.789396786940013584e+00
5.428640000000000327e+03 6.645724644676224813e+00
5.465320000000000618e+03 6.501506123651983771e+00
5.502000000000000909e+03 6.355900259850765011e+00
5.538680000000001201e+03 6.208414714432919368e+00
5.575360000000000582e+03 6.057718674167003492e+00
5.612040000000000873e+03 5.905521058723251393e+00
5.648720000000001164e+03 5.751807300823868374e+00
5.685400000000000546e+03 5.596562542536700491e+00
5.722080000000000837e+03 5.439771627766001316e+00
5.758760000000001128e+03 5.281419094480555465e+00
5.795440000000001419e+03 5.121161837576160281e+00
5.832120000000000800e+03 4.959040835646224110e+00
5.868800000000001091e+03 4.795281494339545425e+00
5.905480000000001382e+03 4.629866335570608449e+00
5.942160000000000764e+03 4.462777511656064178e+00
5.978840000000001055e+03 4.293996794973203635e+00
6.015520000000001346e+03 4.123505567232727209e+00
6.052200000000001637e+03 3.951284808347890642e+00
6.088880000000001019e+03 3.777315084881474938e+00
6.125560000000001310e+03 3.598116484912807778e+00
6.162240000000001601e+03 3.415521550000764961e+00
6.198920000000000982e+03 3.230778842761639513e+00
6.235600000000001273e+03 3.043800152655006030e+00
6.272280000000001564e+03 2.853790269451045081e+00
6.308960000000001855e+03 2.661504991115015706e+00
6.345640000000001237e+03 2.466907984796894215e+00
6.382320000000001528e+03 2.269961896052204331e+00
6.419000000000001819e+03 2.070721427943953419e+00
6.455680000000002110e+03 1.869039044035058605e+00
6.492360000000001492e+03 1.664837926855396777e+00
6.529040000000001783e+03 1.458074294967807383e+00
6.565720000000002074e+03 1.248703044490542702e+00
6.602400000000001455e+03 1.036677694148409046e+00
6.639080000000001746e+03 8.219503273462966941e-01
6.675760000000002037e+03 6.044715310625605742e-01
6.712440000000002328e+03 3.804240933016015402e-01
6.749120000000001710e+03 1.524973473484383946e-01
6.785800000000002001e+03 -7.850982651139806756e-02
6.822480000000002292e+03 -3.126599259659031960e-01
6.859160000000001673e+03 -5.500176043345973431e-01
6.895840000000001965e+03 -7.906497736279256561e-01
6.932520000000002256e+03 -1.034625714031295107e+00
6.969200000000002547e+03 -1.282017190306165677e+00
7.005880000000001928e+03 -1.532898575654519480e+00
7.042560000000002219e+03 -1.787346983638627096e+00
7.079240000000002510e+03 -2.045442408806064982e+00
7.115920000000001892e+03 -2.307267876734979239e+00
7.152600000000002183e+03 -2.572909604284702390e+00
7.189280000000002474e+03 -2.843188955239777993e+00
7.225960000000002765e+03 -3.124319550174196269e+00
7.262640000000002146e+03 -3.409910665902397220e+00
7.299320000000002437e+03 -3.700081155000797484e+00
7.336000000000003638e+03 -4.365656025892739933e+00
7.345170000000000982e+03 -4.192939915035785781e+00
7.354340000000002874e+03 -4.312048067792907169e+00
7.354913125000002765e+03 -4.319659330171050193e+00
7.355486250000001746e+03 -4.339327279351144817e+00
7.356059375000002547e+03 -4.338446024334870366e+00
7.356131015625002874e+03 -4.338335413185290257e+00
7.356202656250003201e+03 -4.336862392381155118e+00
7.356274296875002619e+03 -4.337821319957416932e+00
7.356283251953127547e+03 -4.338100028525918361e+00
7.356292207031253383e+03 -4.338086168130482534e+00
7.356293326416020136e+03 -4.338084435469662381e+00
7.356293886108401239e+03 -4.338083569130207984e+00
7.356293888294699173e+03 -4.338083565746076786e+00
