3.668000000000000000e+03 1.196970141018400646e+01
3.704679999999999836e+03 1.183420069390348317e+01
3.741360000000000127e+03 1.169794513895459254e+01
3.778039999999999964e+03 1.156093215560767895e+01
3.814720000000000255e+03 1.142337565892985296e+01
3.851400000000000091e+03 1.128515248759720002e+01
3.888080000000000382e+03 1.114617006396704824e+01
3.924760000000000218e+03 1.100643729424179007e+01
3.961440000000000055e+03 1.086595080671109415e+01
3.998120000000000346e+03 1.072469746988985229e+01
4.034800000000000182e+03 1.058268597947945899e+01
4.071479999999999563e+03 1.043996576705418988e+01
4.108159999999999854e+03 1.029671069749242385e+01
4.144839999999999236e+03 1.015268401083909389e+01
4.181519999999999527e+03 1.000788286568751673e+01
4.218199999999999818e+03 9.862298623812648657e+00
4.254880000000000109e+03 9.715886259941214576e+00
4.291559999999999491e+03 9.568705685694835594e+00
4.328239999999999782e+03 9.420754187695347781e+00
4.364920000000000073e+03 9.272027654242883443e+00
4.401599999999999454e+03 9.122376161280859819e+00
4.438279999999999745e+03 8.971723821553039713e+00
4.474960000000000036e+03 8.820133656588184934e+00
4.511640000000000327e+03 8.667747914681104504e+00
4.548319999999999709e+03 8.514563508220657440e+00
4.585000000000000000e+03 8.360514177115037526e+00
4.621680000000000291e+03 8.205509683661173170e+00
4.658359999999999673e+03 8.049687627873822748e+00
4.695039999999999964e+03 7.892932655290604060e+00
4.731720000000000255e+03 7.734994666756799475e+00
4.768400000000000546e+03 7.575929395689758650e+00
4.805079999999999927e+03 7.416002722126846969e+00
4.841760000000000218e+03 7.255133007232815068e+00
4.878440000000000509e+03 7.093382093073236305e+00
4.915119999999999891e+03 6.930678438543742104e+00
4.951800000000000182e+03 6.766938430403141247e+00
4.988480000000000473e+03 6.602269050772696879e+00
5.025160000000000764e+03 6.436682399446636893e+00
5.061840000000000146e+03 6.270176042453930343e+00
5.098520000000000437e+03 6.102736603126887260e+00
5.135200000000000728e+03 5.934361602900454891e+00
5.171880000000000109e+03 5.764976901738625870e+00
5.208560000000000400e+03 5.593543173476318131e+00
5.245240000000000691e+03 5.418657598924091268e+00
5.281920000000000982e+03 5.242118364550163001e+00
5.318600000000000364e+03 5.064365162709160373e+00
5.355280000000000655e+03 4.885387450224812689e+00
5.391960000000000946e+03 4.705174499908864050e+00
5.428640000000000327e+03 4.523705753893364268e+00
5.465320000000000618e+03 4.340729871424422015e+00
5.502000000000000909e+03 4.156460441322647803e+00
5.538680000000001201e+03 3.970267082111073709e+00
5.575360000000000582e+03 3.780440795473305471e+00
5.612040000000000873e+03 3.589186073951767586e+00
5.648720000000001164e+03 3.396487912947236953e+00
5.685400000000000546e+03 3.202331011076672507e+00
5.722080000000000837e+03 3.006699762241762830e+00
5.758760000000001128e+03 2.809578247417023444e+00
5.795440000000001419e+03 2.610485789575420323e+00
5.832120000000000800e+03 2.409490334491030339e+00
5.868800000000001091e+03 2.206919176455631071e+00
5.905480000000001382e+03 2.002754171640352965e+00
5.942160000000000764e+03 1.796976791876893520e+00
5.978840000000001055e+03 1.589568113550888118e+00
6.015520000000001346e+03 1.380508806075675610e+00
6.052200000000001637e+03 1.169779119924343025e+00
6.088880000000001019e+03 9.573588742016424513e-01
6.125560000000001310e+03 7.395652936503582797e-01
6.162240000000001601e+03 5.183936526014423229e-01
6.198920000000000982e+03 2.951772856350226570e-01
6.235600000000001273e+03 6.984740826886473575e-02
6.272280000000001564e+03 -1.581420831942498273e-01
6.308960000000001855e+03 -3.882917458303847269e-01
6.345640000000001237e+03 -6.206361622149154655e-01
6.382320000000001528e+03 -8.552108705432985847e-01
6.419000000000001819e+03 -1.091532337959680188e+00
6.455680000000002110e+03 -1.330030210705116733e+00
6.492360000000001492e+03 -1.570908707792587178e+00
6.529040000000001783e+03 -1.814209103730356487e+00
6.565720000000002074e+03 -2.059973899478682924e+00
6.602400000000001455e+03 -2.308246873368988705e+00
6.639080000000001746e+03 -2.559073134780339931e+00
6.675760000000002037e+03 -2.812499180760004602e+00
6.712440000000002328e+03 -3.072903667117563575e+00
6.749120000000001710e+03 -3.337191906928842045e+00
6.785800000000002001e+03 -3.604434861034820248e+00
6.822480000000002292e+03 -3.874692665272619241e+00
6.859160000000001673e+03 -4.148027516569123385e+00
6.895840000000001965e+03 -4.424503771829178866e+00
6.932520000000002256e+03 -4.704188053004381587e+00
6.969200000000002547e+03 -4.987149358820022194e+00
7.005880000000001928e+03 -5.273459183684386709e+00
7.042560000000002219e+03 -5.563191644353407739e+00
7.079240000000002510e+03 -5.856423614976360881e+00
7.115920000000001892e+03 -6.153234871213187240e+00
7.152600000000002183e+03 -6.453708244179833464e+00
7.189280000000002474e+03 -6.758855388767365469e+00
7.225960000000002765e+03 -7.076508854391406089e+00
7.262640000000002146e+03 -7.398556943475312231e+00
7.299320000000002437e+03 -7.725119107916297523e+00
7.336000000000003638e+03 -8.338947374598117079e+00
7.345170000000000982e+03 -8.237324826613207307e+00
7.354340000000002874e+03 -8.355921767387592070e+00
7.354913125000002765e+03 -8.363463195953151796e+00
7.355486250000001746e+03 -8.380119020984730938e+00
7.356059375000002547e+03 -8.381241507429033177e+00
7.356131015625002874e+03 -8.381381441399868848e+00
7.356202656250003201e+03 -8.380491395299552337e+00
7.356274296875002619e+03 -8.381439876787077026e+00
7.356283251953127547e+03 -8.381678522365247019e+00
7.356292207031253383e+03 -8.381695985902942070e+00
7.356293326416020136e+03 -8.381698168752775402e+00
7.356293886108401239e+03 -8.381699260170108801e+00
7.356293888294699173e+03 -8.381699264433461138e+00
