3.668000000000000000e+03 1.130682468168387800e+01
3.704679999999999836e+03 1.118584170199119221e+01
3.741360000000000127e+03 1.106397008873472032e+01
3.778039999999999964e+03 1.094120725956919138e+01
3.814720000000000255e+03 1.081786345105931524e+01
3.851400000000000091e+03 1.069376234806971837e+01
3.888080000000000382e+03 1.056877145998244139e+01
3.924760000000000218e+03 1.044289954236505658e+01
3.961440000000000055e+03 1.031614324764702495e+01
3.998120000000000346e+03 1.018848960547437521e+01
4.034800000000000182e+03 1.005994708829598139e+01
4.071479999999999563e+03 9.930557756305333328e+00
4.108159999999999854e+03 9.798579690742764470e+00
4.144839999999999236e+03 9.665695549675735521e+00
4.181519999999999527e+03 9.531902473978307810e+00
4.218199999999999818e+03 9.397249428996230947e+00
4.254880000000000109e+03 9.262191160843466164e+00
4.291559999999999491e+03 9.126225195006302471e+00
4.328239999999999782e+03 8.989348719042070002e+00
4.364920000000000073e+03 8.851557096767868060e+00
4.401599999999999454e+03 8.712655113272647966e+00
4.438279999999999745e+03 8.572553728327507727e+00
4.474960000000000036e+03 8.431326141966819065e+00
4.511640000000000327e+03 8.289160340275412153e+00
4.548319999999999709e+03 8.146053073727665961e+00
4.585000000000000000e+03 8.001790071241229541e+00
4.621680000000000291e+03 7.856087442433532964e+00
4.658359999999999673e+03 7.709418086918138791e+00
4.695039999999999964e+03 7.561615671041927556e+00
4.731720000000000255e+03 7.412314985036756454e+00
4.768400000000000546e+03 7.261514940859257194e+00
4.805079999999999927e+03 7.109507672140654044e+00
4.841760000000000218e+03 6.956381300523010403e+00
4.878440000000000509e+03 6.802205478175687325e+00
4.915119999999999891e+03 6.646728976123152499e+00
4.951800000000000182e+03 6.489653666519692443e+00
4.988480000000000473e+03 6.331410014505983952e+00
5.025160000000000764e+03 6.172052096557348655e+00
5.061840000000000146e+03 6.011591999368772754e+00
5.098520000000000437e+03 5.850012948269749380e+00
5.135200000000000728e+03 5.687314889117558003e+00
5.171880000000000109e+03 5.523423358946828010e+00
5.208560000000000400e+03 5.361204872204314853e+00
5.245240000000000691e+03 5.198894388923709364e+00
5.281920000000000982e+03 5.034341885164956842e+00
5.318600000000000364e+03 4.868437808570374337e+00
5.355280000000000655e+03 4.701170652367819613e+00
5.391960000000000946e+03 4.532528704313710577e+00
5.428640000000000327e+03 4.362487146727421994e+00
5.465320000000000618e+03 4.190711414024642423e+00
5.502000000000000909e+03 4.017488825610242564e+00
5.538680000000001201e+03 3.842302146861582557e+00
5.575360000000000582e+03 3.663754403885110644e+00
5.612040000000000873e+03 3.483638011342115703e+00
5.648720000000001164e+03 3.301936984258465824e+00
5.685400000000000546e+03 3.118635020797486224e+00
5.722080000000000837e+03 2.933715493976937427e+00
5.758760000000001128e+03 2.747161443096129307e+00
5.795440000000001419e+03 2.558604891281244242e+00
5.832120000000000800e+03 2.368090000696908781e+00
5.868800000000001091e+03 2.175858035771188081e+00
5.905480000000001382e+03 1.981889866565442082e+00
5.942160000000000764e+03 1.786165960088682558e+00
5.978840000000001055e+03 1.588666368912184712e+00
6.015520000000001346e+03 1.389370719358911987e+00
6.052200000000001637e+03 1.188258199247496094e+00
6.088880000000001019e+03 9.853075451708014354e-01
6.125560000000001310e+03 7.766836898828779479e-01
6.162240000000001601e+03 5.644415024439256579e-01
6.198920000000000982e+03 3.499642883940566329e-01
6.235600000000001273e+03 1.331637272270435601e-01
6.272280000000001564e+03 -8.673827195692372649e-02
6.308960000000001855e+03 -3.090084716876652093e-01
6.345640000000001237e+03 -5.336848604833153153e-01
6.382320000000001528e+03 -7.608064846017830174e-01
6.419000000000001819e+03 -9.903290343738360146e-01
6.455680000000002110e+03 -1.222395563185120881e+00
6.492360000000001492e+03 -1.457081980508664998e+00
6.529040000000001783e+03 -1.694433897797714916e+00
6.565720000000002074e+03 -1.934498291278466509e+00
6.602400000000001455e+03 -2.177323558492989086e+00
6.639080000000001746e+03 -2.422959577898782690e+00
6.675760000000002037e+03 -2.671457771731740483e+00
6.712440000000002328e+03 -2.926837473198922623e+00
6.749120000000001710e+03 -3.186268412620173240e+00
6.785800000000002001e+03 -3.448908883489324673e+00
6.822480000000002292e+03 -3.714824010086098749e+00
6.859160000000001673e+03 -3.984081148383635806e+00
6.895840000000001965e+03 -4.256749992566478902e+00
6.932520000000002256e+03 -4.532902688179990314e+00
6.969200000000002547e+03 -4.812613952420724317e+00
7.005880000000001928e+03 -5.095961202129812406e+00
7.042560000000002219e+03 -5.383024690100855381e+00
7.079240000000002510e+03 -5.673887650372316571e+00
7.115920000000001892e+03 -5.968636453241733086e+00
7.152600000000002183e+03 -6.267360770811249537e+00
7.189280000000002474e+03 -6.570939432372860267e+00
7.225960000000002765e+03 -6.886041466737022887e+00
7.262640000000002146e+03 -7.205803056227179759e+00
7.299320000000002437e+03 -7.530348482241015162e+00
7.336000000000003638e+03 -8.202743527978865856e+00
7.345170000000000982e+03 -8.057822067109929876e+00
7.354340000000002874e+03 -8.182376059875350549e+00
7.354913125000002765e+03 -8.190314228706188970e+00
7.355486250000001746e+03 -8.209396755510836030e+00
7.356059375000002547e+03 -8.209484789734684540e+00
7.356131015625002874e+03 -8.209495335987490705e+00
7.356202656250003201e+03 -8.208246502762607477e+00
7.356274296875002619e+03 -8.209245680953713986e+00
7.356283251953127547e+03 -8.209517408018836448e+00
7.356292207031253383e+03 -8.209518692016240848e+00
7.356293326416020136e+03 -8.209518852403602907e+00
7.356293886108401239e+03 -8.209518932588142803e+00
7.356293888294699173e+03 -8.209518932901358923e+00
