3.668000000000000000e+03 2.830274942753771938e+01
3.704679999999999836e+03 2.839505987103613194e+01
3.741360000000000127e+03 2.848650637498654348e+01
3.778039999999999964e+03 2.857708786073015972e+01
3.814720000000000255e+03 2.866709319992992633e+01
3.851400000000000091e+03 2.875635971381528933e+01
3.888080000000000382e+03 2.884476581108361870e+01
3.924760000000000218e+03 2.893232182973585864e+01
3.961440000000000055e+03 2.901902592572461259e+01
3.998120000000000346e+03 2.910486657066817529e+01
4.034800000000000182e+03 2.918985383588822913e+01
4.071479999999999563e+03 2.927403803220260414e+01
4.108159999999999854e+03 2.935759427270521371e+01
4.144839999999999236e+03 2.944028668961106021e+01
4.181519999999999527e+03 2.952211395340793132e+01
4.218199999999999818e+03 2.960309028080233773e+01
4.254880000000000109e+03 2.968335198200120573e+01
4.291559999999999491e+03 2.976274773093309634e+01
4.328239999999999782e+03 2.984127620503022271e+01
4.364920000000000073e+03 2.991893429493739021e+01
4.401599999999999454e+03 2.999553174230107544e+01
4.438279999999999745e+03 3.007098185734924911e+01
4.474960000000000036e+03 3.014535886976836210e+01
4.511640000000000327e+03 3.021884853222143619e+01
4.548319999999999709e+03 3.029144911480708657e+01
4.585000000000000000e+03 3.036317635018624728e+01
4.621680000000000291e+03 3.043405031374376080e+01
4.658359999999999673e+03 3.050402878943950213e+01
4.695039999999999964e+03 3.057295108887155166e+01
4.731720000000000255e+03 3.064049272733882034e+01
4.768400000000000546e+03 3.070708557051866094e+01
4.805079999999999927e+03 3.077325317424972440e+01
4.841760000000000218e+03 3.083839975749835460e+01
4.878440000000000509e+03 3.090259627696066858e+01
4.915119999999999891e+03 3.096585853816189626e+01
4.951800000000000182e+03 3.102821540358374364e+01
4.988480000000000473e+03 3.108957397264045497e+01
5.025160000000000764e+03 3.114995499787845290e+01
5.061840000000000146e+03 3.120935933653991157e+01
5.098520000000000437e+03 3.126777224029700974e+01
5.135200000000000728e+03 3.132519503659581162e+01
5.171880000000000109e+03 3.138155506343166934e+01
5.208560000000000400e+03 3.143652210793040425e+01
5.245240000000000691e+03 3.148898224539649959e+01
5.281920000000000982e+03 3.153991642015569852e+01
5.318600000000000364e+03 3.158973998310964149e+01
5.355280000000000655e+03 3.163844493322667262e+01
5.391960000000000946e+03 3.168602310511635878e+01
5.428640000000000327e+03 3.173250367191850074e+01
5.465320000000000618e+03 3.177875758693271990e+01
5.502000000000000909e+03 3.182384882858522346e+01
5.538680000000001201e+03 3.186729784532248644e+01
5.575360000000000582e+03 3.190780414534140519e+01
5.612040000000000873e+03 3.194704346036790810e+01
5.648720000000001164e+03 3.198500411406832811e+01
5.685400000000000546e+03 3.202167417404363192e+01
5.722080000000000837e+03 3.205704144511159370e+01
5.758760000000001128e+03 3.209109346234890126e+01
5.795440000000001419e+03 3.212349813130683884e+01
5.832120000000000800e+03 3.215429789220560508e+01
5.868800000000001091e+03 3.218371530547278780e+01
5.905480000000001382e+03 3.221173605795987527e+01
5.942160000000000764e+03 3.223834550813420918e+01
5.978840000000001055e+03 3.226352867673296743e+01
6.015520000000001346e+03 3.228727023706216670e+01
6.052200000000001637e+03 3.230955450492468373e+01
6.088880000000001019e+03 3.233036542815927561e+01
6.125560000000001310e+03 3.236730226224131712e+01
6.162240000000001601e+03 3.240986881417538967e+01
6.198920000000000982e+03 3.245136917289270428e+01
6.235600000000001273e+03 3.249174481520757496e+01
6.272280000000001564e+03 3.253036122530022567e+01
6.308960000000001855e+03 3.256784854716672584e+01
6.345640000000001237e+03 3.260419158912526427e+01
6.382320000000001528e+03 3.263937469749408393e+01
6.419000000000001819e+03 3.267349837440644933e+01
6.455680000000002110e+03 3.270642170408944338e+01
6.492360000000001492e+03 3.273808413398869988e+01
6.529040000000001783e+03 3.276846602869733260e+01
6.565720000000002074e+03 3.279754710760332159e+01
6.602400000000001455e+03 3.282530641740833488e+01
6.639080000000001746e+03 3.285172230310844554e+01
6.675760000000002037e+03 3.287677237732718538e+01
6.712440000000002328e+03 3.289717960886036963e+01
6.749120000000001710e+03 3.291529209014164081e+01
6.785800000000002001e+03 3.293182262613718336e+01
6.822480000000002292e+03 3.294674018352462497e+01
6.859160000000001673e+03 3.296001256917163147e+01
6.895840000000001965e+03 3.297160637247885973e+01
6.932520000000002256e+03 3.298148690398934946e+01
6.969200000000002547e+03 3.298961812996788012e+01
7.005880000000001928e+03 3.299596260262087810e+01
7.042560000000002219e+03 3.300048138559868249e+01
7.079240000000002510e+03 3.300313397438633700e+01
7.115920000000001892e+03 3.300387821114733811e+01
7.152600000000002183e+03 3.300267019354078002e+01
7.189280000000002474e+03 3.299880514082236260e+01
7.225960000000002765e+03 3.298672564087134873e+01
7.262640000000002146e+03 3.297222689713643007e+01
7.299320000000002437e+03 3.295524135761130680e+01
7.336000000000003638e+03 3.362853273832092782e+01
7.345170000000000982e+03 3.318683425422337763e+01
7.354340000000002874e+03 3.326951117439021033e+01
7.354913125000002765e+03 3.327492233707415892e+01
7.355486250000001746e+03 3.330195528289321771e+01
7.356059375000002547e+03 3.329211695211814970e+01
7.356131015625002874e+03 3.329088616871843698e+01
7.356202656250003201e+03 3.328721174388498838e+01
7.356274296875002619e+03 3.328789920306329009e+01
7.356283251953127547e+03 3.328827002026218196e+01
7.356292207031253383e+03 3.328811609807896588e+01
7.356293326416020136e+03 3.328809685756301917e+01
7.356293886108401239e+03 3.328808723728472785e+01
7.356293888294699173e+03 3.328808719970552943e+01
