3.668000000000000000e+03 2.061836995925024851e+01
3.704679999999999836e+03 2.054460612201502556e+01
3.741360000000000127e+03 2.047036493218544706e+01
3.778039999999999964e+03 2.039564531715641849e+01
3.814720000000000255e+03 2.032047143269421596e+01
3.851400000000000091e+03 2.024482808413241841e+01
3.888080000000000382e+03 2.016870367383770457e+01
3.924760000000000218e+03 2.009114134938060658e+01
3.961440000000000055e+03 2.001223373351340129e+01
3.998120000000000346e+03 1.993285249235345091e+01
4.034800000000000182e+03 1.985312888096483164e+01
4.071479999999999563e+03 1.977365428226520905e+01
4.108159999999999854e+03 1.969374534301690716e+01
4.144839999999999236e+03 1.961337818110683884e+01
4.181519999999999527e+03 1.953255192913493943e+01
4.218199999999999818e+03 1.945126486455868076e+01
4.254880000000000109e+03 1.936950921759270727e+01
4.291559999999999491e+03 1.928729269119713408e+01
4.328239999999999782e+03 1.920461439220061095e+01
4.364920000000000073e+03 1.912147209415118709e+01
4.401599999999999454e+03 1.903772100366150966e+01
4.438279999999999745e+03 1.895270466797269293e+01
4.474960000000000036e+03 1.886699466226258437e+01
4.511640000000000327e+03 1.878078951022265386e+01
4.548319999999999709e+03 1.869408784127434586e+01
4.585000000000000000e+03 1.860688554454794286e+01
4.621680000000000291e+03 1.851917721580647935e+01
4.658359999999999673e+03 1.843096737482087377e+01
4.695039999999999964e+03 1.834212432824637062e+01
4.731720000000000255e+03 1.825255831615098856e+01
4.768400000000000546e+03 1.816198642580290112e+01
4.805079999999999927e+03 1.807094986514200485e+01
4.841760000000000218e+03 1.797939000959757294e+01
4.878440000000000509e+03 1.788727921528742115e+01
4.915119999999999891e+03 1.779403034004191753e+01
4.951800000000000182e+03 1.770010916412720192e+01
4.988480000000000473e+03 1.760561208357584917e+01
5.025160000000000764e+03 1.751053847319361623e+01
5.061840000000000146e+03 1.741386843448154309e+01
5.098520000000000437e+03 1.731257517926011502e+01
5.135200000000000728e+03 1.721055636664784672e+01
5.171880000000000109e+03 1.710827875236015316e+01
5.208560000000000400e+03 1.700582542553197740e+01
5.245240000000000691e+03 1.690225853904138376e+01
5.281920000000000982e+03 1.679766147622476069e+01
5.318600000000000364e+03 1.669203722675296930e+01
5.355280000000000655e+03 1.658537459734957054e+01
5.391960000000000946e+03 1.647766217341611394e+01
5.428640000000000327e+03 1.636888802820901390e+01
5.465320000000000618e+03 1.625903208831596558e+01
5.502000000000000909e+03 1.614808782930534647e+01
5.538680000000001201e+03 1.603600564756262514e+01
5.575360000000000582e+03 1.592266543806031365e+01
5.612040000000000873e+03 1.580818385844067819e+01
5.648720000000001164e+03 1.569254730073115134e+01
5.685400000000000546e+03 1.557574186910359693e+01
5.722080000000000837e+03 1.545775337151161821e+01
5.758760000000001128e+03 1.533856731101159632e+01
5.795440000000001419e+03 1.521821921916030718e+01
5.832120000000000800e+03 1.509667748440278245e+01
5.868800000000001091e+03 1.497388707581120393e+01
5.905480000000001382e+03 1.484983198982349251e+01
5.942160000000000764e+03 1.472449586343179639e+01
5.978840000000001055e+03 1.459786196304218464e+01
6.015520000000001346e+03 1.446991317288598289e+01
6.052200000000001637e+03 1.434063198295744357e+01
6.088880000000001019e+03 1.421000047645570241e+01
6.125560000000001310e+03 1.407771008962922643e+01
6.162240000000001601e+03 1.394389523938304798e+01
6.198920000000000982e+03 1.380864271816875721e+01
6.235600000000001273e+03 1.367192816010241074e+01
6.272280000000001564e+03 1.353368070575693594e+01
6.308960000000001855e+03 1.339392968100599823e+01
6.345640000000001237e+03 1.325265264134067422e+01
6.382320000000001528e+03 1.310982656417130165e+01
6.419000000000001819e+03 1.295945975308221243e+01
6.455680000000002110e+03 1.280538340897794392e+01
6.492360000000001492e+03 1.264936048942692359e+01
6.529040000000001783e+03 1.249135302443480988e+01
6.565720000000002074e+03 1.233132182652141040e+01
6.602400000000001455e+03 1.216922643625594169e+01
6.639080000000001746e+03 1.200502506461681840e+01
6.675760000000002037e+03 1.183867453194615393e+01
6.712440000000002328e+03 1.166987339299816284e+01
6.749120000000001710e+03 1.149875389796817338e+01
6.785800000000002001e+03 1.132532493817370778e+01
6.822480000000002292e+03 1.114953592324291876e+01
6.859160000000001673e+03 1.097133444033607574e+01
6.895840000000001965e+03 1.079066616206225682e+01
6.932520000000002256e+03 1.060747474832055204e+01
6.969200000000002547e+03 1.042170174156633955e+01
7.005880000000001928e+03 1.023328645495418598e+01
7.042560000000002219e+03 1.004216585275664997e+01
7.079240000000002510e+03 9.848274422390449701e+00
7.115920000000001892e+03 9.651544037320233471e+00
7.152600000000002183e+03 9.451903810027586061e+00
7.189280000000002474e+03 9.249177935560604524e+00
7.225960000000002765e+03 9.042428993831155282e+00
7.262640000000002146e+03 8.832474461742151561e+00
7.299320000000002437e+03 8.619227392887166772e+00
7.336000000000003638e+03 8.370031012753269550e+00
7.345170000000000982e+03 8.336191787817874399e+00
7.354340000000002874e+03 8.277068873150746242e+00
7.354913125000002765e+03 8.273351450792841177e+00
7.355486250000001746e+03 8.268594078061491714e+00
7.356059375000002547e+03 8.265606601115241148e+00
7.356131015625002874e+03 8.265233152070722511e+00
7.356202656250003201e+03 8.264977117883585578e+00
7.356274296875002619e+03 8.264511461332752162e+00
7.356283251953127547e+03 8.264439562263932615e+00
7.356292207031253383e+03 8.264392880062997548e+00
7.356293326416020136e+03 8.264387044784379910e+00
7.356293886108401239e+03 8.264384127144756675e+00
7.356293888294699173e+03 8.264384115747743564e+00
