3.668000000000000000e+03 9.668103282214092209e-01
3.704679999999999836e+03 9.666905977822256579e-01
3.741360000000000127e+03 9.665706887768444888e-01
3.778039999999999964e+03 9.664506007355314621e-01
3.814720000000000255e+03 9.663303331860088052e-01
3.851400000000000091e+03 9.662098856534350189e-01
3.888080000000000382e+03 9.660892576603855586e-01
3.924760000000000218e+03 9.660171306753410070e-01
3.961440000000000055e+03 9.659892789676228775e-01
3.998120000000000346e+03 9.659614207623472559e-01
4.034800000000000182e+03 9.659335560502171347e-01
4.071479999999999563e+03 9.659056848219087499e-01
4.108159999999999854e+03 9.658778070680702488e-01
4.144839999999999236e+03 9.658499227793222452e-01
4.181519999999999527e+03 9.658220319462592629e-01
4.218199999999999818e+03 9.657941345594471816e-01
4.254880000000000109e+03 9.657662306094236815e-01
4.291559999999999491e+03 9.657383200866992423e-01
4.328239999999999782e+03 9.657104029817552560e-01
4.364920000000000073e+03 9.656824792850460248e-01
4.401599999999999454e+03 9.656545489869953203e-01
4.438279999999999745e+03 9.656266120780008233e-01
4.474960000000000036e+03 9.655986685484294618e-01
4.511640000000000327e+03 9.655707183886201861e-01
4.548319999999999709e+03 9.655427615888815263e-01
4.585000000000000000e+03 9.655147981394954781e-01
4.621680000000000291e+03 9.654868280307117301e-01
4.658359999999999673e+03 9.654588512527506605e-01
4.695039999999999964e+03 9.654308677958050033e-01
4.731720000000000255e+03 9.654028776500355180e-01
4.768400000000000546e+03 9.653748808055735431e-01
4.805079999999999927e+03 9.653468892835236348e-01
4.841760000000000218e+03 9.653189205717883636e-01
4.878440000000000509e+03 9.652909459125278424e-01
4.915119999999999891e+03 9.652124803101220785e-01
4.951800000000000182e+03 9.651255267966282192e-01
4.988480000000000473e+03 9.650384655401322842e-01
5.025160000000000764e+03 9.649512962358004486e-01
5.061840000000000146e+03 9.648615456328103468e-01
5.098520000000000437e+03 9.647620122942798249e-01
5.135200000000000728e+03 9.646622836030116499e-01
5.171880000000000109e+03 9.643549707694920592e-01
5.208560000000000400e+03 9.636952816641963793e-01
5.245240000000000691e+03 9.630325292835970608e-01
5.281920000000000982e+03 9.623666818954407232e-01
5.318600000000000364e+03 9.616977059680950068e-01
5.355280000000000655e+03 9.610255667481907293e-01
5.391960000000000946e+03 9.603502287982911279e-01
5.428640000000000327e+03 9.596716559710178895e-01
5.465320000000000618e+03 9.589898112060439850e-01
5.502000000000000909e+03 9.583046570385769236e-01
5.538680000000001201e+03 9.576161541859440351e-01
5.575360000000000582e+03 9.569242608670754935e-01
5.612040000000000873e+03 9.562289402907370173e-01
5.648720000000001164e+03 9.555301516438096110e-01
5.685400000000000546e+03 9.548278532566427668e-01
5.722080000000000837e+03 9.541220025778047731e-01
5.758760000000001128e+03 9.534125561478656863e-01
5.795440000000001419e+03 9.526994700098269098e-01
5.832120000000000800e+03 9.519826986170852878e-01
5.868800000000001091e+03 9.512621952583629747e-01
5.905480000000001382e+03 9.505379125527172457e-01
5.942160000000000764e+03 9.498098020635858951e-01
5.978840000000001055e+03 9.490778142656829397e-01
6.015520000000001346e+03 9.483418985105421806e-01
6.052200000000001637e+03 9.476020029906508935e-01
6.088880000000001019e+03 9.468580747020829413e-01
6.125560000000001310e+03 9.461100536434730035e-01
6.162240000000001601e+03 9.453578871571496345e-01
6.198920000000000982e+03 9.446015204605985316e-01
6.235600000000001273e+03 9.438408952826314868e-01
6.272280000000001564e+03 9.430759516134480380e-01
6.308960000000001855e+03 9.423066286876423669e-01
6.345640000000001237e+03 9.415328638765687597e-01
6.382320000000001528e+03 9.407545929887015657e-01
6.419000000000001819e+03 9.399062055272925376e-01
6.455680000000002110e+03 9.390318939302010337e-01
6.492360000000001492e+03 9.381515675278457866e-01
6.529040000000001783e+03 9.372651181126288034e-01
6.565720000000002074e+03 9.363724340934665991e-01
6.602400000000001455e+03 9.354734003452780389e-01
6.639080000000001746e+03 9.345678980497321708e-01
6.675760000000002037e+03 9.336558045265849204e-01
6.712440000000002328e+03 9.327351774738766865e-01
6.749120000000001710e+03 9.318072295567643160e-01
6.785800000000002001e+03 9.308722397931439296e-01
6.822480000000002292e+03 9.299300659829238258e-01
6.859160000000001673e+03 9.289805609380932250e-01
6.895840000000001965e+03 9.280235722329709391e-01
6.932520000000002256e+03 9.270589419380516061e-01
6.969200000000002547e+03 9.260865063361007898e-01
7.005880000000001928e+03 9.251060956190272355e-01
7.042560000000002219e+03 9.241175335639224553e-01
7.079240000000002510e+03 9.231206371864468796e-01
7.115920000000001892e+03 9.221152163696233472e-01
7.152600000000002183e+03 9.211010734658452437e-01
7.189280000000002474e+03 9.200779758087812565e-01
7.225960000000002765e+03 9.190454787477455589e-01
7.262640000000002146e+03 9.180035951102255565e-01
7.299320000000002437e+03 9.169520908910639978e-01
7.336000000000003638e+03 9.158807674006970156e-01
7.345170000000000982e+03 9.156203194704428672e-01
7.354340000000002874e+03 9.153515108307432868e-01
7.354913125000002765e+03 9.153346845176693058e-01
7.355486250000001746e+03 9.153175340619319478e-01
7.356059375000002547e+03 9.153009292383738060e-01
7.356131015625002874e+03 9.152988534782019459e-01
7.356202656250003201e+03 9.152968140352707449e-01
7.356274296875002619e+03 9.152947096602187527e-01
7.356283251953127547e+03 9.152944423718264444e-01
7.356292207031253383e+03 9.152941828900683641e-01
7.356293326416020136e+03 9.152941504548104401e-01
7.356293886108401239e+03 9.152941342371772038e-01
7.356293888294699173e+03 9.152941341738277670e-01
