3.668000000000000000e+03 9.899999999999999911e-01
3.704679999999999836e+03 9.899999999999999911e-01
3.741360000000000127e+03 9.899999999999999911e-01
3.778039999999999964e+03 9.899999999999999911e-01
3.814720000000000255e+03 9.899999999999999911e-01
3.851400000000000091e+03 9.899999999999999911e-01
3.888080000000000382e+03 9.899999999999999911e-01
3.924760000000000218e+03 9.899999999999999911e-01
3.961440000000000055e+03 9.899999999999999911e-01
3.998120000000000346e+03 9.899999999999999911e-01
4.034800000000000182e+03 9.899999999999999911e-01
4.071479999999999563e+03 9.899999999999999911e-01
4.108159999999999854e+03 9.899999999999999911e-01
4.144839999999999236e+03 9.899999999999999911e-01
4.181519999999999527e+03 9.899999999999999911e-01
4.218199999999999818e+03 9.899999999999999911e-01
4.254880000000000109e+03 9.899999999999999911e-01
4.291559999999999491e+03 9.899999999999999911e-01
4.328239999999999782e+03 9.899999999999999911e-01
4.364920000000000073e+03 9.899999999999999911e-01
4.401599999999999454e+03 9.899999999999999911e-01
4.438279999999999745e+03 9.899999999999999911e-01
4.474960000000000036e+03 9.899999999999999911e-01
4.511640000000000327e+03 9.899999999999999911e-01
4.548319999999999709e+03 9.899999999999999911e-01
4.585000000000000000e+03 9.899999999999999911e-01
4.621680000000000291e+03 9.899999999999999911e-01
4.658359999999999673e+03 9.899999999999999911e-01
4.695039999999999964e+03 9.899999999999999911e-01
4.731720000000000255e+03 9.899999999999999911e-01
4.768400000000000546e+03 9.899999999999999911e-01
4.805079999999999927e+03 9.899999999999999911e-01
4.841760000000000218e+03 9.899999999999999911e-01
4.878440000000000509e+03 9.899999999999999911e-01
4.915119999999999891e+03 9.899999999999999911e-01
4.951800000000000182e+03 9.899999999999999911e-01
4.988480000000000473e+03 9.899999999999999911e-01
5.025160000000000764e+03 9.899999999999999911e-01
5.061840000000000146e+03 9.899999999999999911e-01
5.098520000000000437e+03 9.899999999999999911e-01
5.135200000000000728e+03 9.899999999999999911e-01
5.171880000000000109e+03 9.899999999999999911e-01
5.208560000000000400e+03 9.899999999999999911e-01
5.245240000000000691e+03 9.899999999999999911e-01
5.281920000000000982e+03 9.899999999999999911e-01
5.318600000000000364e+03 9.899999999999999911e-01
5.355280000000000655e+03 9.899999999999999911e-01
5.391960000000000946e+03 9.899999999999999911e-01
5.428640000000000327e+03 9.899805557914262977e-01
5.465320000000000618e+03 9.894820704753825025e-01
5.502000000000000909e+03 9.889817328929746409e-01
5.538680000000001201e+03 9.884794201735103147e-01
5.575360000000000582e+03 9.879748184887179319e-01
5.612040000000000873e+03 9.874683115039659675e-01
5.648720000000001164e+03 9.869598856295701550e-01
5.685400000000000546e+03 9.864495270555166950e-01
5.722080000000000837e+03 9.859372217464740240e-01
5.758760000000001128e+03 9.854229554366568111e-01
5.795440000000001419e+03 9.849066713205443246e-01
5.832120000000000800e+03 9.843883618436547467e-01
5.868800000000001091e+03 9.838680431783038971e-01
5.905480000000001382e+03 9.833456999405542076e-01
5.942160000000000764e+03 9.828213164826040682e-01
5.978840000000001055e+03 9.822948768863460911e-01
6.015520000000001346e+03 9.817663649567168749e-01
6.052200000000001637e+03 9.812357642148100689e-01
6.088880000000001019e+03 9.807030578907632856e-01
6.125560000000001310e+03 9.800346072395392794e-01
6.162240000000001601e+03 9.793109494885761102e-01
6.198920000000000982e+03 9.785828954949818970e-01
6.235600000000001273e+03 9.778503524262384117e-01
6.272280000000001564e+03 9.771127326733857199e-01
6.308960000000001855e+03 9.763705356777113709e-01
6.345640000000001237e+03 9.756237028504938236e-01
6.382320000000001528e+03 9.748721741171088029e-01
6.419000000000001819e+03 9.741159769326668272e-01
6.455680000000002110e+03 9.733549912732426534e-01
6.492360000000001492e+03 9.725891257209048346e-01
6.529040000000001783e+03 9.718183139175623486e-01
6.565720000000002074e+03 9.710424877348022843e-01
6.602400000000001455e+03 9.702615772065001920e-01
6.639080000000001746e+03 9.694755104580177196e-01
6.675760000000002037e+03 9.686842136317687091e-01
6.712440000000002328e+03 9.678833139966187549e-01
6.749120000000001710e+03 9.670759188482633828e-01
6.785800000000002001e+03 9.662629297946956353e-01
6.822480000000002292e+03 9.654442597714116836e-01
6.859160000000001673e+03 9.646198190882325774e-01
6.895840000000001965e+03 9.637895153151085914e-01
6.932520000000002256e+03 9.629532531612938762e-01
6.969200000000002547e+03 9.621109343474404385e-01
7.005880000000001928e+03 9.612624574700647795e-01
7.042560000000002219e+03 9.604077178578341867e-01
7.079240000000002510e+03 9.595466074190466266e-01
7.115920000000001892e+03 9.586790144796328850e-01
7.152600000000002183e+03 9.578048236109332203e-01
7.189280000000002474e+03 9.569233336044438154e-01
7.225960000000002765e+03 9.560295879847106049e-01
7.262640000000002146e+03 9.551286461825336804e-01
7.299320000000002437e+03 9.542203637995674281e-01
7.336000000000003638e+03 9.463144182129202830e-01
7.345170000000000982e+03 9.520136472972862141e-01
7.354340000000002874e+03 9.514194590242807115e-01
7.354913125000002765e+03 9.513812964874968081e-01
7.355486250000001746e+03 9.510836370824664598e-01
7.356059375000002547e+03 9.512291748698870064e-01
7.356131015625002874e+03 9.512473895136719371e-01
7.356202656250003201e+03 9.512949516977446951e-01
7.356274296875002619e+03 9.512901350157350056e-01
7.356283251953127547e+03 9.512861122142096670e-01
7.356292207031253383e+03 9.512883907229355840e-01
7.356293326416020136e+03 9.512886755420205676e-01
7.356293886108401239e+03 9.512888179520195830e-01
7.356293888294699173e+03 9.512888185083087089e-01
