3.668000000000000000e+03 3.255489099769225447e+01
3.704679999999999836e+03 3.257384810581788770e+01
3.741360000000000127e+03 3.259241600826513974e+01
3.778039999999999964e+03 3.261059417892646906e+01
3.814720000000000255e+03 3.262840594735566668e+01
3.851400000000000091e+03 3.264583743101248103e+01
3.888080000000000382e+03 3.266287815522906612e+01
3.924760000000000218e+03 3.267960022572965073e+01
3.961440000000000055e+03 3.269599873590301087e+01
3.998120000000000346e+03 3.271200764809791650e+01
4.034800000000000182e+03 3.272744801200094855e+01
4.071479999999999563e+03 3.274152361276193091e+01
4.108159999999999854e+03 3.275520948694543932e+01
4.144839999999999236e+03 3.276848335777638965e+01
4.181519999999999527e+03 3.278134463446216529e+01
4.218199999999999818e+03 3.279379196442894084e+01
4.254880000000000109e+03 3.280581864212130228e+01
4.291559999999999491e+03 3.281743173416999326e+01
4.328239999999999782e+03 3.282863062697032319e+01
4.364920000000000073e+03 3.283941331618246551e+01
4.401599999999999454e+03 3.284962891417464448e+01
4.438279999999999745e+03 3.286046098641174495e+01
4.474960000000000036e+03 3.287109977697793539e+01
4.511640000000000327e+03 3.288133383723317138e+01
4.548319999999999709e+03 3.289116230974662614e+01
4.585000000000000000e+03 3.290058165478202312e+01
4.621680000000000291e+03 3.290958707896194824e+01
4.658359999999999673e+03 3.291818350542511951e+01
4.695039999999999964e+03 3.292629526205858781e+01
4.731720000000000255e+03 3.293386071162022688e+01
4.768400000000000546e+03 3.294050265705946856e+01
4.805079999999999927e+03 3.295049172929098802e+01
4.841760000000000218e+03 3.296490740703374911e+01
4.878440000000000509e+03 3.297891481391582147e+01
4.915119999999999891e+03 3.299238666899139361e+01
4.951800000000000182e+03 3.300541459985236514e+01
4.988480000000000473e+03 3.301802000904127965e+01
5.025160000000000764e+03 3.303020294813254765e+01
5.061840000000000146e+03 3.304233576177441023e+01
5.098520000000000437e+03 3.305550306024004215e+01
5.135200000000000728e+03 3.306824816004174750e+01
5.171880000000000109e+03 3.308057515457431208e+01
5.208560000000000400e+03 3.309239758447159829e+01
5.245240000000000691e+03 3.310363504579141392e+01
5.281920000000000982e+03 3.311437380827485555e+01
5.318600000000000364e+03 3.312462393901953561e+01
5.355280000000000655e+03 3.313438112405505365e+01
5.391960000000000946e+03 3.314364096274764648e+01
5.428640000000000327e+03 3.315239868793855749e+01
5.465320000000000618e+03 3.316064174589445201e+01
5.502000000000000909e+03 3.316837092798026987e+01
5.538680000000001201e+03 3.317554524793470705e+01
5.575360000000000582e+03 3.318205545751285257e+01
5.612040000000000873e+03 3.318802265730954559e+01
5.648720000000001164e+03 3.319344132966345740e+01
5.685400000000000546e+03 3.319830583835088333e+01
5.722080000000000837e+03 3.320261042524628436e+01
5.758760000000001128e+03 3.320634920685807856e+01
5.795440000000001419e+03 3.320956305028558120e+01
5.832120000000000800e+03 3.321223036114069060e+01
5.868800000000001091e+03 3.321430798303792642e+01
5.905480000000001382e+03 3.321578930961116072e+01
5.942160000000000764e+03 3.321666758417158150e+01
5.978840000000001055e+03 3.321693589516002021e+01
6.015520000000001346e+03 3.321658717142004491e+01
6.052200000000001637e+03 3.321561417727949106e+01
6.088880000000001019e+03 3.321400950743375802e+01
6.125560000000001310e+03 3.321148866583668990e+01
6.162240000000001601e+03 3.320818993308476763e+01
6.198920000000000982e+03 3.320420648538637920e+01
6.235600000000001273e+03 3.319952580071600323e+01
6.272280000000001564e+03 3.319409244541568427e+01
6.308960000000001855e+03 3.318794419888716618e+01
6.345640000000001237e+03 3.318107107708124204e+01
6.382320000000001528e+03 3.317346282938285640e+01
6.419000000000001819e+03 3.316537493327803787e+01
6.455680000000002110e+03 3.315654315466944979e+01
6.492360000000001492e+03 3.314686083317720744e+01
6.529040000000001783e+03 3.313631146982052655e+01
6.565720000000002074e+03 3.312487802348895372e+01
6.602400000000001455e+03 3.311254288658690825e+01
6.639080000000001746e+03 3.309928785925397676e+01
6.675760000000002037e+03 3.308509412205724232e+01
6.712440000000002328e+03 3.306986430298243818e+01
6.749120000000001710e+03 3.305362745974487382e+01
6.785800000000002001e+03 3.303637904577036721e+01
6.822480000000002292e+03 3.301809669782576862e+01
6.859160000000001673e+03 3.299875722548295442e+01
6.895840000000001965e+03 3.297833656892314735e+01
6.932520000000002256e+03 3.295680975393673862e+01
6.969200000000002547e+03 3.293415084388762892e+01
7.005880000000001928e+03 3.291033288838617210e+01
7.042560000000002219e+03 3.288532786839260780e+01
7.079240000000002510e+03 3.285910663743984372e+01
7.115920000000001892e+03 3.283163885863507403e+01
7.152600000000002183e+03 3.280289293706314169e+01
7.189280000000002474e+03 3.277274062740824689e+01
7.225960000000002765e+03 3.274034396726605678e+01
7.262640000000002146e+03 3.270650653554505993e+01
7.299320000000002437e+03 3.267118796408323789e+01
7.336000000000003638e+03 3.260403154894093092e+01
7.345170000000000982e+03 3.261398594759783265e+01
7.354340000000002874e+03 3.260051571969186313e+01
7.354913125000002765e+03 3.259965663793531121e+01
7.355486250000001746e+03 3.259783043814262271e+01
7.356059375000002547e+03 3.259765129766248748e+01
7.356131015625002874e+03 3.259762891992192380e+01
7.356202656250003201e+03 3.259771578570030925e+01
7.356274296875002619e+03 3.259760763497682490e+01
7.356283251953127547e+03 3.259758137821399515e+01
7.356292207031253383e+03 3.259757858210916481e+01
7.356293326416020136e+03 3.259757823259967324e+01
7.356293886108401239e+03 3.259757805784527562e+01
7.356293888294699173e+03 3.259757805716262880e+01
