3.668000000000000000e+03 1.394549554831866089e+01
3.704679999999999836e+03 1.377121019731165319e+01
3.741360000000000127e+03 1.359633351966696502e+01
3.778039999999999964e+03 1.342086317065903067e+01
3.814720000000000255e+03 1.324491744202589061e+01
3.851400000000000091e+03 1.306842682702942859e+01
3.888080000000000382e+03 1.289133881899609868e+01
3.924760000000000218e+03 1.271366137642716510e+01
3.961440000000000055e+03 1.253539144740852862e+01
3.998120000000000346e+03 1.235651722281715337e+01
4.034800000000000182e+03 1.217704653114568281e+01
4.071479999999999563e+03 1.199702367452409746e+01
4.108159999999999854e+03 1.181652456002362328e+01
4.144839999999999236e+03 1.163541573146681785e+01
4.181519999999999527e+03 1.145369461985464810e+01
4.218199999999999818e+03 1.127135886754942362e+01
4.254880000000000109e+03 1.108841618174192156e+01
4.291559999999999491e+03 1.090486850425491738e+01
4.328239999999999782e+03 1.072071335796057845e+01
4.364920000000000073e+03 1.053594736292329515e+01
4.401599999999999454e+03 1.035047360493313917e+01
4.438279999999999745e+03 1.016423434804215375e+01
4.474960000000000036e+03 9.977274077677179775e+00
4.511640000000000327e+03 9.789686032201998955e+00
4.548319999999999709e+03 9.601467429709561685e+00
4.585000000000000000e+03 9.412572149978950975e+00
4.621680000000000291e+03 9.222938453525650004e+00
4.658359999999999673e+03 9.032660496279177664e+00
4.695039999999999964e+03 8.841676506183205220e+00
4.731720000000000255e+03 8.649846057867064175e+00
4.768400000000000546e+03 8.457152299120915373e+00
4.805079999999999927e+03 8.263754712091644805e+00
4.841760000000000218e+03 8.069618468396686950e+00
4.878440000000000509e+03 7.874792027570447495e+00
4.915119999999999891e+03 7.679227990741634535e+00
4.951800000000000182e+03 7.482840233466609092e+00
4.988480000000000473e+03 7.285641140418004369e+00
5.025160000000000764e+03 7.087703773687617392e+00
5.061840000000000146e+03 6.889047087418024518e+00
5.098520000000000437e+03 6.689662441750924948e+00
5.135200000000000728e+03 6.489549738583048288e+00
5.171880000000000109e+03 6.288637808693599673e+00
5.208560000000000400e+03 6.086305405345398434e+00
5.245240000000000691e+03 5.880522517758017820e+00
5.281920000000000982e+03 5.673066143468973976e+00
5.318600000000000364e+03 5.464652005083877384e+00
5.355280000000000655e+03 5.255272043029690643e+00
5.391960000000000946e+03 5.044918064016410852e+00
5.428640000000000327e+03 4.833575151802675940e+00
5.465320000000000618e+03 4.621071777935648051e+00
5.502000000000000909e+03 4.407553929398325465e+00
5.538680000000001201e+03 4.192163182625994189e+00
5.575360000000000582e+03 3.972551327091994100e+00
5.612040000000000873e+03 3.751748790111188114e+00
5.648720000000001164e+03 3.529742827216932000e+00
5.685400000000000546e+03 3.306520446972667227e+00
5.722080000000000837e+03 3.082068404375515769e+00
5.758760000000001128e+03 2.856373194027753470e+00
5.795440000000001419e+03 2.628237714952344817e+00
5.832120000000000800e+03 2.397885324183828271e+00
5.868800000000001091e+03 2.166185529483263039e+00
5.905480000000001382e+03 1.933122388222641819e+00
5.942160000000000764e+03 1.698679623496773816e+00
5.978840000000001055e+03 1.462840614433202457e+00
6.015520000000001346e+03 1.225588386136676533e+00
6.052200000000001637e+03 9.869055992491370111e-01
6.088880000000001019e+03 7.467745391098102870e-01
6.125560000000001310e+03 5.028301024710547518e-01
6.162240000000001601e+03 2.563523617532694199e-01
6.198920000000000982e+03 8.191977864652456864e-03
6.235600000000001273e+03 -2.416975685276393226e-01
6.272280000000001564e+03 -4.936368357694264630e-01
6.308960000000001855e+03 -7.473468361767588997e-01
6.345640000000001237e+03 -1.002855001112159083e+00
6.382320000000001528e+03 -1.260189495463934328e+00
6.419000000000001819e+03 -1.518568273707094907e+00
6.455680000000002110e+03 -1.778602335312962968e+00
6.492360000000001492e+03 -2.040575275514730169e+00
6.529040000000001783e+03 -2.304519583876980970e+00
6.565720000000002074e+03 -2.570468687230212712e+00
6.602400000000001455e+03 -2.838456987961261557e+00
6.639080000000001746e+03 -3.108519904354160701e+00
6.675760000000002037e+03 -3.380693913117831073e+00
6.712440000000002328e+03 -3.657874696297572559e+00
6.749120000000001710e+03 -3.938039919758679730e+00
6.785800000000002001e+03 -4.220584607122934706e+00
6.822480000000002292e+03 -4.505555364360398940e+00
6.859160000000001673e+03 -4.793000352167226197e+00
6.895840000000001965e+03 -5.082969359486617655e+00
6.932520000000002256e+03 -5.375513881580785025e+00
6.969200000000002547e+03 -5.670687203003091703e+00
7.005880000000001928e+03 -5.968544485854456738e+00
7.042560000000002219e+03 -6.269142863742062310e+00
7.079240000000002510e+03 -6.572541541899045825e+00
7.115920000000001892e+03 -6.878801903968448705e+00
7.152600000000002183e+03 -7.187987626004735731e+00
7.189280000000002474e+03 -7.500999172459301256e+00
7.225960000000002765e+03 -7.825034831851651163e+00
7.262640000000002146e+03 -8.152900481119694120e+00
7.299320000000002437e+03 -8.484702376081891373e+00
7.336000000000003638e+03 -8.994882544932620405e+00
7.345170000000000982e+03 -8.964943361463774352e+00
7.354340000000002874e+03 -9.071120351543864757e+00
7.354913125000002765e+03 -9.077837919921655896e+00
7.355486250000001746e+03 -9.090191377312981658e+00
7.356059375000002547e+03 -9.092940329902766905e+00
7.356131015625002874e+03 -9.093283716853074239e+00
7.356202656250003201e+03 -9.092990219686715392e+00
7.356274296875002619e+03 -9.093833568970804748e+00
7.356283251953127547e+03 -9.094013242405013742e+00
7.356292207031253383e+03 -9.094056148394455974e+00
7.356293326416020136e+03 -9.094061511586220448e+00
7.356293886108401239e+03 -9.094064193177425537e+00
7.356293888294699173e+03 -9.094064203652379774e+00
