3.668000000000000000e+03 1.015000000000000124e+00
3.704679999999999836e+03 1.015000000000000124e+00
3.741360000000000127e+03 1.015000000000000124e+00
3.778039999999999964e+03 1.015000000000000124e+00
3.814720000000000255e+03 1.015000000000000124e+00
3.851400000000000091e+03 1.015000000000000124e+00
3.888080000000000382e+03 1.015000000000000124e+00
3.924760000000000218e+03 1.015000000000000124e+00
3.961440000000000055e+03 1.015000000000000124e+00
3.998120000000000346e+03 1.015000000000000124e+00
4.034800000000000182e+03 1.015000000000000124e+00
4.071479999999999563e+03 1.015000000000000124e+00
4.108159999999999854e+03 1.015000000000000124e+00
4.144839999999999236e+03 1.015000000000000124e+00
4.181519999999999527e+03 1.015000000000000124e+00
4.218199999999999818e+03 1.015000000000000124e+00
4.254880000000000109e+03 1.015000000000000124e+00
4.291559999999999491e+03 1.015000000000000124e+00
4.328239999999999782e+03 1.015000000000000124e+00
4.364920000000000073e+03 1.015000000000000124e+00
4.401599999999999454e+03 1.015000000000000124e+00
4.438279999999999745e+03 1.015000000000000124e+00
4.474960000000000036e+03 1.015000000000000124e+00
4.511640000000000327e+03 1.015000000000000124e+00
4.548319999999999709e+03 1.015000000000000124e+00
4.585000000000000000e+03 1.015000000000000124e+00
4.621680000000000291e+03 1.015000000000000124e+00
4.658359999999999673e+03 1.015000000000000124e+00
4.695039999999999964e+03 1.015000000000000124e+00
4.731720000000000255e+03 1.015000000000000124e+00
4.768400000000000546e+03 1.015000000000000124e+00
4.805079999999999927e+03 1.015000000000000124e+00
4.841760000000000218e+03 1.015000000000000124e+00
4.878440000000000509e+03 1.015000000000000124e+00
4.915119999999999891e+03 1.015000000000000124e+00
4.951800000000000182e+03 1.015000000000000124e+00
4.988480000000000473e+03 1.015000000000000124e+00
5.025160000000000764e+03 1.015000000000000124e+00
5.061840000000000146e+03 1.015000000000000124e+00
5.098520000000000437e+03 1.015000000000000124e+00
5.135200000000000728e+03 1.015000000000000124e+00
5.171880000000000109e+03 1.015000000000000124e+00
5.208560000000000400e+03 1.015000000000000124e+00
5.245240000000000691e+03 1.015000000000000124e+00
5.281920000000000982e+03 1.015000000000000124e+00
5.318600000000000364e+03 1.015000000000000124e+00
5.355280000000000655e+03 1.015000000000000124e+00
5.391960000000000946e+03 1.015000000000000124e+00
5.428640000000000327e+03 1.015000000000000124e+00
5.465320000000000618e+03 1.015000000000000124e+00
5.502000000000000909e+03 1.015000000000000124e+00
5.538680000000001201e+03 1.015000000000000124e+00
5.575360000000000582e+03 1.015000000000000124e+00
5.612040000000000873e+03 1.015000000000000124e+00
5.648720000000001164e+03 1.015000000000000124e+00
5.685400000000000546e+03 1.015000000000000124e+00
5.722080000000000837e+03 1.015000000000000124e+00
5.758760000000001128e+03 1.015000000000000124e+00
5.795440000000001419e+03 1.015000000000000124e+00
5.832120000000000800e+03 1.015000000000000124e+00
5.868800000000001091e+03 1.015000000000000124e+00
5.905480000000001382e+03 1.015000000000000124e+00
5.942160000000000764e+03 1.015000000000000124e+00
5.978840000000001055e+03 1.015000000000000124e+00
6.015520000000001346e+03 1.015000000000000124e+00
6.052200000000001637e+03 1.015000000000000124e+00
6.088880000000001019e+03 1.015000000000000124e+00
6.125560000000001310e+03 1.014333244645384546e+00
6.162240000000001601e+03 1.013403344569548503e+00
6.198920000000000982e+03 1.012464244564861504e+00
6.235600000000001273e+03 1.011515768806747095e+00
6.272280000000001564e+03 1.010557048982726913e+00
6.308960000000001855e+03 1.009588727557604093e+00
6.345640000000001237e+03 1.008610671740346021e+00
6.382320000000001528e+03 1.007622745081302451e+00
6.419000000000001819e+03 1.006624995382994214e+00
6.455680000000002110e+03 1.005617158902847752e+00
6.492360000000001492e+03 1.004599031343766047e+00
6.529040000000001783e+03 1.003570460633202766e+00
6.565720000000002074e+03 1.002531290299671252e+00
6.602400000000001455e+03 1.001481359297575313e+00
6.639080000000001746e+03 1.000420501822875563e+00
6.675760000000002037e+03 9.993485471190108882e-01
6.712440000000002328e+03 9.982560064306187364e-01
6.749120000000001710e+03 9.971496227428897630e-01
6.785800000000002001e+03 9.960313402458909060e-01
6.822480000000002292e+03 9.949009574532917677e-01
6.859160000000001673e+03 9.937582663688135920e-01
6.895840000000001965e+03 9.926030521928258521e-01
6.932520000000002256e+03 9.914350930115670701e-01
6.969200000000002547e+03 9.902541594677357617e-01
7.005880000000001928e+03 9.890600144110403003e-01
7.042560000000002219e+03 9.878524125272161172e-01
7.079240000000002510e+03 9.866310999438479001e-01
7.115920000000001892e+03 9.853958138112023368e-01
7.152600000000002183e+03 9.841462818561030890e-01
7.189280000000002474e+03 9.828812746430199976e-01
7.225960000000002765e+03 9.815926244195294359e-01
7.262640000000002146e+03 9.802884661553306067e-01
7.299320000000002437e+03 9.789684637962257074e-01
7.336000000000003638e+03 9.633987862026849314e-01
7.345170000000000982e+03 9.721995585931187955e-01
7.354340000000002874e+03 9.701177950057147115e-01
7.354913125000002765e+03 9.699828438779314332e-01
7.355486250000001746e+03 9.693983119265782156e-01
7.356059375000002547e+03 9.695805220436751748e-01
7.356131015625002874e+03 9.696033228246266900e-01
7.356202656250003201e+03 9.696769407959281439e-01
7.356274296875002619e+03 9.696598528749249546e-01
7.356283251953127547e+03 9.696517926175621804e-01
7.356292207031253383e+03 9.696546445504070633e-01
7.356293326416020136e+03 9.696550010480211590e-01
7.356293886108401239e+03 9.696551792973266970e-01
7.356293888294699173e+03 9.696551799936126148e-01
