3.668000000000000000e+03 2.899768982108919602e+01
3.704679999999999836e+03 2.898149584255974176e+01
3.741360000000000127e+03 2.896501591329356273e+01
3.778039999999999964e+03 2.894824942826464209e+01
3.814720000000000255e+03 2.893122245236717305e+01
3.851400000000000091e+03 2.891391946765347498e+01
3.888080000000000382e+03 2.889632875904899834e+01
3.924760000000000218e+03 2.887849039037903509e+01
3.961440000000000055e+03 2.886040128472273381e+01
3.998120000000000346e+03 2.884202413153500189e+01
4.034800000000000182e+03 2.882339903841458550e+01
4.071479999999999563e+03 2.880470842385983588e+01
4.108159999999999854e+03 2.878575946285511833e+01
4.144839999999999236e+03 2.876652716501473961e+01
4.181519999999999527e+03 2.874701094769616105e+01
4.218199999999999818e+03 2.872720927902183874e+01
4.254880000000000109e+03 2.870711385941132932e+01
4.291559999999999491e+03 2.868673363949444166e+01
4.328239999999999782e+03 2.866606802108828944e+01
4.364920000000000073e+03 2.864511513594595726e+01
4.401599999999999454e+03 2.862373712587001151e+01
4.438279999999999745e+03 2.860179829484761882e+01
4.474960000000000036e+03 2.857947445493710958e+01
4.511640000000000327e+03 2.855684713096957950e+01
4.548319999999999709e+03 2.853391542353988797e+01
4.585000000000000000e+03 2.851067563879702860e+01
4.621680000000000291e+03 2.848712275445043929e+01
4.658359999999999673e+03 2.846326189212124191e+01
4.695039999999999964e+03 2.843911926148339475e+01
4.731720000000000255e+03 2.841467120956615489e+01
4.768400000000000546e+03 2.838946106077083797e+01
4.805079999999999927e+03 2.836364384549840523e+01
4.841760000000000218e+03 2.833731920710568630e+01
4.878440000000000509e+03 2.831064288974880938e+01
4.915119999999999891e+03 2.828354304476401992e+01
4.951800000000000182e+03 2.825606670083945104e+01
4.988480000000000473e+03 2.822822639351959140e+01
5.025160000000000764e+03 2.820002242008132853e+01
5.061840000000000146e+03 2.817145462723361860e+01
5.098520000000000437e+03 2.814251434622708103e+01
5.135200000000000728e+03 2.811318406090618538e+01
5.171880000000000109e+03 2.808322416240467945e+01
5.208560000000000400e+03 2.805237306300161038e+01
5.245240000000000691e+03 2.802096288780619204e+01
5.281920000000000982e+03 2.798908751818324703e+01
5.318600000000000364e+03 2.795675651494921254e+01
5.355280000000000655e+03 2.792396589024767550e+01
5.391960000000000946e+03 2.789071158220958324e+01
5.428640000000000327e+03 2.785698916234689193e+01
5.465320000000000618e+03 2.782278602822061941e+01
5.502000000000000909e+03 2.778810357344815074e+01
5.538680000000001201e+03 2.775289932509885205e+01
5.575360000000000582e+03 2.771705871577178115e+01
5.612040000000000873e+03 2.768070960180592266e+01
5.648720000000001164e+03 2.764384686937719593e+01
5.685400000000000546e+03 2.760646530139138122e+01
5.722080000000000837e+03 2.756855957463126927e+01
5.758760000000001128e+03 2.753012425679913378e+01
5.795440000000001419e+03 2.749120768520185365e+01
5.832120000000000800e+03 2.745178667716178111e+01
5.868800000000001091e+03 2.741181314532654767e+01
5.905480000000001382e+03 2.737128098874450544e+01
5.942160000000000764e+03 2.733018397485597717e+01
5.978840000000001055e+03 2.728851573558053190e+01
6.015520000000001346e+03 2.724626976325178518e+01
6.052200000000001637e+03 2.720343940639046920e+01
6.088880000000001019e+03 2.716001786530911488e+01
6.125560000000001310e+03 2.711569559519495343e+01
6.162240000000001601e+03 2.707062542134546135e+01
6.198920000000000982e+03 2.702491065228327116e+01
6.235600000000001273e+03 2.697853887373587511e+01
6.272280000000001564e+03 2.693144813234963664e+01
6.308960000000001855e+03 2.688368436082662427e+01
6.345640000000001237e+03 2.683523827273990747e+01
6.382320000000001528e+03 2.678610034087630964e+01
6.419000000000001819e+03 2.674522238762531146e+01
6.455680000000002110e+03 2.670642889915854923e+01
6.492360000000001492e+03 2.666695699297026323e+01
6.529040000000001783e+03 2.662679460361889738e+01
6.565720000000002074e+03 2.658592928928941390e+01
6.602400000000001455e+03 2.654434821537935463e+01
6.639080000000001746e+03 2.650203813714585266e+01
6.675760000000002037e+03 2.645898538134677835e+01
6.712440000000002328e+03 2.641534552181324713e+01
6.749120000000001710e+03 2.637096910013805484e+01
6.785800000000002001e+03 2.632580069641880272e+01
6.822480000000002292e+03 2.627982419723666752e+01
6.859160000000001673e+03 2.623302291893404359e+01
6.895840000000001965e+03 2.618537957924056414e+01
6.932520000000002256e+03 2.613687626704761513e+01
6.969200000000002547e+03 2.608749441018137816e+01
7.005880000000001928e+03 2.603721474100828459e+01
7.042560000000002219e+03 2.598601725969225029e+01
7.079240000000002510e+03 2.593388119490227695e+01
7.115920000000001892e+03 2.588078496175070242e+01
7.152600000000002183e+03 2.582670611671769478e+01
7.189280000000002474e+03 2.577152190724253344e+01
7.225960000000002765e+03 2.571437014696212842e+01
7.262640000000002146e+03 2.565610107020358654e+01
7.299320000000002437e+03 2.559668529499815293e+01
7.336000000000003638e+03 2.550475990993934161e+01
7.345170000000000982e+03 2.550946902333326705e+01
7.354340000000002874e+03 2.549000424653466013e+01
7.354913125000002765e+03 2.548877081239292508e+01
7.355486250000001746e+03 2.548653854276734876e+01
7.356059375000002547e+03 2.548600762940710140e+01
7.356131015625002874e+03 2.548594128722984564e+01
7.356202656250003201e+03 2.548598778362670458e+01
7.356274296875002619e+03 2.548583284991614306e+01
7.356283251953127547e+03 2.548580032638945525e+01
7.356292207031253383e+03 2.548579203526584891e+01
7.356293326416020136e+03 2.548579099888077337e+01
7.356293886108401239e+03 2.548579048068870279e+01
7.356293888294699173e+03 2.548579047866452285e+01
