3.668000000000000000e+03 2.675217359271614725e+01
3.704679999999999836e+03 2.671264140895257100e+01
3.741360000000000127e+03 2.667284078260189872e+01
3.778039999999999964e+03 2.663277114971079840e+01
3.814720000000000255e+03 2.659245426648648092e+01
3.851400000000000091e+03 2.655187707124643026e+01
3.888080000000000382e+03 2.651102969627366690e+01
3.924760000000000218e+03 2.646994802392451618e+01
3.961440000000000055e+03 2.642862926990659034e+01
3.998120000000000346e+03 2.638703997008093793e+01
4.034800000000000182e+03 2.634521415577131975e+01
4.071479999999999563e+03 2.630330680793014864e+01
4.108159999999999854e+03 2.626115344342347768e+01
4.144839999999999236e+03 2.621873331407531182e+01
4.181519999999999527e+03 2.617604587090527346e+01
4.218199999999999818e+03 2.613308990836975454e+01
4.254880000000000109e+03 2.608985964367807853e+01
4.291559999999999491e+03 2.604636116801472312e+01
4.328239999999999782e+03 2.600259391668327424e+01
4.364920000000000073e+03 2.595855587111902807e+01
4.401599999999999454e+03 2.591408909353881285e+01
4.438279999999999745e+03 2.586911415758881461e+01
4.474960000000000036e+03 2.582378012406668333e+01
4.511640000000000327e+03 2.577815946831275795e+01
4.548319999999999709e+03 2.573225131575700786e+01
4.585000000000000000e+03 2.568605217331965207e+01
4.621680000000000291e+03 2.563955733769766354e+01
4.658359999999999673e+03 2.559277159297010229e+01
4.695039999999999964e+03 2.554729779441689530e+01
4.731720000000000255e+03 2.550375692988425058e+01
4.768400000000000546e+03 2.545959027617168147e+01
4.805079999999999927e+03 2.541489553057611062e+01
4.841760000000000218e+03 2.536972791733423449e+01
4.878440000000000509e+03 2.532421710002173043e+01
4.915119999999999891e+03 2.527829816535146890e+01
4.951800000000000182e+03 2.523201303707874743e+01
4.988480000000000473e+03 2.518537297779935713e+01
5.025160000000000764e+03 2.513837808694302822e+01
5.061840000000000146e+03 2.509103843850042281e+01
5.098520000000000437e+03 2.504337612065198471e+01
5.135200000000000728e+03 2.499533483907568510e+01
5.171880000000000109e+03 2.494671085355002305e+01
5.208560000000000400e+03 2.489728206829436630e+01
5.245240000000000691e+03 2.484732124389204699e+01
5.281920000000000982e+03 2.479691087673814209e+01
5.318600000000000364e+03 2.474606175670657038e+01
5.355280000000000655e+03 2.469477003760837519e+01
5.391960000000000946e+03 2.464303180231736334e+01
5.428640000000000327e+03 2.459084279189735867e+01
5.465320000000000618e+03 2.453819123202676877e+01
5.502000000000000909e+03 2.448507829624429633e+01
5.538680000000001201e+03 2.443146474566913895e+01
5.575360000000000582e+03 2.437724549949441055e+01
5.612040000000000873e+03 2.432253818627396313e+01
5.648720000000001164e+03 2.426733791705586185e+01
5.685400000000000546e+03 2.421163970468518656e+01
5.722080000000000837e+03 2.415543846108692350e+01
5.758760000000001128e+03 2.409872899444881611e+01
5.795440000000001419e+03 2.404154915420603089e+01
5.832120000000000800e+03 2.398387919676322966e+01
5.868800000000001091e+03 2.392567962573550133e+01
5.905480000000001382e+03 2.386694462973023789e+01
5.942160000000000764e+03 2.380766827259706275e+01
5.978840000000001055e+03 2.374784448971395534e+01
6.015520000000001346e+03 2.368746708412840007e+01
6.052200000000001637e+03 2.362652972254501904e+01
6.088880000000001019e+03 2.356502593115291333e+01
6.125560000000001310e+03 2.350268680923336717e+01
6.162240000000001601e+03 2.343964376289920537e+01
6.198920000000000982e+03 2.337598561586214529e+01
6.235600000000001273e+03 2.331170122748605422e+01
6.272280000000001564e+03 2.324674013178702126e+01
6.308960000000001855e+03 2.318113730276791173e+01
6.345640000000001237e+03 2.311488397445700116e+01
6.382320000000001528e+03 2.304797115455925649e+01
6.419000000000001819e+03 2.298354110334444300e+01
6.455680000000002110e+03 2.291932777096275942e+01
6.492360000000001492e+03 2.285433886903907919e+01
6.529040000000001783e+03 2.278856074979817592e+01
6.565720000000002074e+03 2.272197934251089180e+01
6.602400000000001455e+03 2.265458013495854317e+01
6.639080000000001746e+03 2.258634815382860239e+01
6.675760000000002037e+03 2.251726794396509135e+01
6.712440000000002328e+03 2.244731785088646703e+01
6.749120000000001710e+03 2.237647635151478198e+01
6.785800000000002001e+03 2.230472616907417915e+01
6.822480000000002292e+03 2.223204903266490362e+01
6.859160000000001673e+03 2.215842602817517104e+01
6.895840000000001965e+03 2.208383756611626580e+01
6.932520000000002256e+03 2.200826334734191647e+01
6.969200000000002547e+03 2.193168232647897042e+01
7.005880000000001928e+03 2.185407267287762068e+01
7.042560000000002219e+03 2.177541172887240251e+01
7.079240000000002510e+03 2.169567596512098007e+01
7.115920000000001892e+03 2.161484093276630958e+01
7.152600000000002183e+03 2.153288121213884310e+01
7.189280000000002474e+03 2.144968039300890439e+01
7.225960000000002765e+03 2.136445262536529910e+01
7.262640000000002146e+03 2.127796163121849560e+01
7.299320000000002437e+03 2.119017475579142129e+01
7.336000000000003638e+03 2.107244241952805908e+01
7.345170000000000982e+03 2.106826920070296794e+01
7.354340000000002874e+03 2.104199245460261380e+01
7.354913125000002765e+03 2.104033415810507535e+01
7.355486250000001746e+03 2.103776307278624458e+01
7.356059375000002547e+03 2.103674659347225173e+01
7.356131015625002874e+03 2.103661954931471811e+01
7.356202656250003201e+03 2.103659561502599828e+01
7.356274296875002619e+03 2.103638761483734498e+01
7.356283251953127547e+03 2.103634959215938238e+01
7.356292207031253383e+03 2.103633371282206710e+01
7.356293326416020136e+03 2.103633172790875605e+01
7.356293886108401239e+03 2.103633073545244159e+01
7.356293888294699173e+03 2.103633073157566713e+01
