3.668000000000000000e+03 9.858617653609275111e-01
3.704679999999999836e+03 9.857406793389698052e-01
3.741360000000000127e+03 9.856187581912531082e-01
3.778039999999999964e+03 9.854960007430296764e-01
3.814720000000000255e+03 9.853725041684515684e-01
3.851400000000000091e+03 9.852482116371367171e-01
3.888080000000000382e+03 9.851230808849358311e-01
3.924760000000000218e+03 9.849971105038886066e-01
3.961440000000000055e+03 9.848702991791301598e-01
3.998120000000000346e+03 9.847426456738193057e-01
4.034800000000000182e+03 9.846141484568429192e-01
4.071479999999999563e+03 9.844848294452447357e-01
4.108159999999999854e+03 9.843619283589374325e-01
4.144839999999999236e+03 9.842382020649194097e-01
4.181519999999999527e+03 9.841136491324986579e-01
4.218199999999999818e+03 9.839999999999999858e-01
4.254880000000000109e+03 9.839999999999999858e-01
4.291559999999999491e+03 9.839999999999999858e-01
4.328239999999999782e+03 9.839999999999999858e-01
4.364920000000000073e+03 9.839999999999999858e-01
4.401599999999999454e+03 9.839999999999999858e-01
4.438279999999999745e+03 9.839999999999999858e-01
4.474960000000000036e+03 9.839999999999999858e-01
4.511640000000000327e+03 9.839999999999999858e-01
4.548319999999999709e+03 9.839999999999999858e-01
4.585000000000000000e+03 9.839999999999999858e-01
4.621680000000000291e+03 9.839999999999999858e-01
4.658359999999999673e+03 9.839999999999999858e-01
4.695039999999999964e+03 9.839999999999999858e-01
4.731720000000000255e+03 9.839999999999999858e-01
4.768400000000000546e+03 9.839999999999999858e-01
4.805079999999999927e+03 9.839999999999999858e-01
4.841760000000000218e+03 9.839999999999999858e-01
4.878440000000000509e+03 9.839999999999999858e-01
4.915119999999999891e+03 9.839999999999999858e-01
4.951800000000000182e+03 9.839999999999999858e-01
4.988480000000000473e+03 9.839999999999999858e-01
5.025160000000000764e+03 9.839999999999999858e-01
5.061840000000000146e+03 9.839999999999999858e-01
5.098520000000000437e+03 9.839999999999999858e-01
5.135200000000000728e+03 9.839999999999999858e-01
5.171880000000000109e+03 9.839999999999999858e-01
5.208560000000000400e+03 9.839999999999999858e-01
5.245240000000000691e+03 9.833682700198592697e-01
5.281920000000000982e+03 9.824949162519698298e-01
5.318600000000000364e+03 9.816162749596395454e-01
5.355280000000000655e+03 9.807323045090762248e-01
5.391960000000000946e+03 9.798429625071679583e-01
5.428640000000000327e+03 9.789476349095512786e-01
5.465320000000000618e+03 9.780327376178241661e-01
5.502000000000000909e+03 9.771121915292201310e-01
5.538680000000001201e+03 9.761825083035690076e-01
5.575360000000000582e+03 9.752343398926729412e-01
5.612040000000000873e+03 9.742800660712626071e-01
5.648720000000001164e+03 9.733196282862786042e-01
5.685400000000000546e+03 9.723529667779970964e-01
5.722080000000000837e+03 9.713800205477650662e-01
5.758760000000001128e+03 9.704007273245344178e-01
5.795440000000001419e+03 9.694142524169356845e-01
5.832120000000000800e+03 9.684206641618343658e-01
5.868800000000001091e+03 9.674204651637067220e-01
5.905480000000001382e+03 9.664135854604208875e-01
5.942160000000000764e+03 9.653999535585368053e-01
5.978840000000001055e+03 9.643794963889983363e-01
6.015520000000001346e+03 9.633521392611478218e-01
6.052200000000001637e+03 9.623178058149538527e-01
6.088880000000001019e+03 9.612764179714397006e-01
6.125560000000001310e+03 9.601296686110526446e-01
6.162240000000001601e+03 9.589362741251449274e-01
6.198920000000000982e+03 9.577334308040620359e-01
6.235600000000001273e+03 9.565208735024433029e-01
6.272280000000001564e+03 9.552966456384525129e-01
6.308960000000001855e+03 9.540625145538916829e-01
6.345640000000001237e+03 9.528183354621583279e-01
6.382320000000001528e+03 9.515639595313700738e-01
6.419000000000001819e+03 9.502992608017459819e-01
6.455680000000002110e+03 9.490240729856769253e-01
6.492360000000001492e+03 9.477382274898995540e-01
6.529040000000001783e+03 9.464415580597852484e-01
6.565720000000002074e+03 9.451338935462535451e-01
6.602400000000001455e+03 9.438150577060478996e-01
6.639080000000001746e+03 9.424848689913942756e-01
6.675760000000002037e+03 9.411431403283299080e-01
6.712440000000002328e+03 9.397363998572187960e-01
6.749120000000001710e+03 9.383043229396796914e-01
6.785800000000002001e+03 9.368589386848531486e-01
6.822480000000002292e+03 9.354000024075146413e-01
6.859160000000001673e+03 9.339272611725447648e-01
6.895840000000001965e+03 9.324404534062313843e-01
6.932520000000002256e+03 9.309393084836565802e-01
6.969200000000002547e+03 9.294235462904212319e-01
7.005880000000001928e+03 9.278928767566375635e-01
7.042560000000002219e+03 9.263469993611123110e-01
7.079240000000002510e+03 9.247856026032945653e-01
7.115920000000001892e+03 9.232083634404223416e-01
7.152600000000002183e+03 9.216149466870161566e-01
7.189280000000002474e+03 9.199933839311557060e-01
7.225960000000002765e+03 9.182476265044983155e-01
7.262640000000002146e+03 9.164816567236996336e-01
7.299320000000002437e+03 9.146949551864193007e-01
7.336000000000003638e+03 9.099541295846931277e-01
7.345170000000000982e+03 9.115314628928347096e-01
7.354340000000002874e+03 9.107643817833882549e-01
7.354913125000002765e+03 9.107155022388501164e-01
7.355486250000001746e+03 9.105697092098569145e-01
7.356059375000002547e+03 9.105892371090531512e-01
7.356131015625002874e+03 9.105916841576702225e-01
7.356202656250003201e+03 9.106050869779213075e-01
7.356274296875002619e+03 9.105989348214665879e-01
7.356283251953127547e+03 9.105968886191132539e-01
7.356292207031253383e+03 9.105971949539132249e-01
7.356293326416020136e+03 9.105972332472479502e-01
7.356293886108401239e+03 9.105972523940399910e-01
7.356293888294699173e+03 9.105972524688340508e-01
