3.668000000000000000e+03 1.178260057730128452e+01
3.704679999999999836e+03 1.168404285434698586e+01
3.741360000000000127e+03 1.158455871640486201e+01
3.778039999999999964e+03 1.148414582486317492e+01
3.814720000000000255e+03 1.138312008003695830e+01
3.851400000000000091e+03 1.128130186666037993e+01
3.888080000000000382e+03 1.117855658772707805e+01
3.924760000000000218e+03 1.107489328240451520e+01
3.961440000000000055e+03 1.097030883455404116e+01
3.998120000000000346e+03 1.086479046381912639e+01
4.034800000000000182e+03 1.075834692646273183e+01
4.071479999999999563e+03 1.065102736828523966e+01
4.108159999999999854e+03 1.054308578835226662e+01
4.144839999999999236e+03 1.043420546668644100e+01
4.181519999999999527e+03 1.032438377545214792e+01
4.218199999999999818e+03 1.021364888898370182e+01
4.254880000000000109e+03 1.010227050521084990e+01
4.291559999999999491e+03 9.989949024253620635e+00
4.328239999999999782e+03 9.876681830617362934e+00
4.364920000000000073e+03 9.762464504340341520e+00
4.401599999999999454e+03 9.647104193642784153e+00
4.438279999999999745e+03 9.530512582400472610e+00
4.474960000000000036e+03 9.412762755136929727e+00
4.511640000000000327e+03 9.294040543273107247e+00
4.548319999999999709e+03 9.174342888217456249e+00
4.585000000000000000e+03 9.053829094204973060e+00
4.621680000000000291e+03 8.932702914706631248e+00
4.658359999999999673e+03 8.810589434072578996e+00
4.695039999999999964e+03 8.687325024614354518e+00
4.731720000000000255e+03 8.562349482880060592e+00
4.768400000000000546e+03 8.436985974420647239e+00
4.805079999999999927e+03 8.312693444597281101e+00
4.841760000000000218e+03 8.187261716427578051e+00
4.878440000000000509e+03 8.060760358088243649e+00
4.915119999999999891e+03 7.933130768633328778e+00
4.951800000000000182e+03 7.804310301811927530e+00
4.988480000000000473e+03 7.674346380028953973e+00
5.025160000000000764e+03 7.543269268458946186e+00
5.061840000000000146e+03 7.411082336123365089e+00
5.098520000000000437e+03 7.277769125478055656e+00
5.135200000000000728e+03 7.143329502472010262e+00
5.171880000000000109e+03 7.007689171958801033e+00
5.208560000000000400e+03 6.870652820274623096e+00
5.245240000000000691e+03 6.730233084293028689e+00
5.281920000000000982e+03 6.587765808698828884e+00
5.318600000000000364e+03 6.443992724587268128e+00
5.355280000000000655e+03 6.298903410673472258e+00
5.391960000000000946e+03 6.152487256962261064e+00
5.428640000000000327e+03 6.004769560848308707e+00
5.465320000000000618e+03 5.856570716247598618e+00
5.502000000000000909e+03 5.706972764040092017e+00
5.538680000000001201e+03 5.555477920685643944e+00
5.575360000000000582e+03 5.400740707430426113e+00
5.612040000000000873e+03 5.244489006012297949e+00
5.648720000000001164e+03 5.086708096133278012e+00
5.685400000000000546e+03 4.927382964194841009e+00
5.722080000000000837e+03 4.766498295721200762e+00
5.758760000000001128e+03 4.604038467517670874e+00
5.795440000000001419e+03 4.439655316149250908e+00
5.832120000000000800e+03 4.273390634826014889e+00
5.868800000000001091e+03 4.105473314168579080e+00
5.905480000000001382e+03 3.935885696873568929e+00
5.942160000000000764e+03 3.764609752686402189e+00
5.978840000000001055e+03 3.591627067967897435e+00
6.015520000000001346e+03 3.416918834871958133e+00
6.052200000000001637e+03 3.240465840116192542e+00
6.088880000000001019e+03 3.062248453326938513e+00
6.125560000000001310e+03 2.878624444403687033e+00
6.162240000000001601e+03 2.691519824413076467e+00
6.198920000000000982e+03 2.502243807328939695e+00
6.235600000000001273e+03 2.310710103751677735e+00
6.272280000000001564e+03 2.116155277457294481e+00
6.308960000000001855e+03 1.919300868057628895e+00
6.345640000000001237e+03 1.720110086439720076e+00
6.382320000000001528e+03 1.518545108838095459e+00
6.419000000000001819e+03 1.314676229192359713e+00
6.455680000000002110e+03 1.108344739861500061e+00
6.492360000000001492e+03 8.994684424782322107e-01
6.529040000000001783e+03 6.880030447777674141e-01
6.565720000000002074e+03 4.739029167940471132e-01
6.602400000000001455e+03 2.571210352795912368e-01
6.639080000000001746e+03 3.760892511432652185e-02
6.675760000000002037e+03 -1.846834025011002967e-01
6.712440000000002328e+03 -4.136049911611366925e-01
6.749120000000001710e+03 -6.464444613746654911e-01
6.785800000000002001e+03 -8.823964976027073304e-01
6.822480000000002292e+03 -1.121524303828800084e+00
6.859160000000001673e+03 -1.363893263577373283e+00
6.895840000000001965e+03 -1.609571044094521231e+00
6.932520000000002256e+03 -1.858627707020864106e+00
6.969200000000002547e+03 -2.111135826053758713e+00
7.005880000000001928e+03 -2.367170612150608644e+00
7.042560000000002219e+03 -2.626810046871137061e+00
7.079240000000002510e+03 -2.890135024514823847e+00
7.115920000000001892e+03 -3.157229503775737189e+00
7.152600000000002183e+03 -3.428180669707296069e+00
7.189280000000002474e+03 -3.703819792172281744e+00
7.225960000000002765e+03 -3.990435937952635737e+00
7.262640000000002146e+03 -4.281560518968004381e+00
7.299320000000002437e+03 -4.577313730805128600e+00
7.336000000000003638e+03 -5.259499677410495622e+00
7.345170000000000982e+03 -5.079768256148538441e+00
7.354340000000002874e+03 -5.201197856492009386e+00
7.354913125000002765e+03 -5.208957315140470001e+00
7.355486250000001746e+03 -5.229157950456106541e+00
7.356059375000002547e+03 -5.228153266625112039e+00
7.356131015625002874e+03 -5.228027203998442118e+00
7.356202656250003201e+03 -5.226495267380766307e+00
7.356274296875002619e+03 -5.227472859651284942e+00
7.356283251953127547e+03 -5.227758968034676101e+00
7.356292207031253383e+03 -5.227743174492680112e+00
7.356293326416020136e+03 -5.227741200182940418e+00
7.356293886108401239e+03 -5.227740213018556403e+00
7.356293888294699173e+03 -5.227740209162456964e+00
