3.668000000000000000e+03 4.000000000000017053e+01
3.704679999999999836e+03 4.000000000000024158e+01
3.741360000000000127e+03 3.999999999999967315e+01
3.778039999999999964e+03 3.999999999999960210e+01
3.814720000000000255e+03 4.000000000000019895e+01
3.851400000000000091e+03 3.999999999999991473e+01
3.888080000000000382e+03 3.999999999999971578e+01
3.924760000000000218e+03 3.999999999999975842e+01
3.961440000000000055e+03 4.000000000000034817e+01
3.998120000000000346e+03 4.000000000000002132e+01
4.034800000000000182e+03 3.999999999999980105e+01
4.071479999999999563e+03 3.999999999999974420e+01
4.108159999999999854e+03 3.999999999999984368e+01
4.144839999999999236e+03 4.000000000000046896e+01
4.181519999999999527e+03 3.999999999999958078e+01
4.218199999999999818e+03 3.999999999999965894e+01
4.254880000000000109e+03 3.999999999999945999e+01
4.291559999999999491e+03 4.000000000000011369e+01
4.328239999999999782e+03 3.999999999999970157e+01
4.364920000000000073e+03 4.000000000000012790e+01
4.401599999999999454e+03 4.000000000000002842e+01
4.438279999999999745e+03 4.000000000000098765e+01
4.474960000000000036e+03 4.000000000000043343e+01
4.511640000000000327e+03 4.000000000000048317e+01
4.548319999999999709e+03 4.000000000000042633e+01
4.585000000000000000e+03 3.999999999999977263e+01
4.621680000000000291e+03 4.000000000000081712e+01
4.658359999999999673e+03 4.000000000000014921e+01
4.695039999999999964e+03 4.000000000000045475e+01
4.731720000000000255e+03 3.999999999999945999e+01
4.768400000000000546e+03 3.999999999999955946e+01
4.805079999999999927e+03 4.000000000000004263e+01
4.841760000000000218e+03 4.000000000000000000e+01
4.878440000000000509e+03 4.000000000000017053e+01
4.915119999999999891e+03 3.999999999999988631e+01
4.951800000000000182e+03 3.999999999999987210e+01
4.988480000000000473e+03 3.999999999999985789e+01
5.025160000000000764e+03 3.999999999999967315e+01
5.061840000000000146e+03 4.000000000000009948e+01
5.098520000000000437e+03 3.999999999999967315e+01
5.135200000000000728e+03 3.999999999999954525e+01
5.171880000000000109e+03 4.000000000000012790e+01
5.208560000000000400e+03 3.999999999999975842e+01
5.245240000000000691e+03 4.000000000000021316e+01
5.281920000000000982e+03 4.000000000000018474e+01
5.318600000000000364e+03 4.000000000000019895e+01
5.355280000000000655e+03 4.000000000000059686e+01
5.391960000000000946e+03 3.999999999999992895e+01
5.428640000000000327e+03 3.999999999999982947e+01
5.465320000000000618e+03 3.999999999999981526e+01
5.502000000000000909e+03 4.000000000000027001e+01
5.538680000000001201e+03 3.999999999999964473e+01
5.575360000000000582e+03 4.000000000000035527e+01
5.612040000000000873e+03 4.000000000000043343e+01
5.648720000000001164e+03 3.999999999999987210e+01
5.685400000000000546e+03 4.000000000000014921e+01
5.722080000000000837e+03 4.000000000000028422e+01
5.758760000000001128e+03 3.999999999999972999e+01
5.795440000000001419e+03 4.000000000000001421e+01
5.832120000000000800e+03 4.000000000000046896e+01
5.868800000000001091e+03 4.000000000000024158e+01
5.905480000000001382e+03 4.000000000000036948e+01
5.942160000000000764e+03 3.999999999999954525e+01
5.978840000000001055e+03 3.999999999999967315e+01
6.015520000000001346e+03 3.999999999999962341e+01
6.052200000000001637e+03 3.999999999999980105e+01
6.088880000000001019e+03 3.999999999999972289e+01
6.125560000000001310e+03 4.000000000000020606e+01
6.162240000000001601e+03 3.999999999999979394e+01
6.198920000000000982e+03 4.000000000000044054e+01
6.235600000000001273e+03 3.999999999999998579e+01
6.272280000000001564e+03 3.999999999999950262e+01
6.308960000000001855e+03 3.999999999999988631e+01
6.345640000000001237e+03 3.999999999999984368e+01
6.382320000000001528e+03 4.000000000000050449e+01
6.419000000000001819e+03 4.000000000000027001e+01
6.455680000000002110e+03 3.999999999999953104e+01
6.492360000000001492e+03 3.999999999999944578e+01
6.529040000000001783e+03 3.999999999999933209e+01
6.565720000000002074e+03 3.999999999999955946e+01
6.602400000000001455e+03 3.999999999999959499e+01
6.639080000000001746e+03 4.000000000000004263e+01
6.675760000000002037e+03 4.000000000000018474e+01
6.712440000000002328e+03 3.999999999999963052e+01
6.749120000000001710e+03 3.999999999999970157e+01
6.785800000000002001e+03 4.000000000000025580e+01
6.822480000000002292e+03 3.999999999999957367e+01
6.859160000000001673e+03 3.999999999999985079e+01
6.895840000000001965e+03 3.999999999999958078e+01
6.932520000000002256e+03 3.999999999999964473e+01
6.969200000000002547e+03 3.999999999999990763e+01
7.005880000000001928e+03 3.999999999999981526e+01
7.042560000000002219e+03 3.999999999999951683e+01
7.079240000000002510e+03 4.000000000000078160e+01
7.115920000000001892e+03 4.000000000000060396e+01
7.152600000000002183e+03 3.999999999999981526e+01
7.189280000000002474e+03 4.000000000000039080e+01
7.225960000000002765e+03 4.000000000000008527e+01
7.262640000000002146e+03 4.000000000000004263e+01
7.299320000000002437e+03 3.999999999999926104e+01
7.336000000000003638e+03 3.999999999999972289e+01
7.345170000000000982e+03 4.000000000000027711e+01
7.354340000000002874e+03 4.000000000000036948e+01
7.354913125000002765e+03 3.999999999999962341e+01
7.355486250000001746e+03 4.000000000000019895e+01
7.356059375000002547e+03 4.000000000000053291e+01
7.356131015625002874e+03 4.000000000000006395e+01
7.356202656250003201e+03 4.000000000000017764e+01
7.356274296875002619e+03 4.000000000000018474e+01
7.356283251953127547e+03 4.000000000000010658e+01
7.356292207031253383e+03 4.000000000000015632e+01
7.356293326416020136e+03 4.000000000000048317e+01
7.356293886108401239e+03 3.999999999999975131e+01
7.356293888294699173e+03 3.999999999999996447e+01
