CASO;pATIVA;pREATIVA;dATIVA;dREATIVA
1;84620.7;-13758.6;80581.2;17686.5
2;83633.5;-15186.0;79699.1;17459.6
3;83534.8;-16256.1;79732.7;17465.1
4;83446.2;-15358.7;79520.0;17418.0
5;84177.1;-15126.2;80279.3;17607.3
6;82844.1;-16701.0;79043.8;17296.2
7;84697.7;-13405.4;80619.7;17694.2
8;83501.1;-15895.6;79648.6;17445.3
9;83986.8;-15059.4;80065.2;17557.7
10;83757.4;-15351.2;79854.2;17495.0
11;84575.0;-13608.0;80512.6;17664.9
12;83007.0;-16036.0;79132.4;17317.6
13;83773.2;-14946.7;79819.0;17488.8
14;83676.7;-15584.2;79797.1;17482.2
15;84427.9;-13845.8;80384.1;17632.4
16;83381.6;-15783.9;79504.1;17413.8
17;83848.0;-14858.1;79887.5;17500.1
18;83539.4;-15222.1;79603.0;17436.4
19;83905.3;-15039.9;79973.0;17526.1
20;84175.6;-14313.4;80172.0;17581.6
21;83361.6;-15941.1;79504.1;17413.8
22;84417.4;-13976.9;80389.4;17634.8
23;84325.6;-14029.6;80297.4;17612.8
24;84077.8;-14896.5;80141.6;17572.2
25;84300.4;-14242.6;80297.3;17612.7
26;83600.9;-15289.8;79676.9;17451.6
27;83829.0;-15113.5;79900.0;17506.2
28;83429.7;-15983.4;79583.2;17433.9
29;83705.7;-15683.6;79841.6;17494.1
30;84146.2;-14414.6;80152.5;17574.5
31;83596.2;-15303.3;79673.7;17451.3
32;83756.3;-14875.2;79791.7;17478.7
33;83450.1;-16516.6;79675.8;17451.5
34;83544.4;-15277.6;79615.0;17438.7
35;83627.8;-15109.5;79683.3;17454.0
36;83906.1;-14652.5;79925.3;17515.8
37;83418.9;-15424.1;79498.6;17412.0
38;83969.8;-14989.3;80036.7;17546.1
39;84652.0;-13542.3;80588.3;17688.9
40;84253.2;-14125.4;80231.7;17594.2
41;83823.9;-14978.6;79876.9;17499.3
42;83528.3;-15251.3;79594.7;17435.9
43;83460.3;-16263.4;79653.0;17445.9
44;84680.1;-13405.8;80601.2;17692.1
45;83963.6;-14577.1;79976.2;17526.5
46;83609.5;-15319.4;79690.4;17457.5
47;84007.0;-14524.4;80016.4;17539.3
48;84848.4;-13218.6;80759.7;17733.7
49;83922.9;-15062.5;79995.3;17533.4
50;84188.3;-14285.9;80182.0;17584.1
51;84058.1;-14417.1;80059.6;17556.9
52;83743.3;-15137.7;79811.1;17485.6
53;83379.8;-15689.9;79490.8;17410.9
54;83760.4;-14994.7;79811.2;17485.7
56;84188.8;-14206.6;80173.1;17581.8
57;84253.4;-14452.2;80272.5;17605.2
58;84339.6;-13984.7;80307.2;17617.0
59;84044.5;-14482.8;80052.2;17553.3
60;84185.9;-15155.9;80291.9;17611.1
61;83561.6;-15430.4;79652.8;17445.6
62;84473.2;-13881.2;80437.6;17646.3
63;84145.0;-14383.5;80148.0;17572.7
64;83793.0;-14864.7;79829.7;17489.9
65;83995.4;-15517.5;80134.2;17571.7
66;83882.9;-14775.7;79915.4;17512.2
67;84379.6;-14247.2;80383.1;17632.3
68;84495.7;-14454.8;80536.3;17674.3
69;84894.1;-13075.5;80791.1;17741.2
70;83293.8;-15612.1;79388.0;17383.0
71;83228.1;-16026.0;79370.5;17379.9
72;83695.4;-14993.6;79741.4;17468.2
73;83963.1;-14797.3;80004.5;17536.0
74;84306.6;-14103.5;80286.6;17609.7
75;83982.1;-15098.9;80065.1;17557.5
76;83023.9;-16021.6;79148.6;17322.1
77;83604.4;-16385.2;79825.5;17489.5
78;84282.1;-14176.2;80269.2;17603.7
79;84026.3;-14479.7;80032.6;17545.9
80;84114.1;-15324.4;80237.3;17597.0
81;83814.2;-14948.6;79863.0;17497.0
82;83831.2;-14889.2;79873.7;17499.0
83;84005.2;-14522.8;80014.3;17539.1
84;84115.3;-14296.2;80107.9;17562.4
85;83977.9;-14781.2;80018.6;17541.6
86;83884.9;-15381.6;79995.3;17532.3
87;83632.0;-15080.3;79684.3;17454.1
88;84098.0;-14323.0;80092.9;17561.1
89;83950.1;-14843.6;79996.3;17533.5
90;84425.4;-13858.6;80383.0;17632.2
91;84461.2;-13797.5;80414.0;17641.1
92;84004.5;-14526.4;80014.2;17539.1
93;83754.8;-14931.3;79797.3;17482.6
94;83638.9;-15067.4;79690.3;17457.4
95;83988.1;-15399.2;80109.3;17563.0
96;83968.4;-14573.8;79981.0;17527.6
97;83775.7;-14880.0;79813.3;17486.9
98;83938.2;-14764.6;79973.0;17526.2
99;83647.3;-15057.0;79697.9;17459.2
100;84067.7;-15514.5;80215.4;17591.3
101;83719.2;-14943.9;79761.2;17474.6
102;84471.2;-13781.3;80422.7;17642.1
103;84024.7;-15056.4;80104.7;17562.2
104;84187.3;-14228.8;80174.3;17582.1
105;83403.0;-15612.0;79505.3;17414.0
106;84003.1;-14492.8;80008.8;17536.4
107;84256.6;-14096.7;80231.6;17594.1
108;83504.4;-15297.1;79574.7;17432.1
109;83760.3;-15241.7;79842.7;17494.2
110;83912.9;-14966.5;79971.7;17525.7
111;83281.2;-15819.1;79400.7;17387.0
112;84022.7;-14761.3;80065.1;17557.5
113;84234.2;-14604.6;80272.7;17605.5
114;83501.3;-15593.2;79609.5;17438.1
115;84057.5;-14594.5;80080.1;17559.0
116;83294.2;-15869.8;79420.6;17394.7
117;83853.2;-15088.5;79923.6;17514.8
118;83136.0;-16309.1;79308.2;17365.6
119;84430.0;-13807.5;80381.7;17631.9
120;84004.5;-15250.1;80107.9;17562.4
121;83829.2;-15295.5;79925.0;17515.3
122;83580.2;-15178.0;79641.1;17444.7
123;84473.2;-13958.7;80447.2;17648.2
124;84792.8;-13245.1;80703.0;17719.3
125;83103.7;-15910.1;79220.7;17336.3
126;84481.8;-13740.0;80429.1;17644.6
127;84654.5;-13468.6;80581.4;17686.6
128;84000.4;-15012.6;80073.8;17558.4
129;83380.7;-15464.4;79463.0;17404.5
130;84180.0;-15104.8;80279.2;17607.2
131;83842.4;-14878.9;79884.3;17499.8
132;83615.9;-15368.7;79703.4;17459.9
133;83293.1;-16134.0;79455.1;17402.2
134;84171.4;-14252.4;80160.1;17577.3
135;84258.1;-14250.0;80252.2;17600.2
136;83645.5;-15062.6;79696.8;17459.1
137;84053.2;-15178.6;80151.2;17574.1
138;83409.5;-15432.3;79489.8;17410.9
139;84277.9;-14087.8;80253.4;17600.6
140;83953.9;-14652.5;79975.1;17526.3
141;83750.6;-15619.0;79881.1;17499.6
142;83859.0;-14896.6;79904.6;17508.1
143;84195.6;-14986.7;80280.4;17608.4
144;84109.3;-15354.9;80236.0;17594.6
145;84168.8;-14216.8;80152.5;17574.4
146;83988.4;-14540.7;79998.8;17535.1
147;83970.1;-14558.7;79981.0;17527.6
148;84163.2;-14501.1;80182.1;17584.1
149;84029.8;-14474.4;80035.6;17546.1
150;84226.8;-14161.2;80207.9;17589.7
151;83789.7;-14856.6;79825.3;17489.4
152;82836.8;-16376.4;78993.6;17282.4
153;84368.5;-14085.8;80350.4;17624.5
154;84743.7;-14334.7;80791.1;17741.2
155;84123.1;-14296.8;80116.8;17568.8
156;83879.5;-14725.6;79904.7;17508.2
157;83875.0;-14715.2;79898.6;17505.7
158;83854.1;-14911.3;79901.1;17506.4
159;83957.7;-14580.0;79970.2;17525.1
160;83380.6;-15708.4;79494.5;17411.8
161;83599.9;-15751.9;79736.1;17466.6
162;83483.1;-15314.3;79554.3;17428.2
163;83999.0;-14763.5;80039.1;17546.7
164;83709.4;-15583.2;79832.7;17489.9
165;84140.7;-14348.6;80138.4;17572.0
166;83860.6;-14752.7;79887.4;17500.1
167;84355.6;-13980.2;80323.8;17622.3
168;84014.4;-14510.0;80023.1;17543.3
169;84902.4;-13004.4;80791.2;17741.4
170;83082.9;-15948.7;79202.5;17332.6
171;83638.9;-15066.6;79690.1;17456.0
172;84185.6;-15189.6;80297.4;17612.8
173;85060.2;-12797.0;80935.5;17780.2
174;83823.2;-14800.6;79854.2;17495.0
175;83928.6;-14845.2;79973.0;17526.2
176;83768.3;-15327.8;79862.9;17496.9
177;84519.7;-13701.2;80464.8;17652.6
178;83779.7;-15043.9;79838.0;17491.3
179;84182.0;-14547.3;80207.9;17589.6
180;83787.0;-14844.2;79821.0;17488.9
181;83352.2;-15507.4;79437.8;17397.3
182;84060.9;-14439.6;80065.0;17557.4
183;84116.9;-14548.8;80141.6;17572.3
184;84505.1;-13723.0;80451.7;17649.0
185;83879.0;-14719.7;79903.4;17506.8
186;83645.2;-15075.5;79698.0;17459.3
187;84072.7;-15110.3;80166.4;17577.8
188;84004.4;-14706.7;80037.9;17546.4
189;84047.0;-14456.6;80052.1;17553.1
190;83893.4;-14698.1;79916.5;17512.3
191;84442.8;-13811.8;80395.9;17635.5
192;84092.5;-14374.4;80090.7;17560.8
193;84683.4;-14001.2;80681.2;17711.8
194;84372.9;-14272.1;80379.5;17631.5
195;84129.9;-14921.7;80201.2;17587.8
196;83200.8;-15736.3;79303.8;17365.1
197;84186.1;-14257.5;80176.6;17582.4
198;84114.3;-14316.1;80109.2;17562.9
199;84285.8;-14061.8;80258.7;17601.0
200;84365.5;-14136.1;80353.5;17624.7
201;83665.1;-15613.7;79788.6;17478.5
202;84260.3;-14345.2;80267.1;17603.5
203;83660.3;-15163.4;79724.7;17463.7
204;84790.0;-13226.2;80697.6;17717.8
205;83325.7;-15558.9;79416.0;17393.8
206;83062.8;-16508.8;79254.7;17348.5
207;83188.0;-15776.6;79295.1;17363.1
208;83528.1;-15251.8;79594.6;17435.8
209;83338.8;-16063.4;79495.5;17412.0
210;84772.5;-13375.7;80697.7;17717.9
211;83648.3;-15979.7;79818.8;17488.7
212;83313.9;-15592.7;79407.6;17392.3
213;84398.9;-14065.8;80380.6;17631.6
214;83568.5;-15847.9;79714.9;17461.7
215;83317.8;-15904.6;79451.9;17401.9
216;84312.7;-14054.5;80286.6;17609.7
217;84160.3;-14552.0;80185.2;17584.3
218;83727.2;-14962.3;79771.6;17475.1
219;84547.0;-13650.2;80488.0;17660.7
220;83925.4;-15058.5;79997.6;17534.7
221;84624.9;-13695.7;80578.1;17685.2
222;84154.3;-14253.4;80141.6;17572.2
223;84619.2;-13569.6;80556.4;17681.9
224;83917.3;-15074.3;79991.0;17531.9
225;83364.0;-15571.5;79458.4;17402.6
226;84920.8;-13696.3;80899.4;17764.9
227;83680.4;-15008.2;79727.2;17464.4
228;83843.9;-14778.5;79873.7;17499.0
229;83614.9;-15108.4;79669.4;17449.9
230;83844.3;-14771.6;79872.6;17498.9
231;84031.4;-14478.5;80037.9;17546.5
232;84012.4;-14495.6;80019.7;17541.8
233;84214.6;-14212.3;80201.3;17587.9
234;84677.4;-13762.9;80643.0;17701.2
235;83801.7;-15347.0;79901.1;17506.3
236;83335.9;-15777.0;79455.0;17402.0
237;83214.6;-16897.6;79471.6;17406.2
238;83633.1;-15071.0;79684.5;17455.2
239;83058.7;-16784.6;79287.4;17360.2
240;84282.3;-14173.5;80269.1;17603.6
241;83603.3;-15780.7;79743.6;17468.4
242;83645.1;-16045.5;79824.3;17489.3
243;83891.9;-14786.3;79926.7;17516.4
244;83269.7;-15813.9;79388.0;17383.0
245;83528.4;-15368.9;79609.5;17438.0
246;84226.0;-14168.0;80207.7;17588.4
247;84151.8;-14590.7;80182.1;17584.1
248;83724.5;-14957.9;79768.3;17474.7
249;84732.8;-13346.2;80650.5;17702.9
250;83306.8;-15777.0;79423.8;17394.9
251;83753.7;-15068.0;79813.3;17486.9
252;83830.9;-14794.7;79861.7;17496.7
253;82669.4;-16644.0;78846.3;17245.7
254;84776.3;-13300.8;80692.1;17716.2
255;83920.9;-15785.6;80089.6;17560.6
256;83448.1;-15443.4;79532.8;17423.2
257;84833.1;-13178.6;80738.3;17729.7
258;84169.9;-14359.0;80172.1;17581.8
259;84116.4;-14323.8;80112.5;17564.2
260;83651.1;-15043.2;79700.3;17459.8
261;83966.0;-14651.1;79987.9;17529.8
262;83242.4;-15693.0;79343.0;17373.4
263;84215.1;-14610.0;80252.2;17600.4
264;83697.8;-15407.3;79797.4;17482.7
265;83952.3;-14842.9;79998.7;17535.0
266;84387.7;-14429.2;80415.1;17641.2
267;84035.6;-14553.7;80052.2;17553.2
268;83972.2;-15032.5;80045.5;17549.3
269;84029.5;-14601.4;80050.9;17551.9
270;83490.4;-16020.4;79653.4;17447.5
271;84178.5;-15060.9;80271.4;17605.0
272;84571.8;-13931.6;80551.0;17681.3
273;84180.7;-14775.4;80237.2;17596.8
274;84272.0;-14422.4;80288.9;17610.1
275;83492.8;-15619.8;79603.0;17436.4
276;83512.5;-15476.9;79606.3;17437.8
277;83275.1;-15631.9;79370.6;17381.1
278;84479.4;-13743.5;80427.0;17644.5
279;83821.8;-14803.2;79853.0;17494.7
280;84515.1;-13907.8;80485.8;17659.4
281;83581.9;-15153.1;79639.9;17444.4
282;83616.6;-15866.1;79769.5;17474.9
283;83827.1;-15767.5;79984.6;17529.3
284;84333.3;-14013.3;80303.9;17615.6
285;83951.4;-14702.1;79978.6;17526.9
286;83999.3;-14641.0;80023.0;17542.2
287;83944.8;-14692.0;79970.2;17525.1
288;83882.5;-15518.9;80011.0;17538.7
289;83336.1;-16112.3;79498.6;17412.1
290;83969.1;-14567.7;79981.1;17528.7
291;83854.5;-14753.5;79881.1;17499.6
292;83848.7;-15107.9;79921.0;17513.0
293;84146.5;-14268.1;80135.4;17571.9
294;83543.3;-15767.8;79677.0;17452.7
295;83845.2;-15059.7;79911.2;17511.8
296;83792.4;-14868.4;79829.7;17489.9
297;84026.2;-15079.1;80109.1;17562.8
298;84235.4;-14401.3;80246.9;17599.9
299;83488.0;-15436.5;79574.6;17432.0
300;84153.5;-14504.7;80172.1;17581.8
301;84842.1;-13152.1;80744.8;17730.3
302;83262.1;-15663.7;79360.7;17378.8
303;83476.1;-15882.4;79619.4;17440.4
304;83487.0;-15639.9;79599.9;17436.2
305;83802.5;-14866.9;79840.3;17491.7
306;84638.9;-13590.7;80580.2;17686.4
307;83899.1;-15070.9;79970.1;17524.9
308;83613.7;-15128.1;79670.6;17451.1
309;84199.6;-14203.1;80184.1;17584.3
310;83607.6;-15444.1;79704.5;17460.1
311;84426.1;-13842.8;80381.8;17632.0
312;83940.8;-15406.4;80060.8;17557.1
313;84420.1;-14654.9;80480.5;17657.9
314;83629.8;-15100.8;79684.6;17455.5
315;85226.8;-12941.1;81133.3;17821.7
316;84223.1;-14669.1;80269.1;17603.6
317;84194.4;-14372.0;80199.1;17587.6
318;83853.8;-15073.9;79922.2;17513.2
319;83599.8;-15160.7;79659.7;17447.8
320;83436.0;-16108.0;79606.3;17437.8
321;83842.9;-14985.4;79898.6;17505.7
322;83570.8;-15148.9;79627.4;17442.8
323;84041.2;-14512.6;80052.1;17553.1
324;83422.0;-16330.6;79620.6;17440.6
325;84197.8;-14209.5;80183.1;17584.2
326;84343.9;-13977.5;80311.0;17618.1
327;83613.7;-15108.9;79668.2;17449.6
328;84456.1;-13840.4;80413.8;17639.8
329;83780.4;-15189.6;79857.5;17495.4
330;84440.4;-13806.3;80392.7;17635.3
331;84121.2;-14298.5;80114.7;17565.6
332;84294.0;-14944.4;80381.8;17632.0
333;83482.3;-15321.3;79554.3;17428.2
334;83859.5;-14893.1;79904.5;17506.9
335;84575.8;-13589.7;80511.3;17664.5
336;83615.0;-15332.9;79697.9;17459.3
337;83015.5;-16048.2;79143.1;17320.6
338;83056.3;-16021.9;79183.1;17328.6
339;82809.3;-16356.5;78961.4;17272.3
340;82966.4;-16197.3;79110.7;17313.2
341;83714.0;-15191.9;79786.3;17478.1
342;84490.5;-13811.8;80447.3;17648.4
343;83725.4;-14951.1;79768.3;17474.8
344;84065.0;-14422.4;80067.3;17557.8
345;83881.7;-14691.3;79903.4;17506.8
346;83949.2;-14613.9;79966.0;17524.7
347;83865.0;-14747.5;79891.6;17502.3
348;83864.0;-14723.2;79887.5;17500.1
349;84120.1;-14368.9;80122.4;17569.6
350;83390.6;-15466.6;79473.8;17406.5
351;84329.9;-14307.1;80337.6;17623.3
352;84326.2;-14071.0;80303.9;17615.5
353;83850.0;-14749.5;79875.8;17499.2
354;84278.6;-14099.2;80255.5;17600.8
355;83615.1;-15106.7;79669.4;17449.9
356;83603.6;-15669.5;79729.4;17464.7
357;83891.4;-15390.1;80004.4;17535.9
358;83846.3;-14792.5;79877.0;17499.4
359;83620.5;-15772.4;79761.1;17473.5
360;83630.9;-15066.1;79681.3;17454.0
361;83677.9;-15011.4;79724.8;17463.9
362;84250.4;-14731.9;80307.4;17617.4
363;83043.7;-16118.5;79183.1;17328.6
364;84036.9;-14761.8;80080.2;17559.0
365;83827.0;-14803.7;79858.6;17495.5
366;84233.9;-14245.5;80226.3;17593.5
367;84160.0;-14263.4;80149.0;17572.8
368;82684.9;-16539.1;78849.6;17246.2
369;84165.1;-14407.0;80172.1;17581.7
370;83980.7;-15129.6;80067.4;17557.9
371;83955.8;-14600.3;79971.4;17525.3
372;83692.9;-15119.8;79754.5;17472.7
373;84303.6;-14030.6;80273.9;17605.8
374;83730.5;-15052.0;79786.2;17478.0
375;84737.9;-13331.9;80654.2;17703.9
376;84178.2;-14253.8;80167.5;17577.9
377;84856.9;-13265.8;80774.8;17736.3
378;83544.3;-15466.1;79638.8;17443.3
379;83142.5;-15847.5;79254.9;17348.7
380;84248.9;-14101.1;80223.9;17592.0
381;84302.1;-14044.2;80273.9;17605.7
382;83942.4;-14726.2;79972.8;17525.8
383;83230.6;-15710.4;79332.6;17371.8
384;83710.5;-15021.5;79761.2;17473.5
385;84105.1;-14957.6;80182.1;17584.1
386;83852.4;-14776.5;79882.2;17499.7
387;83879.7;-14703.8;79902.2;17506.5
388;83835.7;-14962.4;79887.4;17500.0
389;83434.1;-15957.7;79584.2;17434.0
390;83682.0;-15022.2;79730.6;17464.9
391;83284.1;-15607.2;79377.0;17381.7
392;84709.1;-13375.1;80628.3;17696.2
393;83705.4;-14969.8;79749.3;17470.4
394;84140.1;-14269.6;80128.9;17571.2
395;83472.9;-15317.5;79543.5;17425.2
396;84277.2;-14083.8;80252.2;17600.3
397;83074.2;-16084.3;79211.2;17333.6
398;84330.0;-14041.3;80303.9;17615.6
399;83887.6;-14799.2;79923.7;17514.9
400;84863.9;-13118.6;80764.0;17735.1
401;83270.4;-16083.3;79423.8;17394.9
402;83969.5;-14565.2;79981.0;17527.5
403;84085.4;-14429.6;80089.6;17560.6
404;84444.8;-14042.4;80427.0;17644.5
405;83741.4;-14929.6;79781.9;17475.6
406;83819.8;-15801.2;79981.3;17529.0
407;82904.3;-16611.0;79096.8;17311.0
408;83510.3;-15595.7;79619.4;17440.4
409;84126.4;-14286.5;80119.1;17569.2
410;84385.9;-14158.1;80378.3;17631.2
411;83807.6;-14818.1;79839.2;17491.6
412;84804.0;-13463.8;80742.5;17729.9
413;84702.8;-13396.3;80624.1;17695.9
414;83849.8;-15097.9;79920.9;17512.8
415;82863.4;-16260.0;79007.3;17284.3
416;83112.4;-16038.8;79247.2;17346.8
417;83580.4;-15176.0;79641.0;17444.6
418;84387.8;-14160.2;80380.6;17631.7
419;83983.8;-15082.9;80065.0;17557.3
420;82962.9;-16257.5;79114.3;17314.1
421;83834.2;-14778.7;79862.8;17496.8
422;84573.4;-14119.5;80576.9;17685.0
423;83648.7;-15816.2;79797.4;17482.7
424;83569.8;-15363.9;79653.0;17445.9
425;84839.1;-13159.2;80742.4;17729.8
426;83886.7;-15226.7;79977.3;17526.6
427;83664.9;-15313.6;79749.2;17470.3
428;84075.9;-14434.9;80080.1;17559.0
429;83927.7;-14830.1;79970.2;17525.1
430;83736.0;-14953.7;79779.7;17475.3
431;84471.4;-13760.1;80420.3;17641.5
432;84414.2;-13934.2;80380.6;17631.7
433;84286.5;-14164.4;80272.6;17605.3
434;83880.3;-14717.7;79904.6;17508.1
435;84420.9;-13947.6;80389.5;17635.0
436;83831.4;-15256.1;79922.2;17513.3
437;84058.1;-14933.0;80125.6;17570.8
438;84298.1;-14614.5;80343.2;17624.3
439;84286.2;-14049.4;80257.6;17600.9
440;84710.6;-13467.1;80641.9;17701.1
441;84125.7;-14292.4;80119.1;17569.2
442;83171.0;-15803.9;79280.1;17356.8
443;83331.2;-16021.5;79481.3;17409.2
444;84531.4;-13680.0;80474.4;17653.3
445;83741.4;-15211.6;79818.7;17488.5
446;83947.7;-15612.5;80095.2;17561.5
447;83530.4;-15387.4;79613.8;17438.5
448;84287.7;-14607.8;80331.2;17622.9
449;83729.5;-15137.9;79796.1;17481.2
450;84573.5;-13620.1;80512.5;17664.8
451;83686.6;-14982.9;79730.6;17464.9
452;84387.9;-14159.9;80380.7;17631.8
453;84209.2;-14311.8;80207.7;17588.4
454;83600.9;-15150.6;79659.8;17448.0
455;84412.5;-13897.1;80374.1;17630.0
456;83507.6;-15401.2;79591.2;17435.4
457;83479.2;-15871.5;79620.7;17440.7
458;84177.1;-14720.7;80226.1;17593.3
459;83624.7;-15234.2;79695.7;17458.9
460;83576.0;-15751.9;79710.7;17460.3
461;83730.6;-15262.1;79813.3;17486.9
462;83390.6;-16062.1;79551.2;17428.2
463;84395.0;-13883.5;80353.5;17624.7
464;84084.8;-15102.2;80178.8;17582.7
465;83899.0;-14667.1;79918.6;17512.5
466;83837.0;-15080.1;79904.5;17506.8
467;84046.9;-14968.9;80118.1;17569.1
468;84618.7;-14122.1;80626.3;17696.1
469;84309.5;-14031.7;80280.5;17608.5
470;83692.8;-14989.8;79738.3;17468.0
471;84206.8;-14614.8;80244.7;17599.6
472;83874.1;-14745.1;79901.1;17506.4
473;83829.4;-14904.4;79873.7;17499.0
474;84729.4;-13499.4;80666.1;17707.2
475;83738.9;-14971.4;79785.0;17476.8
476;83704.1;-14980.2;79749.2;17470.2
477;82922.2;-17082.2;79178.8;17328.2
478;83137.3;-16899.2;79387.8;17382.7
479;84121.1;-14327.5;80118.1;17569.2
480;83600.7;-15240.3;79670.6;17451.1
481;84159.1;-14271.0;80149.0;17572.9
482;83298.1;-16422.8;79498.7;17412.1
483;83512.9;-15764.7;79644.4;17445.1
484;84228.7;-14145.6;80207.7;17588.4
485;84478.8;-14420.3;80512.6;17664.9
486;84186.7;-14233.9;80174.3;17582.0
487;84404.2;-14276.1;80414.0;17641.1
488;84651.1;-13707.4;80607.5;17692.6
489;84290.3;-14742.0;80350.4;17624.5
490;83522.0;-15250.0;79587.7;17434.6
491;83743.6;-15846.6;79904.5;17507.9
492;84116.9;-14899.4;80187.4;17584.6
493;83680.4;-15467.2;79786.2;17477.9
494;84129.1;-14271.4;80120.2;17569.2
495;83210.9;-15757.0;79317.3;17368.2
496;83556.4;-15208.7;79619.5;17440.4
497;84150.1;-14376.4;80152.4;17574.4
498;82930.0;-16192.4;79070.8;17304.9
499;83420.4;-15420.4;79499.9;17413.5
500;83906.0;-14657.7;79925.2;17515.6
501;83156.2;-15850.4;79270.0;17353.3
502;83857.4;-15479.5;79978.4;17526.8
503;83566.0;-15180.3;79626.4;17442.7
504;83790.5;-14910.6;79832.9;17491.1
505;83732.5;-15507.1;79846.9;17494.5
506;83988.8;-14671.3;80015.4;17539.3
507;83602.6;-15638.2;79723.6;17463.6
508;83972.2;-14551.5;79982.4;17529.1
509;83624.4;-15304.7;79704.5;17460.0
510;84031.5;-15441.3;80163.2;17577.5
511;84675.9;-13451.8;80602.2;17692.1
512;83949.3;-15019.0;80018.6;17541.6
513;84000.8;-14509.6;80008.8;17536.4
514;83392.0;-15504.5;79480.2;17409.0
515;84103.7;-15222.2;80212.3;17591.1
516;83555.0;-15460.6;79649.6;17445.4
517;83481.4;-15873.3;79624.1;17442.3
518;84122.3;-14669.3;80163.3;17577.6
519;83955.2;-14913.4;80011.1;17538.9
520;84277.9;-15057.2;80379.4;17631.3
521;84565.9;-13646.9;80508.1;17664.1
522;83614.5;-15561.9;79727.4;17464.6
523;83920.4;-15097.3;79997.5;17534.7
524;84704.6;-13387.1;80625.1;17695.9
525;84352.4;-13939.4;80315.3;17619.5
526;84199.1;-14529.9;80223.8;17591.9
527;84512.5;-13686.4;80455.1;17649.5
528;83504.7;-16270.8;79702.4;17459.9
529;84205.2;-14198.4;80189.6;17585.9
530;84504.0;-14027.1;80489.1;17660.7
531;84638.7;-13593.5;80580.2;17685.4
532;83491.2;-15795.6;79625.2;17442.4
533;83778.8;-15176.0;79854.1;17494.8
534;84071.2;-14589.8;80094.1;17561.3
535;83772.5;-15079.8;79835.0;17491.2
536;83752.8;-14914.5;79792.8;17478.9
537;84230.7;-14128.9;80208.0;17589.7
538;83728.1;-15266.4;79811.0;17485.5
539;83108.0;-16016.9;79238.9;17343.3
540;83960.9;-15439.7;80086.5;17560.4
541;83564.8;-16383.2;79781.9;17475.5
542;83596.8;-15134.0;79653.5;17447.6
543;83124.8;-16505.1;79321.7;17369.7
544;84323.4;-14380.4;80339.7;17623.5
545;82928.9;-16234.8;79075.2;17305.4
546;83165.4;-15806.8;79274.6;17356.1
547;83806.1;-14845.4;79841.4;17491.8
548;84476.6;-13743.1;80423.9;17642.3
549;84491.8;-13873.8;80456.2;17649.7
550;83271.8;-16522.4;79483.4;17409.4
551;83852.1;-14805.4;79885.3;17499.9
552;83242.9;-15741.7;79349.4;17374.0
553;84315.1;-14442.6;80338.6;17623.4
554;83235.3;-15891.5;79360.5;17378.5
555;83827.4;-15097.5;79896.4;17505.4
556;84384.2;-13891.1;80343.2;17624.3
557;83788.1;-15166.8;79863.0;17497.0
558;84474.3;-14476.5;80514.8;17665.2
559;83537.3;-15258.9;79605.2;17437.7
560;83960.2;-15472.4;80090.7;17560.7
561;84301.1;-14053.8;80273.9;17605.8
562;83871.2;-14740.4;79897.5;17505.5
563;84476.4;-14186.9;80480.4;17657.8
564;84129.7;-14599.4;80159.0;17576.2
565;83151.6;-16134.2;79301.5;17363.6
566;85704.5;-11576.2;81485.5;17910.8
567;84209.5;-14196.5;80193.9;17586.4
568;83887.5;-15304.3;79987.9;17529.8
569;83206.0;-16339.9;79387.9;17382.9
570;83953.4;-14703.3;79981.2;17528.8
571;83701.8;-15076.7;79758.8;17473.0
572;84151.5;-14662.9;80190.8;17586.2
573;84089.8;-14400.9;80090.8;17560.8
574;84727.7;-13487.5;80662.7;17705.6
575;83989.2;-14534.9;79999.0;17535.3
576;84157.3;-14280.7;80148.0;17572.8
577;84078.2;-14496.0;80090.8;17560.9
578;83864.6;-14783.9;79896.2;17504.2
579;83790.2;-15296.4;79882.2;17499.7
580;84420.9;-13851.0;80377.2;17630.0
581;84267.6;-14106.6;80244.8;17599.7
582;83608.3;-15354.4;79693.6;17458.8
583;83412.7;-15477.3;79498.7;17412.2
584;83857.5;-15016.3;79918.7;17512.5
585;84447.1;-13781.9;80396.9;17635.5
586;83868.3;-14964.2;79923.9;17515.2
587;84697.7;-13405.3;80619.7;17694.3
588;83579.6;-15183.7;79641.1;17444.7
589;83929.9;-15031.6;79998.9;17535.3
590;82797.4;-16439.0;78959.0;17271.8
591;83632.4;-15281.2;79709.6;17460.3
592;83786.8;-14881.5;79825.4;17489.4
593;84153.7;-14302.6;80146.9;17572.7
594;84688.1;-13415.1;80610.7;17692.8
595;83957.9;-14598.9;79972.8;17525.8
596;84541.0;-13890.5;80511.4;17664.6
597;84181.0;-14504.0;80201.3;17587.9
598;84314.6;-14326.7;80323.8;17622.3
599;83647.8;-15493.4;79754.6;17472.8
600;84411.0;-14721.6;80479.4;17656.7
601;83443.1;-15385.9;79520.0;17418.0
602;84134.1;-14381.6;80138.4;17572.0
603;83487.3;-15451.7;79575.7;17432.2
604;83568.9;-15995.7;79735.0;17466.5
605;83161.9;-16535.8;79366.0;17379.2
606;83513.2;-16456.1;79736.1;17466.6
607;84065.6;-14519.4;80080.2;17559.0
608;83896.2;-14691.3;79918.6;17512.5
609;83314.3;-15579.9;79406.5;17392.1
610;84571.8;-13704.8;80521.9;17669.2
611;83992.7;-15069.5;80072.8;17558.4
612;84360.5;-14038.8;80336.5;17623.2
613;84261.1;-14177.0;80247.0;17600.0
614;83630.4;-15095.2;79684.5;17455.3
615;83059.4;-15983.6;79182.0;17328.5
616;83499.6;-15449.9;79588.8;17434.8
617;84460.3;-13881.7;80423.8;17642.2
618;83456.5;-15362.5;79531.6;17421.8
619;84289.5;-14071.9;80263.9;17603.2
620;83629.8;-15218.0;79699.1;17459.6
621;83943.2;-15658.7;80096.4;17561.7
622;83068.0;-16281.2;79229.8;17338.8
623;84445.8;-13811.7;80399.1;17635.8
624;83896.0;-14732.9;79923.5;17514.7
625;84323.4;-14003.4;80291.9;17611.1
626;83978.9;-14755.5;80016.4;17539.3
627;84267.9;-14161.8;80252.3;17600.5
628;83880.5;-14716.3;79904.6;17508.1
629;84257.2;-14118.0;80234.7;17594.2
630;83248.8;-15691.4;79349.5;17374.1
631;83443.8;-15370.9;79518.7;17416.6
632;84249.4;-14114.0;80226.2;17593.5
633;83904.0;-14656.3;79923.5;17514.7
634;83713.7;-15777.8;79862.8;17496.8
635;83823.1;-15049.6;79885.3;17499.8
636;84124.2;-14491.6;80141.6;17572.2
637;83630.4;-15304.4;79710.7;17461.4
638;84035.1;-15277.4;80144.9;17572.6
639;83523.3;-15246.7;79588.8;17434.7
640;83673.8;-15529.4;79786.4;17478.2
641;84350.7;-14013.6;80322.8;17622.2
642;84232.0;-15310.7;80363.3;17627.8
643;83389.4;-15710.8;79504.2;17413.9
644;84278.2;-14235.1;80272.5;17605.2
645;83392.0;-15924.7;79535.0;17423.4
646;84250.1;-14126.9;80228.4;17593.8
647;83085.5;-15912.1;79201.4;17332.5
648;83355.4;-15950.2;79498.6;17412.1
649;83627.9;-15533.8;79737.3;17467.9
650;83868.3;-14718.8;79891.7;17502.4
651;84557.7;-13634.5;80497.5;17662.3
652;84304.5;-14215.6;80298.4;17612.9
653;84534.3;-14292.5;80557.9;17683.5
654;84466.1;-13781.1;80417.2;17641.4
655;83801.9;-14862.9;79839.2;17491.5
656;83812.1;-14800.1;79842.7;17494.2
657;84340.5;-14423.8;80363.2;17627.8
658;83940.8;-14741.9;79972.9;17526.1
659;83843.8;-14943.5;79894.0;17503.8
660;83304.5;-15731.6;79414.9;17393.7
661;83881.3;-14707.5;79904.5;17507.9
662;82679.4;-16560.3;78846.3;17245.8
663;83670.0;-15353.0;79759.9;17473.2
664;83476.6;-15430.1;79561.8;17429.0
665;84209.5;-14333.5;80211.2;17591.1
666;83704.4;-14977.5;79749.2;17470.3
667;83765.5;-15010.8;79818.8;17488.6
668;84448.0;-14384.8;80474.3;17653.2
669;83428.3;-15601.3;79531.7;17422.0
670;84050.4;-14527.8;80065.1;17557.6
671;83083.4;-15944.7;79202.5;17332.7
672;83970.7;-14564.5;79982.4;17529.1
673;84115.3;-14296.2;80107.9;17562.4
674;84304.1;-14052.7;80277.1;17607.0
675;83489.0;-15565.7;79592.3;17435.5
676;84064.2;-14421.0;80066.2;17557.7
677;84044.4;-14584.9;80065.2;17557.6
678;83859.2;-15050.3;79925.1;17515.5
679;83988.4;-14569.8;80002.2;17535.6
680;84130.1;-14290.8;80123.5;17569.7
681;84104.1;-14324.1;80099.5;17561.9
682;83417.1;-15863.2;79554.3;17428.3
683;83261.8;-16458.3;79464.2;17404.7
684;85047.5;-12815.0;80923.9;17776.2
685;84703.3;-13882.5;80687.6;17714.4
686;83300.9;-15593.2;79393.1;17383.2
687;84041.1;-15018.6;80118.1;17569.1
688;84158.6;-14575.8;80187.3;17584.5
689;84125.6;-15228.6;80236.0;17594.6
690;83990.6;-14517.9;79998.9;17535.2
691;83482.0;-15564.0;79584.5;17434.3
692;83841.7;-14876.5;79883.2;17499.7
693;83660.2;-15320.3;79744.9;17468.7
694;83965.9;-14726.9;79998.7;17535.0
695;83808.9;-14820.4;79841.6;17494.1
696;83864.9;-14799.7;79898.7;17505.9
697;84365.4;-14031.2;80340.8;17623.7
698;84479.2;-13745.3;80426.9;17644.4
699;83292.3;-16263.9;79471.6;17406.3
700;83716.5;-14949.5;79758.8;17473.0
701;83571.4;-15168.8;79630.6;17443.1
702;84368.6;-14648.0;80422.7;17642.1
703;83895.5;-14715.9;79920.9;17512.9
704;84478.1;-14416.6;80511.2;17664.4
705;83554.0;-16222.3;79749.3;17470.3
706;83893.7;-15122.2;79971.5;17525.5
707;83314.1;-15581.5;79406.4;17392.0
708;84509.5;-13710.8;80455.0;17649.4
709;83735.9;-15150.5;79804.7;17484.1
710;83194.9;-16196.2;79357.2;17376.2
711;83625.4;-15347.1;79710.7;17461.4
712;82847.1;-16637.8;79038.7;17295.1
713;83856.2;-15065.0;79923.8;17515.0
714;83809.6;-15972.1;79993.1;17532.0
715;84032.3;-14625.1;80057.3;17555.4
716;84580.2;-13702.9;80530.7;17672.5
717;83798.6;-14812.8;79829.6;17489.8
718;84282.1;-14077.3;80256.6;17600.9
719;84046.2;-14567.7;80065.0;17557.4
720;83837.6;-14852.4;79875.9;17499.3
721;82992.5;-16092.1;79124.9;17315.9
722;84290.4;-14417.5;80308.7;17617.7
723;83546.3;-16227.2;79741.5;17468.2
724;83901.7;-15048.9;79970.3;17525.2
725;83331.6;-15699.3;79439.9;17399.4
726;84040.2;-14514.9;80052.1;17553.2
727;83924.2;-15002.6;79988.9;17531.9
728;83887.2;-15176.4;79971.6;17525.6
729;83850.3;-14925.0;79898.6;17505.7
730;84386.8;-13978.9;80356.7;17625.9
731;84348.9;-13969.1;80315.2;17619.5
732;84225.2;-14316.8;80226.2;17593.5
733;85430.5;-12124.6;81254.2;17854.4
734;83579.0;-15681.4;79704.5;17460.1
735;83758.8;-14895.0;79797.2;17482.4
736;83458.9;-15453.0;79545.8;17426.5
737;84019.7;-15167.8;80113.7;17565.5
738;83598.0;-15305.8;79675.8;17451.5
739;82719.2;-16557.3;78889.3;17253.9
740;83294.1;-16152.5;79458.6;17402.9
741;83967.1;-14584.8;79980.9;17527.4
742;84345.1;-14177.8;80337.5;17623.3
743;83221.3;-15728.5;79325.0;17371.0
744;83573.0;-15687.7;79699.1;17459.6
745;83870.5;-14754.7;79898.5;17505.5
746;83601.9;-15140.6;79659.6;17447.7
747;84130.4;-14533.2;80153.5;17574.5
748;83930.2;-14776.0;79965.8;17524.5
749;84021.6;-14786.9;80067.3;17557.7
750;83599.7;-15161.3;79659.7;17447.8
751;84604.5;-13619.9;80546.8;17679.0
752;83904.9;-14679.2;79926.7;17516.4
753;84491.4;-13838.8;80451.7;17649.0
754;83634.6;-15721.8;79769.4;17474.9
755;84091.5;-15000.9;80173.2;17581.9
756;83590.7;-15398.3;79680.1;17453.8
757;83505.7;-15295.0;79575.7;17432.2
758;83615.7;-15092.0;79668.3;17449.7
759;83900.9;-14673.8;79922.3;17514.5
760;83793.7;-15169.3;79869.1;17497.2
761;84470.5;-14768.1;80550.8;17679.1
762;83407.3;-15441.2;79488.6;17410.7
763;83415.5;-15513.8;79506.4;17414.2
764;84593.0;-14179.4;80606.4;17692.4
765;84193.7;-14209.8;80178.8;17582.7
766;83076.6;-16042.0;79208.0;17333.3
767;84115.8;-14547.2;80139.6;17572.2
768;83891.0;-15642.2;80037.8;17546.2
769;82963.9;-16110.8;79096.8;17310.9
770;83750.1;-14981.5;79798.5;17482.8
771;83882.1;-14858.9;79925.2;17515.6
772;84177.2;-14737.0;80228.4;17593.7
773;84313.0;-14241.3;80310.9;17618.0
774;83973.0;-14562.6;79984.6;17529.4
775;84380.7;-13922.4;80343.2;17624.3
776;83873.6;-14708.9;79896.3;17504.3
777;83546.5;-15214.4;79609.6;17438.2
778;83514.1;-15291.1;79584.2;17434.0
779;84168.5;-14252.7;80156.8;17574.9
780;83047.5;-16034.4;79176.6;17327.9
781;84118.9;-15067.6;80207.8;17588.5
782;83378.6;-15794.9;79501.9;17413.5
783;83767.1;-14902.8;79806.8;17484.3
784;84082.3;-14838.2;80141.8;17572.4
785;84431.7;-14102.7;80420.6;17641.9
786;82972.7;-16706.8;79183.1;17328.7
787;83565.6;-15174.1;79625.2;17442.4
788;83865.9;-15395.5;79976.2;17526.4
789;83581.7;-15690.8;79708.6;17460.2
790;84239.2;-14596.4;80277.2;17607.1
791;82985.5;-16078.5;79115.6;17314.5
792;84089.3;-14367.1;80086.5;17560.4
793;84071.9;-14699.1;80109.4;17563.1
794;83961.3;-14591.7;79976.2;17526.4
795;84353.7;-14421.9;80377.2;17630.1
796;83357.3;-15602.6;79455.1;17402.2
797;84427.4;-13810.7;80379.4;17631.4
798;83612.8;-15117.9;79668.3;17449.8
799;84234.0;-14244.6;80226.2;17593.5
800;83687.4;-15662.6;79818.9;17488.7
801;84265.2;-14277.7;80263.8;17602.2
802;84172.6;-14901.7;80244.8;17599.7
803;83113.9;-16916.4;79364.9;17379.1
804;83868.9;-14740.3;79895.1;17503.9
805;83883.5;-14714.7;79907.9;17510.5
806;83822.3;-14836.0;79857.5;17495.4
807;83595.2;-15143.3;79652.7;17445.5
808;84622.3;-14360.2;80661.7;17705.6
809;84014.7;-14487.3;80020.9;17542.1
810;84541.1;-14210.5;80554.3;17681.8
811;83669.8;-15047.2;79720.4;17462.4
812;83448.7;-15379.4;79525.3;17420.5
813;83987.6;-14539.7;79997.7;17534.9
814;83677.5;-15005.6;79723.6;17463.6
815;84986.0;-12928.5;80871.7;17759.5
816;84001.6;-14732.9;80038.0;17546.6
817;84352.4;-14535.3;80390.7;17635.2
818;83829.7;-14814.7;79862.9;17497.0
819;83721.9;-15371.6;79818.8;17488.7
820;83805.5;-15483.3;79923.8;17515.0
821;84065.6;-14558.8;80084.3;17559.2
822;84300.7;-14047.8;80272.8;17605.6
823;83850.4;-14935.9;79900.0;17506.2
824;83545.9;-15746.0;79677.0;17452.7
825;83438.7;-15433.1;79521.1;17419.2
826;83803.6;-15440.7;79915.4;17512.1
827;84075.7;-15126.6;80171.7;17578.2
828;84131.8;-14266.2;80122.3;17569.4
829;83900.2;-14708.3;79925.2;17515.6
830;83655.8;-15037.7;79704.5;17460.1
831;83883.1;-15435.9;80001.1;17535.5
832;84183.0;-14222.2;80168.7;17578.2
833;83883.7;-14833.0;79923.6;17514.8
834;83985.6;-14518.3;79993.1;17532.0
835;83849.8;-14901.5;79895.2;17504.1
836;84301.4;-14288.5;80303.8;17615.4
837;83726.3;-14952.9;79769.5;17474.9
838;84000.8;-14553.8;80014.2;17539.1
839;84065.2;-14660.5;80097.5;17561.8
840;84248.2;-14125.9;80226.2;17593.5
841;84594.0;-13569.1;80528.6;17672.4
842;84226.9;-14159.8;80207.7;17588.5
843;84188.5;-14228.2;80175.5;17582.3
844;83218.4;-16064.6;79364.7;17378.8
845;84142.3;-14638.9;80177.7;17582.6
846;84939.3;-12996.7;80830.1;17751.5
847;83487.6;-15782.4;79619.4;17440.4
848;83474.1;-15315.5;79544.6;17425.2
849;83831.2;-14862.5;79870.2;17497.4
850;84320.5;-14414.1;80340.9;17623.8
851;84163.0;-14255.9;80151.3;17574.2
852;83691.3;-15092.3;79749.3;17470.3
853;83903.9;-14657.7;79923.6;17514.9
854;84382.1;-13943.4;80347.3;17624.4
855;84229.2;-14140.0;80207.6;17588.4
856;84978.9;-13154.3;80891.8;17762.1
857;84212.1;-15247.3;80333.4;17623.1
858;83972.6;-15312.3;80082.2;17559.1
859;84078.9;-15172.2;80181.9;17584.0
860;83773.8;-14879.1;79811.2;17485.7
861;83494.9;-15282.6;79562.9;17429.1
862;83980.2;-14686.5;80008.8;17537.5
864;83293.8;-15612.9;79388.0;17383.0
865;83686.9;-15014.8;79734.9;17466.4
866;83729.3;-15157.6;79798.5;17482.9
867;84040.2;-14465.1;80045.6;17549.4
868;83803.5;-14901.7;79845.8;17494.4
869;84037.8;-15037.8;80117.0;17568.9
870;83972.4;-14575.9;79985.6;17529.5
871;84361.4;-14204.9;80358.0;17627.4
872;83093.0;-16385.6;79271.2;17354.6
873;84640.6;-13640.2;80588.2;17688.8
874;84554.6;-13619.3;80492.3;17661.1
875;83964.6;-14568.7;79976.2;17526.5
876;84213.7;-14169.7;80195.0;17586.4
877;84155.6;-14531.3;80177.7;17582.6
878;83520.3;-15774.1;79653.3;17447.3
879;83995.5;-14553.5;80007.6;17536.3
880;84251.7;-14239.1;80244.7;17599.7
881;84056.9;-14477.7;80064.9;17557.3
882;84313.0;-14596.3;80356.7;17626.0
883;83906.6;-15114.6;79984.6;17529.3
884;83888.6;-15240.7;79981.1;17528.7
885;83584.8;-15164.9;79644.4;17445.0
886;83767.0;-14877.5;79803.7;17484.1
887;83667.3;-15365.6;79758.8;17473.0
888;84686.3;-13421.6;80609.6;17692.6
889;84032.0;-14473.4;80037.9;17546.4
890;83429.3;-15766.4;79553.2;17428.2
891;84092.5;-14450.7;80099.6;17562.0
892;83848.7;-14769.1;79876.9;17499.3
893;82501.9;-17361.1;78753.9;17220.2
894;84139.3;-14286.6;80130.0;17571.3
895;83205.2;-15883.9;79327.1;17371.2
896;84175.5;-14314.8;80171.9;17580.5
897;83479.3;-15475.7;79570.4;17431.8
898;83164.3;-16525.1;79367.1;17379.3
899;84145.1;-14308.0;80138.4;17572.0
900;83244.6;-15778.2;79355.9;17375.8
901;83685.3;-15235.1;79761.2;17474.6
902;83991.5;-14675.1;80019.8;17541.9
903;84193.7;-14219.2;80179.9;17582.8
904;84241.4;-14250.5;80234.8;17594.3
905;83864.8;-14991.4;79923.6;17514.8
906;83545.9;-15291.3;79618.3;17440.3
907;84778.7;-13259.8;80689.7;17715.6
908;83638.4;-15154.2;79700.3;17459.8
909;84671.0;-13846.9;80647.3;17701.7
910;83717.5;-14958.8;79761.0;17473.3
911;84418.9;-14025.9;80396.9;17635.5
912;84404.1;-13883.3;80363.3;17627.8
913;83441.2;-15493.0;79531.8;17423.2
914;84015.5;-14970.7;80084.3;17559.2
915;84166.7;-14882.8;80236.1;17596.7
916;84170.2;-14703.9;80216.5;17591.4
917;83824.3;-14948.9;79873.7;17499.0
918;83895.5;-15765.5;80059.7;17556.9
919;83752.5;-14916.0;79792.8;17478.8
920;83398.6;-15438.2;79478.9;17408.7
921;84336.7;-14132.4;80322.8;17622.2
922;83594.1;-15709.8;79724.7;17463.8
923;84415.5;-14687.9;80479.2;17655.5
924;84187.0;-14250.2;80176.6;17582.4
925;83527.2;-15260.3;79594.5;17435.7
926;83857.0;-14821.0;79892.8;17502.6
927;83804.6;-14830.3;79838.0;17491.4
928;83493.6;-15625.1;79605.2;17437.6
929;84130.1;-14436.2;80141.6;17572.2
930;83701.1;-15006.6;79749.2;17470.3
931;84634.2;-13650.5;80582.5;17686.8
932;84305.0;-14045.1;80277.2;17607.1
933;83533.6;-15248.3;79599.9;17436.3
934;83882.0;-14859.0;79925.2;17515.5
935;83761.8;-15381.7;79862.9;17496.9
936;83168.7;-16146.8;79321.8;17369.8
937;84341.9;-13963.4;80307.2;17617.0
938;84255.9;-14711.4;80310.8;17617.8
939;84327.6;-14068.7;80305.1;17615.8
940;83643.7;-15574.9;79759.9;17473.1
941;84408.5;-13844.5;80363.2;17627.8
942;83796.4;-15164.3;79871.4;17498.6
943;84340.0;-13982.2;80307.3;17617.2
944;84661.0;-13953.3;80650.6;17703.0
945;83993.0;-14499.9;79998.9;17535.2
946;83192.8;-16407.1;79382.3;17382.0
947;83784.9;-14872.7;79822.1;17489.0
948;84115.9;-14950.2;80189.7;17586.1
949;84470.1;-13773.0;80420.6;17642.0
950;83323.3;-16165.4;79492.1;17411.3
951;83814.8;-15053.5;79877.0;17499.4
952;83913.6;-15443.4;80035.7;17546.1
953;84086.4;-14609.9;80113.7;17565.5
954;84323.6;-14076.1;80301.6;17615.1
955;83513.9;-15256.9;79579.8;17432.3
956;83577.8;-16279.5;79781.9;17475.6
957;84373.0;-13932.9;80336.5;17623.2
958;84088.8;-14458.4;80096.4;17561.7
959;84079.1;-14701.7;80118.1;17569.1
960;84406.3;-14012.1;80381.9;17632.1
961;83972.7;-14583.0;79986.8;17529.7
962;84149.0;-14377.9;80151.4;17574.4
963;83774.8;-14967.3;79823.2;17489.2
964;83261.1;-16033.9;79407.6;17392.2
965;83306.1;-15815.4;79427.1;17395.4
966;83966.7;-14583.2;79980.9;17527.5
967;83777.6;-15339.5;79873.7;17499.0
968;83596.5;-15402.1;79686.8;17455.7
969;84053.6;-14507.4;80065.2;17557.6
970;83525.9;-15272.5;79594.6;17435.8
971;83979.7;-14572.8;79993.0;17532.0
972;83884.8;-14835.7;79925.1;17515.5
973;83408.2;-16402.8;79615.1;17439.9
974;82905.5;-16204.9;79045.9;17296.4
975;84575.5;-13593.8;80511.5;17664.7
976;84065.2;-14401.4;80065.1;17557.6
977;82740.6;-16483.7;78902.3;17256.4
978;83741.3;-14929.9;79781.8;17475.5
979;84074.9;-14576.9;80096.4;17561.8
980;83750.5;-15481.5;79862.8;17496.8
981;84167.7;-14384.2;80171.9;17580.5
982;83472.1;-15486.6;79564.0;17429.3
983;84001.4;-14512.1;80009.9;17538.7
984;83899.3;-14683.4;79921.1;17513.2
985;83817.4;-15073.4;79882.2;17499.7
986;83803.1;-15065.9;79866.0;17497.1
987;83996.7;-14629.3;80018.7;17541.7
988;84330.1;-14064.1;80307.3;17617.1
989;83685.8;-14997.9;79731.6;17465.0
990;83710.4;-15223.0;79786.4;17478.2
991;83996.0;-14517.3;80004.5;17536.0
992;83774.3;-15574.6;79901.1;17506.3
993;84049.1;-14777.7;80095.2;17561.4
994;84247.6;-14113.0;80224.0;17592.2
995;84503.3;-13730.1;80450.7;17648.9
996;83868.6;-14796.1;79902.2;17506.5
997;82919.4;-16186.4;79058.6;17301.3
998;83874.4;-14866.5;79917.6;17512.4
999;84072.5;-14485.2;80082.3;17559.1
1000;83849.2;-14795.1;79881.1;17499.6
