CASO;pATIVA;pREATIVA;dATIVA;dREATIVA
1;102403.9;-6083.8;98365.4;21876.5
2;97122.9;-13523.4;93522.1;20774.5
4;96063.0;-14810.9;92520.9;20547.5
5;100389.8;-10364.3;96717.3;21499.8
7;102779.9;-4960.4;98629.6;21933.2
8;96623.1;-14902.6;93189.6;20700.4
9;99173.2;-11738.1;95539.3;21232.0
10;97855.8;-13302.6;94307.0;20949.5
11;102078.5;-6421.2;98018.2;21799.3
12;93791.5;-18450.1;90378.4;20057.1
13;97793.2;-12697.3;94136.2;20913.3
14;97502.2;-13813.8;93999.3;20886.4
15;101245.7;-7952.7;97280.4;21635.8
16;95918.6;-15438.8;92465.2;20534.0
17;98141.3;-12307.5;94462.2;20992.3
18;96502.9;-14245.0;92932.3;20643.5
19;98554.4;-12359.1;94935.6;21093.8
20;99934.3;-9964.3;96103.7;21368.0
21;95885.7;-15640.3;92464.1;20533.8
22;101247.4;-8095.9;97307.4;21638.7
23;100711.8;-8833.7;96802.0;21510.1
24;99601.6;-11120.0;95924.1;21325.5
25;100656.2;-9192.5;96801.9;21510.0
26;96915.1;-13958.8;93352.7;20735.0
27;98176.1;-12756.5;94573.2;21013.7
28;96225.0;-15346.5;92809.6;20610.7
29;97754.2;-13680.8;94261.8;20937.9
30;99777.5;-10300.7;95981.1;21337.5
31;96900.6;-14003.3;93342.6;20732.5
32;97631.1;-12826.9;93976.7;20880.9
34;96575.0;-14181.5;93003.6;20657.2
35;96977.1;-13640.5;93377.3;20742.5
36;98518.9;-11781.8;94800.1;21062.5
37;95962.1;-14970.4;92430.8;20525.3
38;98998.3;-11854.9;95355.8;21190.4
39;102558.4;-5456.4;98442.4;21894.3
40;100324.1;-9387.5;96451.5;21439.3
41;98060.2;-12615.4;94424.9;20982.5
42;96481.6;-14281.0;92914.0;20639.5
43;96605.1;-15147.0;93219.4;20708.2
44;102640.7;-5233.5;98504.2;21904.7
45;98684.0;-11569.0;94951.6;21098.4
46;97020.6;-13902.6;93462.8;20762.4
47;99005.4;-11178.5;95249.9;21166.4
48;103665.7;-2704.3;99384.1;22112.2
49;98714.6;-12198.4;95092.7;21133.3
50;100015.7;-9829.8;96174.3;21385.2
51;99277.3;-10817.1;95497.2;21222.6
52;97665.7;-13169.7;94067.4;20901.6
53;95846.1;-15412.2;92372.3;20509.2
54;97719.2;-12837.3;94076.7;20905.1
55;98073.7;-12353.4;94392.9;20970.3
56;99947.1;-9896.8;96107.1;21368.7
57;100460.0;-9665.3;96662.7;21488.3
58;100785.7;-8723.4;96868.0;21523.2
59;99229.7;-10894.6;95456.6;21212.9
60;100436.8;-10325.5;96765.3;21505.2
61;96730.7;-14311.6;93203.4;20702.7
62;101503.0;-7620.6;97531.3;21694.0
63;99756.2;-10239.9;95946.2;21331.3
64;97859.3;-12611.8;94195.1;20925.1
65;99468.2;-11715.7;95892.6;21318.9
66;98375.8;-11989.5;94673.7;21038.7
67;101132.0;-8647.6;97275.2;21634.5
68;102014.9;-7402.5;98144.4;21827.0
70;95300.1;-16013.3;91811.1;20382.0
71;95096.4;-16743.9;91701.1;20361.9
72;97390.1;-13150.3;93759.0;20824.8
73;98871.1;-11669.6;95182.3;21151.7
74;100646.2;-8931.4;96744.4;21502.7
75;99162.0;-11769.5;95533.0;21231.4
76;93877.7;-18311.6;90463.0;20075.5
78;100517.7;-9194.2;96641.5;21481.4
79;99109.9;-11044.4;95345.4;21188.7
80;100125.9;-10825.6;96495.6;21449.8
81;98015.2;-12593.3;94367.3;20963.7
82;98080.8;-12417.7;94411.9;20977.8
83;98999.3;-11180.3;95243.4;21165.6
84;99525.6;-10482.6;95723.2;21276.6
85;98959.1;-11571.2;95266.7;21174.8
86;98653.6;-12550.3;95091.6;21133.1
87;96982.2;-13614.4;93378.4;20742.7
88;99455.0;-10580.1;95658.7;21258.7
89;98769.2;-11852.5;95098.9;21134.6
90;101227.7;-7986.5;97265.0;21632.1
91;101406.2;-7673.4;97424.4;21674.9
92;98993.8;-11192.7;95239.2;21165.4
93;97668.3;-12828.4;94018.5;20889.1
94;97065.7;-13509.4;93455.6;20761.1
95;99339.3;-11791.8;95751.6;21283.1
96;98746.0;-11494.3;95009.7;21115.3
97;97748.9;-12731.1;94092.4;20906.2
98;98631.5;-11853.5;94939.8;21094.0
99;97120.1;-13448.3;93507.0;20771.8
100;99948.4;-11157.0;96354.8;21422.5
101;97512.5;-12996.5;93871.3;20854.0
102;101478.6;-7550.1;97488.7;21685.2
103;99353.3;-11522.6;95711.5;21274.4
104;99960.0;-9894.6;96121.8;21374.0
105;95967.3;-15201.8;92476.9;20537.0
106;98966.7;-11179.3;95206.4;21158.4
107;100326.1;-9355.0;96448.3;21439.1
108;96329.3;-14487.0;92773.2;20602.0
109;97832.8;-13225.7;94265.0;20938.2
110;98549.3;-12259.3;94911.5;21090.0
111;95315.2;-16207.8;91868.5;20398.0
112;99226.6;-11343.4;95532.9;21230.3
113;100438.3;-9848.4;96675.4;21490.5
114;96452.7;-14754.6;92963.7;20650.3
115;99345.4;-10972.6;95602.8;21250.8
116;95438.5;-16110.2;92007.3;20426.8
117;98366.1;-12568.5;94757.1;21054.6
118;94681.2;-17524.9;91336.4;20278.3
119;101225.4;-7940.3;97254.2;21629.8
120;99329.1;-11702.1;95721.1;21276.4
121;98357.1;-12753.4;94783.7;21059.3
122;96741.0;-13973.8;93156.7;20691.5
123;101532.2;-7711.6;97584.2;21702.5
124;103307.5;-3883.8;99090.1;22043.5
125;94238.8;-17680.4;90808.6;20158.7
126;101501.7;-7483.6;97505.8;21689.2
127;102481.3;-5593.2;98369.7;21878.0
128;99221.2;-11637.3;95576.5;21245.5
129;95772.1;-15230.2;92251.4;20481.4
130;100391.6;-10350.8;96716.1;21499.5
131;98118.2;-12397.8;94451.2;20990.6
132;97081.9;-13934.5;93539.1;20777.1
133;95570.1;-16156.0;92185.0;20464.0
134;99847.1;-10058.2;96019.2;21347.2
135;100403.6;-9442.0;96552.8;21465.2
136;97110.4;-13464.4;93498.5;20769.1
137;99595.1;-11348.4;95966.0;21332.7
138;95896.0;-15062.7;92368.0;20506.8
139;100476.9;-9169.1;96589.8;21468.8
140;98669.0;-11618.9;94943.1;21096.6
141;97947.8;-13441.8;94441.6;20986.6
142;98272.2;-12315.2;94612.7;21028.7
143;100423.2;-10222.4;96726.7;21501.4
144;100095.1;-10882.1;96470.3;21442.7
145;99814.9;-10035.4;95979.0;21337.3
146;98878.0;-11330.6;95131.8;21144.6
147;98749.1;-11474.3;95009.8;21115.4
148;99951.5;-10257.5;96176.5;21385.4
149;99118.0;-11033.9;95352.6;21189.1
150;100172.8;-9596.2;96314.2;21414.8
151;97824.3;-12642.9;94161.6;20917.7
152;92930.8;-20279.6;89566.8;19869.3
153;100995.2;-8599.0;97092.4;21580.7
155;99595.4;-10400.8;95789.6;21294.3
156;98313.3;-12050.1;94613.9;21029.0
157;98235.4;-12135.5;94539.5;21006.1
158;98231.9;-12390.2;94578.6;21014.4
159;98616.4;-11655.6;94888.7;21080.1
160;95888.6;-15396.8;92420.1;20522.4
161;97194.4;-14253.3;93725.4;20814.4
162;96225.3;-14606.6;92674.4;20580.2
163;99078.0;-11468.5;95383.5;21197.1
164;97704.0;-13660.1;94200.3;20925.4
165;99718.1;-10241.2;95903.3;21322.1
166;98146.6;-12249.2;94459.0;20991.8
167;100913.0;-8522.8;96983.4;21559.7
168;99062.1;-11108.3;95302.5;21179.6
170;94157.3;-17825.0;90731.2;20140.2
171;97048.6;-13532.0;93439.5;20755.5
172;100466.3;-10332.1;96802.0;21510.1
174;97984.2;-12455.4;94309.1;20949.6
175;98610.1;-11988.0;94939.8;21094.1
176;97913.6;-13213.5;94356.8;20960.9
177;101725.2;-7103.9;97707.4;21735.3
178;97843.5;-12887.4;94224.4;20930.2
179;100075.9;-10198.3;96310.9;21414.3
180;97804.5;-12653.9;94141.5;20913.9
181;95593.9;-15503.6;92084.0;20447.1
182;99312.7;-10791.3;95532.7;21230.0
183;99672.2;-10665.2;95925.2;21325.6
184;101645.0;-7244.4;97636.0;21717.8
185;98296.1;-12067.2;94596.6;21021.0
186;97120.4;-13459.4;93509.3;20773.4
187;99687.4;-11207.2;96048.6;21355.4
188;99085.1;-11371.9;95373.5;21193.6
189;99221.9;-10902.8;95449.0;21212.0
190;98380.5;-11964.8;94675.0;21039.2
191;101315.7;-7826.1;97340.8;21645.4
192;99435.5;-10615.8;95642.9;21257.2
193;102974.2;-5351.4;98954.0;22018.3
194;101080.9;-8757.0;97233.3;21625.1
195;99945.0;-10750.0;96260.7;21400.6
196;94769.0;-16848.5;91307.6;20268.8
197;99971.9;-9883.2;96133.8;21377.5
198;99548.2;-10466.1;95746.3;21280.5
199;100496.8;-9129.2;96605.7;21471.4
200;100996.6;-8670.5;97107.0;21584.7
201;97467.2;-13872.0;93969.2;20877.1
202;100457.8;-9542.4;96635.1;21479.6
203;97231.1;-13514.5;93634.5;20794.4
204;103287.4;-3918.2;99069.1;22040.5
205;95468.1;-15734.3;91968.5;20418.6
206;94342.0;-18115.4;91028.1;20200.9
207;94711.8;-16969.3;91258.1;20255.8
208;96470.2;-14294.9;92903.6;20638.9
209;95827.5;-15803.9;92426.5;20524.0
210;103266.1;-4077.5;99072.2;22040.7
211;97581.9;-14012.3;94131.6;20912.6
212;95437.8;-15793.7;91941.9;20413.4
213;101149.0;-8377.1;97241.6;21628.6
214;97023.4;-14476.0;93573.4;20787.6
215;95582.9;-15971.6;92163.1;20460.5
216;100647.7;-8921.6;96744.4;21502.7
217;99949.4;-10351.0;96191.0;21387.3
218;97535.6;-12987.1;93895.9;20861.4
219;101927.3;-6709.5;97885.3;21775.1
220;98737.0;-12179.4;95114.8;21138.0
221;102406.0;-6018.7;98352.7;21870.2
222;99749.7;-10150.3;95924.1;21325.5
223;102318.6;-5953.5;98230.8;21844.5
224;98692.6;-12237.0;95074.5;21129.4
225;95718.4;-15329.2;92205.5;20472.2
227;97299.5;-13248.6;93673.7;20801.7
228;98096.6;-12321.9;94414.1;20978.2
229;96920.8;-13696.7;93322.5;20728.7
230;98088.3;-12321.3;94404.5;20976.3
231;99141.8;-11012.5;95375.8;21194.0
232;99035.5;-11128.0;95276.1;21176.4
233;100117.2;-9686.8;96265.9;21403.9
234;102779.3;-5413.4;98722.7;21958.0
235;98134.3;-13025.5;94577.4;21014.2
236;95620.9;-15766.7;92169.6;20462.4
238;96997.8;-13584.5;93391.0;20745.6
240;100513.6;-9193.6;96636.2;21479.8
241;97238.8;-14224.5;93771.8;20828.1
242;97602.2;-14032.1;94161.5;20917.6
243;98513.3;-11887.6;94811.4;21065.5
244;95255.8;-16302.2;91811.1;20382.0
245;96507.8;-14386.2;92962.5;20649.9
246;100158.0;-9619.1;96301.4;21413.4
247;99925.3;-10419.8;96176.5;21385.4
248;97518.7;-13005.0;93879.8;20856.8
249;102942.5;-4579.0;98769.2;21972.0
250;95479.0;-15947.3;92024.3;20433.2
251;97698.9;-13019.1;94086.3;20906.0
252;98030.2;-12406.3;94352.2;20958.0
253;92128.8;-22172.5;88793.7;19696.1
254;103220.7;-4089.9;99016.7;22032.7
255;99168.6;-12198.6;95637.5;21256.6
256;96115.3;-14774.1;92575.8;20562.4
257;103536.9;-3166.6;99279.1;22089.2
258;99917.5;-10082.6;96105.0;21368.5
259;99566.8;-10444.1;95764.3;21287.2
260;97151.7;-13396.5;93533.7;20775.5
261;98800.6;-11448.9;95064.1;21126.7
262;94998.2;-16500.1;91528.0;20319.6
263;100336.8;-9978.6;96578.0;21467.6
264;97556.6;-13609.2;94022.6;20889.2
265;98794.1;-11833.6;95124.3;21141.9
266;101262.8;-8620.4;97432.7;21676.4
267;99223.5;-10937.3;95456.5;21212.7
268;99050.9;-11831.7;95414.0;21204.6
269;99183.2;-11110.6;95440.6;21211.2
270;96670.9;-14930.2;93251.2;20713.0
271;100339.0;-10384.5;96659.4;21485.8
272;102167.6;-6743.3;98193.4;21838.0
273;100213.7;-10304.0;96489.2;21447.2
274;100569.3;-9523.8;96764.3;21505.2
275;96417.9;-14804.5;92933.4;20643.6
276;96470.8;-14568.7;92951.6;20648.6
277;95195.3;-16168.9;91711.6;20363.7
278;101495.0;-7495.3;97499.5;21688.5
279;97971.4;-12470.3;94297.4;20947.6
280;101845.0;-7156.2;97866.6;21769.8
281;96727.0;-13963.5;93139.8;20690.1
282;97349.1;-14181.8;93892.6;20859.9
283;98552.0;-12881.3;95044.8;21123.7
284;100762.7;-8759.8;96848.0;21519.6
285;98690.7;-11617.8;94967.8;21105.2
286;99032.2;-11275.0;95297.2;21179.2
287;98605.3;-11719.3;94886.6;21080.0
288;98768.1;-12502.3;95218.3;21161.9
289;95823.9;-15844.6;92430.9;20525.5
290;98757.0;-11477.6;95019.1;21116.0
291;98128.8;-12268.0;94441.6;20986.6
292;98319.9;-12631.3;94715.9;21048.2
293;99720.1;-10193.5;95898.0;21321.6
294;96820.3;-14592.4;93358.1;20736.6
295;98264.3;-12595.3;94646.7;21034.0
296;97860.5;-12610.9;94196.2;20925.2
297;99381.7;-11511.4;95743.0;21279.9
298;100345.0;-9745.6;96541.0;21462.8
299;96300.0;-14672.8;92770.9;20601.6
300;99879.7;-10335.5;96107.0;21368.6
302;95119.2;-16301.2;91642.2;20350.2
303;96476.3;-15013.2;93038.5;20663.2
304;96405.0;-14863.8;92929.9;20640.9
305;97908.3;-12562.9;94241.4;20933.7
306;102457.8;-5717.4;98362.3;21875.2
307;98488.8;-12473.7;94880.2;21078.4
308;96920.1;-13710.6;93324.2;20729.8
309;100033.1;-9785.8;96186.8;21387.0
310;97075.3;-14021.6;93548.6;20780.9
311;101221.0;-7990.5;97257.4;21630.1
312;99084.5;-12090.8;95508.8;21225.5
313;101646.4;-8201.7;97833.6;21763.8
314;97000.5;-13606.7;93398.6;20750.6
316;100381.7;-9984.8;96635.1;21479.7
317;100060.8;-9985.0;96253.3;21399.8
318;98337.1;-12586.0;94727.6;21050.3
319;96855.6;-13839.4;93264.2;20715.6
320;96350.7;-15310.6;92951.6;20648.6
321;98176.0;-12518.4;94539.6;21007.2
322;96700.7;-13957.7;93108.9;20682.0
323;99223.9;-10909.8;95452.3;21212.3
324;96421.3;-15380.3;93049.1;20665.1
325;100030.9;-9794.4;96185.7;21386.8
326;100845.0;-8630.7;96921.5;21540.5
327;96904.0;-13709.8;93305.8;20726.6
328;101390.7;-7715.3;97411.8;21666.8
329;97917.2;-13082.1;94335.4;20955.7
330;101297.6;-7845.9;97323.4;21644.5
331;99585.7;-10412.7;95780.2;21289.7
332;100983.6;-9448.7;97256.3;21629.9
333;96224.6;-14611.5;92674.4;20580.2
334;98265.9;-12312.3;94605.1;21022.8
335;102048.1;-6465.5;97989.3;21794.5
336;97066.2;-13864.6;93509.2;20773.3
337;93841.6;-18387.2;90431.4;20068.3
338;94058.3;-18014.2;90639.5;20116.0
339;92774.0;-20600.3;89411.6;19835.1
340;93647.8;-18756.3;90254.0;20033.1
341;97532.4;-13355.8;93948.9;20873.0
342;101599.8;-7341.5;97598.6;21708.4
343;97522.9;-12996.7;93883.0;20857.0
344;99328.5;-10767.3;95546.8;21235.9
345;98300.6;-12042.5;94597.7;21021.2
346;98595.7;-11714.4;94874.6;21077.5
347;98164.1;-12231.7;94475.7;20994.1
348;98153.3;-12210.1;94460.0;20991.9
349;99641.9;-10353.5;95834.7;21303.0
350;95822.7;-15169.7;92300.6;20493.3
351;100875.8;-9036.2;97034.7;21569.8
352;100754.8;-8782.5;96842.9;21519.3
353;98109.8;-12276.8;94421.5;20980.0
354;100483.2;-9163.5;96596.1;21469.4
355;96919.9;-13692.7;93320.4;20727.5
356;97179.5;-14165.7;93692.8;20806.4
357;98739.5;-12451.5;95172.9;21150.0
358;98113.7;-12301.4;94430.1;20982.8
359;97334.7;-14136.2;93866.1;20853.7
360;96981.7;-13585.4;93373.1;20742.3
361;97268.1;-13278.2;93644.1;20797.3
362;100627.6;-9810.0;96883.8;21528.6
363;94034.5;-18165.1;90638.4;20115.9
364;99306.7;-11237.2;95607.0;21252.1
365;98018.0;-12423.3;94341.6;20957.0
366;100268.7;-9529.7;96412.0;21430.8
367;99775.5;-10145.9;95952.4;21331.8
368;92159.4;-22077.6;88817.7;19699.5
369;99904.3;-10168.6;96104.9;21368.3
370;99171.1;-11786.3;95547.9;21236.0
371;98616.5;-11681.5;94893.2;21082.0
372;97434.8;-13242.7;93825.6;20842.9
373;100596.3;-8978.2;96695.1;21493.8
374;97563.8;-13086.6;93944.7;20872.7
375;103002.9;-4444.3;98820.2;21978.9
376;99882.9;-10009.8;96052.7;21357.7
377;103737.3;-2434.7;99462.2;22134.3
378;96648.7;-14431.1;93130.4;20688.4
379;94481.5;-17325.4;91039.8;20204.0
380;100258.4;-9431.1;96384.6;21427.5
381;100593.9;-8988.9;96694.0;21493.7
382;98620.0;-11795.2;94916.8;21090.5
383;94965.8;-16541.3;91497.0;20316.8
384;97503.4;-13033.2;93867.2;20853.9
385;99846.3;-10910.4;96176.4;21385.3
386;98131.7;-12281.1;94446.8;20987.0
387;98284.4;-12062.8;94583.0;21019.0
388;98095.5;-12573.6;94457.9;20991.7
389;96237.5;-15307.7;92816.8;20611.0
390;97331.0;-13231.2;93705.3;20807.2
391;95238.1;-16079.7;91748.7;20372.7
392;102841.0;-4810.0;98680.6;21950.0
393;97448.7;-13075.7;93812.7;20839.5
394;99690.4;-10228.4;95869.4;21311.9
395;96182.3;-14653.1;92632.0;20571.0
396;100464.9;-9181.6;96578.0;21467.5
397;94183.3;-17932.5;90785.1;20151.3
398;100759.5;-8768.8;96845.9;21519.4
399;98455.8;-11980.5;94761.5;21055.3
400;103698.6;-2558.6;99406.0;22115.0
401;95415.8;-16316.9;92024.1;20433.0
402;98744.8;-11485.0;95006.6;21114.1
403;99426.7;-10640.4;95637.6;21256.8
404;101426.7;-7952.1;97501.5;21688.6
405;97566.5;-12940.0;93922.4;20866.8
406;98533.3;-12923.0;95030.8;21118.0
407;93497.9;-19415.7;90200.1;20016.8
408;96524.5;-14713.3;93038.5;20663.2
409;99621.6;-10360.2;95812.7;21299.2
410;101098.3;-8587.1;97219.7;21621.9
411;97910.0;-12530.9;94238.1;20933.2
412;103473.8;-3619.6;99289.5;22092.0
413;102814.0;-4882.4;98658.9;21943.7
414;98311.7;-12637.1;94707.5;21044.5
415;92992.0;-20118.4;89618.6;19880.1
416;94401.4;-17625.1;90998.4;20196.2
417;96738.8;-13974.9;93154.4;20691.0
418;101124.7;-8541.1;97243.7;21628.8
419;99158.3;-11769.7;95528.4;21229.4
420;93670.7;-18854.2;90300.5;20041.6
421;98036.0;-12385.9;94355.5;20958.4
422;102293.6;-6660.6;98343.4;21868.6
423;97488.8;-14018.4;94022.5;20889.2
424;96759.3;-14201.0;93216.1;20705.7
425;103542.5;-3143.9;99282.4;22089.7
426;98537.7;-12543.1;94953.9;21099.8
427;97364.0;-13648.9;93808.2;20837.8
428;99387.8;-10689.8;95601.8;21250.7
429;98558.1;-12032.1;94887.7;21080.1
430;97545.1;-12975.9;93904.6;20863.6
431;101429.8;-7611.9;97442.3;21679.5
432;101199.5;-8056.6;97243.7;21628.8
433;100549.8;-9122.5;96666.8;21489.6
434;98310.0;-12045.5;94609.5;21028.5
435;101263.3;-7992.7;97307.6;21639.1
436;98306.8;-12779.2;94729.8;21050.6
437;99518.1;-11247.6;95850.3;21306.0
438;100856.5;-9352.7;97077.9;21579.9
439;100498.2;-9106.6;96603.5;21471.0
440;102869.2;-4802.0;98716.4;21957.6
441;99620.5;-10367.4;95812.6;21299.1
442;94654.7;-17063.6;91204.0;20240.6
443;95740.6;-15875.4;92334.8;20498.6
444;101784.2;-6992.6;97759.1;21745.4
445;97696.6;-13275.9;94120.0;20909.7
446;99226.2;-12053.6;95672.7;21263.3
447;96525.2;-14409.3;92985.8;20652.9
448;100790.5;-9433.3;97013.8;21563.2
449;97596.6;-13229.9;93998.2;20885.2
450;102064.4;-6449.9;98006.9;21798.7
451;97341.7;-13175.1;93708.4;20809.4
452;101130.5;-8532.0;97249.0;21629.2
453;100129.5;-9806.9;96301.3;21413.3
454;96859.5;-13829.8;93267.6;20717.2
455;101164.2;-8106.3;97209.2;21617.0
456;96419.4;-14498.5;92880.1;20632.6
457;96495.3;-14979.8;93054.6;20666.8
458;100128.1;-10319.9;96400.3;21429.7
459;97073.3;-13728.5;93492.3;20767.8
460;97029.5;-14373.9;93561.4;20784.1
461;97655.7;-13377.4;94092.4;20906.2
462;96065.1;-15568.6;92666.0;20579.6
463;101054.2;-8288.9;97107.0;21584.8
464;99795.6;-11067.9;96150.4;21380.6
465;98398.4;-11913.2;94686.5;21040.9
466;98212.8;-12666.9;94599.9;21021.5
467;99470.9;-11328.2;95811.5;21299.0
468;102652.2;-5963.4;98673.4;21947.6
469;100631.4;-8932.1;96727.9;21501.8
470;97379.6;-13159.6;93748.5;20820.0
471;100283.7;-10051.2;96530.2;21460.6
472;98276.6;-12104.4;94580.6;21016.5
473;98071.5;-12490.6;94414.1;20978.2
474;103023.1;-4781.7;98884.8;21993.1
475;97577.0;-12943.7;93934.9;20868.6
476;97442.7;-13089.1;93808.2;20837.8
479;99619.0;-10377.5;95812.6;21299.1
480;96908.7;-13839.9;93324.2;20729.8
481;99774.6;-10151.5;95952.5;21331.8
482;95782.6;-16073.3;92434.1;20525.8
483;96635.1;-14770.4;93176.8;20698.1
484;100162.0;-9590.1;96301.4;21413.4
485;101883.4;-7605.3;98014.1;21799.1
486;99956.2;-9901.0;96118.7;21373.8
487;101281.1;-8464.1;97423.3;21674.7
488;102591.7;-5668.5;98527.2;21913.7
489;100844.8;-9545.6;97093.6;21581.0
490;96416.5;-14360.6;92851.9;20622.2
491;98088.0;-13428.3;94607.3;21025.1
492;99886.5;-10812.5;96204.7;21391.5
493;97461.6;-13751.0;93940.4;20870.4
494;99623.0;-10349.2;95812.7;21299.3
495;94872.9;-16706.9;91410.9;20291.1
496;96619.4;-14116.7;93042.8;20664.6
497;99794.6;-10172.6;95978.9;21337.2
499;95981.9;-14941.9;92449.1;20530.4
500;98510.4;-11788.8;94791.5;21060.5
501;94572.1;-17196.2;91127.5;20225.9
502;98503.2;-12778.5;94960.4;21101.6
503;96683.6;-14022.9;93100.5;20679.5
504;97877.1;-12601.2;94212.9;20927.4
505;97815.2;-13453.6;94289.8;20945.6
506;98970.5;-11385.5;95245.7;21166.1
507;97123.0;-14186.7;93632.3;20794.1
508;98778.1;-11426.8;95035.2;21121.6
509;97104.3;-13804.9;93541.5;20777.6
510;99627.7;-11495.4;96037.8;21352.1
511;102639.2;-5261.5;98508.3;21906.9
512;98903.0;-11961.0;95266.6;21174.5
513;98962.1;-11216.9;95207.4;21158.5
514;95849.2;-15146.5;92327.3;20497.7
515;99982.6;-10935.3;96345.3;21419.7
516;96711.0;-14385.7;93194.0;20701.0
517;96520.4;-14949.3;93078.3;20673.6
518;99758.1;-10729.6;96041.0;21352.4
519;98881.8;-11874.9;95224.7;21163.6
520;100932.6;-9612.4;97227.9;21622.3
521;102020.2;-6543.5;97968.5;21790.1
522;97194.4;-14039.2;93687.5;20805.9
523;98727.5;-12219.2;95111.7;21137.9
524;102814.9;-4876.3;98659.0;21943.8
525;100881.0;-8540.4;96948.6;21548.3
526;100148.3;-10109.8;96380.4;21427.2
527;101683.0;-7144.7;97664.1;21727.0
528;96932.6;-14804.7;93537.0;20776.9
529;100061.4;-9750.0;96213.4;21394.6
530;101834.9;-7321.0;97887.5;21775.4
531;102453.1;-5734.3;98359.1;21872.8
532;96540.1;-14879.5;93087.7;20678.2
533;97889.8;-13073.7;94302.7;20949.0
534;99411.4;-10917.7;95668.3;21262.7
535;97832.4;-12919.2;94218.2;20928.8
536;97630.9;-12867.2;93983.4;20883.9
537;100185.6;-9539.5;96319.4;21415.0
538;97628.9;-13388.1;94064.2;20901.3
539;94386.8;-17579.1;90972.8;20194.0
540;99205.2;-11972.2;95629.1;21255.8
542;96845.5;-13781.0;93251.4;20713.4
543;94750.0;-17530.8;91434.0;20298.0
544;100862.4;-9140.4;97040.1;21570.4
546;94624.3;-17109.0;91174.6;20234.3
547;97919.1;-12546.2;94250.8;20935.4
548;101495.6;-7483.7;97498.1;21688.0
549;101646.6;-7401.4;97666.4;21727.6
550;95679.4;-16241.0;92344.6;20501.6
551;98140.2;-12272.5;94455.6;20991.2
552;95032.1;-16459.4;91562.3;20328.8
553;100845.3;-9215.2;97034.8;21570.0
554;95058.2;-16630.3;91629.3;20347.0
555;98129.1;-12780.5;94523.7;21000.9
556;101023.1;-8324.6;97076.9;21579.7
557;97957.4;-13005.7;94367.3;20963.7
558;101890.4;-7624.9;98029.0;21801.6
559;96515.6;-14246.3;92947.3;20648.1
560;99213.7;-11986.5;95642.8;21257.2
561;100593.4;-8997.2;96695.1;21493.8
562;98226.6;-12163.7;94534.2;21004.5
563;101732.5;-7673.2;97830.4;21763.5
564;99755.1;-10631.2;96016.0;21346.7
565;94669.3;-17412.7;91292.1;20262.6
567;100090.2;-9717.8;96240.6;21398.7
568;98646.7;-12467.1;95068.3;21127.9
569;95149.2;-16868.8;91804.8;20380.5
570;98742.0;-11591.4;95021.2;21116.1
571;97474.2;-13094.6;93844.7;20848.6
572;99969.6;-10438.7;96234.2;21397.0
573;99437.2;-10622.4;95646.1;21257.6
574;103012.8;-4591.1;98860.7;21987.9
575;98889.8;-11314.2;95142.3;21145.4
576;99767.9;-10165.1;95947.3;21331.5
577;99423.8;-10725.2;95648.2;21257.8
578;98205.5;-12198.6;94516.1;20999.8
579;98012.1;-13094.4;94448.9;20988.2
580;101170.9;-8079.0;97212.4;21618.3
581;100415.0;-9256.7;96534.5;21461.9
582;97031.1;-13941.5;93482.7;20766.9
583;95967.4;-14973.3;92437.3;20526.2
584;98318.1;-12510.9;94691.7;21041.2
585;101324.8;-7773.8;97342.9;21645.5
586;98422.4;-12283.7;94778.4;21058.7
587;102784.0;-4949.5;98632.8;21933.5
588;96740.6;-13976.5;93156.8;20691.5
589;98771.4;-12116.1;95142.2;21145.3
590;92741.8;-20697.8;89385.8;19828.9
591;97125.2;-13756.2;93557.2;20783.7
592;97825.3;-12648.3;94163.8;20917.9
593;99762.4;-10176.9;95943.0;21331.0
594;102692.6;-5131.4;98552.7;21924.7
595;98642.2;-11638.0;94915.7;21090.4
596;101984.1;-6926.7;97996.5;21795.9
597;100042.8;-10194.7;96272.0;21405.1
598;100820.9;-9107.6;96983.4;21559.7
599;97347.7;-13853.7;93828.9;20845.3
600;101630.5;-8272.1;97830.3;21763.3
601;96059.0;-14838.6;92520.9;20547.5
602;99705.3;-10329.3;95903.3;21322.1
603;96302.3;-14693.7;92777.4;20603.3
604;97158.9;-14452.6;93724.3;20813.2
605;94982.2;-17188.4;91665.6;20354.3
607;99374.3;-10799.9;95604.9;21250.9
608;98394.3;-11948.1;94687.5;21041.0
609;95428.6;-15801.6;91932.2;20411.3
610;102077.7;-6495.8;98031.0;21801.8
611;99206.1;-11695.9;95571.4;21245.4
612;100961.9;-8490.3;97033.5;21566.5
613;100417.9;-9283.3;96542.0;21463.9
614;96993.6;-13611.2;93391.1;20746.9
615;94052.6;-18011.7;90632.1;20115.5
616;96380.6;-14631.4;92857.3;20622.8
617;101468.7;-7618.4;97488.8;21685.3
618;96099.9;-14780.0;92558.6;20556.5
619;100506.0;-9126.1;96616.3;21475.3
620;97106.6;-13676.4;93522.0;20774.4
621;99238.4;-12061.6;95689.4;21264.6
622;94237.9;-18107.9;90890.0;20173.1
623;101328.0;-7808.2;97352.4;21647.5
624;98465.9;-11876.9;94756.0;21053.5
625;100674.4;-8868.2;96765.4;21505.3
626;98946.9;-11544.0;95246.7;21166.2
627;100468.4;-9194.4;96584.4;21468.1
628;98313.4;-12042.7;94612.6;21028.7
629;100328.2;-9377.6;96454.6;21440.5
630;95034.6;-16448.2;91563.4;20330.0
631;96040.4;-14850.7;92501.8;20544.9
632;100278.4;-9430.0;96406.7;21430.4
633;98471.3;-11841.0;94756.0;21053.5
634;97835.9;-13668.2;94355.5;20958.4
635;98066.0;-12780.0;94452.4;20990.9
636;99683.0;-10556.1;95918.0;21323.3
637;97123.3;-13791.2;93561.5;20784.2
638;99555.8;-11464.4;95942.9;21330.9
639;96421.8;-14351.9;92856.3;20622.7
640;97470.7;-13792.2;93958.4;20873.8
641;100910.6;-8533.3;96982.3;21557.5
642;100822.4;-9912.6;97156.5;21604.3
643;95937.9;-15365.9;92473.6;20535.6
644;100514.6;-9327.8;96662.6;21488.2
645;96015.5;-15496.5;92591.6;20564.5
646;100300.5;-9417.7;96429.5;21434.7
647;94157.4;-17799.6;90725.8;20137.7
648;95850.5;-15688.2;92430.8;20525.4
649;97259.9;-13961.6;93747.4;20818.9
650;98171.3;-12196.0;94478.0;20994.5
651;101961.8;-6643.1;97915.8;21780.8
652;100664.1;-9160.1;96805.2;21510.5
653;102175.7;-7028.7;98269.2;21852.3
654;101425.4;-7628.2;97440.1;21679.2
655;97900.8;-12569.4;94233.9;20931.0
656;97939.5;-12493.3;94264.9;20938.2
657;100967.9;-9041.9;97150.3;21601.9
658;98624.0;-11830.6;94927.4;21093.4
659;98138.7;-12522.2;94497.1;20997.2
660;95427.9;-15967.1;91962.0;20416.9
661;98306.3;-12047.2;94605.1;21023.9
662;92141.1;-22132.7;88802.1;19696.6
663;97400.3;-13663.7;93853.2;20850.3
664;96254.3;-14659.8;92716.7;20589.6
665;100165.5;-9815.7;96344.3;21419.6
666;97443.4;-13085.1;93808.3;20837.9
667;97756.1;-12883.2;94125.3;20910.1
668;101612.0;-8026.0;97753.8;21744.9
669;96058.3;-15104.5;92566.2;20557.4
670;99306.7;-10858.7;95537.1;21231.6
671;94163.0;-17812.5;90736.4;20142.5
672;98774.6;-11452.5;95035.2;21121.6
673;99525.8;-10481.1;95723.2;21276.7
674;100608.1;-8975.7;96708.8;21498.9
675;96380.9;-14800.3;92888.5;20633.2
676;99324.2;-10771.3;95542.4;21234.1
677;99286.8;-10996.9;95538.2;21231.8
678;98411.5;-12457.9;94789.4;21060.3
679;98907.4;-11309.7;95161.2;21146.9
680;99657.5;-10323.5;95846.9;21305.4
681;99499.5;-10525.9;95700.9;21271.4
682;96112.5;-15354.8;92678.5;20580.4
683;95592.9;-16310.3;92253.9;20482.1
685;103024.9;-5163.8;98979.2;22023.8
686;95315.5;-15983.0;91824.8;20384.0
687;99464.5;-11363.4;95811.5;21299.0
688;99952.8;-10366.5;96198.4;21390.0
689;100117.3;-10768.3;96471.4;21442.9
690;98888.2;-11293.1;95137.1;21145.0
691;96326.4;-14842.5;92831.8;20613.5
692;98118.4;-12384.2;94449.0;20988.4
693;97338.2;-13673.4;93783.7;20833.5
694;98827.4;-11627.4;95125.4;21141.9
695;97930.9;-12519.8;94259.7;20937.8
696;98244.3;-12150.8;94552.1;21010.0
697;100977.7;-8472.8;97049.5;21573.3
698;101493.9;-7501.8;97499.3;21688.2
699;95651.7;-16149.5;92286.9;20490.2
700;97483.6;-13031.9;93844.7;20848.6
701;96708.2;-13982.3;93121.7;20684.3
702;101281.0;-8750.9;97488.7;21685.1
703;98419.9;-11926.3;94712.6;21045.8
704;101850.5;-7662.5;97984.1;21794.1
705;97219.8;-14491.3;93809.4;20838.1
706;98498.5;-12499.6;94897.7;21084.7
707;95427.0;-15806.5;91931.0;20411.1
708;101668.5;-7197.3;97655.8;21725.4
709;97649.3;-13193.4;94053.1;20898.5
710;94977.9;-17035.2;91613.0;20344.2
711;97114.3;-13866.4;93564.6;20784.3
713;98386.1;-12506.5;94768.9;21058.0
715;99194.3;-11157.6;95461.9;21214.3
716;102137.9;-6422.2;98092.5;21817.4
717;97857.8;-12569.9;94186.8;20924.5
718;100488.1;-9150.4;96599.4;21469.7
719;99282.6;-10972.2;95529.6;21229.8
720;98103.8;-12322.4;94422.7;20982.3
721;93741.5;-18571.2;90337.5;20047.4
722;100707.0;-9365.1;96897.6;21536.0
723;97167.4;-14550.4;93759.1;20824.9
724;98503.1;-12429.7;94888.7;21080.3
725;95560.5;-15750.6;92089.3;20447.6
726;99225.0;-10908.5;95453.3;21212.4
727;98700.4;-12164.6;95069.3;21128.0
728;98495.8;-12546.0;94904.1;21088.4
729;98191.9;-12442.0;94543.7;21007.5
730;101054.3;-8322.0;97113.4;21586.5
731;100875.2;-8579.4;96948.5;21548.3
732;100231.7;-9742.0;96407.8;21430.4
734;97027.9;-14314.4;93547.6;20780.8
735;97660.1;-12825.0;94008.9;20888.2
736;96179.9;-14753.3;92646.0;20572.5
737;99397.3;-11571.4;95776.0;21288.3
738;96905.2;-14004.3;93348.2;20733.3
739;92348.8;-21600.8;89005.7;19742.8
740;95600.9;-16121.5;92216.4;20474.5
741;98734.1;-11518.9;95000.1;21111.4
742;100911.5;-8817.0;97034.7;21569.7
743;94915.4;-16624.4;91450.3;20305.9
744;97001.3;-14343.2;93522.0;20774.4
745;98226.2;-12166.6;94534.2;21004.6
746;96848.2;-13837.8;93255.8;20714.0
747;99735.4;-10588.0;95984.2;21337.7
748;98556.9;-11954.6;94871.1;21075.6
749;99234.9;-11348.3;95543.6;21235.5
750;96856.7;-13838.0;93265.3;20715.7
751;102250.6;-6112.2;98174.9;21830.8
752;98527.8;-11788.4;94811.6;21065.9
753;101629.5;-7349.6;97636.0;21717.8
754;97366.4;-14061.0;93888.4;20859.7
755;99771.5;-11034.9;96113.5;21373.3
756;96892.5;-14149.5;93360.2;20736.9
757;96337.2;-14476.6;92780.6;20603.6
758;96913.1;-13680.3;93311.0;20726.9
759;98449.7;-11878.3;94738.2;21051.3
760;97964.3;-13007.8;94375.7;20965.4
761;101994.7;-7674.2;98179.1;21832.3
762;95883.2;-15089.3;92357.4;20504.0
763;96016.2;-14934.5;92487.5;20539.9
764;102469.9;-6370.8;98520.8;21912.9
765;99995.5;-9835.3;96152.4;21380.6
766;94189.3;-17803.3;90768.7;20149.5
767;99653.6;-10674.0;95905.5;21322.5
768;98904.6;-12427.3;95366.2;21193.0
769;93597.4;-18824.0;90197.8;20014.5
770;97681.4;-12822.1;94032.2;20894.2
771;98463.5;-12095.5;94791.6;21060.6
772;100150.1;-10306.2;96423.3;21433.4
773;100777.0;-9044.5;96917.3;21540.2
774;98786.2;-11437.8;95045.9;21123.8
775;101017.8;-8360.7;97076.9;21579.8
776;98214.8;-12141.3;94517.4;21000.3
777;96542.9;-14198.9;92969.9;20650.7
778;96375.8;-14430.0;92816.8;20611.0
779;99839.4;-10066.5;96011.4;21342.7
780;94025.7;-18065.8;90608.9;20111.6
781;99969.2;-10821.5;96306.7;21414.0
782;95899.5;-15474.2;92449.3;20530.6
783;97709.7;-12777.5;94056.5;20899.2
784;99617.9;-11075.8;95934.4;21328.0
785;101377.3;-8126.5;97474.1;21684.1
786;93922.6;-18795.3;90641.8;20116.5
787;96672.0;-14023.6;93087.7;20678.2
788;98504.5;-12720.1;94949.4;21097.0
789;97034.4;-14318.7;93556.1;20783.7
790;100480.1;-9786.8;96713.0;21499.2
791;93726.4;-18588.9;90320.8;20043.3
792;99421.7;-10623.7;95629.1;21255.8
793;99470.3;-11016.9;95755.9;21283.5
794;98678.0;-11596.8;94949.4;21097.1
795;101035.9;-8944.0;97215.5;21618.5
796;95692.6;-15388.3;92185.1;20465.1
797;101199.5;-7989.7;97231.1;21622.6
798;96909.1;-13713.4;93312.2;20727.2
799;100263.2;-9535.3;96406.7;21430.4
800;97625.5;-13784.1;94133.9;20913.0
801;100448.4;-9472.3;96610.1;21474.0
802;100233.8;-10400.4;96534.5;21462.0
804;98191.8;-12203.3;94501.4;20997.7
805;98333.5;-12023.2;94631.8;21030.5
806;98011.5;-12435.8;94336.4;20955.7
807;96789.9;-13899.1;93200.3;20702.5
808;102792.6;-6003.0;98854.6;21987.6
809;99057.7;-11091.9;95295.0;21177.8
810;102142.8;-7003.3;98219.5;21844.0
811;97239.6;-13326.8;93620.6;20793.0
812;96082.8;-14810.8;92543.5;20550.8
813;98867.9;-11342.3;95122.1;21140.6
814;97258.7;-13269.6;93632.4;20794.2
816;99084.2;-11397.4;95378.1;21196.5
817;101123.9;-8902.9;97318.1;21643.0
818;98039.7;-12398.7;94362.0;20963.3
819;97674.0;-13476.9;94131.7;20912.7
820;98309.7;-12974.8;94772.0;21058.1
821;99366.6;-10892.5;95612.4;21252.7
822;100584.1;-9003.4;96685.7;21492.1
823;98221.7;-12425.5;94574.2;21013.9
824;96822.3;-14577.5;93358.0;20736.6
825;96068.5;-14835.8;92531.6;20549.6
826;98208.9;-13038.5;94667.6;21037.5
827;99715.5;-11194.1;96079.6;21364.2
828;99642.6;-10315.9;95829.3;21302.4
829;98503.7;-11828.4;94790.5;21060.5
830;97167.0;-13373.1;93547.6;20780.9
831;98712.0;-12515.7;95153.8;21146.2
832;99912.4;-9950.6;96076.5;21364.0
833;98442.9;-12057.1;94760.3;21055.0
834;98830.3;-11346.6;95080.9;21130.9
835;98167.0;-12425.7;94510.9;20999.4
836;100673.5;-9240.3;96831.4;21516.5
837;97531.5;-12989.4;93891.5;20859.8
838;98995.4;-11200.6;95242.3;21165.4
839;99416.9;-11019.0;95692.5;21264.8
840;100276.7;-9441.6;96406.7;21430.4
841;102162.5;-6246.9;98091.3;21817.0
842;100162.6;-9606.2;96304.4;21413.5
843;99967.1;-9884.3;96128.4;21376.0
844;95027.9;-16887.5;91643.3;20350.4
845;99874.7;-10541.4;96142.2;21378.2
847;96493.3;-14915.7;93039.6;20663.3
848;96188.2;-14645.2;92637.3;20571.5
849;98060.9;-12390.6;94384.2;20966.2
850;100872.0;-9162.6;97055.8;21573.7
851;99796.6;-10118.3;95971.5;21333.5
852;97436.5;-13145.2;93810.5;20838.2
853;98476.2;-11839.3;94761.4;21055.2
854;101029.0;-8352.3;97088.3;21580.4
855;100151.7;-9600.1;96291.2;21409.0
857;100696.0;-10058.3;97026.3;21566.1
858;99204.9;-11886.2;95611.2;21252.3
859;99805.3;-11117.3;96171.0;21384.7
860;97735.9;-12741.5;94079.8;20905.2
861;96275.4;-14524.6;92718.0;20591.1
862;98928.3;-11458.0;95209.7;21158.9
863;99532.6;-11362.4;95894.8;21319.3
864;95306.6;-16002.3;91817.3;20382.3
865;97346.4;-13211.7;93719.7;20811.3
866;97627.8;-13212.7;94032.2;20895.3
867;99189.5;-10945.2;95419.3;21205.2
868;97946.7;-12539.0;94280.7;20943.3
869;99444.0;-11404.3;95795.9;21297.0
870;98788.5;-11446.3;95050.2;21125.2
871;101003.6;-8763.7;97136.5;21598.4
872;94476.7;-17878.2;91144.8;20227.7
873;102513.7;-5718.3;98435.2;21892.9
874;101953.2;-6638.0;97904.2;21778.8
875;98686.2;-11554.1;94951.5;21098.3
876;100100.2;-9683.2;96245.8;21399.0
877;99905.0;-10364.2;96142.2;21378.3
878;96696.8;-14717.5;93238.7;20712.2
879;98943.1;-11267.3;95193.9;21153.6
880;100383.5;-9450.9;96531.2;21460.6
881;99304.5;-10807.5;95526.3;21229.3
882;100895.6;-9302.3;97114.6;21586.9
883;98654.9;-12303.4;95043.8;21123.6
884;98603.5;-12465.3;95016.1;21116.0
885;96761.7;-13935.8;93174.7;20698.0
886;97704.3;-12767.3;94048.8;20898.2
887;97384.9;-13710.7;93844.7;20848.6
888;102662.3;-5203.2;98527.3;21913.8
889;99140.3;-11008.5;95373.5;21193.6
890;96118.9;-15257.7;92668.0;20579.6
891;99495.7;-10569.6;95704.0;21271.5
892;98110.2;-12292.1;94424.9;20982.5
894;99693.9;-10248.9;95876.7;21313.3
895;94900.1;-16795.9;91463.9;20308.8
896;99932.3;-9951.1;96099.2;21366.2
897;96272.8;-14749.7;92754.2;20600.5
898;94989.0;-17176.8;91671.1;20355.0
899;99714.8;-10239.2;95899.2;21322.0
900;95062.0;-16428.7;91594.7;20340.3
901;97451.6;-13448.6;93873.4;20854.1
902;99006.4;-11370.0;95284.4;21176.9
903;100008.5;-9828.7;96165.8;21382.3
904;100304.9;-9560.3;96458.8;21440.8
905;98393.3;-12416.7;94760.4;21055.1
906;96606.3;-14147.1;93033.2;20662.8
907;103186.9;-4162.6;98985.6;22024.5
908;97144.1;-13452.8;93534.8;20776.7
909;102790.9;-5462.9;98749.6;21969.8
910;97499.6;-13021.2;93860.6;20851.0
911;101264.9;-8170.2;97342.9;21645.5
912;101103.7;-8203.4;97153.4;21603.1
913;96093.5;-14915.1;92574.7;20562.2
914;99265.0;-11553.8;95611.3;21252.6
915;100181.5;-10456.0;96481.9;21445.6
916;100087.8;-10350.7;96358.1;21423.0
917;98059.1;-12562.9;94414.1;20978.2
918;99029.1;-12352.2;95501.4;21223.9
919;97624.0;-12876.5;93977.0;20881.3
920;95831.9;-15144.6;92307.2;20495.2
921;100868.7;-8793.4;96980.2;21557.3
922;97116.5;-14267.5;93638.9;20795.9
923;101624.8;-8261.2;97819.8;21761.4
924;99976.5;-9876.2;96137.8;21377.5
925;96466.5;-14307.2;92901.3;20637.5
926;98173.9;-12238.6;94487.6;20996.4
927;97894.7;-12564.3;94226.5;20930.3
928;96423.8;-14835.9;92946.2;20646.9
929;99692.0;-10484.1;95916.0;21323.3
930;97441.0;-13101.2;93808.3;20837.9
931;102453.1;-5839.4;98381.0;21882.7
932;100609.9;-8969.7;96709.9;21499.1
933;96497.7;-14266.8;92930.0;20642.0
934;98460.4;-12103.5;94789.4;21060.3
935;97903.3;-13273.8;94356.7;20960.8
936;94808.3;-17236.9;91436.2;20298.3
937;100788.3;-8706.4;96868.0;21523.2
938;100653.8;-9744.2;96902.9;21538.4
939;100767.0;-8762.8;96853.4;21520.3
940;97355.7;-13925.4;93851.1;20850.2
941;101107.8;-8159.4;97150.3;21601.9
942;97981.3;-12987.7;94391.8;20970.1
943;100796.4;-8705.7;96877.4;21525.9
944;102785.7;-5749.8;98774.4;21972.3
945;98893.1;-11258.5;95137.0;21145.0
946;95101.6;-16967.5;91766.8;20375.2
947;97808.3;-12665.7;94147.8;20916.4
948;99900.4;-10826.3;96223.8;21395.4
949;101471.1;-7551.7;97480.3;21684.4
950;95773.1;-15952.3;92392.5;20514.0
951;98047.7;-12772.8;94430.1;20982.8
952;98919.6;-12297.6;95354.7;21189.3
953;99512.9;-10843.2;95772.9;21288.2
954;100729.0;-8833.7;96821.9;21512.6
955;96347.9;-14439.3;92785.9;20604.1
957;100969.7;-8435.6;97033.5;21566.5
958;99479.8;-10581.4;95687.3;21264.4
959;99522.7;-10968.5;95808.3;21298.6
960;101186.3;-8237.6;97260.6;21630.5
961;98800.0;-11439.5;95061.8;21126.3
962;99790.1;-10193.0;95976.8;21337.1
963;97802.1;-12730.1;94151.1;20916.9
964;95335.7;-16410.1;91938.6;20412.9
965;95487.3;-15965.7;92039.8;20436.4
966;98737.5;-11521.0;95004.4;21112.7
967;97967.3;-13173.2;94412.0;20978.0
968;96950.8;-14111.0;93420.5;20752.9
969;99317.0;-10794.3;95538.2;21231.8
970;96470.9;-14302.7;92905.6;20639.0
971;98817.2;-11418.5;95077.7;21129.7
972;98470.3;-12046.0;94789.3;21060.2
975;102063.8;-6437.4;98003.7;21798.4
976;99321.0;-10762.1;95537.1;21231.6
977;92418.1;-21430.5;89071.1;19757.6
978;97564.9;-12942.0;93921.0;20866.1
979;99437.4;-10875.6;95690.5;21264.7
980;97885.5;-13372.2;94355.6;20959.5
981;99904.8;-10136.3;96099.4;21366.5
982;96241.7;-14791.4;92725.6;20594.0
983;98966.9;-11218.3;95213.1;21160.5
984;98434.5;-11896.5;94724.3;21049.9
985;98057.2;-12820.2;94449.0;20988.2
986;97985.1;-12844.1;94370.5;20963.9
987;99014.0;-11230.4;95268.9;21176.1
988;100788.6;-8735.2;96873.1;21524.5
989;97338.4;-13200.0;93708.7;20809.8
990;97532.2;-13417.4;93958.4;20873.8
991;98936.6;-11250.9;95184.4;21152.8
992;98096.1;-13255.0;94577.5;21014.2
993;99360.0;-11244.6;95670.6;21263.2
994;100265.4;-9442.2;96394.0;21428.1
995;101638.4;-7260.1;97630.8;21717.5
996;98276.5;-12110.9;94581.9;21018.9
998;98353.0;-12209.2;94685.4;21040.8
999;99396.0;-10691.1;95611.2;21252.4
1000;98124.3;-12292.0;94440.5;20986.5
