CASO;pATIVA;pREATIVA;dATIVA;dREATIVA
1;18508.1;-6474.1;17891.8;-474.6
2;15376.3;-6543.6;14779.0;-646.7
3;15489.3;-6594.9;14893.1;-636.7
4;14742.3;-6170.7;14136.4;-677.8
5;17434.6;-6795.4;16833.9;-536.6
6;13085.2;-4366.3;12430.9;-768.2
7;18676.8;-6403.1;18057.0;-464.6
8;15170.1;-6442.0;14570.8;-652.7
9;16673.1;-6865.5;16079.2;-574.7
10;15876.3;-6735.1;15282.5;-616.7
11;18277.8;-6551.4;17665.6;-490.6
12;13409.6;-4830.2;12768.2;-751.0
13;15775.5;-6702.3;15181.4;-619.7
14;15691.0;-6677.8;15096.3;-628.7
15;17811.7;-6691.6;17206.2;-513.6
16;14711.6;-6152.1;14105.4;-679.8
17;15986.9;-6763.4;15393.6;-607.7
18;15007.4;-6336.6;14405.7;-660.7
19;16284.7;-6835.5;15691.8;-599.7
20;17033.1;-6855.1;16436.5;-558.7
21;14711.6;-6151.1;14105.4;-678.8
22;17826.0;-6688.7;17220.2;-514.6
23;17486.2;-6776.4;16884.9;-527.6
24;16926.9;-6859.4;16331.4;-558.7
25;17485.2;-6776.8;16883.9;-527.6
26;15277.2;-6499.2;14678.9;-650.7
27;16051.9;-6784.1;15458.6;-609.7
28;14933.3;-6300.5;14330.6;-667.7
29;15856.3;-6725.1;15262.4;-613.7
30;16965.4;-6856.1;16369.4;-557.7
31;15264.3;-6494.8;14665.9;-652.7
32;15673.0;-6666.2;15078.3;-624.7
33;15274.3;-6497.3;14675.9;-650.7
34;15056.6;-6374.6;14455.7;-658.7
35;15296.8;-6512.1;14698.9;-649.7
36;16204.8;-6802.5;15611.8;-589.7
37;14682.2;-6128.6;14075.4;-680.9
38;16550.7;-6853.3;15957.1;-577.7
39;18555.1;-6458.1;17937.9;-474.6
40;17258.3;-6824.2;16659.7;-542.6
41;15959.0;-6756.5;15365.5;-610.7
42;14997.5;-6330.9;14395.6;-661.7
43;15193.9;-6455.9;14594.8;-653.7
44;18601.1;-6431.8;17982.9;-466.6
45;16295.7;-6836.3;15702.8;-598.7
46;15343.4;-6533.1;14746.0;-645.7
47;16485.4;-6855.7;15892.0;-586.7
48;19186.2;-6147.8;18554.4;-441.6
49;16396.0;-6845.3;15802.9;-589.7
50;17090.5;-6844.1;16493.6;-549.7
51;16639.0;-6864.0;16045.2;-576.7
52;15734.7;-6692.0;15140.3;-625.7
53;14648.8;-6103.2;14041.3;-681.9
54;15736.8;-6694.3;15142.3;-627.7
55;15930.1;-6752.1;15336.5;-614.7
56;17039.0;-6853.9;16442.5;-556.7
57;17398.1;-6798.2;16797.8;-534.6
58;17528.9;-6765.8;16927.0;-526.6
59;16618.8;-6866.3;16025.1;-579.7
60;17465.9;-6786.3;16864.9;-532.6
61;15185.0;-6448.2;14585.8;-650.7
62;17982.1;-6647.4;17374.4;-507.6
63;16939.1;-6863.4;16343.4;-562.7
64;15811.5;-6715.6;15217.4;-620.7
65;16909.7;-6861.0;16314.4;-559.7
66;16117.8;-6792.7;15524.7;-600.7
67;17809.7;-6691.7;17204.2;-513.6
68;18361.2;-6526.0;17747.7;-481.6
69;19301.6;-6069.2;18666.5;-429.6
70;14299.7;-5821.3;13685.0;-704.2
71;14241.1;-5765.0;13624.9;-705.2
72;15525.0;-6612.7;14929.1;-636.7
73;16446.3;-6843.6;15853.0;-582.7
74;17449.7;-6795.2;16848.9;-537.6
75;16662.0;-6866.2;16068.2;-575.7
76;13458.0;-4894.1;12818.2;-749.9
77;15797.6;-6708.4;15203.4;-619.7
78;17382.8;-6800.6;16782.8;-534.6
79;16544.5;-6857.2;15951.1;-580.7
80;17291.7;-6819.2;16692.7;-541.6
81;15913.1;-6743.7;15319.5;-612.7
82;15945.0;-6756.0;15351.5;-613.7
83;16482.4;-6853.4;15889.0;-585.7
84;16794.9;-6866.4;16200.3;-567.7
85;16498.3;-6854.6;15905.0;-582.7
86;16391.0;-6843.1;15797.9;-588.7
87;15296.8;-6512.1;14698.9;-649.7
88;16753.6;-6864.0;16159.2;-567.7
89;16398.0;-6844.4;15804.9;-588.7
90;17807.8;-6691.0;17202.2;-513.6
91;17904.1;-6664.6;17297.3;-507.6
92;16479.3;-6851.2;15886.0;-583.7
93;15700.9;-6680.5;15106.3;-626.7
94;15340.5;-6531.0;14743.0;-645.7
95;16812.1;-6861.7;16217.3;-563.7
96;16331.9;-6838.5;15738.9;-594.7
97;15746.7;-6695.6;15152.3;-624.7
98;16288.6;-6836.4;15695.8;-599.7
99;15363.3;-6541.0;14766.0;-644.7
100;17195.6;-6825.0;16597.7;-539.6
101;15604.6;-6647.6;15009.2;-635.7
102;17942.4;-6657.7;17335.3;-506.6
103;16785.9;-6865.8;16191.3;-568.7
104;17053.1;-6851.5;16456.5;-553.7
105;14716.6;-6156.8;14110.4;-680.8
106;16459.3;-6846.1;15866.0;-582.7
107;17256.2;-6822.3;16657.7;-540.6
108;14906.7;-6281.7;14303.6;-667.7
109;15858.3;-6725.7;15264.4;-613.7
110;16270.8;-6834.7;15677.8;-602.7
111;14334.8;-5850.7;13721.0;-700.2
112;16660.1;-6864.5;16066.2;-575.7
113;17408.1;-6797.1;16807.8;-533.6
114;15034.9;-6365.4;14433.7;-662.7
115;16711.4;-6861.9;16117.2;-569.7
116;14417.2;-5917.1;13805.1;-693.1
117;16170.8;-6804.5;15577.7;-598.7
118;14007.8;-5539.4;13385.7;-718.4
119;17793.5;-6694.7;17188.2;-513.6
120;16793.8;-6867.9;16199.3;-568.7
121;16189.8;-6802.5;15596.7;-592.7
122;15157.2;-6432.5;14557.8;-651.7
123;18012.6;-6637.4;17404.4;-505.6
124;18990.3;-6245.7;18363.3;-445.6
125;13678.6;-5171.0;13046.4;-737.7
126;17958.7;-6650.7;17351.3;-504.6
127;18510.1;-6475.1;17893.8;-475.6
128;16696.3;-6862.0;16102.2;-569.7
129;14571.2;-6044.8;13962.3;-688.0
130;17431.5;-6794.8;16830.9;-535.6
131;15973.0;-6761.9;15379.5;-610.7
132;15388.2;-6546.0;14791.0;-643.7
133;14530.9;-6016.6;13921.2;-692.0
134;16990.5;-6857.3;16394.5;-557.7
135;17331.3;-6817.5;16731.8;-545.6
136;15362.3;-6539.7;14765.0;-643.7
137;16948.2;-6856.4;16352.4;-557.7
138;14646.9;-6101.3;14039.3;-681.9
139;17340.3;-6815.2;16740.8;-543.6
140;16290.7;-6835.7;15697.8;-598.7
141;15962.0;-6758.2;15368.5;-610.7
142;16080.8;-6783.8;15487.6;-601.7
143;17439.6;-6797.0;16838.9;-538.6
144;17273.5;-6826.8;16674.7;-546.6
145;16963.4;-6855.3;16367.4;-556.7
146;16417.0;-6847.2;15823.9;-587.7
147;16332.9;-6839.0;15739.9;-594.7
148;17091.5;-6844.5;16494.6;-549.7
149;16547.6;-6854.6;15954.1;-578.7
150;17178.6;-6834.7;16580.6;-547.7
151;15795.6;-6708.0;15201.4;-619.7
152;12910.8;-4096.4;12248.7;-782.4
153;17680.9;-6727.1;17077.1;-519.6
154;19303.7;-6067.7;18668.5;-429.6
155;16840.3;-6860.4;16245.3;-561.7
156;16083.8;-6784.6;15490.6;-601.7
157;16034.9;-6778.5;15441.6;-608.7
158;16056.9;-6784.7;15463.6;-608.7
159;16243.7;-6833.0;15650.8;-605.7
160;14677.2;-6125.9;14070.3;-680.9
161;15506.3;-6599.6;14910.1;-634.7
162;14849.6;-6246.5;14245.5;-673.7
163;16572.8;-6855.1;15979.1;-576.7
164;15812.5;-6712.4;15218.4;-617.7
165;16915.8;-6857.5;16320.4;-557.7
166;15981.0;-6761.9;15387.5;-608.7
167;17604.8;-6747.8;17002.0;-523.6
168;16519.4;-6856.3;15926.0;-581.7
169;19306.8;-6069.4;18671.5;-432.6
170;13627.1;-5104.1;12993.4;-735.8
171;15329.6;-6525.2;14732.0;-646.7
172;17486.2;-6776.4;16884.9;-527.6
173;19792.9;-5736.2;19143.0;-410.6
174;15876.3;-6733.9;15282.5;-615.7
175;16288.6;-6836.4;15695.8;-599.7
176;15911.1;-6742.9;15317.5;-612.7
177;18092.0;-6604.9;17482.5;-500.6
178;15826.4;-6715.0;15232.4;-614.7
179;17172.4;-6838.8;16574.6;-549.7
180;15780.5;-6705.1;15186.4;-620.7
181;14474.1;-5964.5;13863.2;-691.0
182;16659.1;-6863.3;16065.2;-574.7
183;16926.9;-6859.4;16331.4;-558.7
184;18035.2;-6618.1;17426.4;-501.6
185;16065.9;-6783.1;15472.6;-605.7
186;15366.4;-6544.2;14769.0;-646.7
187;17009.7;-6856.9;16413.5;-558.7
188;16554.7;-6854.3;15961.1;-577.7
189;16615.9;-6867.8;16022.1;-581.7
190;16121.8;-6794.1;15528.7;-600.7
191;17849.3;-6683.1;17243.2;-512.6
192;16738.5;-6860.1;16144.2;-565.7
193;18902.0;-6296.4;18277.2;-457.6
194;17776.2;-6698.8;17171.2;-513.6
195;17147.0;-6838.0;16549.6;-546.7
196;13989.4;-5518.3;13366.7;-719.5
197;17063.1;-6852.9;16466.5;-554.7
198;16809.0;-6865.9;16214.3;-567.7
199;17359.5;-6813.0;16759.8;-542.6
200;17681.9;-6725.5;17078.1;-518.6
201;15668.1;-6662.1;15073.3;-623.7
202;17379.8;-6800.6;16779.8;-534.6
203;15448.4;-6579.2;14852.1;-638.7
204;18976.0;-6247.2;18349.2;-446.6
205;14392.7;-5896.8;13780.1;-694.1
206;13808.6;-5317.7;13180.5;-728.6
207;13958.3;-5487.0;13334.7;-721.5
208;14995.5;-6334.3;14393.6;-664.7
209;14681.2;-6127.8;14074.4;-680.9
210;18978.0;-6246.3;18351.2;-446.6
211;15771.5;-6703.5;15177.4;-621.7
212;14381.0;-5888.9;13768.1;-697.1
213;17780.3;-6700.5;17175.2;-515.6
214;15411.1;-6553.5;14814.0;-641.7
215;14524.1;-6011.0;13914.2;-693.0
216;17449.7;-6795.2;16848.9;-537.6
217;17096.6;-6847.5;16499.6;-552.7
218;15624.3;-6657.0;15029.2;-634.7
219;18196.6;-6571.9;17585.6;-492.6
220;16407.0;-6848.2;15813.9;-589.7
221;18494.7;-6480.6;17878.8;-475.6
222;16926.9;-6859.4;16331.4;-558.7
223;18409.2;-6507.4;17794.7;-477.6
224;16375.0;-6843.4;15781.9;-591.7
225;14542.7;-6024.5;13933.2;-691.0
226;19682.3;-5819.8;19035.9;-415.6
227;15469.5;-6585.9;14873.1;-637.7
228;15947.9;-6757.6;15354.5;-613.7
229;15255.4;-6489.2;14656.9;-652.7
230;15942.0;-6757.5;15348.5;-615.7
231;16555.7;-6853.1;15962.1;-576.7
232;16507.4;-6854.1;15914.0;-581.7
233;17149.1;-6836.0;16551.6;-545.7
234;18741.1;-6379.9;18120.0;-464.6
235;16054.9;-6783.1;15461.6;-607.7
236;14528.1;-6012.5;13918.2;-692.0
237;14591.7;-6064.9;13983.3;-688.9
238;15304.7;-6515.3;14706.9;-648.7
239;13926.2;-5448.9;13301.7;-722.5
240;17381.8;-6800.6;16781.8;-534.6
241;15533.9;-6618.1;14938.1;-637.7
242;15794.5;-6709.4;15200.4;-620.7
243;16220.8;-6806.0;15627.8;-588.7
244;14299.7;-5821.3;13685.0;-704.2
245;15033.0;-6362.8;14431.7;-661.7
246;17165.3;-6836.3;16567.6;-546.6
247;17091.5;-6844.5;16494.6;-549.7
248;15606.6;-6648.4;15011.2;-635.7
249;18767.8;-6366.2;18146.1;-462.6
250;14425.0;-5926.0;13813.1;-694.1
251;15743.8;-6695.2;15149.3;-625.7
252;15902.1;-6741.5;15308.5;-613.7
253;12433.8;-3228.1;11747.2;-804.8
254;18950.2;-6269.5;18324.2;-452.6
255;16733.6;-6858.9;16139.2;-565.7
256;14786.4;-6206.2;14181.4;-677.8
257;19116.3;-6187.5;18486.4;-444.6
258;17039.0;-6853.9;16442.5;-556.7
259;16821.1;-6859.2;16226.3;-560.7
260;15381.3;-6540.9;14784.0;-642.7
261;16368.9;-6842.3;15775.9;-591.7
262;14126.8;-5656.5;13507.8;-711.3
263;17333.3;-6815.0;16733.8;-543.6
264;15704.9;-6681.8;15110.3;-626.7
265;16411.9;-6849.8;15818.9;-589.7
266;17908.0;-6666.0;17301.3;-508.6
267;16618.8;-6868.8;16025.1;-581.7
268;16590.8;-6865.2;15997.1;-582.7
269;16610.8;-6868.0;16017.1;-581.7
270;15210.6;-6469.3;14611.8;-655.7
271;17395.1;-6797.9;16794.8;-534.6
272;18391.8;-6521.4;17777.7;-484.6
273;17283.6;-6819.3;16684.7;-540.6
274;17465.0;-6786.1;16863.9;-532.6
275;15008.4;-6337.9;14406.7;-660.7
276;15024.1;-6351.4;14422.7;-657.7
277;14243.1;-5766.6;13626.9;-705.2
278;17954.7;-6651.8;17347.3;-505.6
279;15869.3;-6729.0;15275.4;-613.7
280;18184.6;-6571.5;17573.5;-491.6
281;15141.6;-6421.5;14541.8;-651.7
282;15618.4;-6653.9;15023.2;-634.7
283;16356.0;-6842.7;15762.9;-594.7
284;17514.6;-6772.5;16912.9;-529.6
285;16306.8;-6838.0;15713.8;-598.7
286;16519.4;-6857.4;15926.0;-582.7
287;16243.7;-6833.0;15650.8;-605.7
288;16468.3;-6850.2;15875.0;-584.7
289;14683.1;-6130.3;14076.4;-680.9
290;16337.0;-6841.3;15743.9;-596.7
291;15962.0;-6758.2;15368.5;-610.7
292;16146.9;-6795.7;15553.7;-597.7
293;16912.8;-6861.7;16317.4;-560.7
294;15281.2;-6499.2;14682.9;-648.7
295;16105.8;-6790.5;15512.7;-601.7
296;15812.5;-6714.7;15218.4;-619.7
297;16805.0;-6863.0;16210.3;-565.7
298;17320.1;-6817.4;16720.8;-543.6
299;14906.7;-6284.4;14303.6;-669.7
300;17039.0;-6853.9;16442.5;-556.7
301;19133.8;-6177.1;18503.4;-443.6
302;14202.1;-5730.0;13584.9;-709.3
303;15076.4;-6384.9;14475.7;-656.7
304;15006.4;-6336.6;14404.7;-660.7
305;15835.4;-6720.7;15241.4;-616.7
306;18504.0;-6476.7;17887.8;-475.6
307;16241.7;-6834.0;15648.8;-606.7
308;15260.3;-6493.6;14661.9;-653.7
309;17094.5;-6847.9;16497.6;-552.7
310;15395.1;-6550.1;14798.0;-644.7
311;17798.6;-6693.5;17193.2;-513.6
312;16645.1;-6860.3;16051.2;-573.7
313;18167.2;-6576.7;17556.5;-492.6
314;15309.7;-6515.7;14711.9;-647.7
315;20522.3;-5084.4;19844.6;-375.6
316;17379.8;-6800.6;16779.8;-534.6
317;17139.0;-6838.3;16541.6;-547.7
318;16153.7;-6800.6;15560.7;-598.7
319;15220.7;-6470.7;14621.9;-653.7
320;15024.1;-6351.4;14422.7;-657.7
321;16034.9;-6776.7;15441.6;-607.7
322;15125.6;-6415.3;14525.8;-653.7
323;16617.8;-6869.4;16024.1;-582.7
324;15083.4;-6391.3;14482.7;-658.7
325;17094.5;-6846.9;16497.6;-551.7
326;17561.3;-6758.2;16959.0;-525.6
327;15247.5;-6484.9;14648.9;-653.7
328;17893.9;-6667.6;17287.3;-508.6
329;15893.3;-6737.5;15299.5;-614.7
330;17842.1;-6684.8;17236.2;-512.6
331;16832.2;-6859.5;16237.3;-561.7
332;17796.6;-6693.4;17191.2;-513.6
333;14849.6;-6246.5;14245.5;-673.7
334;16071.9;-6783.7;15478.6;-604.7
335;18262.6;-6557.5;17650.6;-490.6
336;15365.3;-6543.9;14768.0;-646.7
337;13442.3;-4874.1;12802.2;-748.9
338;13566.1;-5033.2;12930.3;-742.8
339;12814.2;-3930.3;12147.6;-783.5
340;13336.1;-4736.2;12692.1;-758.0
341;15653.2;-6657.6;15058.2;-625.7
342;18018.7;-6635.1;17410.4;-504.6
343;15610.5;-6650.6;15015.2;-635.7
344;16678.2;-6866.3;16084.2;-574.7
345;16067.0;-6784.2;15473.6;-606.7
346;16232.7;-6832.0;15639.8;-607.7
347;15990.9;-6768.2;15397.6;-610.7
348;15981.0;-6761.9;15387.5;-608.7
349;16867.3;-6861.8;16272.4;-560.7
350;14605.4;-6078.2;13997.3;-688.9
351;17640.3;-6739.6;17037.1;-523.6
352;17510.6;-6773.4;16908.9;-529.6
353;15954.0;-6754.8;15360.5;-610.7
354;17346.4;-6812.5;16746.8;-542.6
355;15255.4;-6491.4;14656.9;-654.7
356;15481.4;-6590.9;14885.1;-636.7
357;16440.2;-6846.7;15847.0;-584.7
358;15960.0;-6755.9;15366.5;-609.7
359;15604.6;-6646.5;15009.2;-634.7
360;15293.9;-6509.6;14695.9;-649.7
361;15454.5;-6579.8;14858.1;-637.7
362;17541.9;-6766.4;16940.0;-527.6
363;13565.2;-5031.3;12929.3;-742.8
364;16714.5;-6862.2;16120.2;-569.7
365;15896.3;-6739.4;15302.5;-614.7
366;17243.2;-6823.8;16644.7;-541.6
367;16942.1;-6860.7;16346.4;-560.7
368;12446.3;-3248.6;11760.2;-801.8
369;17036.1;-6852.9;16439.5;-556.7
370;16679.1;-6866.8;16085.2;-574.7
371;16253.7;-6835.2;15660.8;-605.7
372;15572.7;-6633.2;14977.2;-635.7
373;17418.3;-6794.7;16817.9;-533.6
374;15652.2;-6657.4;15057.2;-625.7
375;18805.6;-6343.1;18183.1;-460.6
376;17011.7;-6856.0;16415.5;-557.7
377;19235.6;-6116.7;18602.5;-437.6
378;15138.5;-6419.2;14538.8;-650.7
379;13818.3;-5329.5;13190.5;-727.6
380;17220.9;-6826.3;16622.7;-542.6
381;17417.3;-6794.9;16816.9;-533.6
382;16273.8;-6832.0;15680.8;-600.7
383;14108.3;-5631.5;13488.8;-707.4
384;15604.6;-6647.6;15009.2;-635.7
385;17090.5;-6844.1;16493.6;-549.7
386;15970.1;-6760.8;15376.5;-611.7
387;16063.9;-6788.2;15470.6;-609.7
388;15981.0;-6761.9;15387.5;-608.7
389;14934.3;-6300.8;14331.6;-667.7
390;15485.3;-6594.0;14889.1;-637.7
391;14261.7;-5785.2;13646.0;-706.2
392;18708.3;-6394.6;18088.0;-465.6
393;15565.7;-6628.6;14970.2;-633.7
394;16892.6;-6860.3;16297.4;-559.7
395;14815.1;-6220.7;14210.5;-673.8
396;17333.3;-6815.0;16733.8;-543.6
397;13659.1;-5144.4;13026.4;-734.7
398;17511.6;-6773.1;16909.9;-529.6
399;16175.8;-6805.0;15582.7;-597.7
400;19200.6;-6137.5;18568.4;-438.6
401;14423.1;-5923.9;13811.1;-694.1
402;16328.9;-6838.1;15735.9;-594.7
403;16735.5;-6859.2;16141.2;-565.7
404;17955.7;-6652.3;17348.3;-505.6
405;15638.3;-6657.4;15043.2;-630.7
406;16343.9;-6838.4;15750.9;-592.7
407;13296.6;-4681.4;12651.1;-760.0
408;15076.4;-6384.9;14475.7;-656.7
409;16853.3;-6861.5;16258.3;-561.7
410;17770.1;-6701.9;17165.2;-514.6
411;15829.4;-6715.5;15235.4;-614.7
412;19123.5;-6184.6;18493.4;-445.6
413;18698.1;-6399.6;18078.0;-467.6
414;16139.8;-6796.3;15546.7;-598.7
415;12936.6;-4135.5;12275.7;-778.4
416;13789.2;-5297.2;13160.5;-730.6
417;15147.4;-6428.3;14547.8;-653.7
418;17783.3;-6698.4;17178.2;-514.6
419;16651.1;-6860.9;16057.2;-573.7
420;13362.3;-4769.1;12719.1;-756.0
421;15906.2;-6741.1;15312.5;-612.7
422;18488.8;-6482.3;17872.8;-477.6
423;15702.9;-6682.2;15108.3;-627.7
424;15189.9;-6453.8;14590.8;-653.7
425;19121.5;-6187.3;18491.4;-446.6
426;16297.7;-6836.5;15704.8;-598.7
427;15561.7;-6628.0;14966.2;-634.7
428;16711.4;-6863.4;16117.2;-570.7
429;16243.7;-6833.0;15650.8;-605.7
430;15631.3;-6659.3;15036.2;-634.7
431;17916.2;-6661.0;17309.3;-506.6
432;17783.3;-6697.1;17178.2;-513.6
433;17399.1;-6800.2;16798.8;-536.6
434;16076.8;-6785.6;15483.6;-603.7
435;17830.0;-6688.8;17224.2;-514.6
436;16153.8;-6801.5;15560.7;-599.7
437;16879.5;-6860.3;16284.4;-559.7
438;17674.8;-6730.0;17071.1;-521.6
439;17353.5;-6811.2;16753.8;-541.6
440;18738.1;-6380.0;18117.0;-464.6
441;16853.3;-6861.5;16258.3;-561.7
442;13911.7;-5434.6;13286.6;-725.5
443;14626.2;-6088.7;14018.3;-684.9
444;18118.4;-6592.1;17508.5;-494.6
445;15766.6;-6702.4;15172.4;-622.7
446;16762.7;-6864.8;16168.3;-567.7
447;15048.7;-6373.6;14447.7;-660.7
448;17626.2;-6741.1;17023.0;-522.6
449;15689.0;-6675.9;15094.3;-627.7
450;18270.8;-6554.8;17658.6;-489.6
451;15485.3;-6593.0;14889.1;-636.7
452;17789.4;-6697.0;17184.2;-514.6
453;17164.3;-6835.8;16566.6;-546.6
454;15225.6;-6472.8;14626.9;-652.7
455;17765.0;-6704.9;17160.2;-515.6
456;14976.8;-6323.9;14374.6;-667.7
457;15086.4;-6391.5;14485.7;-657.7
458;17233.0;-6827.0;16634.7;-542.6
459;15359.3;-6538.6;14762.0;-643.7
460;15398.1;-6551.3;14801.0;-644.7
461;15746.7;-6695.6;15152.3;-624.7
462;14843.7;-6240.0;14239.5;-671.7
463;17683.0;-6725.2;17079.1;-518.6
464;17073.1;-6849.4;16476.5;-550.7
465;16127.8;-6797.7;15534.7;-602.7
466;16070.0;-6783.3;15476.6;-605.7
467;16853.3;-6861.5;16258.3;-561.7
468;18704.2;-6396.9;18084.0;-466.6
469;17443.8;-6793.9;16842.9;-537.6
470;15517.2;-6606.5;14921.1;-636.7
471;17313.0;-6817.3;16713.8;-542.6
472;16057.9;-6785.1;15464.6;-608.7
473;15947.0;-6756.6;15353.5;-613.7
474;18850.5;-6331.7;18227.1;-464.6
475;15643.2;-6658.9;15048.2;-629.7
476;15561.7;-6628.0;14966.2;-634.7
477;13555.5;-5021.3;12919.3;-744.8
478;14296.8;-5817.0;13682.0;-703.2
479;16853.3;-6861.5;16258.3;-561.7
480;15260.3;-6493.6;14661.9;-653.7
481;16942.2;-6858.9;16346.4;-559.7
482;14688.1;-6134.3;14081.4;-680.9
483;15164.2;-6437.9;14564.8;-653.7
484;17165.3;-6836.3;16567.6;-546.6
485;18274.8;-6555.6;17662.6;-490.6
486;17051.0;-6851.9;16454.5;-553.7
487;17901.1;-6663.0;17294.3;-506.6
488;18616.4;-6430.7;17997.9;-469.6
489;17680.9;-6727.1;17077.1;-519.6
490;14959.0;-6312.3;14356.6;-668.7
491;16072.9;-6784.3;15479.6;-604.7
492;17107.6;-6848.3;16510.6;-553.7
493;15649.2;-6656.3;15054.2;-625.7
494;16853.3;-6861.5;16258.3;-561.7
495;14055.8;-5578.0;13434.8;-716.4
496;15081.4;-6389.0;14480.7;-657.7
497;16960.3;-6855.7;16364.4;-556.7
498;13168.8;-4493.0;12517.9;-765.2
499;14697.9;-6143.3;14091.4;-681.9
500;16197.8;-6801.7;15604.7;-590.7
501;13867.9;-5383.9;13241.6;-725.6
502;16302.8;-6837.5;15709.8;-598.7
503;15118.9;-6410.5;14518.8;-654.7
504;15819.4;-6710.6;15225.4;-613.7
505;15862.3;-6725.1;15268.4;-611.7
506;16485.3;-6854.7;15892.0;-585.7
507;15447.4;-6580.5;14851.1;-639.7
508;16347.9;-6839.3;15754.9;-592.7
509;15393.1;-6548.2;14796.0;-643.7
510;16998.6;-6857.0;16402.5;-558.7
511;18603.2;-6430.9;17984.9;-466.6
512;16496.3;-6856.8;15903.0;-584.7
513;16459.3;-6848.5;15866.0;-584.7
514;14623.1;-6089.5;14015.3;-686.9
515;17190.7;-6825.8;16592.6;-540.6
516;15177.1;-6446.3;14577.8;-653.7
517;15103.1;-6399.4;14502.7;-654.7
518;17000.7;-6856.6;16404.5;-558.7
519;16474.4;-6850.9;15881.0;-584.7
520;17773.2;-6699.8;17168.2;-513.6
521;18251.5;-6560.7;17639.6;-491.6
522;15475.5;-6587.3;14879.1;-636.7
523;16405.0;-6848.1;15811.9;-589.7
524;18700.2;-6399.3;18080.0;-467.6
525;17575.4;-6755.7;16973.0;-525.6
526;17217.8;-6826.2;16619.7;-541.6
527;18056.4;-6615.4;17447.4;-502.6
528;15386.2;-6544.9;14789.0;-643.7
529;17112.7;-6842.2;16515.6;-549.7
530;18198.6;-6570.3;17587.6;-491.6
531;18500.9;-6478.2;17884.8;-475.6
532;15110.0;-6404.3;14509.8;-653.7
533;15875.2;-6730.8;15281.5;-612.7
534;16759.6;-6866.3;16165.3;-568.7
535;15825.3;-6714.9;15231.4;-614.7
536;15680.0;-6671.3;15085.3;-626.7
537;17181.6;-6832.7;16583.6;-546.7
538;15734.7;-6693.1;15140.3;-626.7
539;13772.7;-5280.0;13143.5;-732.6
540;16727.5;-6859.9;16133.2;-566.7
541;15635.2;-6657.8;15040.2;-631.7
542;15213.6;-6470.6;14614.8;-655.7
543;14073.3;-5607.5;13452.8;-717.4
544;17641.4;-6733.9;17038.1;-519.6
545;13185.3;-4512.6;12534.9;-762.1
546;13895.1;-5416.8;13269.6;-726.5
547;15843.4;-6721.6;15249.4;-615.7
548;17948.7;-6652.9;17341.3;-505.6
549;18059.5;-6612.8;17450.4;-501.6
550;14633.0;-6094.6;14025.3;-684.9
551;15981.0;-6764.1;15387.5;-610.7
552;14150.3;-5680.8;13531.9;-711.3
553;17640.4;-6738.1;17037.1;-522.6
554;14194.1;-5722.4;13576.9;-708.3
555;16026.9;-6777.5;15433.6;-609.7
556;17671.8;-6729.8;17068.1;-520.6
557;15913.1;-6743.7;15319.5;-612.7
558;18289.1;-6543.8;17676.6;-488.6
559;15020.1;-6350.6;14418.7;-658.7
560;16737.6;-6859.3;16143.2;-565.7
561;17418.3;-6794.7;16817.9;-533.6
562;16030.9;-6778.9;15437.6;-609.7
563;18165.2;-6577.6;17554.5;-492.6
564;16989.5;-6858.8;16393.5;-558.7
565;13975.9;-5503.2;13352.7;-720.5
566;21881.8;-3316.6;21130.8;-305.5
567;17128.9;-6840.7;16531.6;-548.7
568;16370.0;-6842.1;15776.9;-591.7
569;14299.7;-5821.4;13685.0;-704.2
570;16339.0;-6840.2;15745.9;-595.7
571;15586.6;-6636.7;14991.2;-633.7
572;17120.9;-6840.7;16523.6;-549.7
573;16743.6;-6862.9;16149.2;-567.7
574;18828.2;-6337.6;18205.1;-463.6
575;16425.1;-6848.8;15832.0;-587.7
576;16941.1;-6863.3;16345.4;-562.7
577;16744.6;-6863.9;16150.2;-568.7
578;16016.8;-6774.4;15423.6;-609.7
579;15972.0;-6762.0;15378.5;-611.7
580;17766.0;-6704.8;17161.2;-515.6
581;17317.0;-6818.4;16717.8;-543.6
582;15355.3;-6537.5;14758.0;-644.7
583;14690.0;-6136.0;14083.4;-680.9
584;16130.8;-6797.1;15537.7;-601.7
585;17856.4;-6681.4;17250.2;-512.6
586;16184.9;-6802.9;15591.7;-594.7
587;18677.8;-6402.9;18058.0;-464.6
588;15157.2;-6432.5;14557.8;-651.7
589;16425.1;-6848.8;15832.0;-587.7
590;12798.0;-3902.9;12130.6;-784.5
591;15395.2;-6550.1;14798.0;-644.7
592;15796.6;-6709.1;15202.4;-620.7
593;16937.0;-6860.2;16341.4;-559.7
594;18628.7;-6428.1;18009.9;-470.6
595;16273.8;-6832.0;15680.8;-600.7
596;18263.6;-6557.6;17651.6;-490.6
597;17149.1;-6837.3;16551.6;-546.7
598;17604.8;-6747.8;17002.0;-523.6
599;15573.7;-6634.5;14978.2;-636.7
600;18164.2;-6578.1;17553.5;-492.6
601;14742.3;-6170.7;14136.4;-677.8
602;16915.8;-6857.5;16320.4;-557.7
603;14910.5;-6285.7;14307.6;-667.7
604;15503.3;-6599.6;14907.1;-635.7
605;14214.7;-5737.5;13597.9;-705.3
606;15506.3;-6599.6;14910.1;-634.7
607;16712.5;-6861.7;16118.2;-569.7
608;16128.8;-6798.0;15535.7;-602.7
609;14369.2;-5879.0;13756.1;-697.1
610;18290.1;-6543.1;17677.6;-487.6
611;16695.3;-6864.7;16101.2;-571.7
612;17635.3;-6739.2;17032.0;-522.6
613;17320.1;-6818.6;16720.8;-544.6
614;15305.7;-6515.7;14707.9;-648.7
615;13563.3;-5028.9;12927.3;-742.8
616;14961.9;-6315.5;14359.6;-668.7
617;17942.4;-6657.7;17335.3;-506.6
618;14771.8;-6191.6;14166.4;-676.8
619;17364.6;-6804.6;16764.8;-536.6
620;15376.3;-6543.6;14779.0;-646.7
621;16771.7;-6864.7;16177.3;-567.7
622;13726.0;-5226.7;13095.5;-733.7
623;17858.4;-6676.4;17252.2;-509.6
624;16170.8;-6804.5;15577.7;-598.7
625;17466.0;-6787.4;16864.9;-533.6
626;16485.3;-6854.7;15892.0;-585.7
627;17337.3;-6814.0;16737.8;-542.6
628;16080.8;-6783.8;15487.6;-601.7
629;17259.3;-6822.4;16660.7;-541.6
630;14153.1;-5685.7;13534.9;-712.3
631;14730.5;-6162.5;14124.4;-678.8
632;17241.1;-6825.9;16642.7;-542.6
633;16170.8;-6804.5;15577.7;-598.7
634;15906.2;-6741.1;15312.5;-612.7
635;15974.0;-6763.0;15380.5;-611.7
636;16925.8;-6859.7;16330.4;-558.7
637;15399.1;-6552.1;14802.0;-644.7
638;16937.0;-6860.2;16341.4;-559.7
639;14961.9;-6315.5;14359.6;-668.7
640;15659.2;-6659.2;15064.3;-624.7
641;17601.7;-6749.1;16999.0;-523.6
642;17724.3;-6718.2;17120.1;-517.6
643;14712.6;-6152.8;14106.4;-679.8
644;17398.1;-6798.2;16797.8;-534.6
645;14792.4;-6211.3;14187.5;-678.8
646;17252.3;-6823.0;16653.7;-541.6
647;13625.3;-5103.1;12991.4;-737.8
648;14682.2;-6128.6;14075.4;-680.9
649;15517.2;-6604.0;14921.1;-634.7
650;15992.9;-6768.8;15399.6;-610.7
651;18223.9;-6566.7;17612.6;-491.6
652;17489.2;-6774.8;16887.9;-526.6
653;18432.8;-6503.9;17817.8;-481.6
654;17915.2;-6661.3;17308.3;-506.6
655;15829.4;-6714.5;15235.4;-613.7
656;15858.3;-6725.7;15264.4;-613.7
657;17721.3;-6717.3;17117.1;-516.6
658;16283.7;-6835.2;15690.8;-599.7
659;16007.8;-6773.6;15414.6;-610.7
660;14388.7;-5896.3;13776.1;-696.1
661;16071.9;-6783.7;15478.6;-604.7
662;12438.6;-3236.2;11752.2;-803.8
663;15591.5;-6639.3;14996.2;-632.7
664;14874.0;-6264.8;14270.5;-671.7
665;17190.6;-6827.6;16592.6;-541.6
666;15561.7;-6628.0;14966.2;-634.7
667;15770.5;-6706.5;15176.4;-624.7
668;18114.3;-6595.7;17504.5;-496.6
669;14777.7;-6197.7;14172.4;-677.8
670;16665.1;-6866.3;16071.2;-575.7
671;13627.1;-5104.1;12993.4;-735.8
672;16347.9;-6839.3;15754.9;-592.7
673;16796.9;-6866.8;16202.3;-567.7
674;17428.4;-6793.8;16827.9;-533.6
675;14983.6;-6329.0;14381.6;-667.7
676;16674.1;-6866.0;16080.2;-574.7
677;16670.2;-6865.8;16076.2;-575.7
678;16195.8;-6803.4;15602.7;-591.7
679;16431.1;-6848.8;15838.0;-586.7
680;16871.4;-6861.2;16276.4;-560.7
681;16777.8;-6865.7;16183.3;-568.7
682;14849.6;-6246.5;14245.5;-673.7
683;14576.0;-6051.3;13967.3;-689.0
684;19763.0;-5755.3;19113.9;-409.6
685;18921.6;-6280.9;18296.2;-452.6
686;14307.6;-5825.1;13693.0;-702.2
687;16853.3;-6861.5;16258.3;-561.7
688;17106.6;-6846.9;16509.6;-551.7
689;17274.5;-6826.5;16675.7;-546.6
690;16424.1;-6848.1;15830.9;-587.7
691;14945.1;-6310.9;14342.6;-669.7
692;15973.0;-6762.9;15379.5;-611.7
693;15543.9;-6617.4;14948.1;-633.7
694;16412.0;-6848.7;15818.9;-588.7
695;15855.3;-6724.7;15261.4;-613.7
696;16037.9;-6777.1;15444.6;-607.7
697;17649.5;-6735.1;17046.1;-521.6
698;17952.7;-6651.8;17345.3;-505.6
699;14592.7;-6065.2;13984.3;-687.9
700;15586.6;-6636.7;14991.2;-633.7
701;15130.6;-6415.1;14530.8;-650.7
702;17940.4;-6658.9;17333.3;-507.6
703;16140.8;-6796.3;15547.7;-598.7
704;18258.5;-6559.1;17646.6;-490.6
705;15563.7;-6629.2;14968.2;-634.7
706;16261.7;-6835.5;15668.8;-604.7
707;14369.1;-5881.8;13756.1;-699.1
708;18050.4;-6615.9;17441.4;-502.6
709;15721.8;-6689.5;15127.3;-627.7
710;14181.6;-5707.3;13563.9;-708.3
711;15399.1;-6552.1;14802.0;-644.7
712;13079.4;-4358.6;12424.9;-769.2
713;16182.8;-6803.1;15589.7;-594.7
714;16378.0;-6842.0;15784.9;-590.7
715;16621.8;-6868.1;16028.1;-580.7
716;18324.8;-6528.4;17711.7;-482.6
717;15803.5;-6713.6;15209.4;-620.7
718;17350.5;-6812.0;16750.8;-542.6
719;16654.2;-6860.3;16060.2;-573.7
720;15959.0;-6755.3;15365.5;-609.7
721;13384.6;-4796.6;12742.1;-754.0
722;17550.0;-6761.5;16948.0;-525.6
723;15526.0;-6611.5;14930.1;-635.7
724;16246.7;-6833.5;15653.8;-605.7
725;14476.0;-5966.9;13865.2;-691.0
726;16617.8;-6869.4;16024.1;-582.7
727;16373.0;-6842.7;15779.9;-591.7
728;16267.8;-6832.8;15674.8;-601.7
729;16034.9;-6776.7;15441.6;-607.7
730;17692.0;-6723.6;17088.1;-518.6
731;17575.4;-6756.9;16973.0;-526.6
732;17241.1;-6825.9;16642.7;-542.6
733;20949.6;-4601.3;20252.0;-346.5
734;15394.2;-6548.5;14797.0;-643.7
735;15697.0;-6679.2;15102.3;-627.7
736;14821.1;-6224.5;14216.5;-673.7
737;16831.2;-6859.7;16236.3;-561.7
738;15274.3;-6497.3;14675.9;-650.7
739;12556.3;-3467.7;11876.4;-800.7
740;14552.5;-6033.3;13943.2;-691.0
741;16323.9;-6837.5;15730.9;-595.7
742;17639.4;-6737.8;17036.1;-522.6
743;14085.9;-5616.1;13465.8;-713.4
744;15375.4;-6542.3;14778.0;-646.7
745;16031.8;-6779.5;15438.6;-609.7
746;15217.7;-6470.8;14618.8;-654.7
747;16965.4;-6856.1;16369.4;-557.7
748;16228.7;-6831.0;15635.8;-607.7
749;16676.2;-6868.0;16082.2;-576.7
750;15220.7;-6470.7;14621.9;-653.7
751;18383.7;-6522.1;17769.7;-483.6
752;16220.8;-6806.0;15627.8;-588.7
753;18035.2;-6618.1;17426.4;-501.6
754;15613.5;-6650.9;15018.2;-634.7
755;17043.1;-6852.1;16446.5;-555.7
756;15286.1;-6501.7;14687.9;-647.7
757;14911.6;-6286.0;14308.6;-667.7
758;15251.4;-6488.8;14652.9;-654.7
759;16157.8;-6798.4;15564.7;-596.7
760;15919.1;-6747.1;15325.5;-613.7
761;18386.7;-6527.0;17772.7;-487.6
762;14640.0;-6097.2;14032.3;-682.9
763;14719.5;-6159.4;14113.4;-680.8
764;18613.3;-6434.1;17994.9;-470.6
765;17073.1;-6849.4;16476.5;-550.7
766;13648.5;-5131.0;13015.4;-735.7
767;16918.9;-6856.6;16323.4;-556.7
768;16551.7;-6853.5;15958.1;-577.7
769;13293.7;-4675.6;12648.1;-759.0
770;15712.0;-6686.2;15117.3;-629.7
771;16197.8;-6801.7;15604.7;-590.7
772;17251.3;-6822.4;16652.7;-541.6
773;17559.2;-6758.0;16957.0;-524.6
774;16357.0;-6842.9;15763.9;-594.7
775;17673.8;-6730.2;17070.1;-521.6
776;16021.8;-6777.0;15428.6;-609.7
777;15041.9;-6368.3;14440.7;-661.7
778;14934.3;-6300.8;14331.6;-667.7
779;16980.4;-6859.0;16384.5;-558.7
780;13544.0;-5005.5;12907.3;-745.8
781;17168.3;-6836.7;16570.6;-547.7
782;14698.8;-6144.9;14092.4;-681.9
783;15725.8;-6689.1;15131.3;-626.7
784;16926.9;-6858.2;16331.4;-557.7
785;17933.3;-6656.3;17326.3;-504.6
786;13568.0;-5033.6;12932.3;-740.8
787;15110.0;-6404.3;14509.8;-653.7
788;16293.7;-6835.5;15700.8;-597.7
789;15395.2;-6550.1;14798.0;-644.7
790;17429.5;-6794.5;16828.9;-534.6
791;13370.0;-4780.3;12727.1;-756.0
792;16727.5;-6862.7;16133.2;-568.7
793;16817.0;-6862.9;16222.3;-563.7
794;16293.7;-6835.5;15700.8;-597.7
795;17769.1;-6703.9;17164.2;-515.6
796;14530.9;-6016.5;13921.2;-692.0
797;17773.2;-6698.0;17168.2;-512.6
798;15252.4;-6488.0;14653.9;-653.7
799;17241.1;-6825.9;16642.7;-542.6
800;15773.6;-6702.9;15179.4;-620.7
801;17363.5;-6806.5;16763.8;-537.6
802;17317.0;-6817.1;16717.8;-542.6
803;14210.8;-5738.8;13593.9;-708.3
804;16010.9;-6774.7;15417.6;-611.7
805;16095.0;-6786.1;15501.7;-601.7
806;15893.3;-6737.5;15299.5;-614.7
807;15179.1;-6443.9;14579.8;-650.7
808;18828.2;-6334.9;18205.1;-461.6
809;16518.4;-6855.4;15925.0;-580.7
810;18406.1;-6511.8;17791.7;-480.6
811;15438.6;-6577.2;14842.1;-641.7
812;14763.8;-6187.5;14158.4;-676.8
813;16412.0;-6851.0;15818.9;-590.7
814;15448.4;-6580.9;14852.1;-639.7
815;19601.5;-5880.8;18957.8;-421.6
816;16562.7;-6856.2;15969.1;-577.7
817;17839.1;-6682.5;17233.2;-511.6
818;15912.1;-6743.6;15318.5;-612.7
819;15771.5;-6704.6;15177.4;-622.7
820;16183.9;-6803.0;15590.7;-594.7
821;16716.5;-6859.9;16122.2;-567.7
822;17410.2;-6797.4;16809.8;-534.6
823;16051.9;-6782.8;15458.6;-608.7
824;15280.2;-6498.9;14681.9;-648.7
825;14752.0;-6180.4;14146.4;-678.8
826;16116.8;-6792.4;15523.7;-600.7
827;17023.9;-6854.4;16427.5;-556.7
828;16860.4;-6860.7;16265.4;-560.7
829;16197.8;-6803.4;15604.7;-591.7
830;15394.2;-6548.5;14797.0;-643.7
831;16429.1;-6848.1;15836.0;-586.7
832;17018.8;-6854.7;16422.5;-556.7
833;16174.9;-6803.7;15581.7;-597.7
834;16378.0;-6842.0;15784.9;-590.7
835;16013.9;-6773.5;15420.6;-609.7
836;17503.4;-6773.6;16901.9;-528.6
837;15615.4;-6652.1;15020.2;-634.7
838;16480.4;-6852.4;15887.0;-584.7
839;16773.8;-6865.7;16179.3;-568.7
840;17241.1;-6825.9;16642.7;-542.6
841;18320.7;-6530.4;17707.7;-482.6
842;17166.3;-6836.0;16568.6;-546.6
843;17060.1;-6852.0;16463.5;-553.7
844;14204.0;-5731.3;13586.9;-708.3
845;17071.1;-6854.3;16474.5;-554.7
846;19460.0;-5979.3;18820.7;-428.6
847;15076.4;-6384.9;14475.7;-656.7
848;14816.2;-6219.8;14211.5;-672.8
849;15924.1;-6747.4;15330.5;-612.7
850;17650.5;-6729.6;17047.1;-517.6
851;16953.3;-6856.3;16357.4;-557.7
852;15564.7;-6629.4;14969.2;-634.7
853;16174.9;-6803.7;15581.7;-597.7
854;17678.8;-6729.9;17075.1;-521.6
855;17163.3;-6834.8;16565.6;-545.6
856;19651.2;-5838.7;19005.8;-414.6
857;17632.2;-6740.2;17029.0;-522.6
858;16714.5;-6861.0;16120.2;-568.7
859;17085.4;-6846.3;16488.5;-550.7
860;15736.8;-6694.3;15142.3;-627.7
861;14876.1;-6266.6;14272.5;-672.7
862;16461.3;-6849.8;15868.0;-585.7
863;16911.8;-6861.4;16316.4;-560.7
864;14301.7;-5822.4;13687.0;-704.2
865;15497.3;-6597.4;14901.1;-636.7
866;15712.0;-6686.2;15117.3;-629.7
867;16590.8;-6865.2;15997.1;-582.7
868;15860.3;-6725.3;15266.4;-612.7
869;16848.4;-6859.1;16253.3;-560.7
870;16363.0;-6845.9;15769.9;-595.7
871;17713.3;-6721.4;17109.1;-519.6
872;13877.6;-5396.9;13251.6;-726.5
873;18554.0;-6458.7;17936.9;-474.6
874;18216.8;-6567.8;17605.6;-491.6
875;16294.7;-6836.3;15701.8;-598.7
876;17130.9;-6841.2;16533.6;-549.7
877;17071.1;-6854.3;16474.5;-554.7
878;15203.9;-6463.0;14604.8;-655.7
879;16453.3;-6843.8;15860.0;-581.7
880;17313.0;-6817.3;16713.8;-542.6
881;16649.1;-6859.9;16055.2;-572.7
882;17694.1;-6724.3;17090.1;-519.6
883;16356.0;-6842.7;15762.9;-594.7
884;16337.0;-6841.3;15743.9;-596.7
885;15164.2;-6439.1;14564.8;-654.7
886;15718.8;-6689.9;15124.3;-628.7
887;15586.6;-6636.7;14991.2;-633.7
888;18622.6;-6428.1;18003.9;-469.6
889;16554.7;-6854.3;15961.1;-577.7
890;14844.6;-6243.2;14240.5;-673.7
891;16778.8;-6865.4;16184.3;-568.7
892;15959.0;-6756.5;15365.5;-610.7
893;12095.5;-2505.8;11387.9;-828.8
894;16892.6;-6860.3;16297.4;-559.7
895;14093.7;-5623.0;13473.8;-712.4
896;17030.1;-6851.2;16433.5;-555.7
897;14896.9;-6274.6;14293.6;-667.7
898;14219.7;-5742.6;13602.9;-706.3
899;16913.8;-6857.7;16318.4;-557.7
900;14167.9;-5696.2;13549.9;-710.3
901;15604.6;-6647.6;15009.2;-635.7
902;16510.4;-6853.2;15917.0;-580.7
903;17078.3;-6848.0;16481.5;-551.7
904;17264.4;-6823.5;16665.7;-542.6
905;16174.9;-6803.7;15581.7;-597.7
906;15074.5;-6385.6;14473.7;-658.7
907;18931.8;-6280.3;18306.2;-455.6
908;15382.2;-6543.3;14785.0;-643.7
909;18764.7;-6374.0;18143.1;-467.6
910;15596.5;-6641.1;15001.2;-632.7
911;17854.4;-6681.5;17248.2;-512.6
912;17724.3;-6717.3;17120.1;-516.6
913;14784.5;-6204.1;14179.4;-677.8
914;16716.5;-6859.9;16122.2;-567.7
915;17279.6;-6824.3;16680.7;-545.6
916;17199.8;-6822.1;16601.7;-538.6
917;15947.0;-6756.6;15353.5;-613.7
918;16642.0;-6860.1;16048.2;-573.7
919;15677.0;-6670.5;15082.3;-626.7
920;14608.4;-6079.0;14000.3;-687.9
921;17600.7;-6748.7;16998.0;-523.6
922;15451.4;-6580.8;14855.1;-638.7
923;18155.0;-6580.2;17544.5;-492.6
924;17063.1;-6852.9;16466.5;-554.7
925;14992.6;-6333.0;14390.6;-665.7
926;16000.8;-6772.1;15407.6;-610.7
927;15827.4;-6714.2;15233.4;-613.7
928;15019.1;-6350.1;14417.7;-658.7
929;16923.9;-6859.2;16328.4;-558.7
930;15561.7;-6628.0;14966.2;-634.7
931;18515.2;-6472.4;17898.8;-475.6
932;17428.4;-6794.7;16827.9;-534.6
933;15006.4;-6336.6;14404.7;-660.7
934;16195.8;-6803.4;15602.7;-591.7
935;15910.2;-6742.1;15316.5;-612.7
936;14077.0;-5610.7;13456.8;-715.4
937;17529.9;-6765.6;16928.0;-526.6
938;17552.1;-6759.8;16950.0;-524.6
939;17519.7;-6766.9;16917.9;-525.6
940;15591.5;-6639.3;14996.2;-632.7
941;17721.3;-6717.3;17117.1;-516.6
942;15930.1;-6752.1;15336.5;-614.7
943;17535.9;-6765.2;16934.0;-526.6
944;18769.8;-6367.1;18148.1;-463.6
945;16422.1;-6849.5;15828.9;-589.7
946;14268.5;-5788.9;13653.0;-703.2
947;15781.5;-6705.5;15187.4;-620.7
948;17119.8;-6840.8;16522.6;-549.7
949;17935.4;-6658.5;17328.3;-506.6
950;14660.6;-6112.7;14053.3;-681.9
951;15960.0;-6755.9;15366.5;-609.7
952;16548.7;-6855.6;15955.1;-579.7
953;16828.2;-6859.8;16233.3;-561.7
954;17502.4;-6774.1;16900.9;-528.6
955;14916.5;-6291.8;14313.6;-669.7
956;15637.3;-6658.2;15042.2;-631.7
957;17635.3;-6739.2;17032.0;-522.6
958;16770.7;-6864.3;16176.3;-567.7
959;16850.3;-6859.8;16255.3;-560.7
960;17802.8;-6691.9;17197.2;-513.6
961;16366.9;-6843.4;15773.9;-592.7
962;16959.3;-6856.4;16363.4;-557.7
963;15786.5;-6707.2;15192.4;-620.7
964;14373.1;-5883.3;13760.1;-698.1
965;14442.8;-5940.5;13831.1;-695.1
966;16325.9;-6836.5;15732.9;-594.7
967;15947.0;-6756.6;15353.5;-613.7
968;15319.7;-6520.7;14721.9;-647.7
969;16670.2;-6865.8;16076.2;-575.7
970;14996.5;-6334.7;14394.6;-664.7
971;16377.0;-6842.1;15783.9;-590.7
972;16195.8;-6803.4;15602.7;-591.7
973;15066.4;-6382.1;14465.7;-658.7
974;13090.9;-4375.8;12436.9;-768.2
975;18265.7;-6555.7;17653.6;-489.6
976;16665.1;-6866.3;16071.2;-575.7
977;12605.6;-3561.3;11928.4;-798.6
978;15635.2;-6657.8;15040.2;-631.7
979;16772.8;-6865.7;16178.3;-568.7
980;15907.1;-6741.2;15313.5;-612.7
981;17031.1;-6853.3;16434.5;-557.7
982;14880.0;-6268.7;14276.5;-671.7
983;16466.4;-6849.5;15873.0;-584.7
984;16151.7;-6800.1;15558.7;-598.7
985;15972.0;-6762.0;15378.5;-611.7
986;15913.1;-6743.7;15319.5;-612.7
987;16503.3;-6854.5;15910.0;-581.7
988;17532.9;-6765.2;16931.0;-526.6
989;15486.3;-6593.2;14890.1;-636.7
990;15659.2;-6659.2;15064.3;-624.7
991;16446.3;-6843.6;15853.0;-582.7
992;16054.9;-6783.1;15461.6;-607.7
993;16762.7;-6864.8;16168.3;-567.7
994;17228.0;-6826.7;16629.7;-542.6
995;18033.1;-6618.9;17424.4;-501.6
996;16061.8;-6788.1;15468.6;-609.7
997;13117.8;-4418.4;12464.9;-768.2
998;16126.8;-6797.5;15533.7;-602.7
999;16714.5;-6861.0;16120.2;-568.7
1000;15962.0;-6758.2;15368.5;-610.7
