CASO;pATIVA;pREATIVA;dATIVA;dREATIVA
1;62738.7;-22752.1;61274.4;11450.1
2;60634.8;-24656.6;59259.0;11049.8
3;60698.1;-24558.1;59324.1;11061.1
4;60193.7;-25068.2;58826.6;10966.2
5;62017.5;-23373.6;60591.9;11312.3
6;59048.6;-26288.3;57718.4;10745.8
7;62862.6;-22638.9;61387.7;11469.4
8;60484.2;-24781.3;59116.1;11020.8
9;61492.7;-23877.4;60087.5;11214.9
10;60972.1;-24370.7;59586.8;11115.0
11;62585.3;-22875.0;61124.4;11423.7
12;59280.2;-26071.0;57936.0;10789.0
13;60906.9;-24446.7;59521.5;11099.8
14;60840.5;-24494.3;59460.7;11090.6
15;62280.3;-23148.8;60834.7;11358.8
16;60168.2;-25094.8;58809.5;10960.4
17;61046.9;-24307.3;59656.7;11127.7
18;60374.5;-24899.6;59002.9;10999.1
19;61235.0;-24117.2;59839.1;11163.6
20;61752.0;-23644.0;60332.5;11261.4
21;60167.5;-25091.0;58809.4;10960.3
22;62283.6;-23150.7;60841.0;11360.8
23;62068.4;-23340.9;60633.3;11317.9
24;61674.2;-23712.6;60261.6;11247.8
25;62064.3;-23346.5;60632.2;11317.8
26;60564.3;-24728.1;59191.5;11033.7
27;61091.2;-24255.0;59700.6;11136.5
28;60315.5;-24941.0;58953.3;10990.2
29;60954.7;-24381.2;59571.2;11110.1
30;61699.4;-23695.7;60283.0;11250.5
31;60560.9;-24732.4;59188.4;11031.9
32;60846.5;-24484.6;59453.9;11088.3
33;60559.8;-24682.4;59191.0;11033.3
34;60402.2;-24876.8;59033.7;11006.3
35;60577.8;-24715.8;59202.4;11035.8
36;61194.6;-24152.1;59792.7;11155.1
37;60160.6;-25108.6;58798.8;10957.7
38;61415.4;-23950.9;60012.6;11199.6
39;62779.8;-22715.9;61311.3;11457.4
40;61914.8;-23489.0;60486.1;11290.5
41;61029.8;-24322.1;59640.9;11124.8
42;60365.8;-24911.8;58996.4;10998.1
43;60495.5;-24755.4;59128.2;11023.3
44;62820.6;-22655.8;61340.9;11462.4
45;61251.1;-24096.8;59846.3;11166.5
46;60605.4;-24681.0;59231.3;11044.3
47;61380.1;-23987.9;59974.0;11191.2
48;63205.9;-22339.9;61714.4;11535.3
49;61312.3;-24043.3;59913.7;11182.3
50;61786.0;-23608.9;60364.8;11269.8
51;61483.6;-23884.7;60071.1;11213.2
52;60879.0;-24470.3;59496.3;11095.7
53;60134.0;-25128.1;58775.9;10954.1
54;60880.4;-24471.0;59496.7;11096.0
55;61014.4;-24337.3;59623.5;11122.1
56;61760.7;-23626.9;60335.0;11262.8
57;61998.9;-23407.5;60570.7;11305.9
58;62099.1;-23311.3;60661.8;11324.5
59;61469.0;-23901.4;60060.2;11210.7
60;62044.9;-23351.3;60618.3;11315.2
61;60492.1;-24791.0;59122.2;11021.5
62;62385.3;-23056.6;60937.6;11382.2
63;61684.9;-23708.0;60268.9;11248.6
64;60936.5;-24418.4;59548.9;11105.0
65;61661.2;-23709.3;60251.8;11244.4
66;61140.4;-24213.3;59746.1;11145.3
67;62271.7;-23161.2;60831.5;11358.6
68;62639.6;-22830.3;61183.8;11434.3
69;63289.6;-22262.5;61791.4;11549.1
70;59901.4;-25364.3;58546.1;10908.5
71;59846.6;-25396.6;58496.6;10901.7
72;60726.6;-24573.7;59344.5;11065.4
73;61350.0;-24016.2;59949.0;11186.3
74;62041.0;-23368.1;60608.2;11314.4
75;61488.0;-23880.2;60083.0;11214.5
76;59318.0;-26028.5;57976.2;10795.2
77;60922.1;-24384.0;59541.8;11104.4
78;61992.2;-23415.2;60562.4;11304.8
79;61418.3;-23951.1;60010.0;11198.2
80;61919.8;-23462.6;60499.5;11293.6
81;61001.5;-24350.9;59613.6;11119.7
82;61023.0;-24330.4;59633.7;11123.8
83;61378.2;-23989.5;59971.4;11190.9
84;61587.2;-23790.1;60169.0;11228.8
85;61383.5;-23983.7;59980.9;11192.0
86;61310.4;-24036.3;59913.5;11182.2
87;60582.2;-24706.1;59202.5;11035.8
88;61563.9;-23814.3;60146.9;11223.6
89;61314.5;-24043.1;59914.9;11182.5
90;62276.0;-23154.8;60831.2;11358.4
91;62340.2;-23098.8;60892.3;11370.0
92;61377.1;-23990.6;59971.2;11190.7
93;60854.9;-24494.9;59471.0;11091.5
94;60608.8;-24676.3;59228.1;11044.1
95;61591.9;-23778.3;60184.7;11233.1
96;61275.8;-24075.2;59871.9;11174.0
97;60886.1;-24465.4;59500.5;11096.6
98;61236.5;-24118.6;59839.3;11163.7
99;60631.3;-24658.6;59250.8;11047.0
100;61851.6;-23520.4;60434.7;11282.4
101;60787.8;-24506.2;59401.7;11078.3
102;62363.3;-23076.5;60914.3;11375.5
103;61571.3;-23804.4;60163.2;11228.1
104;61762.5;-23632.4;60340.9;11263.4
105;60171.8;-25093.6;58812.2;10961.0
106;61373.2;-23968.4;59957.2;11188.2
107;61919.7;-23468.2;60483.9;11290.4
108;60300.8;-24968.4;58934.6;10988.3
109;60958.7;-24387.6;59573.5;11111.4
110;61229.8;-24125.2;59833.8;11160.7
111;59921.6;-25335.1;58568.8;10911.9
112;61489.5;-23884.2;60083.0;11214.5
113;62001.1;-23400.7;60573.6;11308.6
114;60386.3;-24889.8;59020.6;11003.0
115;61529.4;-23852.5;60120.5;11218.9
116;59982.5;-25274.1;58628.5;10923.3
117;61169.5;-24177.3;59776.1;11151.8
118;59688.4;-25583.7;58344.1;10865.9
119;62283.9;-23107.1;60826.3;11357.6
120;61575.2;-23796.5;60167.9;11228.6
121;61180.0;-24161.9;59787.0;11154.1
122;60477.3;-24809.2;59105.1;11017.4
123;62404.8;-23038.0;60957.0;11387.1
124;63072.7;-22458.3;61586.4;11506.0
125;59467.0;-25837.0;58124.1;10825.4
126;62378.2;-23047.0;60923.7;11378.6
127;62746.6;-22737.9;61276.8;11451.5
128;61518.3;-23856.8;60111.9;11217.7
129;60085.1;-25181.8;58723.2;10942.2
130;62017.3;-23375.9;60591.7;11312.1
131;61039.3;-24315.0;59649.5;11125.7
132;60640.0;-24646.8;59265.1;11050.6
133;60057.1;-25192.9;58702.4;10937.0
134;61716.8;-23672.8;60296.5;11255.5
135;61959.9;-23445.8;60532.2;11300.4
136;60624.6;-24666.6;59245.3;11046.7
137;61685.6;-23695.4;60273.8;11249.4
138;60134.8;-25131.4;58772.7;10953.9
139;61970.4;-23434.6;60539.3;11301.2
140;61238.5;-24116.3;59839.7;11165.0
141;61034.2;-24301.0;59647.7;11125.2
142;61106.2;-24243.7;59714.4;11141.8
143;62030.2;-23366.4;60603.3;11313.6
144;61913.1;-23468.5;60493.1;11291.4
145;61716.6;-23633.8;60280.9;11250.3
146;61339.0;-24021.9;59933.0;11184.0
147;61281.8;-24059.3;59873.9;11175.1
148;61784.1;-23608.6;60364.9;11270.9
149;61420.7;-23948.9;60012.3;11198.4
150;61845.2;-23550.1;60418.8;11280.8
151;60926.3;-24429.8;59538.2;11102.1
152;58927.5;-26452.3;57597.8;10721.7
153;62194.6;-23229.2;60756.6;11343.9
154;63279.4;-22276.6;61792.6;11549.2
155;61615.9;-23769.2;60200.0;11236.7
156;61109.2;-24241.1;59714.7;11141.7
157;61084.1;-24264.8;59687.7;11134.2
158;61094.6;-24254.2;59703.1;11136.9
159;61230.3;-24115.9;59824.8;11159.2
160;60153.7;-25110.0;58795.1;10957.2
161;60707.3;-24570.2;59331.7;11064.3
162;60265.9;-25003.4;58899.1;10980.1
163;61433.0;-23937.2;60028.4;11202.0
164;60932.0;-24408.2;59549.2;11105.1
165;61672.1;-23721.7;60255.7;11245.1
166;61046.5;-24307.1;59653.3;11127.4
167;62144.6;-23271.9;60706.3;11331.8
168;61398.3;-23969.6;59991.9;11195.5
169;63318.1;-22129.2;61792.9;11549.6
170;59430.9;-25877.3;58088.7;10819.3
171;60600.9;-24682.2;59219.9;11043.3
172;62060.5;-23330.3;60633.3;11317.9
173;63610.3;-21960.9;62094.1;11610.0
174;60977.5;-24373.9;59586.9;11115.1
175;61236.1;-24117.4;59839.3;11163.7
176;60997.3;-24348.7;59611.1;11119.3
177;62464.7;-22983.1;61010.6;11397.6
178;60943.0;-24408.2;59557.5;11107.2
179;61839.5;-23556.6;60418.5;11280.6
180;60912.7;-24437.8;59522.9;11100.0
181;60019.9;-25242.4;58658.7;10930.5
182;61491.7;-23881.8;60081.8;11214.3
183;61675.9;-23715.4;60261.7;11247.8
184;62429.0;-23013.7;60976.3;11390.0
185;61104.1;-24247.5;59708.3;11137.8
186;60629.1;-24662.9;59251.2;11048.3
187;61719.3;-23662.6;60306.0;11256.5
188;61427.2;-23941.3;60022.4;11201.2
189;61467.8;-23903.6;60058.6;11209.1
190;61144.9;-24208.2;59748.4;11145.5
191;62307.9;-23120.6;60858.8;11362.4
192;61553.9;-23831.7;60139.9;11220.8
193;63005.6;-22524.6;61529.8;11495.2
194;62260.7;-23171.4;60821.1;11355.8
195;61818.0;-23567.9;60399.9;11278.8
196;59685.0;-25601.9;58332.3;10864.6
197;61767.8;-23627.9;60346.9;11265.3
198;61598.3;-23786.2;60183.3;11232.7
199;61978.8;-23421.5;60544.4;11303.1
200;62197.2;-23225.4;60759.2;11344.4
201;60826.5;-24507.4;59447.3;11086.9
202;61985.1;-23419.7;60557.0;11304.4
203;60673.1;-24620.2;59296.2;11056.8
204;63068.0;-22443.9;61576.1;11503.9
205;59969.2;-25299.3;58611.4;10919.4
206;59553.5;-25709.4;58212.7;10843.6
207;59655.8;-25633.3;58308.5;10859.0
208;60363.1;-24915.8;58994.0;10997.8
209;60152.8;-25101.9;58795.5;10957.5
210;63060.1;-22477.0;61577.3;11504.0
211;60898.5;-24426.3;59517.9;11099.4
212;59951.2;-25316.8;58595.7;10916.3
213;62263.5;-23169.1;60822.5;11356.0
214;60650.1;-24624.8;59276.7;11052.4
215;60052.7;-25204.0;58697.3;10936.2
216;62039.9;-23366.4;60606.2;11314.3
217;61787.3;-23604.9;60368.5;11272.3
218;60795.6;-24501.0;59412.5;11081.4
219;62537.8;-22917.5;61079.3;11413.8
220;61322.7;-24036.5;59923.9;11183.3
221;62728.9;-22758.7;61264.6;11448.4
222;61688.5;-23686.5;60261.6;11247.8
223;62692.6;-22792.6;61228.2;11438.9
224;61303.4;-24051.1;59905.2;11181.2
225;60067.7;-25202.3;58710.0;10938.0
226;63524.3;-22050.7;62020.9;11593.9
227;60689.9;-24603.5;59307.6;11058.3
228;61025.0;-24327.6;59634.0;11124.0
229;60552.4;-24737.4;59175.1;11029.9
230;61025.4;-24327.2;59632.3;11123.5
231;61431.3;-23938.3;60023.6;11201.4
232;61393.7;-23974.7;59985.4;11192.4
233;61824.5;-23570.4;60401.1;11279.0
234;62896.6;-22617.8;61424.8;11477.8
235;61091.6;-24249.1;59701.9;11136.8
236;60055.7;-25206.7;58699.9;10936.6
237;60091.8;-25116.0;58737.8;10945.0
238;60586.2;-24695.3;59204.2;11036.4
239;59634.4;-25618.2;58292.7;10856.8
240;61989.8;-23417.3;60560.1;11304.5
241;60726.6;-24552.5;59350.4;11067.2
242;60911.9;-24410.0;59531.1;11102.0
243;61194.2;-24157.4;59798.2;11156.2
244;59898.2;-25357.8;58546.1;10908.5
245;60384.2;-24894.3;59017.3;11002.8
246;61838.2;-23557.2;60412.8;11280.3
247;61783.4;-23608.6;60364.9;11270.9
248;60788.3;-24508.3;59405.3;11079.7
249;62922.1;-22585.7;61443.7;11480.4
250;59990.2;-25265.5;58635.5;10926.0
251;60882.5;-24467.4;59499.3;11096.5
252;60994.8;-24356.1;59604.5;11118.8
253;58601.0;-26904.0;57277.1;10659.1
254;63041.5;-22488.6;61558.3;11499.2
255;61541.7;-23814.7;60137.5;11220.5
256;60219.1;-25051.4;58856.9;10970.0
257;63159.8;-22380.0;61669.3;11523.8
258;61753.6;-23642.3;60334.9;11262.7
259;61603.8;-23783.4;60189.4;11233.7
260;60647.4;-24633.0;59262.7;11050.3
261;61301.8;-24055.1;59900.8;11180.8
262;59777.4;-25505.5;58426.6;10885.3
263;61960.1;-23442.0;60534.5;11300.6
264;60851.9;-24490.8;59471.1;11091.5
265;61326.5;-24033.8;59926.5;11183.7
266;62338.0;-23102.3;60895.7;11370.2
267;61467.5;-23904.0;60060.2;11210.7
268;61445.1;-23921.3;60041.2;11206.4
269;61461.8;-23909.1;60055.0;11208.6
270;60510.8;-24754.8;59142.2;11024.7
271;61994.2;-23400.3;60569.4;11305.6
272;62670.3;-22811.5;61210.5;11437.5
273;61919.0;-23479.6;60496.1;11293.3
274;62048.6;-23362.1;60618.3;11315.2
275;60371.1;-24903.7;59005.9;10999.1
276;60379.5;-24896.7;59013.4;11002.1
277;59856.5;-25402.4;58501.1;10902.0
278;62376.3;-23048.1;60921.3;11377.2
279;60972.4;-24380.6;59582.2;11113.5
280;62524.1;-22934.2;61070.4;11412.0
281;60477.6;-24802.5;59101.1;11016.8
282;60787.1;-24488.2;59409.1;11080.1
283;61288.1;-24044.2;59893.3;11178.9
284;62087.6;-23325.2;60651.6;11320.6
285;61254.1;-24099.8;59855.6;11168.5
286;61395.4;-23973.4;59991.6;11195.3
287;61222.4;-24135.7;59824.7;11159.1
288;61365.7;-23987.5;59967.2;11190.0
289;60156.2;-25096.7;58798.9;10957.7
290;61281.4;-24065.3;59876.3;11176.4
291;61042.1;-24310.1;59647.7;11125.2
292;61154.3;-24194.0;59761.6;11148.0
293;61681.0;-23699.2;60255.3;11244.8
294;60563.9;-24715.7;59193.0;11034.1
295;61126.7;-24222.7;59734.8;11143.3
296;60936.5;-24418.2;59549.0;11105.1
297;61583.4;-23791.2;60174.9;11230.5
298;61948.5;-23456.8;60522.2;11296.7
299;60298.3;-24970.1;58934.3;10988.1
300;61752.7;-23641.8;60334.9;11262.7
301;63180.1;-22357.2;61685.8;11526.0
302;59821.8;-25436.6;58469.2;10896.9
303;60415.8;-24849.1;59050.0;11008.9
304;60366.4;-24905.4;59001.5;10998.9
305;60953.3;-24401.5;59565.7;11108.1
306;62736.9;-22753.0;61271.3;11450.0
307;61219.3;-24132.9;59824.2;11158.9
308;60556.9;-24736.8;59182.0;11031.6
309;61792.9;-23600.0;60368.3;11271.2
310;60640.4;-24643.9;59265.7;11051.1
311;62272.9;-23154.0;60826.5;11357.8
312;61479.0;-23879.9;60075.7;11213.6
313;62507.0;-22941.9;61058.1;11410.0
314;60582.7;-24709.9;59206.8;11037.8
315;64100.3;-21491.2;62559.8;11702.1
316;61986.4;-23415.2;60560.0;11304.4
317;61815.3;-23578.4;60394.4;11278.3
318;61161.4;-24187.6;59768.4;11148.6
319;60525.0;-24765.1;59151.4;11025.4
320;60377.3;-24878.9;59013.4;11002.1
321;61079.5;-24268.9;59688.8;11134.3
322;60474.1;-24782.0;59088.8;11014.3
323;61467.1;-23903.3;60058.8;11210.3
324;60417.2;-24827.0;59052.6;11009.4
325;61791.9;-23601.2;60368.3;11271.1
326;62117.0;-23294.8;60678.8;11328.0
327;60545.9;-24739.1;59167.3;11029.4
328;62333.1;-23104.9;60886.6;11369.5
329;60987.8;-24360.6;59601.4;11116.1
330;62306.0;-23112.6;60854.3;11361.9
331;61611.7;-23775.3;60195.6;11234.6
332;62262.8;-23158.7;60826.4;11357.7
333;60265.1;-25005.5;58899.1;10980.1
334;61102.5;-24247.2;59710.8;11140.3
335;62580.8;-22870.4;61117.2;11420.9
336;60625.7;-24661.8;59251.1;11048.2
337;59296.3;-26046.1;57957.7;10791.6
338;59387.5;-25926.0;58048.2;10809.5
339;58863.2;-26540.9;57533.6;10710.2
340;59227.9;-26108.3;57893.1;10780.4
341;60815.3;-24527.1;59434.8;11084.7
342;62411.4;-23031.3;60961.5;11387.6
343;60790.3;-24506.9;59406.4;11079.9
344;61499.6;-23874.3;60089.0;11215.2
345;61107.8;-24239.4;59708.3;11137.9
346;61220.7;-24137.2;59821.6;11158.4
347;61053.3;-24301.8;59660.3;11128.0
348;61053.4;-24286.3;59653.4;11127.5
349;61630.7;-23756.3;60216.4;11240.6
350;60101.9;-25167.3;58741.8;10945.7
351;62164.8;-23253.6;60729.2;11337.1
352;62086.3;-23328.5;60651.5;11320.5
353;61033.0;-24313.2;59636.5;11124.4
354;61971.3;-23432.8;60540.7;11302.5
355;60550.9;-24735.2;59172.0;11029.8
356;60691.3;-24590.0;59315.8;11060.3
357;61343.5;-24011.2;59945.5;11186.0
358;61033.4;-24319.4;59642.1;11124.9
359;60779.4;-24498.9;59401.5;11078.2
360;60587.0;-24683.3;59200.2;11035.7
361;60680.5;-24610.3;59297.9;11057.2
362;62098.5;-23308.6;60667.7;11325.2
363;59386.2;-25923.6;58048.1;10809.4
364;61532.9;-23849.8;60124.7;11219.1
365;60991.5;-24360.4;59601.7;11117.2
366;61893.4;-23509.5;60468.3;11289.3
367;61690.8;-23698.6;60270.1;11248.9
368;58612.7;-26976.9;57285.0;10661.1
369;61751.0;-23644.3;60332.8;11262.6
370;61494.1;-23873.8;60089.1;11215.3
371;61227.2;-24129.6;59827.4;11159.7
372;60762.9;-24532.6;59382.6;11074.1
373;62018.4;-23379.6;60581.5;11310.0
374;60814.8;-24530.7;59433.6;11084.6
375;62945.3;-22563.5;61464.3;11484.7
376;61729.1;-23665.0;60309.2;11256.5
377;63235.9;-22316.3;61744.4;11541.7
378;60464.4;-24816.5;59095.6;11016.5
379;59562.6;-25725.0;58217.5;10846.1
380;61888.4;-23483.8;60449.7;11285.9
381;62016.4;-23387.3;60581.4;11309.9
382;61232.5;-24124.6;59835.2;11161.9
383;59760.9;-25521.6;58410.5;10882.8
384;60783.6;-24512.5;59401.6;11078.3
385;61781.1;-23602.8;60364.9;11269.9
386;61040.6;-24313.6;59649.0;11125.4
387;61104.8;-24241.2;59705.5;11137.2
388;61042.6;-24308.0;59653.2;11127.3
389;60318.0;-24940.7;58955.5;10990.4
390;60698.4;-24596.3;59318.4;11060.6
391;59880.8;-25377.6;58521.4;10904.4
392;62886.7;-22613.9;61408.2;11473.7
393;60757.9;-24537.2;59373.7;11073.4
394;61665.5;-23703.8;60238.5;11243.2
395;60248.1;-25019.5;58879.3;10974.3
396;61966.4;-23437.4;60534.4;11300.5
397;59453.2;-25845.6;58113.5;10823.8
398;62086.8;-23327.4;60651.5;11320.6
399;61171.6;-24180.6;59776.6;11152.1
400;63221.7;-22318.1;61725.5;11537.3
401;59988.9;-25261.9;58635.4;10925.0
402;61275.0;-24071.3;59868.7;11172.9
403;61550.2;-23834.7;60138.6;11220.6
404;62368.1;-23074.3;60922.3;11377.2
405;60808.4;-24490.6;59423.2;11082.7
406;61277.3;-24048.8;59883.1;11178.0
407;59199.4;-26117.2;57866.5;10775.5
408;60416.7;-24857.5;59050.0;11008.9
409;61627.4;-23758.8;60210.2;11238.7
410;62258.4;-23174.9;60818.3;11355.1
411;60956.1;-24393.7;59563.3;11107.8
412;63159.3;-22390.0;61672.8;11524.3
413;62883.5;-22621.5;61407.4;11472.9
414;61151.7;-24196.7;59759.1;11147.5
415;58948.6;-26452.1;57615.5;10725.1
416;59541.8;-25741.1;58200.0;10840.8
417;60476.1;-24809.7;59103.7;11017.1
418;62264.1;-23169.8;60823.6;11356.2
419;61484.2;-23882.7;60079.4;11214.0
420;59242.0;-26082.7;57907.4;10785.6
421;61001.6;-24349.2;59608.7;11119.0
422;62722.8;-22763.5;61261.2;11447.0
423;60850.3;-24481.3;59471.1;11091.5
424;60495.1;-24788.9;59124.8;11022.0
425;63165.4;-22371.2;61672.6;11524.1
426;61244.0;-24103.3;59848.6;11166.7
427;60748.9;-24541.8;59370.1;11072.1
428;61531.4;-23850.1;60120.4;11218.9
429;61221.0;-24135.4;59824.8;11159.2
430;60800.7;-24495.7;59417.4;11082.1
431;62353.4;-23072.2;60900.5;11371.8
432;62266.5;-23165.2;60823.6;11356.1
433;62001.2;-23406.3;60571.0;11307.1
434;61109.9;-24240.6;59714.3;11141.7
435;62288.4;-23146.6;60845.3;11361.1
436;61161.0;-24185.7;59768.6;11148.7
437;61630.8;-23751.0;60220.1;11241.2
438;62188.9;-23230.1;60754.0;11343.4
439;61981.6;-23405.5;60542.1;11302.9
440;62898.8;-22612.9;61424.5;11477.5
441;61626.5;-23759.4;60210.2;11238.6
442;59623.8;-25665.5;58277.1;10854.7
443;60116.9;-25133.4;58760.2;10951.2
444;62484.9;-22962.0;61028.7;11404.4
445;60895.3;-24453.0;59512.2;11098.9
446;61560.4;-23801.2;60155.0;11224.4
447;60397.9;-24880.1;59030.8;11005.9
448;62155.6;-23259.9;60722.0;11335.2
449;60842.3;-24502.0;59460.6;11090.5
450;62582.9;-22878.6;61123.0;11423.3
451;60709.4;-24569.9;59320.5;11060.7
452;62264.3;-23168.5;60823.9;11357.3
453;61835.1;-23562.6;60412.8;11280.2
454;60527.5;-24764.2;59153.8;11025.7
455;62257.7;-23173.0;60814.7;11353.6
456;60344.9;-24929.0;58979.3;10996.6
457;60421.2;-24840.8;59055.1;11011.7
458;61880.3;-23515.8;60458.6;11287.7
459;60617.8;-24672.0;59243.0;11046.5
460;60644.2;-24632.1;59270.6;11051.7
461;60882.7;-24463.4;59500.4;11096.6
462;60255.9;-24993.5;58895.6;10979.8
463;62204.4;-23206.9;60759.3;11344.5
464;61765.9;-23617.7;60350.7;11266.0
465;61155.1;-24188.0;59751.9;11146.8
466;61099.5;-24246.9;59708.6;11139.1
467;61618.1;-23762.9;60208.1;11238.5
468;62876.6;-22634.6;61407.9;11473.4
469;62039.4;-23366.7;60603.6;11313.8
470;60719.9;-24575.8;59336.9;11065.2
471;61937.9;-23465.9;60513.4;11295.1
472;61097.2;-24253.4;59703.1;11137.0
473;61023.0;-24329.9;59633.9;11124.0
474;62968.6;-22558.1;61491.7;11489.7
475;60813.9;-24484.7;59430.8;11084.1
476;60753.0;-24544.4;59370.1;11072.1
477;59373.1;-25888.7;58037.6;10807.5
478;59893.2;-25320.5;58544.2;10907.9
479;61624.9;-23763.1;60210.2;11238.6
480;60553.8;-24739.7;59180.9;11031.5
481;61689.7;-23701.2;60270.2;11248.9
482;60155.5;-25086.1;58799.2;10957.9
483;60478.5;-24795.2;59110.3;11018.3
484;61843.5;-23542.9;60412.8;11280.2
485;62577.4;-22882.1;61124.3;11423.6
486;61761.0;-23634.1;60339.7;11263.3
487;62333.0;-23107.0;60890.2;11369.9
488;62815.5;-22687.0;61347.3;11463.6
489;62190.8;-23225.4;60756.7;11344.0
490;60338.3;-24930.5;58967.9;10994.0
491;61099.9;-24224.0;59712.0;11140.4
492;61791.4;-23593.3;60374.4;11274.0
493;60811.6;-24525.8;59432.4;11084.4
494;61629.6;-23751.1;60210.3;11238.7
495;59722.2;-25558.9;58374.0;10874.6
496;60422.2;-24859.4;59051.2;11009.1
497;61697.4;-23697.2;60280.8;11250.3
498;59119.4;-26243.1;57786.0;10759.5
499;60164.1;-25105.4;58802.3;10958.6
500;61193.7;-24153.1;59791.0;11154.8
501;59592.2;-25689.6;58247.4;10849.8
502;61248.6;-24092.4;59854.1;11168.1
503;60457.9;-24822.3;59083.5;11014.0
504;60939.6;-24413.5;59552.9;11106.6
505;60963.9;-24376.0;59579.5;11113.0
506;61376.7;-23992.3;59973.8;11191.1
507;60669.8;-24612.2;59295.0;11056.7
508;61298.6;-24039.7;59888.5;11178.3
509;60640.8;-24646.8;59265.5;11050.9
510;61710.9;-23659.5;60299.2;11256.0
511;62812.6;-22685.6;61341.1;11462.6
512;61382.0;-23984.6;59980.7;11191.9
513;61365.9;-23994.4;59957.2;11188.2
514;60116.1;-25146.0;58756.7;10950.8
515;61848.0;-23535.4;60430.1;11282.0
516;60487.3;-24793.0;59117.6;11021.1
517;60438.8;-24826.5;59072.1;11013.1
518;61715.5;-23673.3;60300.4;11256.0
519;61369.9;-23996.3;59968.7;11190.4
520;62255.3;-23163.5;60819.7;11355.4
521;62570.8;-22893.6;61112.3;11419.0
522;60688.3;-24596.0;59312.4;11060.0
523;61320.5;-24037.2;59921.8;11183.2
524;62884.6;-22619.4;61407.4;11472.9
525;62137.7;-23260.0;60691.0;11328.9
526;61865.6;-23532.0;60443.6;11285.9
527;62451.0;-22971.4;60989.7;11392.3
528;60636.9;-24617.0;59265.0;11050.5
529;61804.2;-23588.9;60380.1;11274.6
530;62532.8;-22927.7;61079.5;11413.9
531;62734.6;-22755.7;61269.1;11448.8
532;60442.5;-24825.8;59075.5;11013.4
533;60970.4;-24377.2;59584.5;11113.8
534;61562.7;-23822.1;60152.5;11224.0
535;60941.7;-24409.5;59556.3;11107.0
536;60840.7;-24506.1;59456.6;11088.9
537;61855.8;-23517.5;60420.0;11281.0
538;60877.3;-24470.3;59495.1;11094.6
539;59532.3;-25753.7;58190.3;10838.8
540;61541.2;-23830.1;60135.9;11220.0
541;60797.1;-24498.5;59421.0;11082.5
542;60521.2;-24762.2;59143.5;11024.8
543;59735.8;-25503.8;58390.2;10879.1
544;62166.9;-23250.7;60731.6;11337.5
545;59129.7;-26230.2;57796.7;10760.6
546;59618.8;-25673.7;58271.7;10853.1
547;60954.4;-24399.6;59566.1;11108.4
548;62375.9;-23039.8;60917.9;11376.9
549;62443.3;-23006.8;60993.1;11392.7
550;60120.2;-25112.9;58765.0;10951.7
551;61042.9;-24309.7;59651.9;11127.1
552;59786.2;-25474.8;58436.0;10887.8
553;62165.3;-23252.1;60730.3;11337.2
554;59811.0;-25436.4;58461.4;10895.4
555;61073.8;-24275.2;59683.8;11132.6
556;62202.6;-23197.6;60753.9;11343.3
557;61000.6;-24347.3;59613.6;11119.7
558;62581.3;-22877.8;61128.3;11424.6
559;60381.5;-24896.7;59013.0;11001.9
560;61545.2;-23823.1;60139.8;11220.8
561;62014.7;-23389.1;60581.5;11310.0
562;61078.6;-24275.1;59685.3;11132.9
563;62508.2;-22947.3;61056.9;11409.9
564;61710.7;-23681.2;60295.2;11254.2
565;59663.9;-25609.8;58319.7;10861.6
566;65014.5;-20484.8;63397.8;11868.5
567;61813.4;-23578.8;60389.6;11276.8
568;61301.0;-24047.9;59903.9;11181.0
569;59896.0;-25342.3;58545.8;10908.2
570;61276.8;-24075.6;59877.5;11176.5
571;60772.7;-24523.6;59391.9;11076.0
572;61804.0;-23588.5;60385.1;11275.4
573;61554.7;-23830.2;60142.1;11221.0
574;62956.7;-22566.9;61480.3;11488.4
575;61342.3;-24017.8;59935.7;11184.7
576;61687.3;-23704.7;60268.9;11248.7
577;61552.8;-23834.6;60142.3;11221.0
578;61068.1;-24286.4;59676.0;11130.9
579;61037.0;-24309.9;59649.1;11125.5
580;62262.4;-23162.9;60815.9;11354.8
581;61946.2;-23459.8;60516.7;11296.2
582;60616.7;-24670.4;59242.4;11046.1
583;60160.0;-25108.2;58799.4;10958.0
584;61145.9;-24204.6;59753.2;11147.0
585;62318.1;-23077.1;60859.0;11362.5
586;61176.8;-24171.5;59782.6;11153.8
587;62864.0;-22638.9;61388.9;11469.5
588;60477.0;-24809.4;59105.1;11017.4
589;61333.9;-24028.1;59934.6;11184.6
590;58852.0;-26541.6;57523.9;10708.1
591;60643.8;-24643.9;59268.3;11051.5
592;60926.4;-24429.0;59539.4;11102.2
593;61686.4;-23705.5;60268.6;11248.4
594;62828.1;-22669.2;61353.9;11464.2
595;61236.0;-24120.9;59835.2;11161.9
596;62574.6;-22889.8;61118.5;11422.1
597;61821.7;-23572.1;60401.2;11279.0
598;62140.8;-23278.6;60706.4;11331.8
599;60764.6;-24522.7;59386.0;11075.4
600;62505.0;-22943.3;61056.7;11409.7
601;60189.6;-25077.2;58826.6;10966.2
602;61671.0;-23723.9;60255.7;11245.1
603;60299.6;-24968.8;58935.8;10988.5
604;60705.3;-24564.8;59330.5;11064.2
605;59826.7;-25402.8;58478.8;10898.0
606;60705.5;-24538.9;59331.8;11064.4
607;61530.2;-23852.5;60120.5;11219.0
608;61148.9;-24204.4;59752.0;11146.8
609;59942.9;-25322.4;58586.9;10915.7
610;62592.7;-22874.1;61134.4;11424.6
611;61518.0;-23855.5;60111.8;11217.6
612;62164.5;-23254.2;60726.9;11336.0
613;61951.8;-23454.9;60523.3;11296.8
614;60580.9;-24711.6;59204.3;11037.5
615;59386.5;-25935.8;58045.8;10809.2
616;60335.1;-24937.1;58970.3;10994.4
617;62361.1;-23081.6;60914.4;11375.5
618;60210.6;-25059.0;58846.6;10969.3
619;61979.5;-23424.7;60548.0;11303.6
620;60634.4;-24657.9;59258.9;11048.7
621;61562.2;-23796.1;60156.9;11226.0
622;59499.6;-25781.4;58159.5;10832.9
623;62310.0;-23121.5;60861.6;11364.1
624;61172.0;-24180.7;59776.0;11151.7
625;62055.9;-23351.7;60618.4;11315.3
626;61376.3;-23990.9;59973.8;11191.2
627;61967.1;-23439.3;60537.8;11300.9
628;61110.1;-24240.0;59714.4;11141.7
629;61916.7;-23487.2;60487.2;11290.7
630;59788.2;-25474.8;58437.1;10887.9
631;60185.2;-25077.9;58820.4;10965.3
632;61899.1;-23494.6;60467.1;11289.0
633;61177.5;-24171.0;59776.0;11151.7
634;60993.0;-24339.0;59608.7;11119.0
635;61039.5;-24310.5;59650.7;11126.9
636;61674.1;-23716.5;60259.5;11247.7
637;60646.0;-24642.5;59270.7;11051.8
638;61679.7;-23698.4;60268.5;11248.3
639;60341.2;-24928.2;58970.2;10994.3
640;60823.9;-24515.1;59444.4;11085.2
641;62141.4;-23276.5;60704.2;11331.6
642;62220.4;-23183.5;60787.4;11349.9
643;60170.0;-25093.9;58810.9;10960.7
644;62000.0;-23408.3;60570.7;11305.9
645;60224.6;-25035.4;58864.7;10970.6
646;61903.0;-23499.3;60474.0;11289.7
647;59435.9;-25881.1;58087.3;10819.0
648;60156.7;-25100.8;58798.8;10957.6
649;60713.6;-24572.7;59336.8;11065.2
650;61060.1;-24283.6;59661.5;11128.2
651;62554.5;-22903.0;61095.1;11416.2
652;62070.1;-23341.6;60637.6;11318.2
653;62700.2;-22783.6;61241.1;11441.5
654;62349.2;-23087.0;60899.2;11371.7
655;60949.8;-24404.0;59562.1;11107.7
656;60967.1;-24381.5;59573.5;11111.3
657;62222.5;-23203.4;60785.2;11349.7
658;61235.2;-24120.8;59837.9;11163.4
659;61058.8;-24292.7;59668.8;11130.1
660;59961.8;-25300.6;58607.8;10919.0
661;61107.9;-24239.3;59710.8;11140.3
662;58604.1;-26953.0;57278.5;10659.3
663;60775.0;-24513.8;59395.4;11077.5
664;60277.3;-24989.8;58913.6;10983.8
665;61852.6;-23547.9;60430.0;11281.9
666;60753.6;-24543.3;59370.2;11072.1
667;60897.7;-24452.8;59513.6;11099.1
668;62476.1;-22971.1;61027.4;11404.1
669;60214.0;-25052.8;58853.2;10969.6
670;61492.4;-23882.4;60084.2;11214.6
671;59431.4;-25878.4;58088.9;10819.4
672;61294.4;-24053.2;59888.5;11178.3
673;61587.4;-23789.6;60169.0;11228.8
674;62023.6;-23379.9;60590.3;11311.7
675;60346.5;-24924.2;58981.8;10996.9
676;61498.8;-23875.3;60087.6;11214.9
677;61493.0;-23883.1;60085.4;11214.8
678;61184.9;-24162.8;59790.8;11154.6
679;61344.3;-24021.0;59940.7;11185.4
680;61634.6;-23752.8;60218.7;11240.9
681;61574.8;-23807.4;60159.5;11227.5
682;60260.3;-24998.1;58899.2;10980.2
683;60083.2;-25152.9;58728.7;10942.5
684;63594.5;-21976.0;62078.8;11607.0
685;63014.2;-22519.4;61537.4;11496.5
686;59908.5;-25357.0;58551.9;10909.0
687;61618.0;-23761.8;60208.1;11238.5
688;61790.9;-23601.6;60372.0;11273.7
689;61913.9;-23474.1;60493.2;11291.5
690;61345.0;-24003.4;59933.4;11184.4
691;60323.5;-24946.2;58959.6;10992.3
692;61039.2;-24315.7;59649.3;11125.6
693;60732.6;-24558.6;59354.4;11067.8
694;61328.1;-24034.6;59927.6;11183.7
695;60961.3;-24392.6;59571.2;11110.1
696;61086.9;-24264.0;59694.4;11135.7
697;62173.1;-23245.8;60735.2;11338.0
698;62372.6;-23055.1;60919.0;11377.0
699;60093.2;-25147.8;58738.0;10945.1
700;60777.2;-24517.7;59391.9;11076.0
701;60470.2;-24811.5;59093.8;11014.9
702;62355.1;-23080.4;60913.2;11375.4
703;61156.2;-24197.5;59760.3;11147.7
704;62568.6;-22890.5;61115.9;11420.6
705;60746.0;-24512.1;59370.3;11072.3
706;61225.0;-24128.2;59829.9;11160.1
707;59942.4;-25323.0;58586.7;10915.6
708;62440.7;-23003.8;60986.3;11390.9
709;60864.0;-24483.2;59481.8;11093.7
710;59802.3;-25439.2;58454.0;10893.4
711;60646.0;-24641.1;59270.8;11051.9
712;59047.1;-26295.3;57716.8;10744.4
713;61174.7;-24171.8;59781.1;11153.4
714;61302.1;-24020.6;59907.6;11181.5
715;61469.1;-23902.8;60062.5;11210.9
716;62617.6;-22854.7;61158.4;11428.2
717;60942.5;-24397.9;59546.5;11104.7
718;61974.0;-23430.0;60542.0;11302.8
719;61488.4;-23886.8;60080.6;11214.1
720;61029.9;-24324.1;59639.7;11124.6
722;62107.5;-23305.6;60674.7;11326.1
723;60720.2;-24539.5;59345.6;11065.5
724;61221.1;-24130.7;59825.9;11159.3
725;60017.5;-25241.7;58662.1;10930.8
726;61466.9;-23903.3;60058.9;11210.3
727;61302.4;-24052.2;59904.0;11181.0
728;61228.5;-24124.2;59833.4;11160.4
729;61081.0;-24268.3;59689.9;11134.4
730;62201.6;-23220.6;60761.8;11344.9
731;62129.7;-23285.1;60691.0;11328.9
732;61891.3;-23510.4;60467.1;11289.1
733;64376.6;-21200.0;62812.2;11751.5
734;60639.5;-24639.9;59265.7;11051.1
735;60854.2;-24495.6;59468.4;11091.0
736;60243.8;-25025.2;58881.4;10976.1
737;61601.6;-23773.8;60193.3;11234.3
738;60563.7;-24727.5;59191.0;11033.3
739;58693.2;-26766.0;57367.9;10673.0
740;60068.1;-25182.4;58713.0;10938.8
741;61268.2;-24087.8;59866.2;11171.6
742;62165.6;-23252.4;60729.1;11337.1
743;59745.8;-25534.4;58396.6;10880.1
744;60632.4;-24649.1;59258.9;11048.7
745;61079.5;-24274.5;59686.3;11132.9
746;60522.6;-24767.1;59148.0;11025.1
747;61698.4;-23694.9;60283.1;11250.5
748;61214.2;-24144.0;59818.0;11157.9
749;61494.4;-23879.8;60087.7;11215.1
750;60524.9;-24765.2;59151.4;11025.4
751;62664.1;-22815.8;61201.7;11436.9
752;61196.7;-24153.9;59798.4;11156.5
753;62428.3;-23019.1;60978.3;11390.0
754;60785.2;-24494.3;59406.9;11080.0
755;61754.5;-23630.0;60339.4;11263.2
756;60566.6;-24720.9;59194.2;11034.2
757;60302.3;-24966.8;58936.0;10988.7
758;60550.6;-24722.0;59167.5;11029.5
759;61169.6;-24184.8;59771.1;11149.2
760;61004.2;-24343.9;59617.1;11120.1
761;62658.9;-22813.3;61204.0;11437.2
762;60127.7;-25138.3;58767.0;10952.4
763;60177.3;-25091.8;58816.9;10961.5
764;62810.8;-22690.5;61345.8;11463.1
765;61774.9;-23616.7;60350.7;11267.0
766;59446.1;-25850.5;58106.2;10822.9
767;61671.1;-23720.5;60256.9;11246.3
768;61420.2;-23930.8;60020.0;11199.9
769;59199.2;-26161.0;57862.2;10775.3
770;60860.4;-24490.9;59476.8;11092.0
771;61186.0;-24164.6;59791.0;11154.8
772;61893.9;-23504.2;60471.8;11289.7
773;62110.5;-23303.5;60676.6;11327.8
774;61299.2;-24050.6;59893.4;11178.9
775;62195.5;-23223.0;60753.9;11343.3
776;61081.0;-24262.2;59680.4;11131.1
777;60396.7;-24881.2;59025.0;11004.3
778;60322.1;-24952.0;58955.5;10990.4
779;61715.1;-23675.6;60293.6;11252.7
780;59373.4;-25942.6;58034.6;10805.8
781;61833.3;-23552.5;60415.2;11280.5
782;60161.0;-25100.7;58802.5;10958.7
783;60870.3;-24479.4;59485.3;11094.0
784;61676.9;-23709.8;60263.9;11248.0
785;62353.2;-23089.7;60908.6;11373.8
786;59385.8;-25894.9;58049.5;10810.7
787;60451.8;-24823.1;59075.5;11013.4
788;61238.4;-24105.7;59844.1;11166.3
789;60641.0;-24637.9;59267.3;11051.5
790;62019.9;-23383.7;60591.5;11312.0
791;59250.7;-26098.0;57912.7;10786.4
792;61551.6;-23830.5;60135.9;11220.0
793;61596.6;-23788.6;60186.0;11233.3
794;61244.6;-24109.7;59844.1;11166.3
795;62254.8;-23176.3;60816.1;11354.9
796;60059.4;-25208.7;58702.5;10937.1
797;62278.8;-23108.8;60820.8;11355.5
798;60547.1;-24744.4;59170.7;11029.6
799;61892.1;-23510.6;60467.1;11289.0
800;60901.8;-24436.2;59520.2;11099.6
801;61974.8;-23430.0;60546.8;11303.5
802;61939.8;-23456.4;60516.7;11296.3
803;59825.7;-25382.3;58478.4;10897.7
804;61065.7;-24288.0;59672.2;11130.4
805;61118.0;-24233.1;59722.7;11142.6
806;60990.5;-24363.2;59601.4;11116.1
807;60497.0;-24787.9;59122.0;11021.4
808;62951.0;-22569.0;61480.1;11488.3
809;61401.1;-23959.0;59990.3;11195.0
810;62681.7;-22801.5;61222.8;11438.5
811;60668.7;-24624.8;59290.2;11056.1
812;60200.2;-25066.4;58837.3;10968.4
813;61331.5;-24025.9;59925.3;11183.5
814;60681.3;-24600.6;59295.0;11056.8
815;63479.2;-22086.7;61970.8;11583.6
816;61428.5;-23941.6;60024.0;11201.6
817;62291.6;-23141.2;60851.9;11361.6
818;61001.2;-24350.2;59611.4;11119.5
819;60900.8;-24444.0;59518.0;11099.5
820;61172.9;-24163.0;59781.2;11153.5
821;61537.5;-23848.1;60128.1;11219.5
822;62012.1;-23391.3;60578.0;11309.7
823;61092.1;-24257.1;59700.7;11136.6
824;60563.9;-24716.3;59193.0;11034.0
825;60193.0;-25073.3;58831.4;10967.7
826;61134.5;-24203.6;59743.9;11145.1
827;61731.9;-23651.9;60318.3;11258.5
828;61637.0;-23744.4;60216.0;11239.3
829;61188.2;-24162.5;59791.0;11154.8
830;60650.8;-24628.8;59265.7;11051.1
831;61335.9;-24016.7;59938.3;11185.0
832;61741.7;-23648.5;60318.1;11258.4
833;61171.0;-24181.1;59776.4;11152.0
834;61322.3;-24008.9;59907.6;11181.5
835;61066.3;-24286.7;59675.7;11130.7
836;62080.4;-23334.3;60647.9;11319.0
837;60791.3;-24506.1;59408.0;11080.1
838;61375.7;-23993.0;59971.3;11190.8
839;61567.9;-23816.1;60158.0;11226.1
840;61896.7;-23503.1;60467.1;11289.0
841;62620.4;-22845.8;61157.2;11428.0
842;61839.9;-23554.1;60412.9;11280.3
843;61767.3;-23627.4;60345.6;11265.0
844;59819.6;-25422.6;58470.4;10897.0
845;61768.1;-23625.5;60350.5;11265.8
846;63395.4;-22161.5;61890.8;11569.9
847;60416.2;-24853.8;59050.0;11008.9
848;60249.2;-25014.4;58879.7;10975.5
849;61008.0;-24343.4;59618.7;11121.4
850;62183.2;-23237.3;60747.5;11342.3
851;61699.1;-23688.6;60277.3;11249.9
852;60750.4;-24544.3;59370.4;11072.3
853;61177.1;-24172.1;59776.5;11152.1
854;62195.8;-23223.1;60755.4;11343.7
855;61843.7;-23537.2;60411.6;11280.2
856;63513.1;-22062.4;62006.8;11590.1
857;62157.6;-23241.1;60726.7;11335.7
858;61531.4;-23840.6;60125.8;11219.2
859;61774.7;-23603.7;60359.5;11269.6
860;60885.0;-24465.8;59498.7;11096.1
861;60285.5;-24974.4;58914.0;10984.0
862;61361.6;-24006.4;59959.5;11188.4
863;61664.3;-23717.8;60253.1;11244.6
864;59903.5;-25361.7;58548.3;10908.6
865;60710.2;-24585.5;59329.9;11063.8
866;60858.8;-24490.2;59476.8;11092.0
867;61452.3;-23916.8;60043.6;11206.6
868;60964.8;-24387.2;59577.3;11112.8
869;61615.0;-23763.1;60205.5;11238.1
870;61298.8;-24058.1;59895.7;11179.2
871;62212.2;-23214.2;60774.1;11346.8
872;59602.9;-25664.3;58260.8;10850.8
873;62775.8;-22721.6;61309.0;11457.3
874;62554.3;-22885.5;61089.4;11415.6
875;61253.9;-24088.2;59846.2;11166.4
876;61822.0;-23563.7;60392.8;11277.9
877;61768.7;-23626.3;60350.5;11265.8
878;60508.0;-24765.3;59138.7;11024.4
879;61358.8;-24009.6;59954.6;11186.8
880;61942.5;-23466.2;60515.4;11295.2
881;61488.4;-23884.8;60079.3;11213.9
882;62199.4;-23221.1;60764.1;11345.0
883;61291.0;-24060.8;59893.3;11178.9
884;61272.6;-24073.7;59876.3;11176.4
885;60483.7;-24803.4;59110.2;11018.2
886;60866.1;-24482.3;59478.5;11092.5
887;60771.2;-24518.1;59391.9;11076.1
888;62821.5;-22674.1;61348.3;11463.6
889;61430.9;-23940.2;60022.4;11200.2
890;60258.0;-25002.9;58896.6;10979.8
891;61571.5;-23812.8;60159.6;11227.6
892;61033.8;-24320.7;59640.9;11124.7
893;58362.1;-27217.3;57042.7;10609.7
894;61663.0;-23721.1;60241.8;11243.5
895;59746.5;-25527.9;58399.2;10880.5
896;61749.5;-23648.7;60330.0;11259.0
897;60289.8;-24977.5;58926.4;10987.5
898;59829.3;-25400.4;58481.3;10898.3
899;61672.9;-23720.8;60255.6;11245.0
900;59800.4;-25455.1;58450.6;10892.5
901;60782.1;-24508.9;59401.8;11079.4
902;61391.0;-23979.2;59987.7;11193.7
903;61780.6;-23612.0;60358.2;11268.4
904;61913.1;-23493.4;60487.4;11290.8
905;61170.2;-24178.4;59776.4;11152.1
906;60417.4;-24863.9;59048.6;11008.7
907;63032.1;-22491.1;61546.8;11498.0
908;60639.3;-24651.5;59262.8;11050.4
909;62909.1;-22606.8;61437.0;11479.8
910;60781.1;-24515.4;59396.9;11077.8
911;62301.8;-23135.4;60859.0;11362.5
912;62230.9;-23191.3;60787.3;11349.8
913;60217.1;-25053.0;58855.8;10969.9
914;61535.4;-23844.9;60128.1;11219.4
915;61916.7;-23477.4;60494.7;11291.9
916;61856.9;-23539.0;60436.1;11283.7
917;61022.6;-24330.1;59633.9;11124.0
918;61476.2;-23867.9;60074.3;11213.4
919;60839.1;-24508.2;59455.2;11088.6
920;60108.9;-25160.6;58746.5;10946.2
921;62138.5;-23281.4;60703.1;11331.5
922;60672.3;-24607.9;59297.6;11057.0
923;62503.6;-22944.7;61055.1;11409.2
924;61768.2;-23626.4;60347.0;11265.4
925;60360.7;-24916.9;58992.7;10997.6
926;61056.4;-24297.1;59665.2;11129.7
927;60946.8;-24407.6;59557.7;11107.4
928;60377.3;-24895.3;59011.9;11000.8
929;61674.2;-23718.4;60259.4;11247.7
930;60751.6;-24543.5;59370.2;11072.1
931;62746.4;-22744.9;61281.2;11452.8
932;62025.2;-23377.8;60591.4;11311.8
933;60370.0;-24908.5;59001.5;10998.8
934;61185.8;-24164.9;59790.8;11154.6
935;60995.9;-24348.8;59610.0;11119.3
936;59737.4;-25528.7;58391.4;10879.2
937;62102.2;-23304.1;60661.8;11324.5
938;62106.1;-23301.3;60675.0;11327.3
939;62090.2;-23324.1;60655.1;11320.9
940;60774.0;-24510.3;59395.3;11077.4
941;62239.1;-23152.1;60785.2;11349.7
942;61010.8;-24336.3;59623.4;11122.0
943;62102.3;-23309.3;60664.3;11324.9
944;62916.8;-22601.3;61445.0;11480.6
945;61351.9;-23976.6;59933.3;11184.3
946;59877.3;-25358.4;58527.5;10905.2
947;60914.1;-24440.5;59527.3;11100.3
948;61800.9;-23584.6;60383.7;11275.1
949;62361.7;-23073.0;60910.8;11374.0
950;60139.9;-25108.4;58783.3;10955.9
951;61030.6;-24319.8;59642.1;11124.9
952;61413.1;-23941.8;60012.5;11199.5
953;61603.4;-23783.7;60192.2;11234.2
954;62081.9;-23333.2;60647.3;11318.6
955;60309.3;-24951.9;58937.3;10988.9
956;60798.5;-24504.9;59422.1;11082.6
957;62167.5;-23248.9;60726.9;11336.0
958;61568.6;-23816.3;60156.8;11225.9
959;61619.3;-23765.2;60207.9;11238.3
960;62270.3;-23163.7;60828.8;11358.1
961;61300.6;-24053.9;59898.5;11180.6
962;61697.3;-23697.3;60280.7;11250.2
963;60913.8;-24439.5;59528.6;11101.6
964;59946.7;-25309.0;58594.3;10916.0
965;59996.8;-25258.8;58642.2;10927.2
966;61268.6;-24085.4;59867.5;11172.7
967;61020.9;-24325.0;59633.8;11124.0
968;60583.8;-24699.3;59210.8;11040.6
969;61494.3;-23880.2;60085.3;11214.8
970;60361.9;-24916.1;58994.0;10997.8
971;61309.9;-24047.2;59907.5;11181.4
972;61184.8;-24167.1;59789.7;11154.5
973;60403.5;-24833.4;59039.5;11007.9
974;59056.6;-26324.0;57722.9;10746.1
975;62585.1;-22867.0;61121.8;11423.3
976;61498.4;-23871.3;60084.2;11214.6
977;58727.4;-26721.3;57400.9;10680.6
978;60805.8;-24492.6;59420.7;11082.3
979;61567.3;-23816.5;60156.9;11226.1
980;60994.4;-24346.9;59608.8;11119.1
981;61750.6;-23647.3;60332.2;11260.2
982;60280.7;-24987.6;58917.6;10984.4
983;61368.2;-23995.8;59960.9;11188.7
984;61164.0;-24191.8;59766.1;11148.3
985;61037.9;-24313.6;59649.2;11125.5
986;61002.3;-24347.4;59614.8;11119.8
987;61385.8;-23983.2;59982.1;11192.2
988;62097.3;-23315.0;60662.0;11324.7
989;60705.0;-24585.9;59320.8;11060.9
990;60825.1;-24519.9;59444.4;11085.2
991;61357.2;-24003.1;59949.0;11186.3
992;61090.7;-24242.2;59701.9;11136.8
993;61562.0;-23821.6;60152.9;11224.3
994;61882.9;-23505.7;60450.2;11286.3
995;62427.2;-23016.1;60975.0;11389.9
996;61098.5;-24251.8;59705.5;11137.2
997;59080.0;-26298.3;57746.4;10749.4
998;61143.2;-24210.8;59749.9;11145.8
999;61536.5;-23846.7;60125.9;11219.3
1000;61038.7;-24315.6;59647.6;11125.2
