2.280000000000000000e+03 -2.875710000000000122e+01
2.302800000000000182e+03 -2.933810000000000073e+01
2.325599999999999909e+03 -2.987890000000000157e+01
2.348400000000000091e+03 -3.037959999999999994e+01
2.371199999999999818e+03 -3.083980000000000032e+01
2.394000000000000000e+03 -3.125959999999999894e+01
2.416800000000000182e+03 -3.163860000000000028e+01
2.439599999999999909e+03 -3.197680000000000078e+01
2.462400000000000091e+03 -3.227389999999999759e+01
2.485199999999999818e+03 -3.252980000000000160e+01
2.508000000000000000e+03 -3.274419999999999931e+01
2.530800000000000182e+03 -3.291700000000000159e+01
2.553599999999999909e+03 -3.304800000000000182e+01
2.576400000000000091e+03 -3.313689999999999714e+01
2.599199999999999818e+03 -3.318359999999999843e+01
2.622000000000000000e+03 -3.318780000000000285e+01
2.644800000000000182e+03 -3.314920000000000044e+01
2.667599999999999909e+03 -3.306770000000000209e+01
2.690400000000000091e+03 -3.294299999999999784e+01
2.713199999999999818e+03 -3.277479999999999905e+01
2.736000000000000000e+03 -3.256280000000000285e+01
2.758800000000000182e+03 -3.230680000000000263e+01
2.781599999999999909e+03 -3.200650000000000261e+01
2.804400000000000091e+03 -3.166150000000000020e+01
2.827199999999999818e+03 -3.127159999999999940e+01
2.850000000000000000e+03 -3.083650000000000091e+01
2.872800000000000182e+03 -3.035569999999999879e+01
2.895599999999999909e+03 -2.982910000000000039e+01
2.918400000000000091e+03 -2.925600000000000023e+01
2.941199999999999818e+03 -2.863629999999999853e+01
2.964000000000000000e+03 -2.796959999999999980e+01
2.986800000000000182e+03 -2.725529999999999831e+01
3.009599999999999909e+03 -2.649309999999999832e+01
3.032400000000000091e+03 -2.568260000000000076e+01
3.055199999999999818e+03 -2.482329999999999970e+01
3.078000000000000000e+03 -2.391469999999999985e+01
3.100800000000000182e+03 -2.295629999999999882e+01
3.123599999999999909e+03 -2.194770000000000110e+01
3.146400000000000091e+03 -2.088820000000000121e+01
3.169199999999999818e+03 -1.977730000000000032e+01
3.192000000000000000e+03 -1.861439999999999984e+01
3.214800000000000182e+03 -1.739900000000000091e+01
3.237599999999999909e+03 -1.613040000000000163e+01
3.260400000000000091e+03 -1.480780000000000030e+01
3.283199999999999818e+03 -1.343079999999999963e+01
3.306000000000000000e+03 -1.199840000000000018e+01
3.328800000000000182e+03 -1.050999999999999979e+01
3.351599999999999909e+03 -8.964700000000000557e+00
3.374400000000000091e+03 -7.361799999999999677e+00
3.397199999999999818e+03 -5.700400000000000134e+00
3.420000000000000000e+03 -3.979600000000000026e+00
3.442800000000000182e+03 -2.198399999999999910e+00
3.465599999999999909e+03 -3.558000000000000052e-01
3.488400000000000091e+03 1.549199999999999910e+00
3.511199999999999818e+03 3.517599999999999838e+00
3.534000000000000000e+03 5.550799999999999734e+00
3.556800000000000182e+03 7.649700000000000166e+00
3.579599999999999909e+03 9.815799999999999415e+00
3.602400000000000091e+03 1.205039999999999978e+01
3.625199999999999818e+03 1.435479999999999912e+01
3.648000000000000000e+03 1.673059999999999903e+01
3.670800000000000182e+03 1.917940000000000111e+01
3.693599999999999909e+03 2.170260000000000034e+01
3.716400000000000091e+03 2.430229999999999890e+01
3.739199999999999818e+03 2.698010000000000019e+01
3.762000000000000000e+03 2.973799999999999955e+01
3.784800000000000182e+03 3.257820000000000249e+01
3.807599999999999909e+03 3.550269999999999726e+01
3.830400000000000091e+03 3.851409999999999911e+01
3.853199999999999818e+03 4.161469999999999914e+01
3.876000000000000000e+03 4.480729999999999791e+01
3.898800000000000182e+03 4.809459999999999980e+01
3.921599999999999909e+03 5.147979999999999734e+01
3.944400000000000091e+03 5.496609999999999729e+01
3.967199999999999818e+03 5.855689999999999884e+01
3.990000000000000000e+03 6.225610000000000355e+01
4.012800000000000182e+03 6.606759999999999877e+01
4.035599999999999909e+03 6.999590000000000600e+01
4.058400000000000091e+03 7.404569999999999652e+01
4.081199999999999818e+03 7.822209999999999752e+01
4.104000000000000000e+03 8.253069999999999595e+01
4.126800000000000182e+03 8.697769999999999868e+01
4.149600000000000364e+03 9.156950000000000500e+01
4.172399999999999636e+03 9.631369999999999720e+01
4.195199999999999818e+03 1.012184000000000026e+02
4.218000000000000000e+03 1.062924000000000007e+02
4.240800000000000182e+03 1.115456999999999965e+02
4.263600000000000364e+03 1.169895999999999958e+02
4.286399999999999636e+03 1.226367000000000047e+02
4.309199999999999818e+03 1.285012000000000114e+02
4.332000000000000000e+03 1.345994000000000028e+02
4.354800000000000182e+03 1.409499999999999886e+02
4.377600000000000364e+03 1.475749999999999886e+02
4.400399999999999636e+03 1.544997999999999934e+02
4.423199999999999818e+03 1.617550999999999988e+02
4.446000000000000000e+03 1.693776000000000010e+02
4.468800000000000182e+03 1.774128000000000043e+02
4.491600000000000364e+03 1.859176999999999964e+02
4.514399999999999636e+03 1.949659000000000049e+02
4.537199999999999818e+03 2.046554999999999893e+02
4.560000000000000000e+03 2.151237000000000137e+02
4.582800000000000182e+03 2.265732999999999890e+02
4.605600000000000364e+03 2.393312999999999988e+02
4.628399999999999636e+03 2.540026000000000010e+02
4.651199999999999818e+03 2.720323999999999955e+02
4.674000000000000000e+03 3.018285999999999945e+02
4.675425000000000182e+03 3.069114999999999895e+02
4.675425400000000081e+03 3.069116000000000213e+02
