2.280000000000000000e+03 1.005300000000000082e+00
2.302800000000000182e+03 1.005100000000000104e+00
2.325599999999999909e+03 1.004899999999999904e+00
2.348400000000000091e+03 1.004699999999999926e+00
2.371199999999999818e+03 1.004499999999999948e+00
2.394000000000000000e+03 1.004199999999999982e+00
2.416800000000000182e+03 1.004000000000000004e+00
2.439599999999999909e+03 1.003700000000000037e+00
2.462400000000000091e+03 1.003400000000000070e+00
2.485199999999999818e+03 1.002999999999999892e+00
2.508000000000000000e+03 1.002699999999999925e+00
2.530800000000000182e+03 1.002299999999999969e+00
2.553599999999999909e+03 1.001900000000000013e+00
2.576400000000000091e+03 1.001500000000000057e+00
2.599199999999999818e+03 1.001100000000000101e+00
2.622000000000000000e+03 1.000599999999999934e+00
2.644800000000000182e+03 1.000199999999999978e+00
2.667599999999999909e+03 9.997000000000000330e-01
2.690400000000000091e+03 9.991999999999999771e-01
2.713199999999999818e+03 9.986000000000000432e-01
2.736000000000000000e+03 9.980999999999999872e-01
2.758800000000000182e+03 9.975000000000000533e-01
2.781599999999999909e+03 9.969000000000000083e-01
2.804400000000000091e+03 9.962999999999999634e-01
2.827199999999999818e+03 9.957000000000000295e-01
2.850000000000000000e+03 9.949999999999999956e-01
2.872800000000000182e+03 9.942999999999999616e-01
2.895599999999999909e+03 9.936000000000000387e-01
2.918400000000000091e+03 9.929000000000000048e-01
2.941199999999999818e+03 9.921999999999999709e-01
2.964000000000000000e+03 9.913999999999999480e-01
2.986800000000000182e+03 9.906000000000000361e-01
3.009599999999999909e+03 9.898000000000000131e-01
3.032400000000000091e+03 9.889999999999999902e-01
3.055199999999999818e+03 9.880999999999999783e-01
3.078000000000000000e+03 9.871999999999999664e-01
3.100800000000000182e+03 9.862999999999999545e-01
3.123599999999999909e+03 9.854000000000000536e-01
3.146400000000000091e+03 9.844000000000000528e-01
3.169199999999999818e+03 9.835000000000000409e-01
3.192000000000000000e+03 9.824000000000000510e-01
3.214800000000000182e+03 9.814000000000000501e-01
3.237599999999999909e+03 9.804000000000000492e-01
3.260400000000000091e+03 9.792999999999999483e-01
3.283199999999999818e+03 9.781999999999999584e-01
3.306000000000000000e+03 9.770999999999999686e-01
3.328800000000000182e+03 9.758999999999999897e-01
3.351599999999999909e+03 9.747000000000000108e-01
3.374400000000000091e+03 9.735000000000000320e-01
3.397199999999999818e+03 9.723000000000000531e-01
3.420000000000000000e+03 9.709999999999999742e-01
3.442800000000000182e+03 9.697000000000000064e-01
3.465599999999999909e+03 9.684000000000000385e-01
3.488400000000000091e+03 9.670999999999999597e-01
3.511199999999999818e+03 9.657000000000000028e-01
3.534000000000000000e+03 9.643000000000000460e-01
3.556800000000000182e+03 9.628999999999999782e-01
3.579599999999999909e+03 9.614000000000000323e-01
3.602400000000000091e+03 9.598999999999999755e-01
3.625199999999999818e+03 9.584000000000000297e-01
3.648000000000000000e+03 9.567999999999999838e-01
3.670800000000000182e+03 9.552000000000000490e-01
3.693599999999999909e+03 9.536000000000000032e-01
3.716400000000000091e+03 9.519999999999999574e-01
3.739199999999999818e+03 9.503000000000000336e-01
3.762000000000000000e+03 9.485000000000000098e-01
3.784800000000000182e+03 9.467999999999999750e-01
3.807599999999999909e+03 9.449999999999999512e-01
3.830400000000000091e+03 9.431000000000000494e-01
3.853199999999999818e+03 9.412000000000000366e-01
3.876000000000000000e+03 9.393000000000000238e-01
3.898800000000000182e+03 9.374000000000000110e-01
3.921599999999999909e+03 9.353000000000000203e-01
3.944400000000000091e+03 9.333000000000000185e-01
3.967199999999999818e+03 9.312000000000000277e-01
3.990000000000000000e+03 9.291000000000000369e-01
4.012800000000000182e+03 9.268999999999999462e-01
4.035599999999999909e+03 9.245999999999999774e-01
4.058400000000000091e+03 9.223000000000000087e-01
4.081199999999999818e+03 9.200000000000000400e-01
4.104000000000000000e+03 9.175999999999999712e-01
4.126800000000000182e+03 9.151000000000000245e-01
4.149600000000000364e+03 9.125999999999999668e-01
4.172399999999999636e+03 9.100000000000000311e-01
4.195199999999999818e+03 9.072999999999999954e-01
4.218000000000000000e+03 9.045999999999999597e-01
4.240800000000000182e+03 9.018000000000000460e-01
4.263600000000000364e+03 8.989000000000000323e-01
4.286399999999999636e+03 8.959000000000000297e-01
4.309199999999999818e+03 8.928000000000000380e-01
4.332000000000000000e+03 8.897000000000000464e-01
4.354800000000000182e+03 8.863999999999999657e-01
4.377600000000000364e+03 8.830000000000000071e-01
4.400399999999999636e+03 8.794999999999999485e-01
4.423199999999999818e+03 8.758000000000000229e-01
4.446000000000000000e+03 8.719999999999999973e-01
4.468800000000000182e+03 8.679000000000000048e-01
4.491600000000000364e+03 8.637000000000000233e-01
4.514399999999999636e+03 8.592999999999999527e-01
4.537199999999999818e+03 8.546000000000000263e-01
4.560000000000000000e+03 8.495000000000000329e-01
4.582800000000000182e+03 8.439999999999999725e-01
4.605600000000000364e+03 8.378999999999999782e-01
4.628399999999999636e+03 8.308999999999999719e-01
4.651199999999999818e+03 8.225000000000000089e-01
4.674000000000000000e+03 8.086999999999999744e-01
4.675425000000000182e+03 8.064000000000000057e-01
4.675425400000000081e+03 8.064000000000000057e-01
