2.280000000000000000e+03 1.244510000000000005e+01
2.302800000000000182e+03 1.299779999999999980e+01
2.325599999999999909e+03 1.355020000000000024e+01
2.348400000000000091e+03 1.410239999999999938e+01
2.371199999999999818e+03 1.465429999999999922e+01
2.394000000000000000e+03 1.520579999999999998e+01
2.416800000000000182e+03 1.575699999999999967e+01
2.439599999999999909e+03 1.630780000000000030e+01
2.462400000000000091e+03 1.685810000000000031e+01
2.485199999999999818e+03 1.740790000000000148e+01
2.508000000000000000e+03 1.795720000000000027e+01
2.530800000000000182e+03 1.850590000000000046e+01
2.553599999999999909e+03 1.905409999999999826e+01
2.576400000000000091e+03 1.960160000000000124e+01
2.599199999999999818e+03 2.014839999999999876e+01
2.622000000000000000e+03 2.069450000000000145e+01
2.644800000000000182e+03 2.123979999999999890e+01
2.667599999999999909e+03 2.178440000000000154e+01
2.690400000000000091e+03 2.232809999999999917e+01
2.713199999999999818e+03 2.287089999999999890e+01
2.736000000000000000e+03 2.341280000000000072e+01
2.758800000000000182e+03 2.395380000000000109e+01
2.781599999999999909e+03 2.449380000000000024e+01
2.804400000000000091e+03 2.503269999999999840e+01
2.827199999999999818e+03 2.557049999999999912e+01
2.850000000000000000e+03 2.610719999999999885e+01
2.872800000000000182e+03 2.664270000000000138e+01
2.895599999999999909e+03 2.717699999999999960e+01
2.918400000000000091e+03 2.771010000000000062e+01
2.941199999999999818e+03 2.824180000000000135e+01
2.964000000000000000e+03 2.877220000000000155e+01
2.986800000000000182e+03 2.930110000000000170e+01
3.009599999999999909e+03 2.982860000000000156e+01
3.032400000000000091e+03 3.035460000000000136e+01
3.055199999999999818e+03 3.087910000000000110e+01
3.078000000000000000e+03 3.140200000000000102e+01
3.100800000000000182e+03 3.192310000000000159e+01
3.123599999999999909e+03 3.244259999999999877e+01
3.146400000000000091e+03 3.296039999999999992e+01
3.169199999999999818e+03 3.347630000000000194e+01
3.192000000000000000e+03 3.399029999999999774e+01
3.214800000000000182e+03 3.450240000000000151e+01
3.237599999999999909e+03 3.501259999999999906e+01
3.260400000000000091e+03 3.552060000000000173e+01
3.283199999999999818e+03 3.602660000000000196e+01
3.306000000000000000e+03 3.653040000000000020e+01
3.328800000000000182e+03 3.703199999999999648e+01
3.351599999999999909e+03 3.753130000000000166e+01
3.374400000000000091e+03 3.802819999999999823e+01
3.397199999999999818e+03 3.852270000000000039e+01
3.420000000000000000e+03 3.901460000000000150e+01
3.442800000000000182e+03 3.950399999999999778e+01
3.465599999999999909e+03 3.999080000000000013e+01
3.488400000000000091e+03 4.047480000000000189e+01
3.511199999999999818e+03 4.095600000000000307e+01
3.534000000000000000e+03 4.143439999999999657e+01
3.556800000000000182e+03 4.190970000000000084e+01
3.579599999999999909e+03 4.238210000000000122e+01
3.602400000000000091e+03 4.285119999999999862e+01
3.625199999999999818e+03 4.331719999999999970e+01
3.648000000000000000e+03 4.377980000000000160e+01
3.670800000000000182e+03 4.423890000000000100e+01
3.693599999999999909e+03 4.469460000000000122e+01
3.716400000000000091e+03 4.514659999999999940e+01
3.739199999999999818e+03 4.559479999999999933e+01
3.762000000000000000e+03 4.603920000000000101e+01
3.784800000000000182e+03 4.647959999999999781e+01
3.807599999999999909e+03 4.691579999999999728e+01
3.830400000000000091e+03 4.734779999999999944e+01
3.853199999999999818e+03 4.777550000000000097e+01
3.876000000000000000e+03 4.819859999999999900e+01
3.898800000000000182e+03 4.861699999999999733e+01
3.921599999999999909e+03 4.903050000000000352e+01
3.944400000000000091e+03 4.943900000000000006e+01
3.967199999999999818e+03 4.984239999999999782e+01
3.990000000000000000e+03 5.024029999999999774e+01
4.012800000000000182e+03 5.063259999999999650e+01
4.035599999999999909e+03 5.101910000000000167e+01
4.058400000000000091e+03 5.139959999999999951e+01
4.081199999999999818e+03 5.177369999999999806e+01
4.104000000000000000e+03 5.214130000000000109e+01
4.126800000000000182e+03 5.250209999999999866e+01
4.149600000000000364e+03 5.285560000000000258e+01
4.172399999999999636e+03 5.320170000000000243e+01
4.195199999999999818e+03 5.353979999999999961e+01
4.218000000000000000e+03 5.386959999999999837e+01
4.240800000000000182e+03 5.419069999999999965e+01
4.263600000000000364e+03 5.450260000000000105e+01
4.286399999999999636e+03 5.480460000000000065e+01
4.309199999999999818e+03 5.509609999999999985e+01
4.332000000000000000e+03 5.537650000000000006e+01
4.354800000000000182e+03 5.564489999999999981e+01
4.377600000000000364e+03 5.590030000000000143e+01
4.400399999999999636e+03 5.614170000000000016e+01
4.423199999999999818e+03 5.636780000000000257e+01
4.446000000000000000e+03 5.657679999999999865e+01
4.468800000000000182e+03 5.676700000000000301e+01
4.491600000000000364e+03 5.693580000000000041e+01
4.514399999999999636e+03 5.708019999999999783e+01
4.537199999999999818e+03 5.719590000000000174e+01
4.560000000000000000e+03 5.727700000000000102e+01
4.582800000000000182e+03 5.731499999999999773e+01
4.605600000000000364e+03 5.729560000000000031e+01
4.628399999999999636e+03 5.719270000000000209e+01
4.651199999999999818e+03 5.694319999999999737e+01
4.674000000000000000e+03 5.617419999999999902e+01
4.675425000000000182e+03 5.598219999999999885e+01
4.675425400000000081e+03 5.598219999999999885e+01
