2.280000000000000000e+03 1.007400000000000073e+00
2.302800000000000182e+03 1.007300000000000084e+00
2.325599999999999909e+03 1.007200000000000095e+00
2.348400000000000091e+03 1.007100000000000106e+00
2.371199999999999818e+03 1.006999999999999895e+00
2.394000000000000000e+03 1.006799999999999917e+00
2.416800000000000182e+03 1.006599999999999939e+00
2.439599999999999909e+03 1.006299999999999972e+00
2.462400000000000091e+03 1.006000000000000005e+00
2.485199999999999818e+03 1.005700000000000038e+00
2.508000000000000000e+03 1.005400000000000071e+00
2.530800000000000182e+03 1.004999999999999893e+00
2.553599999999999909e+03 1.004599999999999937e+00
2.576400000000000091e+03 1.004099999999999993e+00
2.599199999999999818e+03 1.003700000000000037e+00
2.622000000000000000e+03 1.003100000000000103e+00
2.644800000000000182e+03 1.002599999999999936e+00
2.667599999999999909e+03 1.002000000000000002e+00
2.690400000000000091e+03 1.001400000000000068e+00
2.713199999999999818e+03 1.000799999999999912e+00
2.736000000000000000e+03 1.000099999999999989e+00
2.758800000000000182e+03 9.993999999999999551e-01
2.781599999999999909e+03 9.986000000000000432e-01
2.804400000000000091e+03 9.978000000000000203e-01
2.827199999999999818e+03 9.969999999999999973e-01
2.850000000000000000e+03 9.960999999999999854e-01
2.872800000000000182e+03 9.951999999999999735e-01
2.895599999999999909e+03 9.942999999999999616e-01
2.918400000000000091e+03 9.932999999999999607e-01
2.941199999999999818e+03 9.922999999999999599e-01
2.964000000000000000e+03 9.912999999999999590e-01
2.986800000000000182e+03 9.901999999999999691e-01
3.009599999999999909e+03 9.890999999999999792e-01
3.032400000000000091e+03 9.879999999999999893e-01
3.055199999999999818e+03 9.868000000000000105e-01
3.078000000000000000e+03 9.855000000000000426e-01
3.100800000000000182e+03 9.842999999999999527e-01
3.123599999999999909e+03 9.829999999999999849e-01
3.146400000000000091e+03 9.817000000000000171e-01
3.169199999999999818e+03 9.802999999999999492e-01
3.192000000000000000e+03 9.788999999999999924e-01
3.214800000000000182e+03 9.774000000000000465e-01
3.237599999999999909e+03 9.758999999999999897e-01
3.260400000000000091e+03 9.744000000000000439e-01
3.283199999999999818e+03 9.727999999999999980e-01
3.306000000000000000e+03 9.711999999999999522e-01
3.328800000000000182e+03 9.695000000000000284e-01
3.351599999999999909e+03 9.677999999999999936e-01
3.374400000000000091e+03 9.660999999999999588e-01
3.397199999999999818e+03 9.643000000000000460e-01
3.420000000000000000e+03 9.625000000000000222e-01
3.442800000000000182e+03 9.606000000000000094e-01
3.465599999999999909e+03 9.586999999999999966e-01
3.488400000000000091e+03 9.567999999999999838e-01
3.511199999999999818e+03 9.547999999999999821e-01
3.534000000000000000e+03 9.526999999999999913e-01
3.556800000000000182e+03 9.506000000000000005e-01
3.579599999999999909e+03 9.485000000000000098e-01
3.602400000000000091e+03 9.463000000000000300e-01
3.625199999999999818e+03 9.441000000000000503e-01
3.648000000000000000e+03 9.417999999999999705e-01
3.670800000000000182e+03 9.395000000000000018e-01
3.693599999999999909e+03 9.371000000000000441e-01
3.716400000000000091e+03 9.346999999999999753e-01
3.739199999999999818e+03 9.322000000000000286e-01
3.762000000000000000e+03 9.295999999999999819e-01
3.784800000000000182e+03 9.270000000000000462e-01
3.807599999999999909e+03 9.243999999999999995e-01
3.830400000000000091e+03 9.216999999999999638e-01
3.853199999999999818e+03 9.189000000000000501e-01
3.876000000000000000e+03 9.161000000000000254e-01
3.898800000000000182e+03 9.132000000000000117e-01
3.921599999999999909e+03 9.102999999999999980e-01
3.944400000000000091e+03 9.072000000000000064e-01
3.967199999999999818e+03 9.042000000000000037e-01
3.990000000000000000e+03 9.010000000000000231e-01
4.012800000000000182e+03 8.978000000000000425e-01
4.035599999999999909e+03 8.944999999999999618e-01
4.058400000000000091e+03 8.911000000000000032e-01
4.081199999999999818e+03 8.877000000000000446e-01
4.104000000000000000e+03 8.841999999999999860e-01
4.126800000000000182e+03 8.806000000000000494e-01
4.149600000000000364e+03 8.769000000000000128e-01
4.172399999999999636e+03 8.730999999999999872e-01
4.195199999999999818e+03 8.691999999999999726e-01
4.218000000000000000e+03 8.651999999999999691e-01
4.240800000000000182e+03 8.610999999999999766e-01
4.263600000000000364e+03 8.568999999999999950e-01
4.286399999999999636e+03 8.525000000000000355e-01
4.309199999999999818e+03 8.480999999999999650e-01
4.332000000000000000e+03 8.435000000000000275e-01
4.354800000000000182e+03 8.387000000000000011e-01
4.377600000000000364e+03 8.337999999999999856e-01
4.400399999999999636e+03 8.286999999999999922e-01
4.423199999999999818e+03 8.234000000000000208e-01
4.446000000000000000e+03 8.178999999999999604e-01
4.468800000000000182e+03 8.121000000000000441e-01
4.491600000000000364e+03 8.061000000000000387e-01
4.514399999999999636e+03 7.996999999999999664e-01
4.537199999999999818e+03 7.930000000000000382e-01
4.560000000000000000e+03 7.856999999999999540e-01
4.582800000000000182e+03 7.779000000000000359e-01
4.605600000000000364e+03 7.692999999999999838e-01
4.628399999999999636e+03 7.594999999999999529e-01
4.651199999999999818e+03 7.475000000000000533e-01
4.674000000000000000e+03 7.280999999999999694e-01
4.675425000000000182e+03 7.247999999999999998e-01
4.675425400000000081e+03 7.247999999999999998e-01
