2.280000000000000000e+03 -1.188100000000000023e+01
2.302800000000000182e+03 -1.121870000000000012e+01
2.325599999999999909e+03 -1.055760000000000076e+01
2.348400000000000091e+03 -9.897600000000000620e+00
2.371199999999999818e+03 -9.238899999999999224e+00
2.394000000000000000e+03 -8.581400000000000361e+00
2.416800000000000182e+03 -7.925300000000000011e+00
2.439599999999999909e+03 -7.270599999999999952e+00
2.462400000000000091e+03 -6.617399999999999949e+00
2.485199999999999818e+03 -5.965799999999999770e+00
2.508000000000000000e+03 -5.315800000000000303e+00
2.530800000000000182e+03 -4.667600000000000193e+00
2.553599999999999909e+03 -4.021200000000000330e+00
2.576400000000000091e+03 -3.376599999999999824e+00
2.599199999999999818e+03 -2.733999999999999986e+00
2.622000000000000000e+03 -2.093500000000000139e+00
2.644800000000000182e+03 -1.455000000000000071e+00
2.667599999999999909e+03 -8.187999999999999723e-01
2.690400000000000091e+03 -1.847999999999999921e-01
2.713199999999999818e+03 4.467999999999999750e-01
2.736000000000000000e+03 1.076000000000000068e+00
2.758800000000000182e+03 1.702700000000000102e+00
2.781599999999999909e+03 2.326700000000000212e+00
2.804400000000000091e+03 2.947999999999999954e+00
2.827199999999999818e+03 3.566600000000000215e+00
2.850000000000000000e+03 4.182199999999999918e+00
2.872800000000000182e+03 4.794900000000000162e+00
2.895599999999999909e+03 5.404399999999999871e+00
2.918400000000000091e+03 6.010799999999999699e+00
2.941199999999999818e+03 6.613900000000000112e+00
2.964000000000000000e+03 7.213700000000000223e+00
2.986800000000000182e+03 7.809899999999999842e+00
3.009599999999999909e+03 8.402599999999999625e+00
3.032400000000000091e+03 8.991600000000000037e+00
3.055199999999999818e+03 9.576700000000000657e+00
3.078000000000000000e+03 1.015799999999999947e+01
3.100800000000000182e+03 1.073520000000000074e+01
3.123599999999999909e+03 1.130819999999999936e+01
3.146400000000000091e+03 1.187700000000000067e+01
3.169199999999999818e+03 1.244130000000000003e+01
3.192000000000000000e+03 1.300109999999999921e+01
3.214800000000000182e+03 1.355630000000000024e+01
3.237599999999999909e+03 1.410660000000000025e+01
3.260400000000000091e+03 1.465199999999999925e+01
3.283199999999999818e+03 1.519219999999999970e+01
3.306000000000000000e+03 1.572729999999999961e+01
3.328800000000000182e+03 1.625690000000000168e+01
3.351599999999999909e+03 1.678099999999999881e+01
3.374400000000000091e+03 1.729939999999999856e+01
3.397199999999999818e+03 1.781190000000000140e+01
3.420000000000000000e+03 1.831830000000000069e+01
3.442800000000000182e+03 1.881850000000000023e+01
3.465599999999999909e+03 1.931230000000000047e+01
3.488400000000000091e+03 1.979939999999999856e+01
3.511199999999999818e+03 2.027969999999999828e+01
3.534000000000000000e+03 2.075300000000000011e+01
3.556800000000000182e+03 2.121900000000000119e+01
3.579599999999999909e+03 2.167760000000000176e+01
3.602400000000000091e+03 2.212839999999999918e+01
3.625199999999999818e+03 2.257130000000000081e+01
3.648000000000000000e+03 2.300600000000000023e+01
3.670800000000000182e+03 2.343209999999999837e+01
3.693599999999999909e+03 2.384959999999999880e+01
3.716400000000000091e+03 2.425799999999999912e+01
3.739199999999999818e+03 2.465700000000000003e+01
3.762000000000000000e+03 2.504629999999999868e+01
3.784800000000000182e+03 2.542569999999999908e+01
3.807599999999999909e+03 2.579459999999999908e+01
3.830400000000000091e+03 2.615279999999999916e+01
3.853199999999999818e+03 2.649990000000000023e+01
3.876000000000000000e+03 2.683530000000000015e+01
3.898800000000000182e+03 2.715879999999999939e+01
3.921599999999999909e+03 2.746979999999999933e+01
3.944400000000000091e+03 2.776780000000000115e+01
3.967199999999999818e+03 2.805219999999999914e+01
3.990000000000000000e+03 2.832260000000000133e+01
4.012800000000000182e+03 2.857819999999999894e+01
4.035599999999999909e+03 2.881850000000000023e+01
4.058400000000000091e+03 2.904269999999999996e+01
4.081199999999999818e+03 2.925000000000000000e+01
4.104000000000000000e+03 2.943959999999999866e+01
4.126800000000000182e+03 2.961070000000000135e+01
4.149600000000000364e+03 2.976210000000000022e+01
4.172399999999999636e+03 2.989290000000000092e+01
4.195199999999999818e+03 3.000179999999999936e+01
4.218000000000000000e+03 3.008759999999999835e+01
4.240800000000000182e+03 3.014870000000000161e+01
4.263600000000000364e+03 3.018349999999999866e+01
4.286399999999999636e+03 3.019030000000000058e+01
4.309199999999999818e+03 3.016679999999999851e+01
4.332000000000000000e+03 3.011080000000000112e+01
4.354800000000000182e+03 3.001950000000000074e+01
4.377600000000000364e+03 2.988970000000000127e+01
4.400399999999999636e+03 2.971770000000000067e+01
4.423199999999999818e+03 2.949899999999999878e+01
4.446000000000000000e+03 2.922830000000000084e+01
4.468800000000000182e+03 2.889890000000000114e+01
4.491600000000000364e+03 2.850240000000000151e+01
4.514399999999999636e+03 2.802819999999999823e+01
4.537199999999999818e+03 2.746180000000000021e+01
4.560000000000000000e+03 2.678310000000000102e+01
4.582800000000000182e+03 2.596219999999999928e+01
4.605600000000000364e+03 2.495100000000000051e+01
4.628399999999999636e+03 2.366039999999999921e+01
4.651199999999999818e+03 2.187760000000000105e+01
4.674000000000000000e+03 1.836649999999999849e+01
4.675425000000000182e+03 1.767439999999999856e+01
4.675425400000000081e+03 1.767439999999999856e+01
