2.280000000000000000e+03 -2.137109999999999843e+01
2.302800000000000182e+03 -2.014489999999999981e+01
2.325599999999999909e+03 -1.891939999999999955e+01
2.348400000000000091e+03 -1.769440000000000168e+01
2.371199999999999818e+03 -1.647009999999999863e+01
2.394000000000000000e+03 -1.524639999999999951e+01
2.416800000000000182e+03 -1.402340000000000053e+01
2.439599999999999909e+03 -1.280100000000000016e+01
2.462400000000000091e+03 -1.157929999999999993e+01
2.485199999999999818e+03 -1.035820000000000007e+01
2.508000000000000000e+03 -9.137800000000000367e+00
2.530800000000000182e+03 -7.918199999999999683e+00
2.553599999999999909e+03 -6.699200000000000266e+00
2.576400000000000091e+03 -5.480999999999999872e+00
2.599199999999999818e+03 -4.263499999999999623e+00
2.622000000000000000e+03 -3.046800000000000175e+00
2.644800000000000182e+03 -1.830799999999999983e+00
2.667599999999999909e+03 -6.157000000000000250e-01
2.690400000000000091e+03 5.987000000000000099e-01
2.713199999999999818e+03 1.812300000000000022e+00
2.736000000000000000e+03 3.024999999999999911e+00
2.758800000000000182e+03 4.236900000000000333e+00
2.781599999999999909e+03 5.448000000000000398e+00
2.804400000000000091e+03 6.658100000000000129e+00
2.827199999999999818e+03 7.867399999999999949e+00
2.850000000000000000e+03 9.075699999999999434e+00
2.872800000000000182e+03 1.028320000000000078e+01
2.895599999999999909e+03 1.148959999999999937e+01
2.918400000000000091e+03 1.269510000000000005e+01
2.941199999999999818e+03 1.389959999999999951e+01
2.964000000000000000e+03 1.510309999999999953e+01
2.986800000000000182e+03 1.630559999999999832e+01
3.009599999999999909e+03 1.750690000000000168e+01
3.032400000000000091e+03 1.870730000000000004e+01
3.055199999999999818e+03 1.990650000000000119e+01
3.078000000000000000e+03 2.110450000000000159e+01
3.100800000000000182e+03 2.230150000000000077e+01
3.123599999999999909e+03 2.349719999999999942e+01
3.146400000000000091e+03 2.469170000000000087e+01
3.169199999999999818e+03 2.588500000000000156e+01
3.192000000000000000e+03 2.707700000000000173e+01
3.214800000000000182e+03 2.826770000000000138e+01
3.237599999999999909e+03 2.945710000000000051e+01
3.260400000000000091e+03 3.064519999999999911e+01
3.283199999999999818e+03 3.183180000000000121e+01
3.306000000000000000e+03 3.301700000000000301e+01
3.328800000000000182e+03 3.420069999999999766e+01
3.351599999999999909e+03 3.538289999999999935e+01
3.374400000000000091e+03 3.656349999999999767e+01
3.397199999999999818e+03 3.774260000000000304e+01
3.420000000000000000e+03 3.892000000000000171e+01
3.442800000000000182e+03 4.009579999999999700e+01
3.465599999999999909e+03 4.126979999999999649e+01
3.488400000000000091e+03 4.244200000000000017e+01
3.511199999999999818e+03 4.361240000000000094e+01
3.534000000000000000e+03 4.478090000000000259e+01
3.556800000000000182e+03 4.594749999999999801e+01
3.579599999999999909e+03 4.711200000000000188e+01
3.602400000000000091e+03 4.827450000000000330e+01
3.625199999999999818e+03 4.943480000000000274e+01
3.648000000000000000e+03 5.059300000000000352e+01
3.670800000000000182e+03 5.174880000000000280e+01
3.693599999999999909e+03 5.290220000000000056e+01
3.716400000000000091e+03 5.405319999999999681e+01
3.739199999999999818e+03 5.520159999999999911e+01
3.762000000000000000e+03 5.634740000000000038e+01
3.784800000000000182e+03 5.749040000000000106e+01
3.807599999999999909e+03 5.863049999999999784e+01
3.830400000000000091e+03 5.976769999999999783e+01
3.853199999999999818e+03 6.090169999999999817e+01
3.876000000000000000e+03 6.203249999999999886e+01
3.898800000000000182e+03 6.315979999999999706e+01
3.921599999999999909e+03 6.428360000000000696e+01
3.944400000000000091e+03 6.540359999999999729e+01
3.967199999999999818e+03 6.651970000000000027e+01
3.990000000000000000e+03 6.763160000000000593e+01
4.012800000000000182e+03 6.873919999999999675e+01
4.035599999999999909e+03 6.984210000000000207e+01
4.058400000000000091e+03 7.093999999999999773e+01
4.081199999999999818e+03 7.203279999999999461e+01
4.104000000000000000e+03 7.311990000000000123e+01
4.126800000000000182e+03 7.420109999999999673e+01
4.149600000000000364e+03 7.527599999999999625e+01
4.172399999999999636e+03 7.634390000000000498e+01
4.195199999999999818e+03 7.740449999999999875e+01
4.218000000000000000e+03 7.845699999999999363e+01
4.240800000000000182e+03 7.950090000000000146e+01
4.263600000000000364e+03 8.053509999999999991e+01
4.286399999999999636e+03 8.155889999999999418e+01
4.309199999999999818e+03 8.257120000000000459e+01
4.332000000000000000e+03 8.357059999999999889e+01
4.354800000000000182e+03 8.455559999999999832e+01
4.377600000000000364e+03 8.552429999999999666e+01
4.400399999999999636e+03 8.647459999999999525e+01
4.423199999999999818e+03 8.740370000000000061e+01
4.446000000000000000e+03 8.830819999999999936e+01
4.468800000000000182e+03 8.918349999999999511e+01
4.491600000000000364e+03 9.002400000000000091e+01
4.514399999999999636e+03 9.082189999999999941e+01
4.537199999999999818e+03 9.156629999999999825e+01
4.560000000000000000e+03 9.224150000000000205e+01
4.582800000000000182e+03 9.282280000000000086e+01
4.605600000000000364e+03 9.326850000000000307e+01
4.628399999999999636e+03 9.349670000000000414e+01
4.651199999999999818e+03 9.329869999999999663e+01
4.674000000000000000e+03 9.134799999999999898e+01
4.675425000000000182e+03 9.070029999999999859e+01
4.675425400000000081e+03 9.070029999999999859e+01
