2.280000000000000000e+03 1.039800000000000058e+00
2.302800000000000182e+03 1.039700000000000069e+00
2.325599999999999909e+03 1.039700000000000069e+00
2.348400000000000091e+03 1.039600000000000080e+00
2.371199999999999818e+03 1.039600000000000080e+00
2.394000000000000000e+03 1.039500000000000091e+00
2.416800000000000182e+03 1.039500000000000091e+00
2.439599999999999909e+03 1.039500000000000091e+00
2.462400000000000091e+03 1.039400000000000102e+00
2.485199999999999818e+03 1.039400000000000102e+00
2.508000000000000000e+03 1.039299999999999891e+00
2.530800000000000182e+03 1.039299999999999891e+00
2.553599999999999909e+03 1.039199999999999902e+00
2.576400000000000091e+03 1.039199999999999902e+00
2.599199999999999818e+03 1.039099999999999913e+00
2.622000000000000000e+03 1.039099999999999913e+00
2.644800000000000182e+03 1.038999999999999924e+00
2.667599999999999909e+03 1.038999999999999924e+00
2.690400000000000091e+03 1.038899999999999935e+00
2.713199999999999818e+03 1.038799999999999946e+00
2.736000000000000000e+03 1.038799999999999946e+00
2.758800000000000182e+03 1.038699999999999957e+00
2.781599999999999909e+03 1.038699999999999957e+00
2.804400000000000091e+03 1.038599999999999968e+00
2.827199999999999818e+03 1.038599999999999968e+00
2.850000000000000000e+03 1.038499999999999979e+00
2.872800000000000182e+03 1.038499999999999979e+00
2.895599999999999909e+03 1.038399999999999990e+00
2.918400000000000091e+03 1.038300000000000001e+00
2.941199999999999818e+03 1.038300000000000001e+00
2.964000000000000000e+03 1.038200000000000012e+00
2.986800000000000182e+03 1.038200000000000012e+00
3.009599999999999909e+03 1.038100000000000023e+00
3.032400000000000091e+03 1.038000000000000034e+00
3.055199999999999818e+03 1.038000000000000034e+00
3.078000000000000000e+03 1.037900000000000045e+00
3.100800000000000182e+03 1.037800000000000056e+00
3.123599999999999909e+03 1.037800000000000056e+00
3.146400000000000091e+03 1.037700000000000067e+00
3.169199999999999818e+03 1.037600000000000078e+00
3.192000000000000000e+03 1.037600000000000078e+00
3.214800000000000182e+03 1.037500000000000089e+00
3.237599999999999909e+03 1.037400000000000100e+00
3.260400000000000091e+03 1.037300000000000111e+00
3.283199999999999818e+03 1.037300000000000111e+00
3.306000000000000000e+03 1.037199999999999900e+00
3.328800000000000182e+03 1.037099999999999911e+00
3.351599999999999909e+03 1.036999999999999922e+00
3.374400000000000091e+03 1.036999999999999922e+00
3.397199999999999818e+03 1.036899999999999933e+00
3.420000000000000000e+03 1.036799999999999944e+00
3.442800000000000182e+03 1.036699999999999955e+00
3.465599999999999909e+03 1.036699999999999955e+00
3.488400000000000091e+03 1.036599999999999966e+00
3.511199999999999818e+03 1.036499999999999977e+00
3.534000000000000000e+03 1.036399999999999988e+00
3.556800000000000182e+03 1.036299999999999999e+00
3.579599999999999909e+03 1.036200000000000010e+00
3.602400000000000091e+03 1.036100000000000021e+00
3.625199999999999818e+03 1.036100000000000021e+00
3.648000000000000000e+03 1.036000000000000032e+00
3.670800000000000182e+03 1.035900000000000043e+00
3.693599999999999909e+03 1.035800000000000054e+00
3.716400000000000091e+03 1.035700000000000065e+00
3.739199999999999818e+03 1.035600000000000076e+00
3.762000000000000000e+03 1.035500000000000087e+00
3.784800000000000182e+03 1.035400000000000098e+00
3.807599999999999909e+03 1.035300000000000109e+00
3.830400000000000091e+03 1.035199999999999898e+00
3.853199999999999818e+03 1.035099999999999909e+00
3.876000000000000000e+03 1.034999999999999920e+00
3.898800000000000182e+03 1.034899999999999931e+00
3.921599999999999909e+03 1.034799999999999942e+00
3.944400000000000091e+03 1.034699999999999953e+00
3.967199999999999818e+03 1.034599999999999964e+00
3.990000000000000000e+03 1.034399999999999986e+00
4.012800000000000182e+03 1.034299999999999997e+00
4.035599999999999909e+03 1.034200000000000008e+00
4.058400000000000091e+03 1.034100000000000019e+00
4.081199999999999818e+03 1.034000000000000030e+00
4.104000000000000000e+03 1.033800000000000052e+00
4.126800000000000182e+03 1.033700000000000063e+00
4.149600000000000364e+03 1.033600000000000074e+00
4.172399999999999636e+03 1.033500000000000085e+00
4.195199999999999818e+03 1.033300000000000107e+00
4.218000000000000000e+03 1.033199999999999896e+00
4.240800000000000182e+03 1.032999999999999918e+00
4.263600000000000364e+03 1.032899999999999929e+00
4.286399999999999636e+03 1.032699999999999951e+00
4.309199999999999818e+03 1.032599999999999962e+00
4.332000000000000000e+03 1.032399999999999984e+00
4.354800000000000182e+03 1.032299999999999995e+00
4.377600000000000364e+03 1.032100000000000017e+00
4.400399999999999636e+03 1.032000000000000028e+00
4.423199999999999818e+03 1.031800000000000050e+00
4.446000000000000000e+03 1.031600000000000072e+00
4.468800000000000182e+03 1.031400000000000095e+00
4.491600000000000364e+03 1.031199999999999894e+00
4.514399999999999636e+03 1.030999999999999917e+00
4.537199999999999818e+03 1.030799999999999939e+00
4.560000000000000000e+03 1.030599999999999961e+00
4.582800000000000182e+03 1.030399999999999983e+00
4.605600000000000364e+03 1.030100000000000016e+00
4.628399999999999636e+03 1.029900000000000038e+00
4.651199999999999818e+03 1.029500000000000082e+00
4.674000000000000000e+03 1.029099999999999904e+00
4.675425000000000182e+03 1.028999999999999915e+00
4.675425400000000081e+03 1.028999999999999915e+00
