2.280000000000000000e+03 -1.200660000000000061e+01
2.302800000000000182e+03 -1.134239999999999959e+01
2.325599999999999909e+03 -1.067919999999999980e+01
2.348400000000000091e+03 -1.001720000000000077e+01
2.371199999999999818e+03 -9.356400000000000716e+00
2.394000000000000000e+03 -8.696899999999999409e+00
2.416800000000000182e+03 -8.038700000000000401e+00
2.439599999999999909e+03 -7.381999999999999673e+00
2.462400000000000091e+03 -6.726899999999999658e+00
2.485199999999999818e+03 -6.073299999999999699e+00
2.508000000000000000e+03 -5.421299999999999564e+00
2.530800000000000182e+03 -4.771099999999999675e+00
2.553599999999999909e+03 -4.122700000000000031e+00
2.576400000000000091e+03 -3.476199999999999957e+00
2.599199999999999818e+03 -2.831599999999999895e+00
2.622000000000000000e+03 -2.189099999999999824e+00
2.644800000000000182e+03 -1.548799999999999955e+00
2.667599999999999909e+03 -9.105999999999999650e-01
2.690400000000000091e+03 -2.746999999999999997e-01
2.713199999999999818e+03 3.588000000000000078e-01
2.736000000000000000e+03 9.899000000000000021e-01
2.758800000000000182e+03 1.618400000000000061e+00
2.781599999999999909e+03 2.244299999999999962e+00
2.804400000000000091e+03 2.867500000000000160e+00
2.827199999999999818e+03 3.487899999999999778e+00
2.850000000000000000e+03 4.105299999999999727e+00
2.872800000000000182e+03 4.719800000000000217e+00
2.895599999999999909e+03 5.331100000000000172e+00
2.918400000000000091e+03 5.939300000000000246e+00
2.941199999999999818e+03 6.544200000000000017e+00
2.964000000000000000e+03 7.145699999999999719e+00
2.986800000000000182e+03 7.743699999999999584e+00
3.009599999999999909e+03 8.337999999999999190e+00
3.032400000000000091e+03 8.928699999999999193e+00
3.055199999999999818e+03 9.515499999999999403e+00
3.078000000000000000e+03 1.009839999999999982e+01
3.100800000000000182e+03 1.067719999999999914e+01
3.123599999999999909e+03 1.125189999999999912e+01
3.146400000000000091e+03 1.182220000000000049e+01
3.169199999999999818e+03 1.238809999999999967e+01
3.192000000000000000e+03 1.294950000000000045e+01
3.214800000000000182e+03 1.350619999999999976e+01
3.237599999999999909e+03 1.405799999999999983e+01
3.260400000000000091e+03 1.460479999999999912e+01
3.283199999999999818e+03 1.514659999999999940e+01
3.306000000000000000e+03 1.568299999999999983e+01
3.328800000000000182e+03 1.621409999999999840e+01
3.351599999999999909e+03 1.673949999999999960e+01
3.374400000000000091e+03 1.725919999999999987e+01
3.397199999999999818e+03 1.777299999999999969e+01
3.420000000000000000e+03 1.828069999999999951e+01
3.442800000000000182e+03 1.878219999999999956e+01
3.465599999999999909e+03 1.927710000000000079e+01
3.488400000000000091e+03 1.976539999999999964e+01
3.511199999999999818e+03 2.024690000000000012e+01
3.534000000000000000e+03 2.072129999999999939e+01
3.556800000000000182e+03 2.118830000000000169e+01
3.579599999999999909e+03 2.164789999999999992e+01
3.602400000000000091e+03 2.209969999999999857e+01
3.625199999999999818e+03 2.254360000000000142e+01
3.648000000000000000e+03 2.297909999999999897e+01
3.670800000000000182e+03 2.340619999999999834e+01
3.693599999999999909e+03 2.382440000000000069e+01
3.716400000000000091e+03 2.423359999999999914e+01
3.739199999999999818e+03 2.463329999999999842e+01
3.762000000000000000e+03 2.502329999999999899e+01
3.784800000000000182e+03 2.540319999999999823e+01
3.807599999999999909e+03 2.577270000000000039e+01
3.830400000000000091e+03 2.613139999999999930e+01
3.853199999999999818e+03 2.647889999999999944e+01
3.876000000000000000e+03 2.681480000000000175e+01
3.898800000000000182e+03 2.713850000000000051e+01
3.921599999999999909e+03 2.744969999999999999e+01
3.944400000000000091e+03 2.774790000000000134e+01
3.967199999999999818e+03 2.803239999999999910e+01
3.990000000000000000e+03 2.830280000000000129e+01
4.012800000000000182e+03 2.855839999999999890e+01
4.035599999999999909e+03 2.879850000000000065e+01
4.058400000000000091e+03 2.902240000000000109e+01
4.081199999999999818e+03 2.922939999999999827e+01
4.104000000000000000e+03 2.941860000000000142e+01
4.126800000000000182e+03 2.958909999999999840e+01
4.149600000000000364e+03 2.973989999999999867e+01
4.172399999999999636e+03 2.986990000000000123e+01
4.195199999999999818e+03 2.997790000000000177e+01
4.218000000000000000e+03 3.006259999999999977e+01
4.240800000000000182e+03 3.012259999999999849e+01
4.263600000000000364e+03 3.015609999999999857e+01
4.286399999999999636e+03 3.016140000000000043e+01
4.309199999999999818e+03 3.013629999999999853e+01
4.332000000000000000e+03 3.007839999999999847e+01
4.354800000000000182e+03 2.998509999999999920e+01
4.377600000000000364e+03 2.985300000000000153e+01
4.400399999999999636e+03 2.967849999999999966e+01
4.423199999999999818e+03 2.945710000000000051e+01
4.446000000000000000e+03 2.918329999999999913e+01
4.468800000000000182e+03 2.885050000000000026e+01
4.491600000000000364e+03 2.845029999999999859e+01
4.514399999999999636e+03 2.797180000000000177e+01
4.537199999999999818e+03 2.740070000000000050e+01
4.560000000000000000e+03 2.671659999999999968e+01
4.582800000000000182e+03 2.588950000000000173e+01
4.605600000000000364e+03 2.487099999999999866e+01
4.628399999999999636e+03 2.357160000000000011e+01
4.651199999999999818e+03 2.177720000000000056e+01
4.674000000000000000e+03 1.824510000000000076e+01
4.675425000000000182e+03 1.754909999999999926e+01
4.675425400000000081e+03 1.754909999999999926e+01
