2.850000000000000000e+03 1.069124999999999943e+02
2.878500000000000000e+03 1.068691000000000031e+02
2.907000000000000000e+03 1.068260999999999967e+02
2.935500000000000000e+03 1.067834000000000003e+02
2.964000000000000000e+03 1.067411000000000030e+02
2.992500000000000000e+03 1.066991000000000014e+02
3.021000000000000000e+03 1.066574999999999989e+02
3.049500000000000000e+03 1.066162999999999954e+02
3.078000000000000000e+03 1.065755000000000052e+02
3.106500000000000000e+03 1.065349999999999966e+02
3.135000000000000000e+03 1.064949000000000012e+02
3.163500000000000000e+03 1.064552000000000049e+02
3.192000000000000000e+03 1.064158999999999935e+02
3.220500000000000000e+03 1.063769999999999953e+02
3.249000000000000000e+03 1.063384999999999962e+02
3.277500000000000000e+03 1.063003999999999962e+02
3.306000000000000000e+03 1.062626999999999953e+02
3.334500000000000000e+03 1.062253999999999934e+02
3.363000000000000000e+03 1.061885000000000048e+02
3.391500000000000000e+03 1.061521000000000043e+02
3.420000000000000000e+03 1.061162000000000063e+02
3.448500000000000000e+03 1.060806000000000040e+02
3.477000000000000000e+03 1.060455000000000041e+02
3.505500000000000000e+03 1.060109000000000066e+02
3.534000000000000000e+03 1.059767999999999972e+02
3.562500000000000000e+03 1.059431000000000012e+02
3.591000000000000000e+03 1.059098999999999933e+02
3.619500000000000000e+03 1.058772000000000020e+02
3.648000000000000000e+03 1.058449999999999989e+02
3.676500000000000000e+03 1.058132999999999981e+02
3.705000000000000000e+03 1.057820999999999998e+02
3.733500000000000000e+03 1.057514999999999930e+02
3.762000000000000000e+03 1.057214000000000027e+02
3.790500000000000000e+03 1.056919000000000040e+02
3.819000000000000000e+03 1.056629999999999967e+02
3.847500000000000000e+03 1.056346999999999952e+02
3.876000000000000000e+03 1.056068999999999960e+02
3.904500000000000000e+03 1.055798000000000059e+02
3.933000000000000000e+03 1.055532999999999930e+02
3.961500000000000000e+03 1.055275000000000034e+02
3.990000000000000000e+03 1.055023999999999944e+02
4.018500000000000000e+03 1.054779999999999944e+02
4.047000000000000000e+03 1.054543000000000035e+02
4.075500000000000000e+03 1.054312999999999931e+02
4.104000000000000000e+03 1.054091999999999985e+02
4.132500000000000000e+03 1.053879000000000019e+02
4.161000000000000000e+03 1.053674000000000035e+02
4.189500000000000000e+03 1.053478999999999957e+02
4.218000000000000000e+03 1.053293000000000035e+02
4.246500000000000000e+03 1.053115999999999985e+02
4.275000000000000000e+03 1.052951000000000050e+02
4.303500000000000000e+03 1.052796000000000021e+02
4.332000000000000000e+03 1.052652999999999963e+02
4.360500000000000000e+03 1.052523000000000053e+02
4.389000000000000000e+03 1.052407000000000039e+02
4.417500000000000000e+03 1.052305000000000064e+02
4.446000000000000000e+03 1.052219000000000051e+02
4.474500000000000000e+03 1.052151000000000067e+02
4.503000000000000000e+03 1.052102000000000004e+02
4.531500000000000000e+03 1.052074999999999960e+02
4.560000000000000000e+03 1.052072000000000003e+02
4.588500000000000000e+03 1.052096999999999980e+02
4.617000000000000000e+03 1.052154000000000025e+02
4.645500000000000000e+03 1.052249999999999943e+02
4.674000000000000000e+03 1.052391999999999967e+02
4.702500000000000000e+03 1.052593999999999994e+02
4.731000000000000000e+03 1.052874000000000052e+02
4.759500000000000000e+03 1.053264999999999958e+02
4.788000000000000000e+03 1.053836000000000013e+02
4.816500000000000000e+03 1.054788999999999959e+02
4.823625000000000000e+03 1.055169000000000068e+02
4.830750000000000000e+03 1.055705999999999989e+02
4.832531299999999646e+03 1.055892999999999944e+02
4.834312500000000000e+03 1.056126000000000005e+02
4.836093799999999646e+03 1.056461000000000041e+02
4.836539099999999962e+03 1.056586000000000070e+02
4.836984400000000278e+03 1.056765000000000043e+02
4.837095699999999852e+03 1.056834000000000060e+02
4.837207000000000335e+03 1.056938999999999993e+02
4.837234900000000380e+03 1.056989999999999981e+02
4.837241799999999785e+03 1.057012000000000000e+02
4.837243599999999788e+03 1.057019999999999982e+02
4.837245299999999588e+03 1.057031000000000063e+02
4.837245700000000397e+03 1.057035000000000053e+02
4.837246199999999590e+03 1.057040999999999968e+02
4.837246299999999792e+03 1.057043000000000035e+02
4.837246399999999994e+03 1.057044999999999959e+02
4.837246500000000196e+03 1.057049999999999983e+02
