2.280000000000000000e+03 9.931999999999999718e-01
2.302800000000000182e+03 9.932999999999999607e-01
2.325599999999999909e+03 9.933999999999999497e-01
2.348400000000000091e+03 9.933999999999999497e-01
2.371199999999999818e+03 9.933999999999999497e-01
2.394000000000000000e+03 9.935000000000000497e-01
2.416800000000000182e+03 9.935000000000000497e-01
2.439599999999999909e+03 9.933999999999999497e-01
2.462400000000000091e+03 9.933999999999999497e-01
2.485199999999999818e+03 9.933999999999999497e-01
2.508000000000000000e+03 9.932999999999999607e-01
2.530800000000000182e+03 9.932999999999999607e-01
2.553599999999999909e+03 9.931999999999999718e-01
2.576400000000000091e+03 9.930999999999999828e-01
2.599199999999999818e+03 9.929999999999999938e-01
2.622000000000000000e+03 9.929000000000000048e-01
2.644800000000000182e+03 9.927000000000000268e-01
2.667599999999999909e+03 9.926000000000000378e-01
2.690400000000000091e+03 9.923999999999999488e-01
2.713199999999999818e+03 9.922999999999999599e-01
2.736000000000000000e+03 9.920999999999999819e-01
2.758800000000000182e+03 9.919000000000000039e-01
2.781599999999999909e+03 9.917000000000000259e-01
2.804400000000000091e+03 9.913999999999999480e-01
2.827199999999999818e+03 9.911999999999999700e-01
2.850000000000000000e+03 9.909000000000000030e-01
2.872800000000000182e+03 9.906000000000000361e-01
2.895599999999999909e+03 9.902999999999999581e-01
2.918400000000000091e+03 9.899999999999999911e-01
2.941199999999999818e+03 9.897000000000000242e-01
2.964000000000000000e+03 9.893999999999999462e-01
2.986800000000000182e+03 9.889999999999999902e-01
3.009599999999999909e+03 9.886000000000000343e-01
3.032400000000000091e+03 9.881999999999999673e-01
3.055199999999999818e+03 9.878000000000000114e-01
3.078000000000000000e+03 9.874000000000000554e-01
3.100800000000000182e+03 9.869999999999999885e-01
3.123599999999999909e+03 9.865000000000000435e-01
3.146400000000000091e+03 9.859999999999999876e-01
3.169199999999999818e+03 9.855000000000000426e-01
3.192000000000000000e+03 9.849999999999999867e-01
3.214800000000000182e+03 9.845000000000000417e-01
3.237599999999999909e+03 9.839999999999999858e-01
3.260400000000000091e+03 9.834000000000000519e-01
3.283199999999999818e+03 9.828000000000000069e-01
3.306000000000000000e+03 9.821999999999999620e-01
3.328800000000000182e+03 9.816000000000000281e-01
3.351599999999999909e+03 9.809999999999999831e-01
3.374400000000000091e+03 9.802999999999999492e-01
3.397199999999999818e+03 9.796000000000000263e-01
3.420000000000000000e+03 9.788999999999999924e-01
3.442800000000000182e+03 9.781999999999999584e-01
3.465599999999999909e+03 9.774000000000000465e-01
3.488400000000000091e+03 9.767000000000000126e-01
3.511199999999999818e+03 9.758999999999999897e-01
3.534000000000000000e+03 9.750999999999999668e-01
3.556800000000000182e+03 9.741999999999999549e-01
3.579599999999999909e+03 9.734000000000000430e-01
3.602400000000000091e+03 9.725000000000000311e-01
3.625199999999999818e+03 9.716000000000000192e-01
3.648000000000000000e+03 9.707000000000000073e-01
3.670800000000000182e+03 9.697000000000000064e-01
3.693599999999999909e+03 9.687000000000000055e-01
3.716400000000000091e+03 9.677000000000000046e-01
3.739199999999999818e+03 9.667000000000000037e-01
3.762000000000000000e+03 9.656000000000000139e-01
3.784800000000000182e+03 9.645000000000000240e-01
3.807599999999999909e+03 9.633000000000000451e-01
3.830400000000000091e+03 9.622000000000000552e-01
3.853199999999999818e+03 9.609999999999999654e-01
3.876000000000000000e+03 9.597999999999999865e-01
3.898800000000000182e+03 9.585000000000000187e-01
3.921599999999999909e+03 9.572000000000000508e-01
3.944400000000000091e+03 9.557999999999999829e-01
3.967199999999999818e+03 9.545000000000000151e-01
3.990000000000000000e+03 9.529999999999999583e-01
4.012800000000000182e+03 9.516000000000000014e-01
4.035599999999999909e+03 9.500999999999999446e-01
4.058400000000000091e+03 9.485000000000000098e-01
4.081199999999999818e+03 9.468999999999999639e-01
4.104000000000000000e+03 9.452000000000000401e-01
4.126800000000000182e+03 9.435000000000000053e-01
4.149600000000000364e+03 9.417999999999999705e-01
4.172399999999999636e+03 9.399999999999999467e-01
4.195199999999999818e+03 9.381000000000000449e-01
4.218000000000000000e+03 9.361000000000000432e-01
4.240800000000000182e+03 9.341000000000000414e-01
4.263600000000000364e+03 9.320000000000000506e-01
4.286399999999999636e+03 9.297999999999999599e-01
4.309199999999999818e+03 9.275999999999999801e-01
4.332000000000000000e+03 9.252000000000000224e-01
4.354800000000000182e+03 9.226999999999999647e-01
4.377600000000000364e+03 9.202000000000000179e-01
4.400399999999999636e+03 9.174999999999999822e-01
4.423199999999999818e+03 9.146999999999999575e-01
4.446000000000000000e+03 9.116999999999999549e-01
4.468800000000000182e+03 9.085999999999999632e-01
4.491600000000000364e+03 9.052000000000000046e-01
4.514399999999999636e+03 9.016999999999999460e-01
4.537199999999999818e+03 8.979000000000000314e-01
4.560000000000000000e+03 8.937000000000000499e-01
4.582800000000000182e+03 8.891999999999999904e-01
4.605600000000000364e+03 8.840999999999999970e-01
4.628399999999999636e+03 8.781999999999999806e-01
4.651199999999999818e+03 8.709999999999999964e-01
4.674000000000000000e+03 8.587000000000000188e-01
4.675425000000000182e+03 8.566000000000000281e-01
4.675425400000000081e+03 8.566000000000000281e-01
