2.850000000000000000e+03 -3.475499999999999812e+00
2.878500000000000000e+03 -3.588600000000000012e+00
2.907000000000000000e+03 -3.702399999999999913e+00
2.935500000000000000e+03 -3.816699999999999982e+00
2.964000000000000000e+03 -3.931599999999999984e+00
2.992500000000000000e+03 -4.047200000000000131e+00
3.021000000000000000e+03 -4.163400000000000212e+00
3.049500000000000000e+03 -4.280199999999999783e+00
3.078000000000000000e+03 -4.397800000000000153e+00
3.106500000000000000e+03 -4.516200000000000436e+00
3.135000000000000000e+03 -4.635299999999999976e+00
3.163500000000000000e+03 -4.755200000000000315e+00
3.192000000000000000e+03 -4.876000000000000334e+00
3.220500000000000000e+03 -4.997700000000000031e+00
3.249000000000000000e+03 -5.120199999999999640e+00
3.277500000000000000e+03 -5.243699999999999584e+00
3.306000000000000000e+03 -5.368199999999999861e+00
3.334500000000000000e+03 -5.493800000000000239e+00
3.363000000000000000e+03 -5.620300000000000296e+00
3.391500000000000000e+03 -5.748000000000000220e+00
3.420000000000000000e+03 -5.876900000000000013e+00
3.448500000000000000e+03 -6.006899999999999906e+00
3.477000000000000000e+03 -6.138200000000000323e+00
3.505500000000000000e+03 -6.270699999999999719e+00
3.534000000000000000e+03 -6.404600000000000293e+00
3.562500000000000000e+03 -6.539900000000000269e+00
3.591000000000000000e+03 -6.676700000000000301e+00
3.619500000000000000e+03 -6.814899999999999736e+00
3.648000000000000000e+03 -6.954699999999999882e+00
3.676500000000000000e+03 -7.096199999999999619e+00
3.705000000000000000e+03 -7.239300000000000068e+00
3.733500000000000000e+03 -7.384199999999999875e+00
3.762000000000000000e+03 -7.530899999999999928e+00
3.790500000000000000e+03 -7.679499999999999993e+00
3.819000000000000000e+03 -7.830199999999999605e+00
3.847500000000000000e+03 -7.982899999999999885e+00
3.876000000000000000e+03 -8.137800000000000367e+00
3.904500000000000000e+03 -8.294900000000000162e+00
3.933000000000000000e+03 -8.454499999999999460e+00
3.961500000000000000e+03 -8.616500000000000270e+00
3.990000000000000000e+03 -8.781100000000000350e+00
4.018500000000000000e+03 -8.948499999999999233e+00
4.047000000000000000e+03 -9.118700000000000472e+00
4.075500000000000000e+03 -9.291999999999999815e+00
4.104000000000000000e+03 -9.468400000000000816e+00
4.132500000000000000e+03 -9.648199999999999221e+00
4.161000000000000000e+03 -9.831599999999999895e+00
4.189500000000000000e+03 -1.001870000000000083e+01
4.218000000000000000e+03 -1.020979999999999954e+01
4.246500000000000000e+03 -1.040509999999999913e+01
4.275000000000000000e+03 -1.060500000000000043e+01
4.303500000000000000e+03 -1.080969999999999942e+01
4.332000000000000000e+03 -1.101960000000000051e+01
4.360500000000000000e+03 -1.123499999999999943e+01
4.389000000000000000e+03 -1.145650000000000013e+01
4.417500000000000000e+03 -1.168459999999999965e+01
4.446000000000000000e+03 -1.191980000000000040e+01
4.474500000000000000e+03 -1.216290000000000049e+01
4.503000000000000000e+03 -1.241469999999999985e+01
4.531500000000000000e+03 -1.267619999999999969e+01
4.560000000000000000e+03 -1.294870000000000054e+01
4.588500000000000000e+03 -1.323359999999999914e+01
4.617000000000000000e+03 -1.353299999999999947e+01
4.645500000000000000e+03 -1.384950000000000081e+01
4.674000000000000000e+03 -1.418660000000000032e+01
4.702500000000000000e+03 -1.454950000000000010e+01
4.731000000000000000e+03 -1.494609999999999950e+01
4.759500000000000000e+03 -1.539010000000000034e+01
4.788000000000000000e+03 -1.590920000000000023e+01
4.816500000000000000e+03 -1.658409999999999940e+01
4.823625000000000000e+03 -1.680979999999999919e+01
4.830750000000000000e+03 -1.709819999999999851e+01
4.832531299999999646e+03 -1.719099999999999895e+01
4.834312500000000000e+03 -1.730189999999999984e+01
