2.280000000000000000e+03 2.606399999999999828e+00
2.302800000000000182e+03 3.299399999999999888e+00
2.325599999999999909e+03 3.992300000000000182e+00
2.348400000000000091e+03 4.685100000000000264e+00
2.371199999999999818e+03 5.377699999999999925e+00
2.394000000000000000e+03 6.070199999999999818e+00
2.416800000000000182e+03 6.762400000000000411e+00
2.439599999999999909e+03 7.454399999999999693e+00
2.462400000000000091e+03 8.146100000000000563e+00
2.485199999999999818e+03 8.837500000000000355e+00
2.508000000000000000e+03 9.528700000000000614e+00
2.530800000000000182e+03 1.021950000000000003e+01
2.553599999999999909e+03 1.090990000000000038e+01
2.576400000000000091e+03 1.159999999999999964e+01
2.599199999999999818e+03 1.228960000000000008e+01
2.622000000000000000e+03 1.297879999999999967e+01
2.644800000000000182e+03 1.366760000000000019e+01
2.667599999999999909e+03 1.435590000000000011e+01
2.690400000000000091e+03 1.504359999999999964e+01
2.713199999999999818e+03 1.573080000000000034e+01
2.736000000000000000e+03 1.641740000000000066e+01
2.758800000000000182e+03 1.710350000000000037e+01
2.781599999999999909e+03 1.778890000000000171e+01
2.804400000000000091e+03 1.847360000000000113e+01
2.827199999999999818e+03 1.915769999999999840e+01
2.850000000000000000e+03 1.984110000000000085e+01
2.872800000000000182e+03 2.052370000000000161e+01
2.895599999999999909e+03 2.120560000000000045e+01
2.918400000000000091e+03 2.188670000000000115e+01
2.941199999999999818e+03 2.256690000000000040e+01
2.964000000000000000e+03 2.324630000000000152e+01
2.986800000000000182e+03 2.392470000000000141e+01
3.009599999999999909e+03 2.460229999999999961e+01
3.032400000000000091e+03 2.527890000000000015e+01
3.055199999999999818e+03 2.595449999999999946e+01
3.078000000000000000e+03 2.662910000000000110e+01
3.100800000000000182e+03 2.730270000000000152e+01
3.123599999999999909e+03 2.797510000000000119e+01
3.146400000000000091e+03 2.864649999999999963e+01
3.169199999999999818e+03 2.931670000000000087e+01
3.192000000000000000e+03 2.998560000000000159e+01
3.214800000000000182e+03 3.065340000000000131e+01
3.237599999999999909e+03 3.131990000000000052e+01
3.260400000000000091e+03 3.198499999999999943e+01
3.283199999999999818e+03 3.264880000000000138e+01
3.306000000000000000e+03 3.331130000000000280e+01
3.328800000000000182e+03 3.397229999999999706e+01
3.351599999999999909e+03 3.463179999999999836e+01
3.374400000000000091e+03 3.528979999999999961e+01
3.397199999999999818e+03 3.594630000000000081e+01
3.420000000000000000e+03 3.660110000000000241e+01
3.442800000000000182e+03 3.725430000000000064e+01
3.465599999999999909e+03 3.790579999999999927e+01
3.488400000000000091e+03 3.855559999999999832e+01
3.511199999999999818e+03 3.920349999999999824e+01
3.534000000000000000e+03 3.984960000000000235e+01
3.556800000000000182e+03 4.049380000000000024e+01
3.579599999999999909e+03 4.113609999999999900e+01
3.602400000000000091e+03 4.177629999999999910e+01
3.625199999999999818e+03 4.241440000000000055e+01
3.648000000000000000e+03 4.305040000000000333e+01
3.670800000000000182e+03 4.368419999999999703e+01
3.693599999999999909e+03 4.431580000000000297e+01
3.716400000000000091e+03 4.494500000000000028e+01
3.739199999999999818e+03 4.557180000000000319e+01
3.762000000000000000e+03 4.619610000000000127e+01
3.784800000000000182e+03 4.681779999999999831e+01
3.807599999999999909e+03 4.743690000000000140e+01
3.830400000000000091e+03 4.805330000000000013e+01
3.853199999999999818e+03 4.866689999999999827e+01
3.876000000000000000e+03 4.927759999999999962e+01
3.898800000000000182e+03 4.988519999999999754e+01
3.921599999999999909e+03 5.048980000000000246e+01
3.944400000000000091e+03 5.109120000000000061e+01
3.967199999999999818e+03 5.168919999999999959e+01
3.990000000000000000e+03 5.228379999999999939e+01
4.012800000000000182e+03 5.287480000000000047e+01
4.035599999999999909e+03 5.346200000000000330e+01
4.058400000000000091e+03 5.404549999999999699e+01
4.081199999999999818e+03 5.462489999999999668e+01
4.104000000000000000e+03 5.520009999999999906e+01
4.126800000000000182e+03 5.577089999999999748e+01
4.149600000000000364e+03 5.633720000000000283e+01
4.172399999999999636e+03 5.689869999999999806e+01
4.195199999999999818e+03 5.745519999999999783e+01
4.218000000000000000e+03 5.800639999999999930e+01
4.240800000000000182e+03 5.855199999999999960e+01
4.263600000000000364e+03 5.909179999999999922e+01
4.286399999999999636e+03 5.962539999999999907e+01
4.309199999999999818e+03 6.015229999999999677e+01
4.332000000000000000e+03 6.067219999999999658e+01
4.354800000000000182e+03 6.118449999999999989e+01
4.377600000000000364e+03 6.168860000000000099e+01
4.400399999999999636e+03 6.218390000000000128e+01
4.423199999999999818e+03 6.266949999999999932e+01
4.446000000000000000e+03 6.314439999999999742e+01
4.468800000000000182e+03 6.360750000000000171e+01
4.491600000000000364e+03 6.405719999999999459e+01
4.514399999999999636e+03 6.449160000000000537e+01
4.537199999999999818e+03 6.490800000000000125e+01
4.560000000000000000e+03 6.530289999999999395e+01
4.582800000000000182e+03 6.567069999999999652e+01
4.605600000000000364e+03 6.600279999999999347e+01
4.628399999999999636e+03 6.628279999999999461e+01
4.651199999999999818e+03 6.647119999999999607e+01
4.674000000000000000e+03 6.633429999999999893e+01
4.675425000000000182e+03 6.623529999999999518e+01
4.675425400000000081e+03 6.623529999999999518e+01
