2.850000000000000000e+03 9.838999999999999968e-01
2.878500000000000000e+03 9.831999999999999629e-01
2.907000000000000000e+03 9.825000000000000400e-01
2.935500000000000000e+03 9.818000000000000060e-01
2.964000000000000000e+03 9.809999999999999831e-01
2.992500000000000000e+03 9.802999999999999492e-01
3.021000000000000000e+03 9.795000000000000373e-01
3.049500000000000000e+03 9.787000000000000144e-01
3.078000000000000000e+03 9.778999999999999915e-01
3.106500000000000000e+03 9.770999999999999686e-01
3.135000000000000000e+03 9.762999999999999456e-01
3.163500000000000000e+03 9.754000000000000448e-01
3.192000000000000000e+03 9.746000000000000218e-01
3.220500000000000000e+03 9.737000000000000099e-01
3.249000000000000000e+03 9.727999999999999980e-01
3.277500000000000000e+03 9.717999999999999972e-01
3.306000000000000000e+03 9.708999999999999853e-01
3.334500000000000000e+03 9.698999999999999844e-01
3.363000000000000000e+03 9.689999999999999725e-01
3.391500000000000000e+03 9.679999999999999716e-01
3.420000000000000000e+03 9.668999999999999817e-01
3.448500000000000000e+03 9.658999999999999808e-01
3.477000000000000000e+03 9.647999999999999909e-01
3.505500000000000000e+03 9.637000000000000011e-01
3.534000000000000000e+03 9.626000000000000112e-01
3.562500000000000000e+03 9.615000000000000213e-01
3.591000000000000000e+03 9.603000000000000425e-01
3.619500000000000000e+03 9.590999999999999526e-01
3.648000000000000000e+03 9.578999999999999737e-01
3.676500000000000000e+03 9.566999999999999948e-01
3.705000000000000000e+03 9.554000000000000270e-01
3.733500000000000000e+03 9.540999999999999481e-01
3.762000000000000000e+03 9.527999999999999803e-01
3.790500000000000000e+03 9.515000000000000124e-01
3.819000000000000000e+03 9.500999999999999446e-01
3.847500000000000000e+03 9.486999999999999877e-01
3.876000000000000000e+03 9.472000000000000419e-01
3.904500000000000000e+03 9.456999999999999851e-01
3.933000000000000000e+03 9.442000000000000393e-01
3.961500000000000000e+03 9.425999999999999934e-01
3.990000000000000000e+03 9.409999999999999476e-01
4.018500000000000000e+03 9.394000000000000128e-01
4.047000000000000000e+03 9.376999999999999780e-01
4.075500000000000000e+03 9.360000000000000542e-01
4.104000000000000000e+03 9.342000000000000304e-01
4.132500000000000000e+03 9.324000000000000066e-01
4.161000000000000000e+03 9.304999999999999938e-01
4.189500000000000000e+03 9.284999999999999920e-01
4.218000000000000000e+03 9.264999999999999902e-01
4.246500000000000000e+03 9.243999999999999995e-01
4.275000000000000000e+03 9.223000000000000087e-01
4.303500000000000000e+03 9.201000000000000290e-01
4.332000000000000000e+03 9.177999999999999492e-01
4.360500000000000000e+03 9.153999999999999915e-01
4.389000000000000000e+03 9.129000000000000448e-01
4.417500000000000000e+03 9.102999999999999980e-01
4.446000000000000000e+03 9.075999999999999623e-01
4.474500000000000000e+03 9.046999999999999487e-01
4.503000000000000000e+03 9.018000000000000460e-01
4.531500000000000000e+03 8.985999999999999543e-01
4.560000000000000000e+03 8.952999999999999847e-01
4.588500000000000000e+03 8.917000000000000481e-01
4.617000000000000000e+03 8.879000000000000226e-01
4.645500000000000000e+03 8.838000000000000300e-01
4.674000000000000000e+03 8.791999999999999815e-01
4.702500000000000000e+03 8.741999999999999771e-01
4.731000000000000000e+03 8.686000000000000387e-01
4.759500000000000000e+03 8.619999999999999885e-01
4.788000000000000000e+03 8.538000000000000034e-01
4.816500000000000000e+03 8.423000000000000487e-01
4.823625000000000000e+03 8.380999999999999561e-01
4.830750000000000000e+03 8.326000000000000068e-01
4.832531299999999646e+03 8.306999999999999940e-01
4.834312500000000000e+03 8.284000000000000252e-01
