2.850000000000000000e+03 -1.300000000000000000e+01
2.878500000000000000e+03 -1.276740000000000030e+01
2.907000000000000000e+03 -1.253480000000000061e+01
2.935500000000000000e+03 -1.230209999999999937e+01
2.964000000000000000e+03 -1.206949999999999967e+01
2.992500000000000000e+03 -1.183689999999999998e+01
3.021000000000000000e+03 -1.160430000000000028e+01
3.049500000000000000e+03 -1.137170000000000059e+01
3.078000000000000000e+03 -1.113899999999999935e+01
3.106500000000000000e+03 -1.090639999999999965e+01
3.135000000000000000e+03 -1.067379999999999995e+01
3.163500000000000000e+03 -1.044120000000000026e+01
3.192000000000000000e+03 -1.020850000000000080e+01
3.220500000000000000e+03 -9.975899999999999324e+00
3.249000000000000000e+03 -9.743299999999999628e+00
3.277500000000000000e+03 -9.510699999999999932e+00
3.306000000000000000e+03 -9.278100000000000236e+00
3.334500000000000000e+03 -9.045400000000000773e+00
3.363000000000000000e+03 -8.812799999999999301e+00
3.391500000000000000e+03 -8.580199999999999605e+00
3.420000000000000000e+03 -8.347599999999999909e+00
3.448500000000000000e+03 -8.115000000000000213e+00
3.477000000000000000e+03 -7.882299999999999862e+00
3.505500000000000000e+03 -7.649700000000000166e+00
3.534000000000000000e+03 -7.417099999999999582e+00
3.562500000000000000e+03 -7.184499999999999886e+00
3.591000000000000000e+03 -6.951900000000000190e+00
3.619500000000000000e+03 -6.719199999999999839e+00
3.648000000000000000e+03 -6.486600000000000144e+00
3.676500000000000000e+03 -6.253999999999999559e+00
3.705000000000000000e+03 -6.021399999999999864e+00
3.733500000000000000e+03 -5.788800000000000168e+00
3.762000000000000000e+03 -5.556099999999999817e+00
3.790500000000000000e+03 -5.323500000000000121e+00
3.819000000000000000e+03 -5.090900000000000425e+00
3.847500000000000000e+03 -4.858299999999999841e+00
3.876000000000000000e+03 -4.625600000000000378e+00
3.904500000000000000e+03 -4.392999999999999794e+00
3.933000000000000000e+03 -4.160400000000000098e+00
3.961500000000000000e+03 -3.927799999999999958e+00
3.990000000000000000e+03 -3.695199999999999818e+00
4.018500000000000000e+03 -3.462499999999999911e+00
4.047000000000000000e+03 -3.229900000000000215e+00
4.075500000000000000e+03 -2.997300000000000075e+00
4.104000000000000000e+03 -2.764699999999999935e+00
4.132500000000000000e+03 -2.532099999999999795e+00
4.161000000000000000e+03 -2.299399999999999888e+00
4.189500000000000000e+03 -2.066800000000000193e+00
4.218000000000000000e+03 -1.834200000000000053e+00
4.246500000000000000e+03 -1.601599999999999913e+00
4.275000000000000000e+03 -1.368999999999999995e+00
4.303500000000000000e+03 -1.136300000000000088e+00
4.332000000000000000e+03 -9.036999999999999478e-01
4.360500000000000000e+03 -6.711000000000000298e-01
4.389000000000000000e+03 -4.385000000000000009e-01
4.417500000000000000e+03 -2.058999999999999997e-01
4.446000000000000000e+03 2.680000000000000090e-02
4.474500000000000000e+03 2.594000000000000195e-01
4.503000000000000000e+03 4.919999999999999929e-01
4.531500000000000000e+03 7.246000000000000218e-01
4.560000000000000000e+03 9.573000000000000398e-01
4.588500000000000000e+03 1.189899999999999958e+00
4.617000000000000000e+03 1.422500000000000098e+00
4.645500000000000000e+03 1.655100000000000016e+00
4.674000000000000000e+03 1.887699999999999934e+00
4.702500000000000000e+03 2.120400000000000063e+00
4.731000000000000000e+03 2.353000000000000203e+00
4.759500000000000000e+03 2.585599999999999898e+00
4.788000000000000000e+03 2.818200000000000038e+00
4.816500000000000000e+03 3.050800000000000178e+00
4.823625000000000000e+03 3.108999999999999986e+00
4.830750000000000000e+03 3.167199999999999793e+00
4.832531299999999646e+03 3.181700000000000195e+00
4.834312500000000000e+03 3.196200000000000152e+00
