CEPEL - Centro de Pesquisas de Energia Eletrica - ANAREDE V11.07.02

 ONS - MENSAL - FEVEREIRO 2020 - Pesada                                          
 RELATORIO DE EXECUCAO DO FLUXO DE POTENCIA CONTINUADO

 Opcoes Ativadas: QLIM VLIM CREM CTAP STEP BPSI NEWT RCVG RMON FILE 80CO CONT CELO STPO CTAF CTAF IANG

 X----X----------------X--------------------------X-------------X---------X
                            AUMENTO DA CARGA                               
  NUM.   CONVERGENCIA        ATIVA E REATIVA (%)   CARGA DA AREA PASSO MAX 
          STATUS    P/Q  MAXIMO    AREA    SISTEMA   MW / Mvar    P/Q (%)  
 X----X------------X---X--------X--------X--------X-------------X---------X

     0 Convergente    5    0.000    0.000    0.000 85046.47 MW      0.5000
                      5    0.000    0.000    0.000 21670.83 Mvar    0.5000
     1 Convergente   18    0.500    0.500    0.500 85471.70 MW      0.5000
                     18    0.500    0.500    0.500 21779.18 Mvar    0.5000
     2 Convergente   16    1.000    1.000    1.000 85896.93 MW      0.5000
                     16    1.000    1.000    1.000 21887.54 Mvar    0.5000
     3 Convergente   17    1.500    1.500    1.500 86322.17 MW      0.5000
                     17    1.500    1.500    1.500 21995.89 Mvar    0.5000
     4 Nao Converg. 101                                             0.5000
                    101                                             0.5000
     5 Convergente   16    1.750    1.750    1.750 86534.78 MW      0.2500
                     16    1.750    1.750    1.750 22050.07 Mvar    0.2500
     6 Nao Converg. 101                                             0.2500
                    101                                             0.2500
     7 Nao Converg. 101                                             0.1250
                    101                                             0.1250
     8 Nao Converg. 101                                             0.0625
                    101                                             0.0625
     9 Convergente   12    1.781    1.781    1.781 86561.36 MW      0.0312
                     12    1.781    1.781    1.781 22056.84 Mvar    0.0312
    10 Nao Converg. 101                                             0.0312
                    101                                             0.0312
    11 Convergente   11    1.797    1.797    1.797 86574.65 MW      0.0156
                     11    1.797    1.797    1.797 22060.23 Mvar    0.0156
    12 Nao Converg. 101                                             0.0156
                    101                                             0.0156
    13 Convergente   12    1.805    1.805    1.805 86581.29 MW      0.0078
                     12    1.805    1.805    1.805 22061.92 Mvar    0.0078
    14 Nao Converg. 101                                             0.0078
                    101                                             0.0078
    15 Convergente    9    1.809    1.809    1.809 86584.62 MW      0.0039
                      9    1.809    1.809    1.809 22062.77 Mvar    0.0039
    16 Convergente    9    1.813    1.813    1.813 86587.94 MW      0.0039
                      9    1.813    1.813    1.813 22063.61 Mvar    0.0039
    17 Convergente    9    1.816    1.816    1.816 86591.26 MW      0.0039
                      9    1.816    1.816    1.816 22064.46 Mvar    0.0039
    18 Convergente    9    1.820    1.820    1.820 86594.58 MW      0.0039
                      9    1.820    1.820    1.820 22065.31 Mvar    0.0039
    19 Convergente    9    1.824    1.824    1.824 86597.90 MW      0.0039
                      9    1.824    1.824    1.824 22066.15 Mvar    0.0039
    20 Convergente    9    1.828    1.828    1.828 86601.23 MW      0.0039
                      9    1.828    1.828    1.828 22067.00 Mvar    0.0039
    21 Convergente    9    1.832    1.832    1.832 86604.55 MW      0.0039
                      9    1.832    1.832    1.832 22067.85 Mvar    0.0039
    22 Convergente    9    1.836    1.836    1.836 86607.87 MW      0.0039
                      9    1.836    1.836    1.836 22068.69 Mvar    0.0039
    23 Convergente    9    1.840    1.840    1.840 86611.19 MW      0.0039
                      9    1.840    1.840    1.840 22069.54 Mvar    0.0039
    24 Convergente    9    1.844    1.844    1.844 86614.51 MW      0.0039
                      9    1.844    1.844    1.844 22070.38 Mvar    0.0039
    25 Convergente   10    1.848    1.848    1.848 86617.84 MW      0.0039
                     10    1.848    1.848    1.848 22071.23 Mvar    0.0039
    26 Convergente   10    1.852    1.852    1.852 86621.16 MW      0.0039
                     10    1.852    1.852    1.852 22072.08 Mvar    0.0039
    27 Convergente   10    1.855    1.855    1.855 86624.48 MW      0.0039
                     10    1.855    1.855    1.855 22072.92 Mvar    0.0039
    28 Convergente   10    1.859    1.859    1.859 86627.80 MW      0.0039
                     10    1.859    1.859    1.859 22073.77 Mvar    0.0039
    29 Convergente   10    1.863    1.863    1.863 86631.12 MW      0.0039
                     10    1.863    1.863    1.863 22074.62 Mvar    0.0039
    30 Convergente   10    1.867    1.867    1.867 86634.45 MW      0.0039
                     10    1.867    1.867    1.867 22075.46 Mvar    0.0039
    31 Convergente   10    1.871    1.871    1.871 86637.77 MW      0.0039
                     10    1.871    1.871    1.871 22076.31 Mvar    0.0039
    32 Convergente   10    1.875    1.875    1.875 86641.09 MW      0.0039
                     10    1.875    1.875    1.875 22077.16 Mvar    0.0039
    33 Convergente   10    1.879    1.879    1.879 86644.41 MW      0.0039
                     10    1.879    1.879    1.879 22078.00 Mvar    0.0039
    34 Convergente   10    1.883    1.883    1.883 86647.74 MW      0.0039
                     10    1.883    1.883    1.883 22078.85 Mvar    0.0039
    35 Convergente   10    1.887    1.887    1.887 86651.06 MW      0.0039
                     10    1.887    1.887    1.887 22079.70 Mvar    0.0039
    36 Convergente   10    1.891    1.891    1.891 86654.38 MW      0.0039
                     10    1.891    1.891    1.891 22080.54 Mvar    0.0039
    37 Convergente   10    1.895    1.895    1.895 86657.70 MW      0.0039
                     10    1.895    1.895    1.895 22081.39 Mvar    0.0039
    38 Convergente   10    1.898    1.898    1.898 86661.02 MW      0.0039
                     10    1.898    1.898    1.898 22082.24 Mvar    0.0039
    39 Convergente   10    1.902    1.902    1.902 86664.35 MW      0.0039
                     10    1.902    1.902    1.902 22083.08 Mvar    0.0039
    40 Convergente   10    1.906    1.906    1.906 86667.67 MW      0.0039
                     10    1.906    1.906    1.906 22083.93 Mvar    0.0039
    41 Convergente   10    1.910    1.910    1.910 86670.99 MW      0.0039
                     10    1.910    1.910    1.910 22084.78 Mvar    0.0039
    42 Convergente   10    1.914    1.914    1.914 86674.31 MW      0.0039
                     10    1.914    1.914    1.914 22085.62 Mvar    0.0039
    43 Convergente   10    1.918    1.918    1.918 86677.63 MW      0.0039
                     10    1.918    1.918    1.918 22086.47 Mvar    0.0039
    44 Convergente   10    1.922    1.922    1.922 86680.96 MW      0.0039
                     10    1.922    1.922    1.922 22087.32 Mvar    0.0039
    45 Convergente   10    1.926    1.926    1.926 86684.28 MW      0.0039
                     10    1.926    1.926    1.926 22088.16 Mvar    0.0039
    46 Convergente   10    1.930    1.930    1.930 86687.60 MW      0.0039
                     10    1.930    1.930    1.930 22089.01 Mvar    0.0039
    47 Convergente   10    1.934    1.934    1.934 86690.92 MW      0.0039
                     10    1.934    1.934    1.934 22089.85 Mvar    0.0039
    48 Convergente   10    1.938    1.938    1.938 86694.25 MW      0.0039
                     10    1.938    1.937    1.937 22090.70 Mvar    0.0039
    49 Convergente   10    1.941    1.941    1.941 86697.57 MW      0.0039
                     10    1.941    1.941    1.941 22091.55 Mvar    0.0039
    50 Convergente   10    1.945    1.945    1.945 86700.89 MW      0.0039
                     10    1.945    1.945    1.945 22092.39 Mvar    0.0039
    51 Convergente   10    1.949    1.949    1.949 86704.21 MW      0.0039
                     10    1.949    1.949    1.949 22093.24 Mvar    0.0039
    52 Convergente   10    1.953    1.953    1.953 86707.53 MW      0.0039
                     10    1.953    1.953    1.953 22094.09 Mvar    0.0039
    53 Convergente   10    1.957    1.957    1.957 86710.86 MW      0.0039
                     10    1.957    1.957    1.957 22094.93 Mvar    0.0039
    54 Convergente   10    1.961    1.961    1.961 86714.18 MW      0.0039
                     10    1.961    1.961    1.961 22095.78 Mvar    0.0039
    55 Convergente   10    1.965    1.965    1.965 86717.50 MW      0.0039
                     10    1.965    1.965    1.965 22096.63 Mvar    0.0039
    56 Convergente   10    1.969    1.969    1.969 86720.82 MW      0.0039
                     10    1.969    1.969    1.969 22097.47 Mvar    0.0039
    57 Convergente   10    1.973    1.973    1.973 86724.14 MW      0.0039
                     10    1.973    1.973    1.973 22098.32 Mvar    0.0039
    58 Convergente   10    1.977    1.977    1.977 86727.47 MW      0.0039
                     10    1.977    1.977    1.977 22099.17 Mvar    0.0039
    59 Convergente   10    1.980    1.980    1.980 86730.79 MW      0.0039
                     10    1.980    1.980    1.980 22100.01 Mvar    0.0039
    60 Convergente   10    1.984    1.984    1.984 86734.11 MW      0.0039
                     10    1.984    1.984    1.984 22100.86 Mvar    0.0039
    61 Convergente   10    1.988    1.988    1.988 86737.43 MW      0.0039
                     10    1.988    1.988    1.988 22101.71 Mvar    0.0039
    62 Convergente   10    1.992    1.992    1.992 86740.76 MW      0.0039
                     10    1.992    1.992    1.992 22102.55 Mvar    0.0039
    63 Convergente   10    1.996    1.996    1.996 86744.08 MW      0.0039
                     10    1.996    1.996    1.996 22103.40 Mvar    0.0039
    64 Convergente   10    2.000    2.000    2.000 86747.40 MW      0.0039
                     10    2.000    2.000    2.000 22104.25 Mvar    0.0039
    65 Convergente   10    2.004    2.004    2.004 86750.72 MW      0.0039
                     10    2.004    2.004    2.004 22105.09 Mvar    0.0039
    66 Convergente   10    2.008    2.008    2.008 86754.04 MW      0.0039
                     10    2.008    2.008    2.008 22105.94 Mvar    0.0039
    67 Convergente   10    2.012    2.012    2.012 86757.37 MW      0.0039
                     10    2.012    2.012    2.012 22106.79 Mvar    0.0039
    68 Convergente   10    2.016    2.016    2.016 86760.69 MW      0.0039
                     10    2.016    2.016    2.016 22107.63 Mvar    0.0039
    69 Convergente   10    2.020    2.020    2.020 86764.01 MW      0.0039
                     10    2.020    2.020    2.020 22108.48 Mvar    0.0039
    70 Convergente   10    2.023    2.023    2.023 86767.33 MW      0.0039
                     10    2.023    2.023    2.023 22109.32 Mvar    0.0039
    71 Convergente   10    2.027    2.027    2.027 86770.65 MW      0.0039
                     10    2.027    2.027    2.027 22110.17 Mvar    0.0039
    72 Convergente   10    2.031    2.031    2.031 86773.98 MW      0.0039
                     10    2.031    2.031    2.031 22111.02 Mvar    0.0039
    73 Convergente   10    2.035    2.035    2.035 86777.30 MW      0.0039
                     10    2.035    2.035    2.035 22111.86 Mvar    0.0039
    74 Convergente   10    2.039    2.039    2.039 86780.62 MW      0.0039
                     10    2.039    2.039    2.039 22112.71 Mvar    0.0039
    75 Convergente   10    2.043    2.043    2.043 86783.94 MW      0.0039
                     10    2.043    2.043    2.043 22113.56 Mvar    0.0039
    76 Convergente   10    2.047    2.047    2.047 86787.26 MW      0.0039
                     10    2.047    2.047    2.047 22114.40 Mvar    0.0039
    77 Convergente   10    2.051    2.051    2.051 86790.59 MW      0.0039
                     10    2.051    2.051    2.051 22115.25 Mvar    0.0039
    78 Convergente   10    2.055    2.055    2.055 86793.91 MW      0.0039
                     10    2.055    2.055    2.055 22116.10 Mvar    0.0039
    79 Convergente   10    2.059    2.059    2.059 86797.23 MW      0.0039
                     10    2.059    2.059    2.059 22116.94 Mvar    0.0039
    80 Convergente   10    2.063    2.063    2.063 86800.55 MW      0.0039
                     10    2.063    2.062    2.062 22117.79 Mvar    0.0039
    81 Convergente   10    2.066    2.066    2.066 86803.88 MW      0.0039
                     10    2.066    2.066    2.066 22118.64 Mvar    0.0039
    82 Convergente   10    2.070    2.070    2.070 86807.20 MW      0.0039
                     10    2.070    2.070    2.070 22119.48 Mvar    0.0039
    83 Convergente   10    2.074    2.074    2.074 86810.52 MW      0.0039
                     10    2.074    2.074    2.074 22120.33 Mvar    0.0039
    84 Convergente   10    2.078    2.078    2.078 86813.84 MW      0.0039
                     10    2.078    2.078    2.078 22121.18 Mvar    0.0039
    85 Convergente   10    2.082    2.082    2.082 86817.16 MW      0.0039
                     10    2.082    2.082    2.082 22122.02 Mvar    0.0039
    86 Convergente   10    2.086    2.086    2.086 86820.49 MW      0.0039
                     10    2.086    2.086    2.086 22122.87 Mvar    0.0039
    87 Convergente   10    2.090    2.090    2.090 86823.81 MW      0.0039
                     10    2.090    2.090    2.090 22123.72 Mvar    0.0039
    88 Convergente   10    2.094    2.094    2.094 86827.13 MW      0.0039
                     10    2.094    2.094    2.094 22124.56 Mvar    0.0039
    89 Convergente   10    2.098    2.098    2.098 86830.45 MW      0.0039
                     10    2.098    2.098    2.098 22125.41 Mvar    0.0039
    90 Convergente   10    2.102    2.102    2.102 86833.77 MW      0.0039
                     10    2.102    2.102    2.102 22126.26 Mvar    0.0039
    91 Convergente   10    2.105    2.105    2.105 86837.10 MW      0.0039
                     10    2.105    2.105    2.105 22127.10 Mvar    0.0039
CEPEL - Centro de Pesquisas de Energia Eletrica - ANAREDE V11.07.02

     2.1094                                                                      
 RELATORIO DE EXECUCAO DO FLUXO DE POTENCIA CONTINUADO

 Opcoes Ativadas: QLIM VLIM CREM CTAP STEP BPSI NEWT RCVG RMON FILE 80CO CONT CELO STPO CTAF CTAF IANG

 X----X----------------X--------------------------X-------------X---------X
                            AUMENTO DA CARGA                               
  NUM.   CONVERGENCIA        ATIVA E REATIVA (%)   CARGA DA AREA PASSO MAX 
          STATUS    P/Q  MAXIMO    AREA    SISTEMA   MW / Mvar    P/Q (%)  
 X----X------------X---X--------X--------X--------X-------------X---------X

    92 Convergente   10    2.109    2.109    2.109 86840.42 MW      0.0039
                     10    2.109    2.109    2.109 22127.95 Mvar    0.0039
    93 Convergente   10    2.113    2.113    2.113 86843.74 MW      0.0039
                     10    2.113    2.113    2.113 22128.79 Mvar    0.0039
    94 Convergente   10    2.117    2.117    2.117 86847.06 MW      0.0039
                     10    2.117    2.117    2.117 22129.64 Mvar    0.0039
    95 Convergente   10    2.121    2.121    2.121 86850.39 MW      0.0039
                     10    2.121    2.121    2.121 22130.49 Mvar    0.0039
    96 Convergente   10    2.125    2.125    2.125 86853.71 MW      0.0039
                     10    2.125    2.125    2.125 22131.33 Mvar    0.0039
    97 Convergente   10    2.129    2.129    2.129 86857.03 MW      0.0039
                     10    2.129    2.129    2.129 22132.18 Mvar    0.0039
    98 Convergente   10    2.133    2.133    2.133 86860.35 MW      0.0039
                     10    2.133    2.133    2.133 22133.03 Mvar    0.0039
    99 Convergente   10    2.137    2.137    2.137 86863.67 MW      0.0039
                     10    2.137    2.137    2.137 22133.87 Mvar    0.0039
   100 Convergente   10    2.141    2.141    2.141 86867.00 MW      0.0039
                     10    2.141    2.141    2.141 22134.72 Mvar    0.0039
   101 Convergente   10    2.145    2.145    2.145 86870.32 MW      0.0039
                     10    2.145    2.145    2.145 22135.57 Mvar    0.0039
   102 Convergente   10    2.148    2.148    2.148 86873.64 MW      0.0039
                     10    2.148    2.148    2.148 22136.41 Mvar    0.0039
   103 Convergente   10    2.152    2.152    2.152 86876.96 MW      0.0039
                     10    2.152    2.152    2.152 22137.26 Mvar    0.0039
   104 Convergente   10    2.156    2.156    2.156 86880.28 MW      0.0039
                     10    2.156    2.156    2.156 22138.11 Mvar    0.0039
   105 Convergente   10    2.160    2.160    2.160 86883.61 MW      0.0039
                     10    2.160    2.160    2.160 22138.95 Mvar    0.0039
   106 Convergente   10    2.164    2.164    2.164 86886.93 MW      0.0039
                     10    2.164    2.164    2.164 22139.80 Mvar    0.0039
   107 Convergente   10    2.168    2.168    2.168 86890.25 MW      0.0039
                     10    2.168    2.168    2.168 22140.65 Mvar    0.0039
   108 Convergente   10    2.172    2.172    2.172 86893.57 MW      0.0039
                     10    2.172    2.172    2.172 22141.49 Mvar    0.0039
   109 Convergente   10    2.176    2.176    2.176 86896.90 MW      0.0039
                     10    2.176    2.176    2.176 22142.34 Mvar    0.0039
   110 Convergente   10    2.180    2.180    2.180 86900.22 MW      0.0039
                     10    2.180    2.180    2.180 22143.19 Mvar    0.0039
   111 Convergente   10    2.184    2.184    2.184 86903.54 MW      0.0039
                     10    2.184    2.184    2.184 22144.03 Mvar    0.0039
   112 Convergente   10    2.188    2.188    2.188 86906.86 MW      0.0039
                     10    2.188    2.188    2.188 22144.88 Mvar    0.0039
   113 Convergente   10    2.191    2.191    2.191 86910.18 MW      0.0039
                     10    2.191    2.191    2.191 22145.72 Mvar    0.0039
   114 Convergente   10    2.195    2.195    2.195 86913.51 MW      0.0039
                     10    2.195    2.195    2.195 22146.57 Mvar    0.0039
   115 Convergente   10    2.199    2.199    2.199 86916.83 MW      0.0039
                     10    2.199    2.199    2.199 22147.42 Mvar    0.0039
   116 Convergente   10    2.203    2.203    2.203 86920.15 MW      0.0039
                     10    2.203    2.203    2.203 22148.26 Mvar    0.0039
   117 Convergente   10    2.207    2.207    2.207 86923.47 MW      0.0039
                     10    2.207    2.207    2.207 22149.11 Mvar    0.0039
   118 Convergente   10    2.211    2.211    2.211 86926.79 MW      0.0039
                     10    2.211    2.211    2.211 22149.96 Mvar    0.0039
   119 Convergente   10    2.215    2.215    2.215 86930.12 MW      0.0039
                     10    2.215    2.215    2.215 22150.80 Mvar    0.0039
   120 Convergente   10    2.219    2.219    2.219 86933.44 MW      0.0039
                     10    2.219    2.219    2.219 22151.65 Mvar    0.0039
   121 Convergente   10    2.223    2.223    2.223 86936.76 MW      0.0039
                     10    2.223    2.223    2.223 22152.50 Mvar    0.0039
   122 Convergente   10    2.227    2.227    2.227 86940.08 MW      0.0039
                     10    2.227    2.227    2.227 22153.34 Mvar    0.0039
   123 Convergente   10    2.230    2.230    2.230 86943.40 MW      0.0039
                     10    2.230    2.230    2.230 22154.19 Mvar    0.0039
   124 Convergente   10    2.234    2.234    2.234 86946.73 MW      0.0039
                     10    2.234    2.234    2.234 22155.04 Mvar    0.0039
   125 Convergente   10    2.238    2.238    2.238 86950.05 MW      0.0039
                     10    2.238    2.238    2.238 22155.88 Mvar    0.0039
   126 Convergente   10    2.242    2.242    2.242 86953.37 MW      0.0039
                     10    2.242    2.242    2.242 22156.73 Mvar    0.0039
   127 Convergente   10    2.246    2.246    2.246 86956.69 MW      0.0039
                     10    2.246    2.246    2.246 22157.58 Mvar    0.0039
   128 Convergente   10    2.250    2.250    2.250 86960.02 MW      0.0039
                     10    2.250    2.250    2.250 22158.42 Mvar    0.0039
   129 Convergente   10    2.254    2.254    2.254 86963.34 MW      0.0039
                     10    2.254    2.254    2.254 22159.27 Mvar    0.0039
   130 Convergente   10    2.258    2.258    2.258 86966.66 MW      0.0039
                     10    2.258    2.258    2.258 22160.12 Mvar    0.0039
   131 Convergente   10    2.262    2.262    2.262 86969.98 MW      0.0039
                     10    2.262    2.262    2.262 22160.96 Mvar    0.0039
   132 Convergente   10    2.266    2.266    2.266 86973.30 MW      0.0039
                     10    2.266    2.266    2.266 22161.81 Mvar    0.0039
   133 Convergente   10    2.270    2.270    2.270 86976.63 MW      0.0039
                     10    2.270    2.270    2.270 22162.66 Mvar    0.0039
   134 Convergente   10    2.273    2.273    2.273 86979.95 MW      0.0039
                     10    2.273    2.273    2.273 22163.50 Mvar    0.0039
   135 Convergente   10    2.277    2.277    2.277 86983.27 MW      0.0039
                     10    2.277    2.277    2.277 22164.35 Mvar    0.0039
   136 Convergente   10    2.281    2.281    2.281 86986.59 MW      0.0039
                     10    2.281    2.281    2.281 22165.19 Mvar    0.0039
   137 Convergente   10    2.285    2.285    2.285 86989.91 MW      0.0039
                     10    2.285    2.285    2.285 22166.04 Mvar    0.0039
   138 Convergente   10    2.289    2.289    2.289 86993.24 MW      0.0039
                     10    2.289    2.289    2.289 22166.89 Mvar    0.0039
   139 Convergente   10    2.293    2.293    2.293 86996.56 MW      0.0039
                     10    2.293    2.293    2.293 22167.73 Mvar    0.0039
   140 Convergente   10    2.297    2.297    2.297 86999.88 MW      0.0039
                     10    2.297    2.297    2.297 22168.58 Mvar    0.0039
   141 Convergente   10    2.301    2.301    2.301 87003.20 MW      0.0039
                     10    2.301    2.301    2.301 22169.43 Mvar    0.0039
   142 Convergente   10    2.305    2.305    2.305 87006.53 MW      0.0039
                     10    2.305    2.305    2.305 22170.27 Mvar    0.0039
   143 Convergente   10    2.309    2.309    2.309 87009.85 MW      0.0039
                     10    2.309    2.309    2.309 22171.12 Mvar    0.0039
   144 Convergente   10    2.313    2.312    2.312 87013.17 MW      0.0039
                     10    2.313    2.312    2.312 22171.97 Mvar    0.0039
   145 Convergente   10    2.316    2.316    2.316 87016.49 MW      0.0039
                     10    2.316    2.316    2.316 22172.81 Mvar    0.0039
   146 Convergente   10    2.320    2.320    2.320 87019.81 MW      0.0039
                     10    2.320    2.320    2.320 22173.66 Mvar    0.0039
   147 Convergente   10    2.324    2.324    2.324 87023.14 MW      0.0039
                     10    2.324    2.324    2.324 22174.51 Mvar    0.0039
   148 Convergente   10    2.328    2.328    2.328 87026.46 MW      0.0039
                     10    2.328    2.328    2.328 22175.35 Mvar    0.0039
   149 Convergente   10    2.332    2.332    2.332 87029.78 MW      0.0039
                     10    2.332    2.332    2.332 22176.20 Mvar    0.0039
   150 Convergente   10    2.336    2.336    2.336 87033.10 MW      0.0039
                     10    2.336    2.336    2.336 22177.05 Mvar    0.0039
   151 Convergente   10    2.340    2.340    2.340 87036.42 MW      0.0039
                     10    2.340    2.340    2.340 22177.89 Mvar    0.0039
   152 Convergente   10    2.344    2.344    2.344 87039.75 MW      0.0039
                     10    2.344    2.344    2.344 22178.74 Mvar    0.0039
   153 Convergente   10    2.348    2.348    2.348 87043.07 MW      0.0039
                     10    2.348    2.348    2.348 22179.59 Mvar    0.0039
   154 Convergente   10    2.352    2.352    2.352 87046.39 MW      0.0039
                     10    2.352    2.352    2.352 22180.43 Mvar    0.0039
   155 Convergente   10    2.355    2.355    2.355 87049.71 MW      0.0039
                     10    2.355    2.355    2.355 22181.28 Mvar    0.0039
   156 Convergente   10    2.359    2.359    2.359 87053.04 MW      0.0039
                     10    2.359    2.359    2.359 22182.13 Mvar    0.0039
   157 Convergente   10    2.363    2.363    2.363 87056.36 MW      0.0039
                     10    2.363    2.363    2.363 22182.97 Mvar    0.0039
   158 Convergente   10    2.367    2.367    2.367 87059.68 MW      0.0039
                     10    2.367    2.367    2.367 22183.82 Mvar    0.0039
   159 Convergente   10    2.371    2.371    2.371 87063.00 MW      0.0039
                     10    2.371    2.371    2.371 22184.66 Mvar    0.0039
   160 Convergente   10    2.375    2.375    2.375 87066.32 MW      0.0039
                     10    2.375    2.375    2.375 22185.51 Mvar    0.0039
   161 Convergente   10    2.379    2.379    2.379 87069.65 MW      0.0039
                     10    2.379    2.379    2.379 22186.36 Mvar    0.0039
   162 Convergente   10    2.383    2.383    2.383 87072.97 MW      0.0039
                     10    2.383    2.383    2.383 22187.20 Mvar    0.0039
   163 Convergente   10    2.387    2.387    2.387 87076.29 MW      0.0039
                     10    2.387    2.387    2.387 22188.05 Mvar    0.0039
   164 Convergente   10    2.391    2.391    2.391 87079.61 MW      0.0039
                     10    2.391    2.391    2.391 22188.90 Mvar    0.0039
   165 Convergente   10    2.395    2.395    2.395 87082.93 MW      0.0039
                     10    2.395    2.395    2.395 22189.74 Mvar    0.0039
   166 Convergente   10    2.398    2.398    2.398 87086.26 MW      0.0039
                     10    2.398    2.398    2.398 22190.59 Mvar    0.0039
   167 Convergente   10    2.402    2.402    2.402 87089.58 MW      0.0039
                     10    2.402    2.402    2.402 22191.44 Mvar    0.0039
   168 Convergente   10    2.406    2.406    2.406 87092.90 MW      0.0039
                     10    2.406    2.406    2.406 22192.28 Mvar    0.0039
   169 Convergente   10    2.410    2.410    2.410 87096.22 MW      0.0039
                     10    2.410    2.410    2.410 22193.13 Mvar    0.0039
   170 Convergente   10    2.414    2.414    2.414 87099.54 MW      0.0039
                     10    2.414    2.414    2.414 22193.98 Mvar    0.0039
   171 Convergente   10    2.418    2.418    2.418 87102.87 MW      0.0039
                     10    2.418    2.418    2.418 22194.82 Mvar    0.0039
   172 Convergente   10    2.422    2.422    2.422 87106.19 MW      0.0039
                     10    2.422    2.422    2.422 22195.67 Mvar    0.0039
   173 Convergente   10    2.426    2.426    2.426 87109.51 MW      0.0039
                     10    2.426    2.426    2.426 22196.52 Mvar    0.0039
   174 Convergente   10    2.430    2.430    2.430 87112.83 MW      0.0039
                     10    2.430    2.430    2.430 22197.36 Mvar    0.0039
   175 Convergente   10    2.434    2.434    2.434 87116.16 MW      0.0039
                     10    2.434    2.434    2.434 22198.21 Mvar    0.0039
   176 Convergente   10    2.438    2.437    2.437 87119.48 MW      0.0039
                     10    2.438    2.437    2.437 22199.06 Mvar    0.0039
   177 Convergente   10    2.441    2.441    2.441 87122.80 MW      0.0039
                     10    2.441    2.441    2.441 22199.90 Mvar    0.0039
   178 Convergente   10    2.445    2.445    2.445 87126.12 MW      0.0039
                     10    2.445    2.445    2.445 22200.75 Mvar    0.0039
   179 Convergente   10    2.449    2.449    2.449 87129.44 MW      0.0039
                     10    2.449    2.449    2.449 22201.60 Mvar    0.0039
   180 Convergente   10    2.453    2.453    2.453 87132.77 MW      0.0039
                     10    2.453    2.453    2.453 22202.44 Mvar    0.0039
   181 Convergente   10    2.457    2.457    2.457 87136.09 MW      0.0039
                     10    2.457    2.457    2.457 22203.29 Mvar    0.0039
   182 Convergente   10    2.461    2.461    2.461 87139.41 MW      0.0039
                     10    2.461    2.461    2.461 22204.13 Mvar    0.0039
   183 Convergente   10    2.465    2.465    2.465 87142.73 MW      0.0039
                     10    2.465    2.465    2.465 22204.98 Mvar    0.0039
CEPEL - Centro de Pesquisas de Energia Eletrica - ANAREDE V11.07.02

     2.4688                                                                      
 RELATORIO DE EXECUCAO DO FLUXO DE POTENCIA CONTINUADO

 Opcoes Ativadas: QLIM VLIM CREM CTAP STEP BPSI NEWT RCVG RMON FILE 80CO CONT CELO STPO CTAF CTAF IANG

 X----X----------------X--------------------------X-------------X---------X
                            AUMENTO DA CARGA                               
  NUM.   CONVERGENCIA        ATIVA E REATIVA (%)   CARGA DA AREA PASSO MAX 
          STATUS    P/Q  MAXIMO    AREA    SISTEMA   MW / Mvar    P/Q (%)  
 X----X------------X---X--------X--------X--------X-------------X---------X

   184 Convergente   10    2.469    2.469    2.469 87146.05 MW      0.0039
                     10    2.469    2.469    2.469 22205.83 Mvar    0.0039
   185 Convergente   10    2.473    2.473    2.473 87149.38 MW      0.0039
                     10    2.473    2.473    2.473 22206.67 Mvar    0.0039
   186 Convergente   10    2.477    2.477    2.477 87152.70 MW      0.0039
                     10    2.477    2.477    2.477 22207.52 Mvar    0.0039
   187 Convergente   10    2.480    2.480    2.480 87156.02 MW      0.0039
                     10    2.480    2.480    2.480 22208.37 Mvar    0.0039
   188 Convergente   10    2.484    2.484    2.484 87159.34 MW      0.0039
                     10    2.484    2.484    2.484 22209.21 Mvar    0.0039
   189 Convergente   10    2.488    2.488    2.488 87162.67 MW      0.0039
                     10    2.488    2.488    2.488 22210.06 Mvar    0.0039
   190 Convergente   10    2.492    2.492    2.492 87165.99 MW      0.0039
                     10    2.492    2.492    2.492 22210.91 Mvar    0.0039
   191 Convergente   10    2.496    2.496    2.496 87169.31 MW      0.0039
                     10    2.496    2.496    2.496 22211.75 Mvar    0.0039
   192 Convergente   10    2.500    2.500    2.500 87172.63 MW      0.0039
                     10    2.500    2.500    2.500 22212.60 Mvar    0.0039
   193 Convergente   10    2.504    2.504    2.504 87175.95 MW      0.0039
                     10    2.504    2.504    2.504 22213.45 Mvar    0.0039
   194 Convergente   10    2.508    2.508    2.508 87179.28 MW      0.0039
                     10    2.508    2.508    2.508 22214.29 Mvar    0.0039
   195 Convergente   10    2.512    2.512    2.512 87182.60 MW      0.0039
                     10    2.512    2.512    2.512 22215.14 Mvar    0.0039
   196 Convergente   11    2.516    2.516    2.516 87185.92 MW      0.0039
                     11    2.516    2.516    2.516 22215.99 Mvar    0.0039
   197 Convergente   10    2.520    2.520    2.520 87189.24 MW      0.0039
                     10    2.520    2.520    2.520 22216.83 Mvar    0.0039
   198 Convergente   10    2.523    2.523    2.523 87192.56 MW      0.0039
                     10    2.523    2.523    2.523 22217.68 Mvar    0.0039
   199 Convergente   10    2.527    2.527    2.527 87195.89 MW      0.0039
                     10    2.527    2.527    2.527 22218.53 Mvar    0.0039
   200 Convergente   10    2.531    2.531    2.531 87199.21 MW      0.0039
                     10    2.531    2.531    2.531 22219.37 Mvar    0.0039
   201 Convergente   10    2.535    2.535    2.535 87202.53 MW      0.0039
                     10    2.535    2.535    2.535 22220.22 Mvar    0.0039
   202 Convergente   10    2.539    2.539    2.539 87205.85 MW      0.0039
                     10    2.539    2.539    2.539 22221.06 Mvar    0.0039
   203 Convergente   11    2.543    2.543    2.543 87209.18 MW      0.0039
                     11    2.543    2.543    2.543 22221.91 Mvar    0.0039
   204 Convergente   10    2.547    2.547    2.547 87212.50 MW      0.0039
                     10    2.547    2.547    2.547 22222.76 Mvar    0.0039
   205 Convergente   10    2.551    2.551    2.551 87215.82 MW      0.0039
                     10    2.551    2.551    2.551 22223.60 Mvar    0.0039
   206 Convergente   10    2.555    2.555    2.555 87219.14 MW      0.0039
                     10    2.555    2.555    2.555 22224.45 Mvar    0.0039
   207 Convergente   10    2.559    2.559    2.559 87222.46 MW      0.0039
                     10    2.559    2.559    2.559 22225.30 Mvar    0.0039
   208 Convergente   10    2.563    2.563    2.563 87225.79 MW      0.0039
                     10    2.563    2.563    2.563 22226.14 Mvar    0.0039
   209 Convergente   10    2.566    2.566    2.566 87229.11 MW      0.0039
                     10    2.566    2.566    2.566 22226.99 Mvar    0.0039
   210 Convergente   10    2.570    2.570    2.570 87232.43 MW      0.0039
                     10    2.570    2.570    2.570 22227.84 Mvar    0.0039
   211 Convergente   10    2.574    2.574    2.574 87235.75 MW      0.0039
                     10    2.574    2.574    2.574 22228.68 Mvar    0.0039
   212 Convergente   10    2.578    2.578    2.578 87239.07 MW      0.0039
                     10    2.578    2.578    2.578 22229.53 Mvar    0.0039
   213 Convergente   10    2.582    2.582    2.582 87242.40 MW      0.0039
                     10    2.582    2.582    2.582 22230.38 Mvar    0.0039
   214 Convergente   10    2.586    2.586    2.586 87245.72 MW      0.0039
                     10    2.586    2.586    2.586 22231.22 Mvar    0.0039
   215 Convergente   11    2.590    2.590    2.590 87249.04 MW      0.0039
                     11    2.590    2.590    2.590 22232.07 Mvar    0.0039
   216 Convergente   10    2.594    2.594    2.594 87252.36 MW      0.0039
                     10    2.594    2.594    2.594 22232.92 Mvar    0.0039
   217 Convergente   11    2.598    2.598    2.598 87255.68 MW      0.0039
                     11    2.598    2.598    2.598 22233.76 Mvar    0.0039
   218 Convergente   10    2.602    2.602    2.602 87259.01 MW      0.0039
                     10    2.602    2.602    2.602 22234.61 Mvar    0.0039
   219 Convergente   11    2.605    2.605    2.605 87262.33 MW      0.0039
                     11    2.605    2.605    2.605 22235.46 Mvar    0.0039
   220 Convergente   11    2.609    2.609    2.609 87265.65 MW      0.0039
                     11    2.609    2.609    2.609 22236.30 Mvar    0.0039
   221 Convergente   11    2.613    2.613    2.613 87268.97 MW      0.0039
                     11    2.613    2.613    2.613 22237.15 Mvar    0.0039
   222 Convergente   11    2.617    2.617    2.617 87272.30 MW      0.0039
                     11    2.617    2.617    2.617 22238.00 Mvar    0.0039
   223 Convergente   11    2.621    2.621    2.621 87275.62 MW      0.0039
                     11    2.621    2.621    2.621 22238.84 Mvar    0.0039
   224 Convergente   11    2.625    2.625    2.625 87278.94 MW      0.0039
                     11    2.625    2.625    2.625 22239.69 Mvar    0.0039
   225 Convergente   11    2.629    2.629    2.629 87282.26 MW      0.0039
                     11    2.629    2.629    2.629 22240.53 Mvar    0.0039
   226 Convergente   11    2.633    2.633    2.633 87285.58 MW      0.0039
                     11    2.633    2.633    2.633 22241.38 Mvar    0.0039
   227 Convergente   11    2.637    2.637    2.637 87288.91 MW      0.0039
                     11    2.637    2.637    2.637 22242.23 Mvar    0.0039
   228 Convergente   11    2.641    2.641    2.641 87292.23 MW      0.0039
                     11    2.641    2.641    2.641 22243.07 Mvar    0.0039
   229 Convergente   11    2.645    2.645    2.645 87295.55 MW      0.0039
                     11    2.645    2.645    2.645 22243.92 Mvar    0.0039
   230 Convergente   11    2.648    2.648    2.648 87298.87 MW      0.0039
                     11    2.648    2.648    2.648 22244.77 Mvar    0.0039
   231 Convergente   11    2.652    2.652    2.652 87302.19 MW      0.0039
                     11    2.652    2.652    2.652 22245.61 Mvar    0.0039
   232 Convergente   11    2.656    2.656    2.656 87305.52 MW      0.0039
                     11    2.656    2.656    2.656 22246.46 Mvar    0.0039
   233 Convergente   11    2.660    2.660    2.660 87308.84 MW      0.0039
                     11    2.660    2.660    2.660 22247.31 Mvar    0.0039
   234 Convergente   11    2.664    2.664    2.664 87312.16 MW      0.0039
                     11    2.664    2.664    2.664 22248.15 Mvar    0.0039
   235 Convergente   11    2.668    2.668    2.668 87315.48 MW      0.0039
                     11    2.668    2.668    2.668 22249.00 Mvar    0.0039
   236 Convergente   11    2.672    2.672    2.672 87318.81 MW      0.0039
                     11    2.672    2.672    2.672 22249.85 Mvar    0.0039
   237 Convergente   11    2.676    2.676    2.676 87322.13 MW      0.0039
                     11    2.676    2.676    2.676 22250.69 Mvar    0.0039
   238 Convergente   11    2.680    2.680    2.680 87325.45 MW      0.0039
                     11    2.680    2.680    2.680 22251.54 Mvar    0.0039
   239 Convergente   11    2.684    2.684    2.684 87328.77 MW      0.0039
                     11    2.684    2.684    2.684 22252.39 Mvar    0.0039
   240 Convergente   11    2.688    2.687    2.687 87332.09 MW      0.0039
                     11    2.688    2.688    2.688 22253.23 Mvar    0.0039
   241 Convergente   11    2.691    2.691    2.691 87335.42 MW      0.0039
                     11    2.691    2.691    2.691 22254.08 Mvar    0.0039
   242 Convergente   11    2.695    2.695    2.695 87338.74 MW      0.0039
                     11    2.695    2.695    2.695 22254.93 Mvar    0.0039
   243 Convergente   11    2.699    2.699    2.699 87342.06 MW      0.0039
                     11    2.699    2.699    2.699 22255.77 Mvar    0.0039
   244 Convergente   11    2.703    2.703    2.703 87345.38 MW      0.0039
                     11    2.703    2.703    2.703 22256.62 Mvar    0.0039
   245 Convergente   11    2.707    2.707    2.707 87348.70 MW      0.0039
                     11    2.707    2.707    2.707 22257.47 Mvar    0.0039
   246 Convergente   11    2.711    2.711    2.711 87352.03 MW      0.0039
                     11    2.711    2.711    2.711 22258.31 Mvar    0.0039
   247 Convergente   11    2.715    2.715    2.715 87355.35 MW      0.0039
                     11    2.715    2.715    2.715 22259.16 Mvar    0.0039
   248 Convergente   11    2.719    2.719    2.719 87358.67 MW      0.0039
                     11    2.719    2.719    2.719 22260.00 Mvar    0.0039
   249 Convergente   11    2.723    2.723    2.723 87361.99 MW      0.0039
                     11    2.723    2.723    2.723 22260.85 Mvar    0.0039
   250 Convergente   11    2.727    2.727    2.727 87365.32 MW      0.0039
                     11    2.727    2.727    2.727 22261.70 Mvar    0.0039
   251 Convergente   11    2.730    2.730    2.730 87368.64 MW      0.0039
                     11    2.730    2.730    2.730 22262.54 Mvar    0.0039
   252 Convergente   11    2.734    2.734    2.734 87371.96 MW      0.0039
                     11    2.734    2.734    2.734 22263.39 Mvar    0.0039
   253 Convergente   11    2.738    2.738    2.738 87375.28 MW      0.0039
                     11    2.738    2.738    2.738 22264.24 Mvar    0.0039
   254 Convergente   11    2.742    2.742    2.742 87378.60 MW      0.0039
                     11    2.742    2.742    2.742 22265.08 Mvar    0.0039
   255 Convergente   11    2.746    2.746    2.746 87381.93 MW      0.0039
                     11    2.746    2.746    2.746 22265.93 Mvar    0.0039
   256 Convergente   11    2.750    2.750    2.750 87385.25 MW      0.0039
                     11    2.750    2.750    2.750 22266.78 Mvar    0.0039
   257 Convergente   11    2.754    2.754    2.754 87388.57 MW      0.0039
                     11    2.754    2.754    2.754 22267.62 Mvar    0.0039
   258 Convergente   11    2.758    2.758    2.758 87391.89 MW      0.0039
                     11    2.758    2.758    2.758 22268.47 Mvar    0.0039
   259 Convergente   12    2.762    2.762    2.762 87395.21 MW      0.0039
                     12    2.762    2.762    2.762 22269.32 Mvar    0.0039
   260 Convergente   12    2.766    2.766    2.766 87398.54 MW      0.0039
                     12    2.766    2.766    2.766 22270.16 Mvar    0.0039
   261 Convergente   12    2.770    2.770    2.770 87401.86 MW      0.0039
                     12    2.770    2.770    2.770 22271.01 Mvar    0.0039
   262 Convergente   12    2.773    2.773    2.773 87405.18 MW      0.0039
                     12    2.773    2.773    2.773 22271.86 Mvar    0.0039
   263 Convergente   12    2.777    2.777    2.777 87408.50 MW      0.0039
                     12    2.777    2.777    2.777 22272.70 Mvar    0.0039
   264 Convergente   12    2.781    2.781    2.781 87411.82 MW      0.0039
                     12    2.781    2.781    2.781 22273.55 Mvar    0.0039
   265 Convergente   12    2.785    2.785    2.785 87415.15 MW      0.0039
                     12    2.785    2.785    2.785 22274.40 Mvar    0.0039
   266 Convergente   12    2.789    2.789    2.789 87418.47 MW      0.0039
                     12    2.789    2.789    2.789 22275.24 Mvar    0.0039
   267 Convergente   12    2.793    2.793    2.793 87421.79 MW      0.0039
                     12    2.793    2.793    2.793 22276.09 Mvar    0.0039
   268 Convergente   12    2.797    2.797    2.797 87425.11 MW      0.0039
                     12    2.797    2.797    2.797 22276.93 Mvar    0.0039
   269 Convergente   12    2.801    2.801    2.801 87428.44 MW      0.0039
                     12    2.801    2.801    2.801 22277.78 Mvar    0.0039
   270 Convergente   12    2.805    2.805    2.805 87431.76 MW      0.0039
                     12    2.805    2.805    2.805 22278.63 Mvar    0.0039
   271 Convergente   12    2.809    2.809    2.809 87435.08 MW      0.0039
                     12    2.809    2.809    2.809 22279.47 Mvar    0.0039
   272 Convergente   12    2.813    2.813    2.813 87438.40 MW      0.0039
                     12    2.813    2.813    2.813 22280.32 Mvar    0.0039
   273 Convergente   12    2.816    2.816    2.816 87441.72 MW      0.0039
                     12    2.816    2.816    2.816 22281.17 Mvar    0.0039
   274 Convergente   12    2.820    2.820    2.820 87445.05 MW      0.0039
                     12    2.820    2.820    2.820 22282.01 Mvar    0.0039
   275 Convergente   12    2.824    2.824    2.824 87448.37 MW      0.0039
                     12    2.824    2.824    2.824 22282.86 Mvar    0.0039
CEPEL - Centro de Pesquisas de Energia Eletrica - ANAREDE V11.07.02

     2.8281                                                                      
 RELATORIO DE EXECUCAO DO FLUXO DE POTENCIA CONTINUADO

 Opcoes Ativadas: QLIM VLIM CREM CTAP STEP BPSI NEWT RCVG RMON FILE 80CO CONT CELO STPO CTAF CTAF IANG

 X----X----------------X--------------------------X-------------X---------X
                            AUMENTO DA CARGA                               
  NUM.   CONVERGENCIA        ATIVA E REATIVA (%)   CARGA DA AREA PASSO MAX 
          STATUS    P/Q  MAXIMO    AREA    SISTEMA   MW / Mvar    P/Q (%)  
 X----X------------X---X--------X--------X--------X-------------X---------X

   276 Convergente   12    2.828    2.828    2.828 87451.69 MW      0.0039
                     12    2.828    2.828    2.828 22283.71 Mvar    0.0039
   277 Convergente   12    2.832    2.832    2.832 87455.01 MW      0.0039
                     12    2.832    2.832    2.832 22284.55 Mvar    0.0039
   278 Convergente   12    2.836    2.836    2.836 87458.33 MW      0.0039
                     12    2.836    2.836    2.836 22285.40 Mvar    0.0039
   279 Convergente   12    2.840    2.840    2.840 87461.66 MW      0.0039
                     12    2.840    2.840    2.840 22286.25 Mvar    0.0039
   280 Convergente   12    2.844    2.844    2.844 87464.98 MW      0.0039
                     12    2.844    2.844    2.844 22287.09 Mvar    0.0039
   281 Convergente   12    2.848    2.848    2.848 87468.30 MW      0.0039
                     12    2.848    2.848    2.848 22287.94 Mvar    0.0039
   282 Convergente   12    2.852    2.852    2.852 87471.62 MW      0.0039
                     12    2.852    2.852    2.852 22288.79 Mvar    0.0039
   283 Convergente   12    2.855    2.855    2.855 87474.95 MW      0.0039
                     12    2.855    2.855    2.855 22289.63 Mvar    0.0039
   284 Convergente   12    2.859    2.859    2.859 87478.27 MW      0.0039
                     12    2.859    2.859    2.859 22290.48 Mvar    0.0039
   285 Convergente   12    2.863    2.863    2.863 87481.59 MW      0.0039
                     12    2.863    2.863    2.863 22291.33 Mvar    0.0039
   286 Convergente   12    2.867    2.867    2.867 87484.91 MW      0.0039
                     12    2.867    2.867    2.867 22292.17 Mvar    0.0039
   287 Convergente   12    2.871    2.871    2.871 87488.23 MW      0.0039
                     12    2.871    2.871    2.871 22293.02 Mvar    0.0039
   288 Convergente   12    2.875    2.875    2.875 87491.56 MW      0.0039
                     12    2.875    2.875    2.875 22293.87 Mvar    0.0039
   289 Convergente   12    2.879    2.879    2.879 87494.88 MW      0.0039
                     12    2.879    2.879    2.879 22294.71 Mvar    0.0039
   290 Convergente   12    2.883    2.883    2.883 87498.20 MW      0.0039
                     12    2.883    2.883    2.883 22295.56 Mvar    0.0039
   291 Nao Converg. 101                                             0.0039
                    101                                             0.0039
 
 Atingido incremento minimo
