CEPEL - Centro de Pesquisas de Energia Eletrica - ANAREDE V11.07.02

 ONS - MENSAL - MARÇO 2020 - Leve                                                
 RELATORIO DE EXECUCAO DO FLUXO DE POTENCIA CONTINUADO

 Opcoes Ativadas: QLIM VLIM CREM CTAP STEP BPSI NEWT RCVG RMON FILE 80CO CONT CELO STPO CTAF CTAF IANG

 X----X----------------X--------------------------X-------------X---------X
                            AUMENTO DA CARGA                               
  NUM.   CONVERGENCIA        ATIVA E REATIVA (%)   CARGA DA AREA PASSO MAX 
          STATUS    P/Q  MAXIMO    AREA    SISTEMA   MW / Mvar    P/Q (%)  
 X----X------------X---X--------X--------X--------X-------------X---------X

     0 Convergente    8    0.000    0.000    0.000 54879.96 MW      0.5000
                      8    0.000    0.000    0.000 13415.98 Mvar    0.5000
     1 Convergente   28    0.500    0.500    0.500 55154.36 MW      0.5000
                     28    0.500    0.500    0.500 13483.06 Mvar    0.5000
     2 Convergente   18    1.000    1.000    1.000 55428.76 MW      0.5000
                     18    1.000    1.000    1.000 13550.14 Mvar    0.5000
     3 Convergente   14    1.500    1.500    1.500 55703.16 MW      0.5000
                     14    1.500    1.500    1.500 13617.22 Mvar    0.5000
     4 Nao Converg. 101                                             0.5000
                    101                                             0.5000
     5 Nao Converg. 101                                             0.2500
                    101                                             0.2500
     6 Nao Converg. 101                                             0.1250
                    101                                             0.1250
     7 Nao Converg. 101                                             0.0625
                    101                                             0.0625
     8 Convergente   10    1.531    1.531    1.531 55720.31 MW      0.0312
                     10    1.531    1.531    1.531 13621.41 Mvar    0.0312
     9 Nao Converg. 101                                             0.0312
                    101                                             0.0312
    10 Nao Converg. 101                                             0.0156
                    101                                             0.0156
    11 Convergente    8    1.539    1.539    1.539 55724.60 MW      0.0078
                      8    1.539    1.539    1.539 13622.46 Mvar    0.0078
    12 Convergente    9    1.547    1.547    1.547 55728.88 MW      0.0078
                      9    1.547    1.547    1.547 13623.51 Mvar    0.0078
    13 Convergente    9    1.555    1.555    1.555 55733.17 MW      0.0078
                      9    1.555    1.555    1.555 13624.56 Mvar    0.0078
    14 Convergente    9    1.563    1.563    1.563 55737.46 MW      0.0078
                      9    1.563    1.562    1.562 13625.60 Mvar    0.0078
    15 Convergente    8    1.570    1.570    1.570 55741.75 MW      0.0078
                      8    1.570    1.570    1.570 13626.65 Mvar    0.0078
    16 Convergente    8    1.578    1.578    1.578 55746.03 MW      0.0078
                      8    1.578    1.578    1.578 13627.70 Mvar    0.0078
    17 Convergente    8    1.586    1.586    1.586 55750.32 MW      0.0078
                      8    1.586    1.586    1.586 13628.75 Mvar    0.0078
    18 Convergente    8    1.594    1.594    1.594 55754.61 MW      0.0078
                      8    1.594    1.594    1.594 13629.80 Mvar    0.0078
    19 Convergente    8    1.602    1.602    1.602 55758.90 MW      0.0078
                      8    1.602    1.602    1.602 13630.84 Mvar    0.0078
    20 Convergente    9    1.609    1.609    1.609 55763.18 MW      0.0078
                      9    1.609    1.609    1.609 13631.89 Mvar    0.0078
    21 Convergente    9    1.617    1.617    1.617 55767.47 MW      0.0078
                      9    1.617    1.617    1.617 13632.94 Mvar    0.0078
    22 Convergente   24    1.625    1.625    1.625 55771.76 MW      0.0078
                     24    1.625    1.625    1.625 13633.99 Mvar    0.0078
    23 Convergente    8    1.633    1.633    1.633 55776.05 MW      0.0078
                      8    1.633    1.633    1.633 13635.04 Mvar    0.0078
    24 Convergente    9    1.641    1.641    1.641 55780.33 MW      0.0078
                      9    1.641    1.641    1.641 13636.08 Mvar    0.0078
    25 Convergente    8    1.648    1.648    1.648 55784.62 MW      0.0078
                      8    1.648    1.648    1.648 13637.13 Mvar    0.0078
    26 Convergente    8    1.656    1.656    1.656 55788.91 MW      0.0078
                      8    1.656    1.656    1.656 13638.18 Mvar    0.0078
    27 Convergente    8    1.664    1.664    1.664 55793.20 MW      0.0078
                      8    1.664    1.664    1.664 13639.23 Mvar    0.0078
    28 Convergente    8    1.672    1.672    1.672 55797.48 MW      0.0078
                      8    1.672    1.672    1.672 13640.28 Mvar    0.0078
    29 Convergente    8    1.680    1.680    1.680 55801.77 MW      0.0078
                      8    1.680    1.680    1.680 13641.33 Mvar    0.0078
    30 Convergente   44    1.688    1.688    1.688 55806.06 MW      0.0078
                     44    1.688    1.688    1.688 13642.37 Mvar    0.0078
    31 Convergente    8    1.695    1.695    1.695 55810.35 MW      0.0078
                      8    1.695    1.695    1.695 13643.42 Mvar    0.0078
    32 Convergente    8    1.703    1.703    1.703 55814.63 MW      0.0078
                      8    1.703    1.703    1.703 13644.47 Mvar    0.0078
    33 Convergente    8    1.711    1.711    1.711 55818.92 MW      0.0078
                      8    1.711    1.711    1.711 13645.52 Mvar    0.0078
    34 Convergente    9    1.719    1.719    1.719 55823.21 MW      0.0078
                      9    1.719    1.719    1.719 13646.57 Mvar    0.0078
    35 Convergente    8    1.727    1.727    1.727 55827.50 MW      0.0078
                      8    1.727    1.727    1.727 13647.61 Mvar    0.0078
    36 Convergente    8    1.734    1.734    1.734 55831.78 MW      0.0078
                      8    1.734    1.734    1.734 13648.66 Mvar    0.0078
    37 Convergente    8    1.742    1.742    1.742 55836.07 MW      0.0078
                      8    1.742    1.742    1.742 13649.71 Mvar    0.0078
    38 Convergente    8    1.750    1.750    1.750 55840.36 MW      0.0078
                      8    1.750    1.750    1.750 13650.76 Mvar    0.0078
    39 Convergente    8    1.758    1.758    1.758 55844.65 MW      0.0078
                      8    1.758    1.758    1.758 13651.81 Mvar    0.0078
    40 Convergente   13    1.766    1.766    1.766 55848.93 MW      0.0078
                     13    1.766    1.766    1.766 13652.85 Mvar    0.0078
    41 Convergente    8    1.773    1.773    1.773 55853.22 MW      0.0078
                      8    1.773    1.773    1.773 13653.90 Mvar    0.0078
    42 Convergente    8    1.781    1.781    1.781 55857.51 MW      0.0078
                      8    1.781    1.781    1.781 13654.95 Mvar    0.0078
    43 Convergente   22    1.789    1.789    1.789 55861.80 MW      0.0078
                     22    1.789    1.789    1.789 13656.00 Mvar    0.0078
    44 Convergente    8    1.797    1.797    1.797 55866.08 MW      0.0078
                      8    1.797    1.797    1.797 13657.05 Mvar    0.0078
    45 Convergente   10    1.805    1.805    1.805 55870.37 MW      0.0078
                     10    1.805    1.805    1.805 13658.10 Mvar    0.0078
    46 Convergente   10    1.813    1.813    1.813 55874.66 MW      0.0078
                     10    1.813    1.813    1.813 13659.14 Mvar    0.0078
    47 Convergente    8    1.820    1.820    1.820 55878.95 MW      0.0078
                      8    1.820    1.820    1.820 13660.19 Mvar    0.0078
    48 Convergente    9    1.828    1.828    1.828 55883.23 MW      0.0078
                      9    1.828    1.828    1.828 13661.24 Mvar    0.0078
    49 Convergente    8    1.836    1.836    1.836 55887.52 MW      0.0078
                      8    1.836    1.836    1.836 13662.29 Mvar    0.0078
    50 Convergente    9    1.844    1.844    1.844 55891.81 MW      0.0078
                      9    1.844    1.844    1.844 13663.34 Mvar    0.0078
    51 Convergente    9    1.852    1.852    1.852 55896.10 MW      0.0078
                      9    1.852    1.852    1.852 13664.38 Mvar    0.0078
    52 Convergente   11    1.859    1.859    1.859 55900.38 MW      0.0078
                     11    1.859    1.859    1.859 13665.43 Mvar    0.0078
    53 Convergente    8    1.867    1.867    1.867 55904.67 MW      0.0078
                      8    1.867    1.867    1.867 13666.48 Mvar    0.0078
    54 Convergente    8    1.875    1.875    1.875 55908.96 MW      0.0078
                      8    1.875    1.875    1.875 13667.53 Mvar    0.0078
    55 Convergente   10    1.883    1.883    1.883 55913.25 MW      0.0078
                     10    1.883    1.883    1.883 13668.58 Mvar    0.0078
    56 Convergente    8    1.891    1.891    1.891 55917.53 MW      0.0078
                      8    1.891    1.891    1.891 13669.62 Mvar    0.0078
    57 Convergente    8    1.898    1.898    1.898 55921.82 MW      0.0078
                      8    1.898    1.898    1.898 13670.67 Mvar    0.0078
    58 Convergente    8    1.906    1.906    1.906 55926.11 MW      0.0078
                      8    1.906    1.906    1.906 13671.72 Mvar    0.0078
    59 Convergente    8    1.914    1.914    1.914 55930.40 MW      0.0078
                      8    1.914    1.914    1.914 13672.77 Mvar    0.0078
    60 Convergente    9    1.922    1.922    1.922 55934.68 MW      0.0078
                      9    1.922    1.922    1.922 13673.82 Mvar    0.0078
    61 Convergente    8    1.930    1.930    1.930 55938.97 MW      0.0078
                      8    1.930    1.930    1.930 13674.87 Mvar    0.0078
    62 Convergente    9    1.938    1.938    1.938 55943.26 MW      0.0078
                      9    1.938    1.937    1.937 13675.91 Mvar    0.0078
    63 Convergente   11    1.945    1.945    1.945 55947.55 MW      0.0078
                     11    1.945    1.945    1.945 13676.96 Mvar    0.0078
    64 Convergente    8    1.953    1.953    1.953 55951.83 MW      0.0078
                      8    1.953    1.953    1.953 13678.01 Mvar    0.0078
    65 Convergente    8    1.961    1.961    1.961 55956.12 MW      0.0078
                      8    1.961    1.961    1.961 13679.06 Mvar    0.0078
    66 Convergente   10    1.969    1.969    1.969 55960.41 MW      0.0078
                     10    1.969    1.969    1.969 13680.11 Mvar    0.0078
    67 Convergente    9    1.977    1.977    1.977 55964.70 MW      0.0078
                      9    1.977    1.977    1.977 13681.15 Mvar    0.0078
    68 Convergente    8    1.984    1.984    1.984 55968.98 MW      0.0078
                      8    1.984    1.984    1.984 13682.20 Mvar    0.0078
    69 Convergente    8    1.992    1.992    1.992 55973.27 MW      0.0078
                      8    1.992    1.992    1.992 13683.25 Mvar    0.0078
    70 Convergente    9    2.000    2.000    2.000 55977.56 MW      0.0078
                      9    2.000    2.000    2.000 13684.30 Mvar    0.0078
    71 Convergente    9    2.008    2.008    2.008 55981.85 MW      0.0078
                      9    2.008    2.008    2.008 13685.35 Mvar    0.0078
    72 Convergente    8    2.016    2.016    2.016 55986.13 MW      0.0078
                      8    2.016    2.016    2.016 13686.39 Mvar    0.0078
    73 Convergente    8    2.023    2.023    2.023 55990.42 MW      0.0078
                      8    2.023    2.023    2.023 13687.44 Mvar    0.0078
    74 Convergente    8    2.031    2.031    2.031 55994.71 MW      0.0078
                      8    2.031    2.031    2.031 13688.49 Mvar    0.0078
    75 Convergente   17    2.039    2.039    2.039 55999.00 MW      0.0078
                     17    2.039    2.039    2.039 13689.54 Mvar    0.0078
    76 Convergente   14    2.047    2.047    2.047 56003.28 MW      0.0078
                     14    2.047    2.047    2.047 13690.59 Mvar    0.0078
    77 Convergente    9    2.055    2.055    2.055 56007.57 MW      0.0078
                      9    2.055    2.055    2.055 13691.64 Mvar    0.0078
    78 Convergente    8    2.063    2.063    2.063 56011.86 MW      0.0078
                      8    2.063    2.062    2.062 13692.68 Mvar    0.0078
    79 Convergente    9    2.070    2.070    2.070 56016.15 MW      0.0078
                      9    2.070    2.070    2.070 13693.73 Mvar    0.0078
    80 Convergente    8    2.078    2.078    2.078 56020.43 MW      0.0078
                      8    2.078    2.078    2.078 13694.78 Mvar    0.0078
    81 Convergente    8    2.086    2.086    2.086 56024.72 MW      0.0078
                      8    2.086    2.086    2.086 13695.83 Mvar    0.0078
    82 Convergente    8    2.094    2.094    2.094 56029.01 MW      0.0078
                      8    2.094    2.094    2.094 13696.88 Mvar    0.0078
    83 Convergente    8    2.102    2.102    2.102 56033.30 MW      0.0078
                      8    2.102    2.102    2.102 13697.92 Mvar    0.0078
    84 Convergente   12    2.109    2.109    2.109 56037.58 MW      0.0078
                     12    2.109    2.109    2.109 13698.97 Mvar    0.0078
    85 Convergente    9    2.117    2.117    2.117 56041.87 MW      0.0078
                      9    2.117    2.117    2.117 13700.02 Mvar    0.0078
    86 Convergente   10    2.125    2.125    2.125 56046.16 MW      0.0078
                     10    2.125    2.125    2.125 13701.07 Mvar    0.0078
    87 Convergente    8    2.133    2.133    2.133 56050.45 MW      0.0078
                      8    2.133    2.133    2.133 13702.12 Mvar    0.0078
    88 Convergente    8    2.141    2.141    2.141 56054.73 MW      0.0078
                      8    2.141    2.141    2.141 13703.16 Mvar    0.0078
    89 Convergente    8    2.148    2.148    2.148 56059.02 MW      0.0078
                      8    2.148    2.148    2.148 13704.21 Mvar    0.0078
    90 Convergente    8    2.156    2.156    2.156 56063.31 MW      0.0078
                      8    2.156    2.156    2.156 13705.26 Mvar    0.0078
    91 Convergente   12    2.164    2.164    2.164 56067.60 MW      0.0078
                     12    2.164    2.164    2.164 13706.31 Mvar    0.0078
CEPEL - Centro de Pesquisas de Energia Eletrica - ANAREDE V11.07.02

     2.1719                                                                      
 RELATORIO DE EXECUCAO DO FLUXO DE POTENCIA CONTINUADO

 Opcoes Ativadas: QLIM VLIM CREM CTAP STEP BPSI NEWT RCVG RMON FILE 80CO CONT CELO STPO CTAF CTAF IANG

 X----X----------------X--------------------------X-------------X---------X
                            AUMENTO DA CARGA                               
  NUM.   CONVERGENCIA        ATIVA E REATIVA (%)   CARGA DA AREA PASSO MAX 
          STATUS    P/Q  MAXIMO    AREA    SISTEMA   MW / Mvar    P/Q (%)  
 X----X------------X---X--------X--------X--------X-------------X---------X

    92 Convergente    8    2.172    2.172    2.172 56071.88 MW      0.0078
                      8    2.172    2.172    2.172 13707.36 Mvar    0.0078
    93 Convergente   12    2.180    2.180    2.180 56076.17 MW      0.0078
                     12    2.180    2.180    2.180 13708.41 Mvar    0.0078
    94 Convergente   19    2.188    2.188    2.188 56080.46 MW      0.0078
                     19    2.188    2.188    2.188 13709.45 Mvar    0.0078
    95 Convergente    9    2.195    2.195    2.195 56084.75 MW      0.0078
                      9    2.195    2.195    2.195 13710.50 Mvar    0.0078
    96 Convergente    9    2.203    2.203    2.203 56089.03 MW      0.0078
                      9    2.203    2.203    2.203 13711.55 Mvar    0.0078
    97 Convergente    9    2.211    2.211    2.211 56093.32 MW      0.0078
                      9    2.211    2.211    2.211 13712.60 Mvar    0.0078
    98 Convergente   11    2.219    2.219    2.219 56097.61 MW      0.0078
                     11    2.219    2.219    2.219 13713.65 Mvar    0.0078
    99 Convergente    8    2.227    2.227    2.227 56101.90 MW      0.0078
                      8    2.227    2.227    2.227 13714.69 Mvar    0.0078
   100 Convergente    9    2.234    2.234    2.234 56106.18 MW      0.0078
                      9    2.234    2.234    2.234 13715.74 Mvar    0.0078
   101 Convergente    9    2.242    2.242    2.242 56110.47 MW      0.0078
                      9    2.242    2.242    2.242 13716.79 Mvar    0.0078
   102 Convergente    8    2.250    2.250    2.250 56114.76 MW      0.0078
                      8    2.250    2.250    2.250 13717.84 Mvar    0.0078
   103 Convergente    8    2.258    2.258    2.258 56119.05 MW      0.0078
                      8    2.258    2.258    2.258 13718.89 Mvar    0.0078
   104 Convergente   18    2.266    2.266    2.266 56123.33 MW      0.0078
                     18    2.266    2.266    2.266 13719.93 Mvar    0.0078
   105 Nao Converg. 101                                             0.0078
                    101                                             0.0078
   106 Convergente   30    2.270    2.270    2.270 56125.48 MW      0.0039
                     30    2.270    2.270    2.270 13720.46 Mvar    0.0039
   107 Convergente    8    2.273    2.273    2.273 56127.62 MW      0.0039
                      8    2.273    2.273    2.273 13720.98 Mvar    0.0039
   108 Convergente    8    2.277    2.277    2.277 56129.77 MW      0.0039
                      8    2.277    2.277    2.277 13721.51 Mvar    0.0039
   109 Convergente    8    2.281    2.281    2.281 56131.91 MW      0.0039
                      8    2.281    2.281    2.281 13722.03 Mvar    0.0039
   110 Convergente    9    2.285    2.285    2.285 56134.05 MW      0.0039
                      9    2.285    2.285    2.285 13722.56 Mvar    0.0039
   111 Convergente    8    2.289    2.289    2.289 56136.20 MW      0.0039
                      8    2.289    2.289    2.289 13723.08 Mvar    0.0039
   112 Convergente   12    2.293    2.293    2.293 56138.34 MW      0.0039
                     12    2.293    2.293    2.293 13723.60 Mvar    0.0039
   113 Convergente    8    2.297    2.297    2.297 56140.48 MW      0.0039
                      8    2.297    2.297    2.297 13724.13 Mvar    0.0039
   114 Convergente    8    2.301    2.301    2.301 56142.63 MW      0.0039
                      8    2.301    2.301    2.301 13724.65 Mvar    0.0039
   115 Convergente    8    2.305    2.305    2.305 56144.77 MW      0.0039
                      8    2.305    2.305    2.305 13725.18 Mvar    0.0039
   116 Convergente    8    2.309    2.309    2.309 56146.92 MW      0.0039
                      8    2.309    2.309    2.309 13725.70 Mvar    0.0039
   117 Convergente    8    2.313    2.313    2.313 56149.06 MW      0.0039
                      8    2.313    2.312    2.312 13726.22 Mvar    0.0039
   118 Convergente    8    2.316    2.316    2.316 56151.20 MW      0.0039
                      8    2.316    2.316    2.316 13726.75 Mvar    0.0039
   119 Convergente    9    2.320    2.320    2.320 56153.35 MW      0.0039
                      9    2.320    2.320    2.320 13727.27 Mvar    0.0039
   120 Convergente    8    2.324    2.324    2.324 56155.49 MW      0.0039
                      8    2.324    2.324    2.324 13727.80 Mvar    0.0039
   121 Convergente    8    2.328    2.328    2.328 56157.63 MW      0.0039
                      8    2.328    2.328    2.328 13728.32 Mvar    0.0039
   122 Convergente   14    2.332    2.332    2.332 56159.78 MW      0.0039
                     14    2.332    2.332    2.332 13728.84 Mvar    0.0039
   123 Convergente    8    2.336    2.336    2.336 56161.92 MW      0.0039
                      8    2.336    2.336    2.336 13729.37 Mvar    0.0039
   124 Convergente    9    2.340    2.340    2.340 56164.07 MW      0.0039
                      9    2.340    2.340    2.340 13729.89 Mvar    0.0039
   125 Convergente    9    2.344    2.344    2.344 56166.21 MW      0.0039
                      9    2.344    2.344    2.344 13730.42 Mvar    0.0039
   126 Convergente    8    2.348    2.348    2.348 56168.35 MW      0.0039
                      8    2.348    2.348    2.348 13730.94 Mvar    0.0039
   127 Convergente    8    2.352    2.352    2.352 56170.50 MW      0.0039
                      8    2.352    2.352    2.352 13731.46 Mvar    0.0039
   128 Convergente    8    2.355    2.355    2.355 56172.64 MW      0.0039
                      8    2.355    2.355    2.355 13731.99 Mvar    0.0039
   129 Convergente    8    2.359    2.359    2.359 56174.78 MW      0.0039
                      8    2.359    2.359    2.359 13732.51 Mvar    0.0039
   130 Convergente    8    2.363    2.363    2.363 56176.93 MW      0.0039
                      8    2.363    2.363    2.363 13733.04 Mvar    0.0039
   131 Convergente    8    2.367    2.367    2.367 56179.07 MW      0.0039
                      8    2.367    2.367    2.367 13733.56 Mvar    0.0039
   132 Convergente    8    2.371    2.371    2.371 56181.22 MW      0.0039
                      8    2.371    2.371    2.371 13734.08 Mvar    0.0039
   133 Nao Converg. 101                                             0.0039
                    101                                             0.0039
 
 Atingido incremento minimo
