CEPEL - Centro de Pesquisas de Energia Eletrica - ANAREDE V11.07.02

 ONS - MENSAL - ABRIL 2020 - Média                                               
 RELATORIO DE EXECUCAO DO FLUXO DE POTENCIA CONTINUADO

 Opcoes Ativadas: QLIM VLIM CREM CTAP STEP BPSI NEWT RCVG RMON FILE 80CO CONT CELO STPO CTAF CTAF IANG

 X----X----------------X--------------------------X-------------X---------X
                            AUMENTO DA CARGA                               
  NUM.   CONVERGENCIA        ATIVA E REATIVA (%)   CARGA DA AREA PASSO MAX 
          STATUS    P/Q  MAXIMO    AREA    SISTEMA   MW / Mvar    P/Q (%)  
 X----X------------X---X--------X--------X--------X-------------X---------X

     0 Convergente    5    0.000    0.000    0.000 87613.47 MW      0.5000
                      5    0.000    0.000    0.000 25003.03 Mvar    0.5000
     1 Convergente   17    0.500    0.500    0.500 88051.36 MW      0.5000
                     17    0.500    0.500    0.500 25128.01 Mvar    0.5000
     2 Convergente   17    1.000    1.000    1.000 88489.25 MW      0.5000
                     17    1.000    1.000    1.000 25252.99 Mvar    0.5000
     3 Convergente   19    1.500    1.499    1.499 88927.15 MW      0.5000
                     19    1.500    1.500    1.500 25377.97 Mvar    0.5000
     4 Nao Converg. 101                                             0.5000
                    101                                             0.5000
     5 Convergente   16    1.750    1.749    1.749 89146.09 MW      0.2500
                     16    1.750    1.750    1.750 25440.46 Mvar    0.2500
     6 Nao Converg. 101                                             0.2500
                    101                                             0.2500
     7 Convergente   21    1.875    1.874    1.874 89255.57 MW      0.1250
                     21    1.875    1.874    1.874 25471.70 Mvar    0.1250
     8 Convergente   22    2.000    1.999    1.999 89365.04 MW      0.1250
                     22    2.000    1.999    1.999 25502.95 Mvar    0.1250
     9 Divergente    76                                             0.1250
                     76                                             0.1250
    10 Convergente   19    2.063    2.062    2.062 89419.78 MW      0.0625
                     19    2.063    2.062    2.062 25518.57 Mvar    0.0625
    11 Convergente   23    2.125    2.124    2.124 89474.51 MW      0.0625
                     23    2.125    2.124    2.124 25534.19 Mvar    0.0625
    12 Nao Converg. 101                                             0.0625
                    101                                             0.0625
    13 Convergente   26    2.156    2.155    2.155 89501.88 MW      0.0312
                     26    2.156    2.156    2.156 25542.00 Mvar    0.0312
    14 Nao Converg. 101                                             0.0312
                    101                                             0.0312
    15 Convergente   24    2.172    2.171    2.171 89515.56 MW      0.0156
                     24    2.172    2.171    2.171 25545.91 Mvar    0.0156
    16 Convergente   21    2.188    2.187    2.187 89529.25 MW      0.0156
                     21    2.188    2.187    2.187 25549.81 Mvar    0.0156
    17 Nao Converg. 101                                             0.0156
                    101                                             0.0156
    18 Convergente   25    2.195    2.194    2.194 89536.09 MW      0.0078
                     25    2.195    2.195    2.195 25551.77 Mvar    0.0078
    19 Convergente   27    2.203    2.202    2.202 89542.93 MW      0.0078
                     27    2.203    2.202    2.202 25553.72 Mvar    0.0078
    20 Nao Converg. 101                                             0.0078
                    101                                             0.0078
    21 Convergente   12    2.207    2.206    2.206 89546.35 MW      0.0039
                     12    2.207    2.206    2.206 25554.70 Mvar    0.0039
    22 Convergente   12    2.211    2.210    2.210 89549.78 MW      0.0039
                     12    2.211    2.210    2.210 25555.67 Mvar    0.0039
    23 Convergente   13    2.215    2.214    2.214 89553.20 MW      0.0039
                     13    2.215    2.214    2.214 25556.65 Mvar    0.0039
    24 Convergente   13    2.219    2.218    2.218 89556.62 MW      0.0039
                     13    2.219    2.218    2.218 25557.63 Mvar    0.0039
    25 Convergente   13    2.223    2.222    2.222 89560.04 MW      0.0039
                     13    2.223    2.222    2.222 25558.60 Mvar    0.0039
    26 Convergente   13    2.227    2.226    2.226 89563.46 MW      0.0039
                     13    2.227    2.226    2.226 25559.58 Mvar    0.0039
    27 Convergente   14    2.230    2.230    2.230 89566.88 MW      0.0039
                     14    2.230    2.230    2.230 25560.56 Mvar    0.0039
    28 Convergente   13    2.234    2.233    2.233 89570.30 MW      0.0039
                     13    2.234    2.234    2.234 25561.53 Mvar    0.0039
    29 Convergente   13    2.238    2.237    2.237 89573.72 MW      0.0039
                     13    2.238    2.238    2.238 25562.51 Mvar    0.0039
    30 Convergente   13    2.242    2.241    2.241 89577.14 MW      0.0039
                     13    2.242    2.242    2.242 25563.48 Mvar    0.0039
    31 Convergente   14    2.246    2.245    2.245 89580.56 MW      0.0039
                     14    2.246    2.245    2.245 25564.46 Mvar    0.0039
    32 Convergente   14    2.250    2.249    2.249 89583.99 MW      0.0039
                     14    2.250    2.249    2.249 25565.44 Mvar    0.0039
    33 Convergente   14    2.254    2.253    2.253 89587.41 MW      0.0039
                     14    2.254    2.253    2.253 25566.41 Mvar    0.0039
    34 Convergente   14    2.258    2.257    2.257 89590.83 MW      0.0039
                     14    2.258    2.257    2.257 25567.39 Mvar    0.0039
    35 Convergente   15    2.262    2.261    2.261 89594.25 MW      0.0039
                     15    2.262    2.261    2.261 25568.37 Mvar    0.0039
    36 Convergente   15    2.266    2.265    2.265 89597.67 MW      0.0039
                     15    2.266    2.265    2.265 25569.34 Mvar    0.0039
    37 Convergente   16    2.270    2.269    2.269 89601.09 MW      0.0039
                     16    2.270    2.269    2.269 25570.32 Mvar    0.0039
    38 Convergente   17    2.273    2.273    2.273 89604.51 MW      0.0039
                     17    2.273    2.273    2.273 25571.30 Mvar    0.0039
    39 Nao Converg. 101                                             0.0039
                    101                                             0.0039
 
 Atingido incremento minimo
