CEPEL - Centro de Pesquisas de Energia Eletrica - ANAREDE V11.07.02

 ONS - MENSAL - ABRIL 2020 - Leve                                                
 RELATORIO DE EXECUCAO DO FLUXO DE POTENCIA CONTINUADO

 Opcoes Ativadas: QLIM VLIM CREM CTAP STEP BPSI NEWT RCVG RMON FILE 80CO CONT CELO STPO CTAF CTAF IANG

 X----X----------------X--------------------------X-------------X---------X
                            AUMENTO DA CARGA                               
  NUM.   CONVERGENCIA        ATIVA E REATIVA (%)   CARGA DA AREA PASSO MAX 
          STATUS    P/Q  MAXIMO    AREA    SISTEMA   MW / Mvar    P/Q (%)  
 X----X------------X---X--------X--------X--------X-------------X---------X

     0 Convergente    5    0.000    0.000    0.000  5958.70 MW      0.5000
                      5    0.000    0.000    0.000  1811.40 Mvar    0.5000
     1 Convergente   11    0.500    0.500    0.054  5988.49 MW      0.5000
                     11    0.500    0.500    0.070  1820.46 Mvar    0.5000
     2 Convergente   12    1.000    1.000    0.109  6018.29 MW      0.5000
                     12    1.000    1.000    0.139  1829.51 Mvar    0.5000
     3 Convergente   16    1.500    1.500    0.163  6048.08 MW      0.5000
                     16    1.500    1.500    0.209  1838.57 Mvar    0.5000
     4 Convergente   11    2.000    2.000    0.217  6077.87 MW      0.5000
                     11    2.000    2.000    0.279  1847.63 Mvar    0.5000
     5 Convergente   11    2.500    2.500    0.272  6107.67 MW      0.5000
                     11    2.500    2.500    0.348  1856.68 Mvar    0.5000
     6 Convergente   11    3.000    3.000    0.326  6137.46 MW      0.5000
                     11    3.000    3.000    0.418  1865.74 Mvar    0.5000
     7 Convergente   10    3.500    3.500    0.380  6167.25 MW      0.5000
                     10    3.500    3.500    0.487  1874.80 Mvar    0.5000
     8 Convergente   11    4.000    4.000    0.435  6197.05 MW      0.5000
                     11    4.000    4.000    0.557  1883.86 Mvar    0.5000
     9 Convergente   11    4.500    4.500    0.489  6226.84 MW      0.5000
                     11    4.500    4.500    0.627  1892.91 Mvar    0.5000
    10 Convergente    9    5.000    5.000    0.543  6256.63 MW      0.5000
                      9    5.000    5.000    0.696  1901.97 Mvar    0.5000
    11 Convergente   11    5.500    5.500    0.598  6286.43 MW      0.5000
                     11    5.500    5.500    0.766  1911.03 Mvar    0.5000
    12 Convergente    9    6.000    6.000    0.652  6316.22 MW      0.5000
                      9    6.000    6.000    0.836  1920.08 Mvar    0.5000
    13 Convergente   11    6.500    6.500    0.707  6346.02 MW      0.5000
                     11    6.500    6.500    0.905  1929.14 Mvar    0.5000
    14 Convergente   10    7.000    7.000    0.761  6375.81 MW      0.5000
                     10    7.000    7.000    0.975  1938.20 Mvar    0.5000
    15 Convergente   14    7.500    7.500    0.815  6405.60 MW      0.5000
                     14    7.500    7.500    1.045  1947.26 Mvar    0.5000
    16 Convergente   17    8.000    8.000    0.870  6435.40 MW      0.5000
                     17    8.000    8.000    1.114  1956.31 Mvar    0.5000
    17 Convergente    9    8.500    8.500    0.924  6465.19 MW      0.5000
                      9    8.500    8.500    1.184  1965.37 Mvar    0.5000
    18 Convergente   15    9.000    9.000    0.978  6494.98 MW      0.5000
                     15    9.000    9.000    1.253  1974.43 Mvar    0.5000
    19 Convergente   11    9.500    9.500    1.033  6524.78 MW      0.5000
                     11    9.500    9.500    1.323  1983.48 Mvar    0.5000
    20 Convergente    9   10.000   10.000    1.087  6554.57 MW      0.5000
                      9   10.000   10.000    1.393  1992.54 Mvar    0.5000
    21 Convergente   11   10.500   10.500    1.141  6584.36 MW      0.5000
                     11   10.500   10.500    1.462  2001.60 Mvar    0.5000
    22 Convergente   13   11.000   11.000    1.196  6614.16 MW      0.5000
                     13   11.000   11.000    1.532  2010.65 Mvar    0.5000
    23 Convergente   17   11.500   11.500    1.250  6643.95 MW      0.5000
                     17   11.500   11.500    1.602  2019.71 Mvar    0.5000
    24 Convergente   10   12.000   12.000    1.304  6673.74 MW      0.5000
                     10   12.000   12.000    1.671  2028.77 Mvar    0.5000
    25 Convergente   11   12.500   12.500    1.359  6703.54 MW      0.5000
                     11   12.500   12.500    1.741  2037.83 Mvar    0.5000
    26 Convergente   12   13.000   13.000    1.413  6733.33 MW      0.5000
                     12   13.000   13.000    1.811  2046.88 Mvar    0.5000
    27 Convergente   10   13.500   13.500    1.467  6763.12 MW      0.5000
                     10   13.500   13.500    1.880  2055.94 Mvar    0.5000
    28 Convergente   12   14.000   14.000    1.522  6792.92 MW      0.5000
                     12   14.000   14.000    1.950  2065.00 Mvar    0.5000
    29 Convergente   10   14.500   14.500    1.576  6822.71 MW      0.5000
                     10   14.500   14.500    2.019  2074.05 Mvar    0.5000
    30 Convergente   10   15.000   15.000    1.630  6852.50 MW      0.5000
                     10   15.000   15.000    2.089  2083.11 Mvar    0.5000
    31 Convergente   11   15.500   15.500    1.685  6882.30 MW      0.5000
                     11   15.500   15.500    2.159  2092.17 Mvar    0.5000
    32 Convergente   11   16.000   16.000    1.739  6912.09 MW      0.5000
                     11   16.000   16.000    2.228  2101.22 Mvar    0.5000
    33 Convergente    9   16.500   16.500    1.794  6941.89 MW      0.5000
                      9   16.500   16.500    2.298  2110.28 Mvar    0.5000
    34 Convergente   12   17.000   17.000    1.848  6971.68 MW      0.5000
                     12   17.000   17.000    2.368  2119.34 Mvar    0.5000
    35 Convergente   27   17.500   17.500    1.902  7001.47 MW      0.5000
                     27   17.500   17.500    2.437  2128.39 Mvar    0.5000
    36 Convergente   10   18.000   18.000    1.957  7031.27 MW      0.5000
                     10   18.000   18.000    2.507  2137.45 Mvar    0.5000
    37 Convergente   12   18.500   18.500    2.011  7061.06 MW      0.5000
                     12   18.500   18.500    2.576  2146.51 Mvar    0.5000
    38 Convergente    9   19.000   19.000    2.065  7090.85 MW      0.5000
                      9   19.000   19.000    2.646  2155.57 Mvar    0.5000
    39 Convergente   21   19.500   19.500    2.120  7120.65 MW      0.5000
                     21   19.500   19.500    2.716  2164.62 Mvar    0.5000
    40 Convergente   11   20.000   20.000    2.174  7150.44 MW      0.5000
                     11   20.000   20.000    2.785  2173.68 Mvar    0.5000
    41 Convergente   10   20.500   20.500    2.228  7180.23 MW      0.5000
                     10   20.500   20.500    2.855  2182.74 Mvar    0.5000
    42 Convergente   16   21.000   21.000    2.283  7210.03 MW      0.5000
                     16   21.000   21.000    2.925  2191.79 Mvar    0.5000
    43 Convergente   14   21.500   21.500    2.337  7239.82 MW      0.5000
                     14   21.500   21.500    2.994  2200.85 Mvar    0.5000
    44 Convergente   14   22.000   22.000    2.391  7269.61 MW      0.5000
                     14   22.000   22.000    3.064  2209.91 Mvar    0.5000
    45 Convergente   10   22.500   22.500    2.446  7299.41 MW      0.5000
                     10   22.500   22.500    3.134  2218.97 Mvar    0.5000
    46 Convergente   11   23.000   23.000    2.500  7329.20 MW      0.5000
                     11   23.000   23.000    3.203  2228.02 Mvar    0.5000
    47 Convergente   10   23.500   23.500    2.554  7358.99 MW      0.5000
                     10   23.500   23.500    3.273  2237.08 Mvar    0.5000
    48 Convergente   10   24.000   24.000    2.609  7388.79 MW      0.5000
                     10   24.000   24.000    3.342  2246.14 Mvar    0.5000
    49 Convergente   11   24.500   24.500    2.663  7418.58 MW      0.5000
                     11   24.500   24.500    3.412  2255.19 Mvar    0.5000
    50 Convergente   14   25.000   25.000    2.717  7448.37 MW      0.5000
                     14   25.000   25.000    3.482  2264.25 Mvar    0.5000
    51 Convergente   10   25.500   25.500    2.772  7478.17 MW      0.5000
                     10   25.500   25.500    3.551  2273.31 Mvar    0.5000
    52 Convergente   12   26.000   26.000    2.826  7507.96 MW      0.5000
                     12   26.000   26.000    3.621  2282.36 Mvar    0.5000
    53 Convergente   12   26.500   26.500    2.881  7537.76 MW      0.5000
                     12   26.500   26.500    3.691  2291.42 Mvar    0.5000
    54 Convergente   10   27.000   27.000    2.935  7567.55 MW      0.5000
                     10   27.000   27.000    3.760  2300.48 Mvar    0.5000
    55 Convergente   11   27.500   27.500    2.989  7597.34 MW      0.5000
                     11   27.500   27.500    3.830  2309.53 Mvar    0.5000
    56 Convergente    9   28.000   28.000    3.044  7627.14 MW      0.5000
                      9   28.000   28.000    3.900  2318.59 Mvar    0.5000
    57 Convergente   10   28.500   28.500    3.098  7656.93 MW      0.5000
                     10   28.500   28.500    3.969  2327.65 Mvar    0.5000
    58 Convergente   12   29.000   29.000    3.152  7686.72 MW      0.5000
                     12   29.000   29.000    4.039  2336.71 Mvar    0.5000
    59 Convergente   10   29.500   29.500    3.207  7716.52 MW      0.5000
                     10   29.500   29.500    4.108  2345.76 Mvar    0.5000
    60 Convergente   10   30.000   30.000    3.261  7746.31 MW      0.5000
                     10   30.000   30.000    4.178  2354.82 Mvar    0.5000
    61 Convergente   11   30.500   30.500    3.315  7776.10 MW      0.5000
                     11   30.500   30.500    4.248  2363.88 Mvar    0.5000
    62 Convergente   10   31.000   31.000    3.370  7805.90 MW      0.5000
                     10   31.000   31.000    4.317  2372.93 Mvar    0.5000
    63 Convergente   11   31.500   31.500    3.424  7835.69 MW      0.5000
                     11   31.500   31.500    4.387  2381.99 Mvar    0.5000
    64 Convergente   14   32.000   32.000    3.478  7865.48 MW      0.5000
                     14   32.000   32.000    4.457  2391.05 Mvar    0.5000
    65 Convergente   10   32.500   32.500    3.533  7895.28 MW      0.5000
                     10   32.500   32.500    4.526  2400.10 Mvar    0.5000
    66 Convergente   10   33.000   33.000    3.587  7925.07 MW      0.5000
                     10   33.000   33.000    4.596  2409.16 Mvar    0.5000
    67 Convergente   12   33.500   33.500    3.641  7954.86 MW      0.5000
                     12   33.500   33.500    4.666  2418.22 Mvar    0.5000
    68 Convergente   10   34.000   34.000    3.696  7984.66 MW      0.5000
                     10   34.000   34.000    4.735  2427.28 Mvar    0.5000
    69 Convergente   10   34.500   34.500    3.750  8014.45 MW      0.5000
                     10   34.500   34.500    4.805  2436.33 Mvar    0.5000
    70 Convergente   11   35.000   35.000    3.804  8044.24 MW      0.5000
                     11   35.000   35.000    4.874  2445.39 Mvar    0.5000
    71 Convergente   10   35.500   35.500    3.859  8074.04 MW      0.5000
                     10   35.500   35.500    4.944  2454.45 Mvar    0.5000
    72 Convergente    9   36.000   36.000    3.913  8103.83 MW      0.5000
                      9   36.000   36.000    5.014  2463.50 Mvar    0.5000
    73 Convergente   11   36.500   36.500    3.968  8133.63 MW      0.5000
                     11   36.500   36.500    5.083  2472.56 Mvar    0.5000
    74 Convergente   10   37.000   37.000    4.022  8163.42 MW      0.5000
                     10   37.000   37.000    5.153  2481.62 Mvar    0.5000
    75 Convergente   10   37.500   37.500    4.076  8193.21 MW      0.5000
                     10   37.500   37.500    5.223  2490.68 Mvar    0.5000
    76 Convergente   13   38.000   38.000    4.131  8223.01 MW      0.5000
                     13   38.000   38.000    5.292  2499.73 Mvar    0.5000
    77 Convergente   10   38.500   38.500    4.185  8252.80 MW      0.5000
                     10   38.500   38.500    5.362  2508.79 Mvar    0.5000
    78 Convergente   10   39.000   39.000    4.239  8282.59 MW      0.5000
                     10   39.000   39.000    5.432  2517.85 Mvar    0.5000
    79 Convergente   11   39.500   39.500    4.294  8312.39 MW      0.5000
                     11   39.500   39.500    5.501  2526.90 Mvar    0.5000
    80 Convergente   10   40.000   40.000    4.348  8342.18 MW      0.5000
                     10   40.000   40.000    5.571  2535.96 Mvar    0.5000
    81 Convergente   10   40.500   40.500    4.402  8371.97 MW      0.5000
                     10   40.500   40.500    5.640  2545.02 Mvar    0.5000
    82 Convergente   12   41.000   41.000    4.457  8401.77 MW      0.5000
                     12   41.000   41.000    5.710  2554.07 Mvar    0.5000
    83 Convergente   14   41.500   41.500    4.511  8431.56 MW      0.5000
                     14   41.500   41.500    5.780  2563.13 Mvar    0.5000
    84 Convergente   10   42.000   42.000    4.565  8461.35 MW      0.5000
                     10   42.000   42.000    5.849  2572.19 Mvar    0.5000
    85 Convergente   11   42.500   42.500    4.620  8491.15 MW      0.5000
                     11   42.500   42.500    5.919  2581.24 Mvar    0.5000
    86 Convergente   11   43.000   43.000    4.674  8520.94 MW      0.5000
                     11   43.000   43.000    5.989  2590.30 Mvar    0.5000
    87 Convergente   10   43.500   43.500    4.728  8550.73 MW      0.5000
                     10   43.500   43.500    6.058  2599.36 Mvar    0.5000
    88 Convergente   12   44.000   44.000    4.783  8580.53 MW      0.5000
                     12   44.000   44.000    6.128  2608.42 Mvar    0.5000
    89 Convergente   11   44.500   44.500    4.837  8610.32 MW      0.5000
                     11   44.500   44.500    6.197  2617.47 Mvar    0.5000
    90 Convergente   14   45.000   45.000    4.891  8640.11 MW      0.5000
                     14   45.000   45.000    6.267  2626.53 Mvar    0.5000
    91 Convergente   11   45.500   45.500    4.946  8669.91 MW      0.5000
                     11   45.500   45.500    6.337  2635.59 Mvar    0.5000
CEPEL - Centro de Pesquisas de Energia Eletrica - ANAREDE V11.07.02

    46.0000                                                                      
 RELATORIO DE EXECUCAO DO FLUXO DE POTENCIA CONTINUADO

 Opcoes Ativadas: QLIM VLIM CREM CTAP STEP BPSI NEWT RCVG RMON FILE 80CO CONT CELO STPO CTAF CTAF IANG

 X----X----------------X--------------------------X-------------X---------X
                            AUMENTO DA CARGA                               
  NUM.   CONVERGENCIA        ATIVA E REATIVA (%)   CARGA DA AREA PASSO MAX 
          STATUS    P/Q  MAXIMO    AREA    SISTEMA   MW / Mvar    P/Q (%)  
 X----X------------X---X--------X--------X--------X-------------X---------X

    92 Convergente   12   46.000   46.000    5.000  8699.70 MW      0.5000
                     12   46.000   46.000    6.406  2644.64 Mvar    0.5000
    93 Convergente   11   46.500   46.500    5.054  8729.50 MW      0.5000
                     11   46.500   46.500    6.476  2653.70 Mvar    0.5000
    94 Convergente   20   47.000   47.000    5.109  8759.29 MW      0.5000
                     20   47.000   47.000    6.546  2662.76 Mvar    0.5000
    95 Convergente   12   47.500   47.500    5.163  8789.08 MW      0.5000
                     12   47.500   47.500    6.615  2671.81 Mvar    0.5000
    96 Convergente   12   48.000   48.000    5.218  8818.88 MW      0.5000
                     12   48.000   48.000    6.685  2680.87 Mvar    0.5000
    97 Convergente   12   48.500   48.500    5.272  8848.67 MW      0.5000
                     12   48.500   48.500    6.755  2689.93 Mvar    0.5000
    98 Convergente   32   49.000   49.000    5.326  8878.46 MW      0.5000
                     32   49.000   49.000    6.824  2698.99 Mvar    0.5000
    99 Convergente   15   49.500   49.500    5.381  8908.26 MW      0.5000
                     15   49.500   49.500    6.894  2708.04 Mvar    0.5000
   100 Convergente   12   50.000   50.000    5.435  8938.05 MW      0.5000
                     12   50.000   50.000    6.963  2717.10 Mvar    0.5000
   101 Convergente   13   50.500   50.500    5.489  8967.84 MW      0.5000
                     13   50.500   50.500    7.033  2726.16 Mvar    0.5000
   102 Convergente   15   51.000   51.000    5.544  8997.64 MW      0.5000
                     15   51.000   51.000    7.103  2735.21 Mvar    0.5000
   103 Convergente   12   51.500   51.500    5.598  9027.43 MW      0.5000
                     12   51.500   51.500    7.172  2744.27 Mvar    0.5000
   104 Convergente   14   52.000   52.000    5.652  9057.22 MW      0.5000
                     14   52.000   52.000    7.242  2753.33 Mvar    0.5000
   105 Convergente   13   52.500   52.500    5.707  9087.02 MW      0.5000
                     13   52.500   52.500    7.312  2762.38 Mvar    0.5000
   106 Convergente   12   53.000   53.000    5.761  9116.81 MW      0.5000
                     12   53.000   53.000    7.381  2771.44 Mvar    0.5000
   107 Convergente   12   53.500   53.500    5.815  9146.60 MW      0.5000
                     12   53.500   53.500    7.451  2780.50 Mvar    0.5000
   108 Convergente   12   54.000   54.000    5.870  9176.40 MW      0.5000
                     12   54.000   54.000    7.521  2789.56 Mvar    0.5000
   109 Convergente   12   54.500   54.500    5.924  9206.19 MW      0.5000
                     12   54.500   54.500    7.590  2798.61 Mvar    0.5000
   110 Convergente   12   55.000   55.000    5.978  9235.98 MW      0.5000
                     12   55.000   55.000    7.660  2807.67 Mvar    0.5000
   111 Convergente   12   55.500   55.500    6.033  9265.78 MW      0.5000
                     12   55.500   55.500    7.729  2816.73 Mvar    0.5000
   112 Convergente   12   56.000   56.000    6.087  9295.57 MW      0.5000
                     12   56.000   56.000    7.799  2825.78 Mvar    0.5000
   113 Convergente   12   56.500   56.500    6.141  9325.37 MW      0.5000
                     12   56.500   56.500    7.869  2834.84 Mvar    0.5000
   114 Convergente   12   57.000   57.000    6.196  9355.16 MW      0.5000
                     12   57.000   57.000    7.938  2843.90 Mvar    0.5000
   115 Convergente   12   57.500   57.500    6.250  9384.95 MW      0.5000
                     12   57.500   57.500    8.008  2852.95 Mvar    0.5000
   116 Convergente   14   58.000   58.000    6.305  9414.75 MW      0.5000
                     14   58.000   58.000    8.078  2862.01 Mvar    0.5000
   117 Convergente   15   58.500   58.500    6.359  9444.54 MW      0.5000
                     15   58.500   58.500    8.147  2871.07 Mvar    0.5000
   118 Convergente   13   59.000   59.000    6.413  9474.33 MW      0.5000
                     13   59.000   59.000    8.217  2880.13 Mvar    0.5000
   119 Convergente   12   59.500   59.500    6.468  9504.13 MW      0.5000
                     12   59.500   59.500    8.287  2889.18 Mvar    0.5000
   120 Convergente   13   60.000   60.000    6.522  9533.92 MW      0.5000
                     13   60.000   60.000    8.356  2898.24 Mvar    0.5000
   121 Convergente   13   60.500   60.500    6.576  9563.71 MW      0.5000
                     13   60.500   60.500    8.426  2907.30 Mvar    0.5000
   122 Convergente   13   61.000   61.000    6.631  9593.51 MW      0.5000
                     13   61.000   61.000    8.495  2916.35 Mvar    0.5000
   123 Convergente   12   61.500   61.500    6.685  9623.30 MW      0.5000
                     12   61.500   61.500    8.565  2925.41 Mvar    0.5000
   124 Convergente   14   62.000   62.000    6.739  9653.09 MW      0.5000
                     14   62.000   62.000    8.635  2934.47 Mvar    0.5000
   125 Convergente   14   62.500   62.500    6.794  9682.89 MW      0.5000
                     14   62.500   62.500    8.704  2943.52 Mvar    0.5000
   126 Convergente   13   63.000   63.000    6.848  9712.68 MW      0.5000
                     13   63.000   63.000    8.774  2952.58 Mvar    0.5000
   127 Convergente   13   63.500   63.500    6.902  9742.47 MW      0.5000
                     13   63.500   63.500    8.844  2961.64 Mvar    0.5000
   128 Convergente   19   64.000   64.000    6.957  9772.27 MW      0.5000
                     19   64.000   64.000    8.913  2970.70 Mvar    0.5000
   129 Convergente   13   64.500   64.500    7.011  9802.06 MW      0.5000
                     13   64.500   64.500    8.983  2979.75 Mvar    0.5000
   130 Convergente   17   65.000   65.000    7.065  9831.86 MW      0.5000
                     17   65.000   65.000    9.053  2988.81 Mvar    0.5000
   131 Convergente   13   65.500   65.500    7.120  9861.65 MW      0.5000
                     13   65.500   65.500    9.122  2997.87 Mvar    0.5000
   132 Nao Converg. 101                                             0.5000
                    101                                             0.5000
   133 Convergente   12   65.750   65.750    7.147  9876.55 MW      0.2500
                     12   65.750   65.750    9.157  3002.40 Mvar    0.2500
   134 Convergente   13   66.000   66.000    7.174  9891.44 MW      0.2500
                     13   66.000   66.000    9.192  3006.92 Mvar    0.2500
   135 Nao Converg. 101                                             0.2500
                    101                                             0.2500
   136 Convergente   11   66.125   66.125    7.188  9898.89 MW      0.1250
                     11   66.125   66.125    9.209  3009.19 Mvar    0.1250
   137 Convergente   11   66.250   66.250    7.201  9906.34 MW      0.1250
                     11   66.250   66.250    9.227  3011.45 Mvar    0.1250
   138 Convergente   11   66.375   66.375    7.215  9913.79 MW      0.1250
                     11   66.375   66.375    9.244  3013.72 Mvar    0.1250
   139 Convergente   13   66.500   66.500    7.228  9921.24 MW      0.1250
                     13   66.500   66.500    9.261  3015.98 Mvar    0.1250
   140 Convergente    9   66.625   66.625    7.242  9928.68 MW      0.1250
                      9   66.625   66.625    9.279  3018.25 Mvar    0.1250
   141 Convergente   12   66.750   66.750    7.256  9936.13 MW      0.1250
                     12   66.750   66.750    9.296  3020.51 Mvar    0.1250
   142 Convergente   10   66.875   66.875    7.269  9943.58 MW      0.1250
                     10   66.875   66.875    9.314  3022.77 Mvar    0.1250
   143 Convergente   11   67.000   67.000    7.283  9951.03 MW      0.1250
                     11   67.000   67.000    9.331  3025.04 Mvar    0.1250
   144 Convergente   10   67.125   67.125    7.296  9958.48 MW      0.1250
                     10   67.125   67.125    9.348  3027.30 Mvar    0.1250
   145 Convergente   11   67.250   67.250    7.310  9965.93 MW      0.1250
                     11   67.250   67.250    9.366  3029.57 Mvar    0.1250
   146 Convergente   11   67.375   67.375    7.324  9973.37 MW      0.1250
                     11   67.375   67.375    9.383  3031.83 Mvar    0.1250
   147 Convergente   11   67.500   67.500    7.337  9980.82 MW      0.1250
                     11   67.500   67.500    9.401  3034.10 Mvar    0.1250
   148 Convergente    9   67.625   67.625    7.351  9988.27 MW      0.1250
                      9   67.625   67.625    9.418  3036.36 Mvar    0.1250
   149 Convergente   18   67.750   67.750    7.364  9995.72 MW      0.1250
                     18   67.750   67.750    9.436  3038.62 Mvar    0.1250
   150 Convergente   10   67.875   67.875    7.378 10003.17 MW      0.1250
                     10   67.875   67.875    9.453  3040.89 Mvar    0.1250
   151 Convergente   11   68.000   68.000    7.392 10010.62 MW      0.1250
                     11   68.000   68.000    9.470  3043.15 Mvar    0.1250
   152 Convergente    9   68.125   68.125    7.405 10018.06 MW      0.1250
                      9   68.125   68.125    9.488  3045.42 Mvar    0.1250
   153 Convergente   23   68.250   68.250    7.419 10025.51 MW      0.1250
                     23   68.250   68.250    9.505  3047.68 Mvar    0.1250
   154 Convergente   10   68.375   68.375    7.432 10032.96 MW      0.1250
                     10   68.375   68.375    9.523  3049.94 Mvar    0.1250
   155 Convergente   11   68.500   68.500    7.446 10040.41 MW      0.1250
                     11   68.500   68.500    9.540  3052.21 Mvar    0.1250
   156 Convergente   10   68.625   68.625    7.459 10047.86 MW      0.1250
                     10   68.625   68.625    9.557  3054.47 Mvar    0.1250
   157 Convergente   12   68.750   68.750    7.473 10055.31 MW      0.1250
                     12   68.750   68.750    9.575  3056.74 Mvar    0.1250
   158 Convergente   10   68.875   68.875    7.487 10062.75 MW      0.1250
                     10   68.875   68.875    9.592  3059.00 Mvar    0.1250
   159 Convergente   10   69.000   69.000    7.500 10070.20 MW      0.1250
                     10   69.000   69.000    9.610  3061.27 Mvar    0.1250
   160 Convergente   10   69.125   69.125    7.514 10077.65 MW      0.1250
                     10   69.125   69.125    9.627  3063.53 Mvar    0.1250
   161 Convergente   11   69.250   69.250    7.527 10085.10 MW      0.1250
                     11   69.250   69.250    9.644  3065.79 Mvar    0.1250
   162 Convergente    8   69.375   69.375    7.541 10092.55 MW      0.1250
                      8   69.375   69.375    9.662  3068.06 Mvar    0.1250
   163 Convergente   11   69.500   69.500    7.555 10100.00 MW      0.1250
                     11   69.500   69.500    9.679  3070.32 Mvar    0.1250
   164 Convergente   16   69.625   69.625    7.568 10107.44 MW      0.1250
                     16   69.625   69.625    9.697  3072.59 Mvar    0.1250
   165 Convergente   11   69.750   69.750    7.582 10114.89 MW      0.1250
                     11   69.750   69.750    9.714  3074.85 Mvar    0.1250
   166 Convergente   11   69.875   69.875    7.595 10122.34 MW      0.1250
                     11   69.875   69.875    9.731  3077.12 Mvar    0.1250
   167 Convergente   10   70.000   70.000    7.609 10129.79 MW      0.1250
                     10   70.000   70.000    9.749  3079.38 Mvar    0.1250
   168 Convergente   11   70.125   70.125    7.623 10137.24 MW      0.1250
                     11   70.125   70.125    9.766  3081.64 Mvar    0.1250
   169 Convergente   11   70.250   70.250    7.636 10144.69 MW      0.1250
                     11   70.250   70.250    9.784  3083.91 Mvar    0.1250
   170 Convergente   12   70.375   70.375    7.650 10152.14 MW      0.1250
                     12   70.375   70.375    9.801  3086.17 Mvar    0.1250
   171 Convergente   10   70.500   70.500    7.663 10159.58 MW      0.1250
                     10   70.500   70.500    9.819  3088.44 Mvar    0.1250
   172 Convergente   11   70.625   70.625    7.677 10167.03 MW      0.1250
                     11   70.625   70.625    9.836  3090.70 Mvar    0.1250
   173 Convergente   11   70.750   70.750    7.690 10174.48 MW      0.1250
                     11   70.750   70.750    9.853  3092.97 Mvar    0.1250
   174 Nao Converg. 101                                             0.1250
                    101                                             0.1250
   175 Convergente   16   70.813   70.813    7.697 10178.20 MW      0.0625
                     16   70.813   70.812    9.862  3094.10 Mvar    0.0625
   176 Convergente    9   70.875   70.875    7.704 10181.93 MW      0.0625
                      9   70.875   70.875    9.871  3095.23 Mvar    0.0625
   177 Convergente   11   70.938   70.938    7.711 10185.65 MW      0.0625
                     11   70.938   70.938    9.879  3096.36 Mvar    0.0625
   178 Convergente   11   71.000   71.000    7.718 10189.38 MW      0.0625
                     11   71.000   71.000    9.888  3097.49 Mvar    0.0625
   179 Convergente   12   71.063   71.062    7.724 10193.10 MW      0.0625
                     12   71.063   71.063    9.897  3098.63 Mvar    0.0625
   180 Convergente   11   71.125   71.125    7.731 10196.83 MW      0.0625
                     11   71.125   71.125    9.906  3099.76 Mvar    0.0625
   181 Convergente   11   71.188   71.187    7.738 10200.55 MW      0.0625
                     11   71.188   71.187    9.914  3100.89 Mvar    0.0625
   182 Convergente   11   71.250   71.250    7.745 10204.27 MW      0.0625
                     11   71.250   71.250    9.923  3102.02 Mvar    0.0625
   183 Convergente   11   71.313   71.312    7.752 10208.00 MW      0.0625
                     11   71.313   71.312    9.932  3103.15 Mvar    0.0625
CEPEL - Centro de Pesquisas de Energia Eletrica - ANAREDE V11.07.02

    71.3750                                                                      
 RELATORIO DE EXECUCAO DO FLUXO DE POTENCIA CONTINUADO

 Opcoes Ativadas: QLIM VLIM CREM CTAP STEP BPSI NEWT RCVG RMON FILE 80CO CONT CELO STPO CTAF CTAF IANG

 X----X----------------X--------------------------X-------------X---------X
                            AUMENTO DA CARGA                               
  NUM.   CONVERGENCIA        ATIVA E REATIVA (%)   CARGA DA AREA PASSO MAX 
          STATUS    P/Q  MAXIMO    AREA    SISTEMA   MW / Mvar    P/Q (%)  
 X----X------------X---X--------X--------X--------X-------------X---------X

   184 Convergente   11   71.375   71.375    7.758 10211.72 MW      0.0625
                     11   71.375   71.375    9.940  3104.29 Mvar    0.0625
   185 Convergente   19   71.438   71.437    7.765 10215.45 MW      0.0625
                     19   71.438   71.437    9.949  3105.42 Mvar    0.0625
   186 Convergente   11   71.500   71.500    7.772 10219.17 MW      0.0625
                     11   71.500   71.500    9.958  3106.55 Mvar    0.0625
   187 Convergente   11   71.563   71.563    7.779 10222.89 MW      0.0625
                     11   71.563   71.563    9.966  3107.68 Mvar    0.0625
   188 Convergente   11   71.625   71.625    7.786 10226.62 MW      0.0625
                     11   71.625   71.625    9.975  3108.82 Mvar    0.0625
   189 Convergente   11   71.688   71.688    7.792 10230.34 MW      0.0625
                     11   71.688   71.688    9.984  3109.95 Mvar    0.0625
   190 Convergente   15   71.750   71.750    7.799 10234.07 MW      0.0625
                     15   71.750   71.750    9.993  3111.08 Mvar    0.0625
   191 Convergente   10   71.813   71.812    7.806 10237.79 MW      0.0625
                     10   71.813   71.813   10.001  3112.21 Mvar    0.0625
   192 Convergente   11   71.875   71.875    7.813 10241.52 MW      0.0625
                     11   71.875   71.875   10.010  3113.34 Mvar    0.0625
   193 Convergente   30   71.938   71.938    7.820 10245.24 MW      0.0625
                     30   71.938   71.937   10.019  3114.48 Mvar    0.0625
   194 Convergente   11   72.000   72.000    7.826 10248.96 MW      0.0625
                     11   72.000   72.000   10.027  3115.61 Mvar    0.0625
   195 Convergente   10   72.063   72.062    7.833 10252.69 MW      0.0625
                     10   72.063   72.063   10.036  3116.74 Mvar    0.0625
   196 Convergente   11   72.125   72.125    7.840 10256.41 MW      0.0625
                     11   72.125   72.125   10.045  3117.87 Mvar    0.0625
   197 Convergente    9   72.188   72.187    7.847 10260.14 MW      0.0625
                      9   72.188   72.188   10.054  3119.00 Mvar    0.0625
   198 Convergente   10   72.250   72.250    7.853 10263.86 MW      0.0625
                     10   72.250   72.250   10.062  3120.14 Mvar    0.0625
   199 Convergente   10   72.313   72.313    7.860 10267.58 MW      0.0625
                     10   72.313   72.312   10.071  3121.27 Mvar    0.0625
   200 Convergente   12   72.375   72.375    7.867 10271.31 MW      0.0625
                     12   72.375   72.375   10.080  3122.40 Mvar    0.0625
   201 Convergente   10   72.438   72.438    7.874 10275.03 MW      0.0625
                     10   72.438   72.437   10.088  3123.53 Mvar    0.0625
   202 Convergente   10   72.500   72.500    7.881 10278.76 MW      0.0625
                     10   72.500   72.500   10.097  3124.66 Mvar    0.0625
   203 Convergente   11   72.563   72.562    7.887 10282.48 MW      0.0625
                     11   72.563   72.562   10.106  3125.80 Mvar    0.0625
   204 Convergente   22   72.625   72.625    7.894 10286.21 MW      0.0625
                     22   72.625   72.625   10.114  3126.93 Mvar    0.0625
   205 Convergente   10   72.688   72.687    7.901 10289.93 MW      0.0625
                     10   72.688   72.687   10.123  3128.06 Mvar    0.0625
   206 Convergente   10   72.750   72.750    7.908 10293.65 MW      0.0625
                     10   72.750   72.750   10.132  3129.19 Mvar    0.0625
   207 Convergente   12   72.813   72.813    7.915 10297.38 MW      0.0625
                     12   72.813   72.813   10.141  3130.33 Mvar    0.0625
   208 Convergente    9   72.875   72.875    7.921 10301.10 MW      0.0625
                      9   72.875   72.875   10.149  3131.46 Mvar    0.0625
   209 Convergente   10   72.938   72.937    7.928 10304.83 MW      0.0625
                     10   72.938   72.938   10.158  3132.59 Mvar    0.0625
   210 Convergente   11   73.000   73.000    7.935 10308.55 MW      0.0625
                     11   73.000   73.000   10.167  3133.72 Mvar    0.0625
   211 Convergente   12   73.063   73.063    7.942 10312.28 MW      0.0625
                     12   73.063   73.062   10.175  3134.85 Mvar    0.0625
   212 Convergente   17   73.125   73.125    7.949 10316.00 MW      0.0625
                     17   73.125   73.125   10.184  3135.99 Mvar    0.0625
   213 Convergente   10   73.188   73.188    7.955 10319.72 MW      0.0625
                     10   73.188   73.188   10.193  3137.12 Mvar    0.0625
   214 Convergente   10   73.250   73.250    7.962 10323.45 MW      0.0625
                     10   73.250   73.250   10.201  3138.25 Mvar    0.0625
   215 Convergente   12   73.313   73.313    7.969 10327.17 MW      0.0625
                     12   73.313   73.312   10.210  3139.38 Mvar    0.0625
   216 Convergente    9   73.375   73.375    7.976 10330.90 MW      0.0625
                      9   73.375   73.375   10.219  3140.51 Mvar    0.0625
   217 Convergente    9   73.438   73.438    7.983 10334.62 MW      0.0625
                      9   73.438   73.438   10.228  3141.65 Mvar    0.0625
   218 Convergente   11   73.500   73.500    7.989 10338.34 MW      0.0625
                     11   73.500   73.500   10.236  3142.78 Mvar    0.0625
   219 Convergente   10   73.563   73.562    7.996 10342.07 MW      0.0625
                     10   73.563   73.562   10.245  3143.91 Mvar    0.0625
   220 Nao Converg. 101                                             0.0625
                    101                                             0.0625
   221 Convergente    9   73.594   73.594    8.000 10343.93 MW      0.0312
                      9   73.594   73.594   10.249  3144.48 Mvar    0.0312
   222 Convergente   10   73.625   73.625    8.003 10345.79 MW      0.0312
                     10   73.625   73.625   10.254  3145.04 Mvar    0.0312
   223 Convergente   13   73.656   73.656    8.006 10347.65 MW      0.0312
                     13   73.656   73.656   10.258  3145.61 Mvar    0.0312
   224 Convergente    9   73.688   73.688    8.010 10349.52 MW      0.0312
                      9   73.688   73.687   10.262  3146.18 Mvar    0.0312
   225 Convergente   10   73.719   73.719    8.013 10351.38 MW      0.0312
                     10   73.719   73.719   10.267  3146.74 Mvar    0.0312
   226 Convergente   14   73.750   73.750    8.017 10353.24 MW      0.0312
                     14   73.750   73.750   10.271  3147.31 Mvar    0.0312
   227 Convergente    9   73.781   73.781    8.020 10355.10 MW      0.0312
                      9   73.781   73.781   10.275  3147.87 Mvar    0.0312
   228 Convergente   10   73.813   73.812    8.023 10356.97 MW      0.0312
                     10   73.813   73.812   10.280  3148.44 Mvar    0.0312
   229 Convergente    9   73.844   73.844    8.027 10358.83 MW      0.0312
                      9   73.844   73.844   10.284  3149.01 Mvar    0.0312
   230 Convergente    9   73.875   73.875    8.030 10360.69 MW      0.0312
                      9   73.875   73.875   10.289  3149.57 Mvar    0.0312
   231 Convergente   10   73.906   73.906    8.034 10362.55 MW      0.0312
                     10   73.906   73.906   10.293  3150.14 Mvar    0.0312
   232 Convergente   10   73.938   73.937    8.037 10364.41 MW      0.0312
                     10   73.938   73.937   10.297  3150.70 Mvar    0.0312
   233 Convergente    9   73.969   73.969    8.040 10366.28 MW      0.0312
                      9   73.969   73.969   10.302  3151.27 Mvar    0.0312
   234 Convergente   15   74.000   74.000    8.044 10368.14 MW      0.0312
                     15   74.000   74.000   10.306  3151.84 Mvar    0.0312
   235 Convergente   11   74.031   74.031    8.047 10370.00 MW      0.0312
                     11   74.031   74.031   10.310  3152.40 Mvar    0.0312
   236 Convergente    9   74.063   74.062    8.051 10371.86 MW      0.0312
                      9   74.063   74.063   10.315  3152.97 Mvar    0.0312
   237 Convergente   10   74.094   74.094    8.054 10373.72 MW      0.0312
                     10   74.094   74.094   10.319  3153.53 Mvar    0.0312
   238 Convergente   10   74.125   74.125    8.057 10375.59 MW      0.0312
                     10   74.125   74.125   10.323  3154.10 Mvar    0.0312
   239 Convergente   24   74.156   74.156    8.061 10377.45 MW      0.0312
                     24   74.156   74.156   10.328  3154.67 Mvar    0.0312
   240 Convergente    9   74.188   74.188    8.064 10379.31 MW      0.0312
                      9   74.188   74.188   10.332  3155.23 Mvar    0.0312
   241 Convergente   10   74.219   74.219    8.067 10381.17 MW      0.0312
                     10   74.219   74.219   10.336  3155.80 Mvar    0.0312
   242 Convergente    9   74.250   74.250    8.071 10383.03 MW      0.0312
                      9   74.250   74.250   10.341  3156.36 Mvar    0.0312
   243 Convergente   10   74.281   74.281    8.074 10384.90 MW      0.0312
                     10   74.281   74.281   10.345  3156.93 Mvar    0.0312
   244 Convergente   10   74.313   74.312    8.078 10386.76 MW      0.0312
                     10   74.313   74.313   10.349  3157.50 Mvar    0.0312
   245 Convergente   26   74.344   74.344    8.081 10388.62 MW      0.0312
                     26   74.344   74.344   10.354  3158.06 Mvar    0.0312
   246 Convergente    9   74.375   74.375    8.084 10390.48 MW      0.0312
                      9   74.375   74.375   10.358  3158.63 Mvar    0.0312
   247 Convergente   10   74.406   74.406    8.088 10392.35 MW      0.0312
                     10   74.406   74.406   10.363  3159.19 Mvar    0.0312
   248 Convergente   10   74.438   74.438    8.091 10394.21 MW      0.0312
                     10   74.438   74.437   10.367  3159.76 Mvar    0.0312
   249 Convergente   11   74.469   74.469    8.095 10396.07 MW      0.0312
                     11   74.469   74.469   10.371  3160.33 Mvar    0.0312
   250 Convergente   17   74.500   74.500    8.098 10397.93 MW      0.0312
                     17   74.500   74.500   10.376  3160.89 Mvar    0.0312
   251 Convergente    9   74.531   74.531    8.101 10399.79 MW      0.0312
                      9   74.531   74.531   10.380  3161.46 Mvar    0.0312
   252 Convergente   10   74.563   74.562    8.105 10401.66 MW      0.0312
                     10   74.563   74.562   10.384  3162.03 Mvar    0.0312
   253 Convergente   11   74.594   74.594    8.108 10403.52 MW      0.0312
                     11   74.594   74.594   10.389  3162.59 Mvar    0.0312
   254 Convergente   11   74.625   74.625    8.112 10405.38 MW      0.0312
                     11   74.625   74.625   10.393  3163.16 Mvar    0.0312
   255 Convergente   10   74.656   74.656    8.115 10407.24 MW      0.0312
                     10   74.656   74.656   10.397  3163.72 Mvar    0.0312
   256 Convergente   10   74.688   74.688    8.118 10409.10 MW      0.0312
                     10   74.688   74.687   10.402  3164.29 Mvar    0.0312
   257 Convergente   11   74.719   74.719    8.122 10410.97 MW      0.0312
                     11   74.719   74.719   10.406  3164.86 Mvar    0.0312
   258 Convergente   11   74.750   74.750    8.125 10412.83 MW      0.0312
                     11   74.750   74.750   10.410  3165.42 Mvar    0.0312
   259 Convergente   11   74.781   74.781    8.129 10414.69 MW      0.0312
                     11   74.781   74.781   10.415  3165.99 Mvar    0.0312
   260 Convergente   10   74.813   74.812    8.132 10416.55 MW      0.0312
                     10   74.813   74.812   10.419  3166.55 Mvar    0.0312
   261 Convergente   10   74.844   74.844    8.135 10418.41 MW      0.0312
                     10   74.844   74.844   10.423  3167.12 Mvar    0.0312
   262 Convergente    9   74.875   74.875    8.139 10420.28 MW      0.0312
                      9   74.875   74.875   10.428  3167.69 Mvar    0.0312
   263 Convergente    9   74.906   74.906    8.142 10422.14 MW      0.0312
                      9   74.906   74.906   10.432  3168.25 Mvar    0.0312
   264 Convergente   10   74.938   74.937    8.146 10424.00 MW      0.0312
                     10   74.938   74.937   10.437  3168.82 Mvar    0.0312
   265 Convergente   11   74.969   74.969    8.149 10425.86 MW      0.0312
                     11   74.969   74.969   10.441  3169.38 Mvar    0.0312
   266 Convergente    9   75.000   75.000    8.152 10427.73 MW      0.0312
                      9   75.000   75.000   10.445  3169.95 Mvar    0.0312
   267 Convergente   10   75.031   75.031    8.156 10429.59 MW      0.0312
                     10   75.031   75.031   10.450  3170.52 Mvar    0.0312
   268 Convergente    9   75.063   75.063    8.159 10431.45 MW      0.0312
                      9   75.063   75.062   10.454  3171.08 Mvar    0.0312
   269 Convergente   13   75.094   75.094    8.163 10433.31 MW      0.0312
                     13   75.094   75.094   10.458  3171.65 Mvar    0.0312
   270 Convergente   14   75.125   75.125    8.166 10435.17 MW      0.0312
                     14   75.125   75.125   10.463  3172.21 Mvar    0.0312
   271 Convergente   15   75.156   75.156    8.169 10437.04 MW      0.0312
                     15   75.156   75.156   10.467  3172.78 Mvar    0.0312
   272 Convergente   14   75.188   75.187    8.173 10438.90 MW      0.0312
                     14   75.188   75.188   10.471  3173.35 Mvar    0.0312
   273 Convergente   16   75.219   75.219    8.176 10440.76 MW      0.0312
                     16   75.219   75.219   10.476  3173.91 Mvar    0.0312
   274 Convergente   18   75.250   75.250    8.180 10442.62 MW      0.0312
                     18   75.250   75.250   10.480  3174.48 Mvar    0.0312
   275 Convergente   17   75.281   75.281    8.183 10444.48 MW      0.0312
                     17   75.281   75.281   10.484  3175.04 Mvar    0.0312
CEPEL - Centro de Pesquisas de Energia Eletrica - ANAREDE V11.07.02

    75.3125                                                                      
 RELATORIO DE EXECUCAO DO FLUXO DE POTENCIA CONTINUADO

 Opcoes Ativadas: QLIM VLIM CREM CTAP STEP BPSI NEWT RCVG RMON FILE 80CO CONT CELO STPO CTAF CTAF IANG

 X----X----------------X--------------------------X-------------X---------X
                            AUMENTO DA CARGA                               
  NUM.   CONVERGENCIA        ATIVA E REATIVA (%)   CARGA DA AREA PASSO MAX 
          STATUS    P/Q  MAXIMO    AREA    SISTEMA   MW / Mvar    P/Q (%)  
 X----X------------X---X--------X--------X--------X-------------X---------X

   276 Convergente   16   75.313   75.312    8.186 10446.35 MW      0.0312
                     16   75.313   75.313   10.489  3175.61 Mvar    0.0312
   277 Convergente   19   75.344   75.344    8.190 10448.21 MW      0.0312
                     19   75.344   75.344   10.493  3176.18 Mvar    0.0312
   278 Convergente   19   75.375   75.375    8.193 10450.07 MW      0.0312
                     19   75.375   75.375   10.497  3176.74 Mvar    0.0312
   279 Convergente   23   75.406   75.406    8.197 10451.93 MW      0.0312
                     23   75.406   75.406   10.502  3177.31 Mvar    0.0312
   280 Convergente   36   75.438   75.438    8.200 10453.79 MW      0.0312
                     36   75.438   75.438   10.506  3177.87 Mvar    0.0312
   281 Convergente   38   75.469   75.469    8.203 10455.66 MW      0.0312
                     38   75.469   75.469   10.511  3178.44 Mvar    0.0312
   282 Convergente   35   75.500   75.500    8.207 10457.52 MW      0.0312
                     35   75.500   75.500   10.515  3179.01 Mvar    0.0312
   283 Convergente   40   75.531   75.531    8.210 10459.38 MW      0.0312
                     40   75.531   75.531   10.519  3179.57 Mvar    0.0312
   284 Convergente   55   75.563   75.562    8.214 10461.24 MW      0.0312
                     55   75.563   75.562   10.524  3180.14 Mvar    0.0312
   285 Nao Converg. 101                                             0.0312
                    101                                             0.0312
   286 Nao Converg. 101                                             0.0156
                    101                                             0.0156
   287 Convergente   57   75.570   75.570    8.214 10461.71 MW      0.0078
                     57   75.570   75.570   10.525  3180.28 Mvar    0.0078
   288 Nao Converg. 101                                             0.0078
                    101                                             0.0078
   289 Nao Converg. 101                                             0.0039
                    101                                             0.0039
 
 Atingido incremento minimo
