CEPEL - Centro de Pesquisas de Energia Eletrica - ANAREDE V11.07.02

 ONS - MENSAL - MAIO 2020 - Média                                                
 RELATORIO DE EXECUCAO DO FLUXO DE POTENCIA CONTINUADO

 Opcoes Ativadas: QLIM VLIM CREM CTAP STEP BPSI NEWT RCVG RMON FILE 80CO CONT CELO STPO CTAF CTAF IANG

 X----X----------------X--------------------------X-------------X---------X
                            AUMENTO DA CARGA                               
  NUM.   CONVERGENCIA        ATIVA E REATIVA (%)   CARGA DA AREA PASSO MAX 
          STATUS    P/Q  MAXIMO    AREA    SISTEMA   MW / Mvar    P/Q (%)  
 X----X------------X---X--------X--------X--------X-------------X---------X

     0 Convergente    4    0.000    0.000    0.000  9122.40 MW      0.5000
                      4    0.000    0.000    0.000  2842.60 Mvar    0.5000
     1 Convergente   13    0.500    0.500    0.055  9168.01 MW      0.5000
                     13    0.500    0.500    0.062  2856.81 Mvar    0.5000
     2 Convergente   14    1.000    1.000    0.110  9213.62 MW      0.5000
                     14    1.000    1.000    0.123  2871.03 Mvar    0.5000
     3 Convergente   13    1.500    1.500    0.165  9259.24 MW      0.5000
                     13    1.500    1.500    0.185  2885.24 Mvar    0.5000
     4 Convergente   11    2.000    2.000    0.220  9304.85 MW      0.5000
                     11    2.000    2.000    0.246  2899.45 Mvar    0.5000
     5 Convergente   13    2.500    2.500    0.276  9350.46 MW      0.5000
                     13    2.500    2.500    0.308  2913.66 Mvar    0.5000
     6 Convergente   13    3.000    3.000    0.331  9396.07 MW      0.5000
                     13    3.000    3.000    0.370  2927.88 Mvar    0.5000
     7 Convergente   11    3.500    3.500    0.386  9441.68 MW      0.5000
                     11    3.500    3.500    0.431  2942.09 Mvar    0.5000
     8 Convergente   11    4.000    4.000    0.441  9487.30 MW      0.5000
                     11    4.000    4.000    0.493  2956.30 Mvar    0.5000
     9 Convergente   11    4.500    4.500    0.496  9532.91 MW      0.5000
                     11    4.500    4.500    0.554  2970.52 Mvar    0.5000
    10 Convergente   11    5.000    5.000    0.551  9578.52 MW      0.5000
                     11    5.000    5.000    0.616  2984.73 Mvar    0.5000
    11 Convergente   11    5.500    5.500    0.606  9624.13 MW      0.5000
                     11    5.500    5.500    0.678  2998.94 Mvar    0.5000
    12 Convergente   11    6.000    6.000    0.661  9669.74 MW      0.5000
                     11    6.000    6.000    0.739  3013.16 Mvar    0.5000
    13 Convergente   11    6.500    6.500    0.716  9715.36 MW      0.5000
                     11    6.500    6.500    0.801  3027.37 Mvar    0.5000
    14 Convergente   12    7.000    7.000    0.772  9760.97 MW      0.5000
                     12    7.000    7.000    0.862  3041.58 Mvar    0.5000
    15 Convergente   11    7.500    7.500    0.827  9806.58 MW      0.5000
                     11    7.500    7.500    0.924  3055.80 Mvar    0.5000
    16 Convergente   12    8.000    8.000    0.882  9852.19 MW      0.5000
                     12    8.000    8.000    0.986  3070.01 Mvar    0.5000
    17 Convergente   11    8.500    8.500    0.937  9897.80 MW      0.5000
                     11    8.500    8.500    1.047  3084.22 Mvar    0.5000
    18 Convergente   10    9.000    9.000    0.992  9943.42 MW      0.5000
                     10    9.000    9.000    1.109  3098.43 Mvar    0.5000
    19 Convergente   11    9.500    9.500    1.047  9989.03 MW      0.5000
                     11    9.500    9.500    1.170  3112.65 Mvar    0.5000
    20 Convergente   12   10.000   10.000    1.102 10034.64 MW      0.5000
                     12   10.000   10.000    1.232  3126.86 Mvar    0.5000
    21 Convergente   13   10.500   10.500    1.157 10080.25 MW      0.5000
                     13   10.500   10.500    1.293  3141.07 Mvar    0.5000
    22 Convergente   12   11.000   11.000    1.212 10125.86 MW      0.5000
                     12   11.000   11.000    1.355  3155.29 Mvar    0.5000
    23 Convergente   15   11.500   11.500    1.268 10171.48 MW      0.5000
                     15   11.500   11.500    1.417  3169.50 Mvar    0.5000
    24 Convergente   12   12.000   12.000    1.323 10217.09 MW      0.5000
                     12   12.000   12.000    1.478  3183.71 Mvar    0.5000
    25 Convergente   14   12.500   12.500    1.378 10262.70 MW      0.5000
                     14   12.500   12.500    1.540  3197.93 Mvar    0.5000
    26 Convergente   17   13.000   13.000    1.433 10308.31 MW      0.5000
                     17   13.000   13.000    1.601  3212.14 Mvar    0.5000
    27 Convergente   18   13.500   13.500    1.488 10353.92 MW      0.5000
                     18   13.500   13.500    1.663  3226.35 Mvar    0.5000
    28 Convergente   12   14.000   14.000    1.543 10399.54 MW      0.5000
                     12   14.000   14.000    1.725  3240.56 Mvar    0.5000
    29 Convergente   16   14.500   14.500    1.598 10445.15 MW      0.5000
                     16   14.500   14.500    1.786  3254.78 Mvar    0.5000
    30 Convergente   17   15.000   15.000    1.653 10490.76 MW      0.5000
                     17   15.000   15.000    1.848  3268.99 Mvar    0.5000
    31 Convergente   19   15.500   15.500    1.708 10536.37 MW      0.5000
                     19   15.500   15.500    1.909  3283.20 Mvar    0.5000
    32 Divergente    69                                             0.5000
                     69                                             0.5000
    33 Nao Converg. 101                                             0.2500
                    101                                             0.2500
    34 Nao Converg. 101                                             0.1250
                    101                                             0.1250
    35 Convergente   27   15.563   15.562    1.715 10542.07 MW      0.0625
                     27   15.563   15.563    1.917  3284.98 Mvar    0.0625
    36 Nao Converg. 101                                             0.0625
                    101                                             0.0625
    37 Nao Converg. 101                                             0.0312
                    101                                             0.0312
    38 Nao Converg. 101                                             0.0156
                    101                                             0.0156
    39 Convergente   19   15.570   15.570    1.716 10542.79 MW      0.0078
                     19   15.570   15.570    1.918  3285.20 Mvar    0.0078
    40 Nao Converg. 101                                             0.0078
                    101                                             0.0078
    41 Nao Converg. 101                                             0.0039
                    101                                             0.0039
 
 Atingido incremento minimo
