CEPEL - Centro de Pesquisas de Energia Eletrica - ANAREDE V11.07.02

 ONS - MENSAL - JUNHO 2020 - Pesada                                              
 RELATORIO DE EXECUCAO DO FLUXO DE POTENCIA CONTINUADO

 Opcoes Ativadas: QLIM VLIM CREM CTAP STEP BPSI NEWT RCVG RMON FILE 80CO CONT CELO STPO CTAF CTAF IANG

 X----X----------------X--------------------------X-------------X---------X
                            AUMENTO DA CARGA                               
  NUM.   CONVERGENCIA        ATIVA E REATIVA (%)   CARGA DA AREA PASSO MAX 
          STATUS    P/Q  MAXIMO    AREA    SISTEMA   MW / Mvar    P/Q (%)  
 X----X------------X---X--------X--------X--------X-------------X---------X

     0 Convergente    4    0.000    0.000    0.000  8884.40 MW      0.5000
                      4    0.000    0.000    0.000  2638.60 Mvar    0.5000
     1 Convergente    9    0.500    0.500    0.057  8928.82 MW      0.5000
                      9    0.500    0.500    0.073  2651.79 Mvar    0.5000
     2 Convergente   11    1.000    1.000    0.113  8973.24 MW      0.5000
                     11    1.000    1.000    0.146  2664.99 Mvar    0.5000
     3 Convergente   10    1.500    1.500    0.170  9017.67 MW      0.5000
                     10    1.500    1.500    0.219  2678.18 Mvar    0.5000
     4 Convergente   11    2.000    2.000    0.226  9062.09 MW      0.5000
                     11    2.000    2.000    0.292  2691.37 Mvar    0.5000
     5 Convergente   10    2.500    2.500    0.283  9106.51 MW      0.5000
                     10    2.500    2.500    0.364  2704.56 Mvar    0.5000
     6 Convergente   10    3.000    3.000    0.339  9150.93 MW      0.5000
                     10    3.000    3.000    0.437  2717.76 Mvar    0.5000
     7 Convergente   10    3.500    3.500    0.396  9195.35 MW      0.5000
                     10    3.500    3.500    0.510  2730.95 Mvar    0.5000
     8 Convergente   10    4.000    4.000    0.452  9239.78 MW      0.5000
                     10    4.000    4.000    0.583  2744.14 Mvar    0.5000
     9 Convergente   10    4.500    4.500    0.509  9284.20 MW      0.5000
                     10    4.500    4.500    0.656  2757.34 Mvar    0.5000
    10 Convergente   10    5.000    5.000    0.565  9328.62 MW      0.5000
                     10    5.000    5.000    0.729  2770.53 Mvar    0.5000
    11 Convergente   10    5.500    5.500    0.622  9373.04 MW      0.5000
                     10    5.500    5.500    0.802  2783.72 Mvar    0.5000
    12 Convergente   10    6.000    6.000    0.678  9417.46 MW      0.5000
                     10    6.000    6.000    0.875  2796.92 Mvar    0.5000
    13 Convergente   10    6.500    6.500    0.735  9461.89 MW      0.5000
                     10    6.500    6.500    0.947  2810.11 Mvar    0.5000
    14 Convergente   10    7.000    7.000    0.791  9506.31 MW      0.5000
                     10    7.000    7.000    1.020  2823.30 Mvar    0.5000
    15 Convergente   10    7.500    7.500    0.848  9550.73 MW      0.5000
                     10    7.500    7.500    1.093  2836.49 Mvar    0.5000
    16 Convergente   10    8.000    8.000    0.904  9595.15 MW      0.5000
                     10    8.000    8.000    1.166  2849.69 Mvar    0.5000
    17 Convergente   10    8.500    8.500    0.961  9639.57 MW      0.5000
                     10    8.500    8.500    1.239  2862.88 Mvar    0.5000
    18 Convergente    9    9.000    9.000    1.017  9684.00 MW      0.5000
                      9    9.000    9.000    1.312  2876.07 Mvar    0.5000
    19 Convergente   10    9.500    9.500    1.074  9728.42 MW      0.5000
                     10    9.500    9.500    1.385  2889.27 Mvar    0.5000
    20 Convergente   10   10.000   10.000    1.130  9772.84 MW      0.5000
                     10   10.000   10.000    1.458  2902.46 Mvar    0.5000
    21 Convergente   10   10.500   10.500    1.187  9817.26 MW      0.5000
                     10   10.500   10.500    1.531  2915.65 Mvar    0.5000
    22 Convergente   10   11.000   11.000    1.243  9861.68 MW      0.5000
                     10   11.000   11.000    1.603  2928.85 Mvar    0.5000
    23 Convergente   10   11.500   11.500    1.300  9906.11 MW      0.5000
                     10   11.500   11.500    1.676  2942.04 Mvar    0.5000
    24 Convergente   10   12.000   12.000    1.356  9950.53 MW      0.5000
                     10   12.000   12.000    1.749  2955.23 Mvar    0.5000
    25 Convergente   11   12.500   12.500    1.413  9994.95 MW      0.5000
                     11   12.500   12.500    1.822  2968.42 Mvar    0.5000
    26 Convergente   10   13.000   13.000    1.469 10039.37 MW      0.5000
                     10   13.000   13.000    1.895  2981.62 Mvar    0.5000
    27 Convergente   10   13.500   13.500    1.526 10083.79 MW      0.5000
                     10   13.500   13.500    1.968  2994.81 Mvar    0.5000
    28 Convergente   10   14.000   14.000    1.582 10128.22 MW      0.5000
                     10   14.000   14.000    2.041  3008.00 Mvar    0.5000
    29 Convergente   12   14.500   14.500    1.639 10172.64 MW      0.5000
                     12   14.500   14.500    2.114  3021.20 Mvar    0.5000
    30 Convergente   13   15.000   15.000    1.695 10217.06 MW      0.5000
                     13   15.000   15.000    2.186  3034.39 Mvar    0.5000
    31 Convergente   12   15.500   15.500    1.752 10261.48 MW      0.5000
                     12   15.500   15.500    2.259  3047.58 Mvar    0.5000
    32 Convergente   11   16.000   16.000    1.808 10305.90 MW      0.5000
                     11   16.000   16.000    2.332  3060.78 Mvar    0.5000
    33 Convergente   11   16.500   16.500    1.865 10350.33 MW      0.5000
                     11   16.500   16.500    2.405  3073.97 Mvar    0.5000
    34 Convergente   11   17.000   17.000    1.921 10394.75 MW      0.5000
                     11   17.000   17.000    2.478  3087.16 Mvar    0.5000
    35 Convergente   11   17.500   17.500    1.978 10439.17 MW      0.5000
                     11   17.500   17.500    2.551  3100.35 Mvar    0.5000
    36 Convergente   11   18.000   18.000    2.034 10483.59 MW      0.5000
                     11   18.000   18.000    2.624  3113.55 Mvar    0.5000
    37 Convergente   12   18.500   18.500    2.091 10528.01 MW      0.5000
                     12   18.500   18.500    2.697  3126.74 Mvar    0.5000
    38 Convergente   12   19.000   19.000    2.147 10572.44 MW      0.5000
                     12   19.000   19.000    2.770  3139.93 Mvar    0.5000
    39 Convergente   12   19.500   19.500    2.204 10616.86 MW      0.5000
                     12   19.500   19.500    2.842  3153.13 Mvar    0.5000
    40 Convergente   13   20.000   20.000    2.260 10661.28 MW      0.5000
                     13   20.000   20.000    2.915  3166.32 Mvar    0.5000
    41 Convergente   20   20.500   20.500    2.317 10705.70 MW      0.5000
                     20   20.500   20.500    2.988  3179.51 Mvar    0.5000
    42 Nao Converg. 101                                             0.5000
                    101                                             0.5000
    43 ControlCCnao   0                                             0.2500
                      0                                             0.2500
    44 Convergente   13   20.625   20.625    2.331 10716.81 MW      0.1250
                     13   20.625   20.625    3.006  3182.81 Mvar    0.1250
    45 Convergente   18   20.750   20.750    2.345 10727.91 MW      0.1250
                     18   20.750   20.750    3.025  3186.11 Mvar    0.1250
    46 Nao Converg. 101                                             0.1250
                    101                                             0.1250
    47 Nao Converg. 101                                             0.0625
                    101                                             0.0625
    48 Convergente   17   20.781   20.781    2.349 10730.69 MW      0.0312
                     17   20.781   20.781    3.029  3186.93 Mvar    0.0312
    49 Convergente   21   20.813   20.813    2.352 10733.47 MW      0.0312
                     21   20.813   20.813    3.034  3187.76 Mvar    0.0312
    50 Nao Converg. 101                                             0.0312
                    101                                             0.0312
    51 Convergente   11   20.828   20.828    2.354 10734.85 MW      0.0156
                     11   20.828   20.828    3.036  3188.17 Mvar    0.0156
    52 Convergente   11   20.844   20.844    2.356 10736.24 MW      0.0156
                     11   20.844   20.844    3.038  3188.58 Mvar    0.0156
    53 Convergente    9   20.859   20.859    2.357 10737.63 MW      0.0156
                      9   20.859   20.859    3.041  3189.00 Mvar    0.0156
    54 Convergente    9   20.875   20.875    2.359 10739.02 MW      0.0156
                      9   20.875   20.875    3.043  3189.41 Mvar    0.0156
    55 Convergente    9   20.891   20.891    2.361 10740.41 MW      0.0156
                      9   20.891   20.891    3.045  3189.82 Mvar    0.0156
    56 Convergente    9   20.906   20.906    2.363 10741.79 MW      0.0156
                      9   20.906   20.906    3.047  3190.23 Mvar    0.0156
    57 Convergente    9   20.922   20.922    2.364 10743.18 MW      0.0156
                      9   20.922   20.922    3.050  3190.64 Mvar    0.0156
    58 Convergente   11   20.938   20.938    2.366 10744.57 MW      0.0156
                     11   20.938   20.938    3.052  3191.06 Mvar    0.0156
    59 Convergente    9   20.953   20.953    2.368 10745.96 MW      0.0156
                      9   20.953   20.953    3.054  3191.47 Mvar    0.0156
    60 Convergente   11   20.969   20.969    2.370 10747.35 MW      0.0156
                     11   20.969   20.969    3.056  3191.88 Mvar    0.0156
    61 Convergente   10   20.984   20.984    2.372 10748.74 MW      0.0156
                     10   20.984   20.984    3.059  3192.29 Mvar    0.0156
    62 Convergente   10   21.000   21.000    2.373 10750.12 MW      0.0156
                     10   21.000   21.000    3.061  3192.71 Mvar    0.0156
    63 Convergente    9   21.016   21.016    2.375 10751.51 MW      0.0156
                      9   21.016   21.016    3.063  3193.12 Mvar    0.0156
    64 Convergente   10   21.031   21.031    2.377 10752.90 MW      0.0156
                     10   21.031   21.031    3.066  3193.53 Mvar    0.0156
    65 Convergente   10   21.047   21.047    2.379 10754.29 MW      0.0156
                     10   21.047   21.047    3.068  3193.94 Mvar    0.0156
    66 Convergente   11   21.063   21.063    2.380 10755.68 MW      0.0156
                     11   21.063   21.063    3.070  3194.36 Mvar    0.0156
    67 Convergente   12   21.078   21.078    2.382 10757.06 MW      0.0156
                     12   21.078   21.078    3.072  3194.77 Mvar    0.0156
    68 Convergente   11   21.094   21.094    2.384 10758.45 MW      0.0156
                     11   21.094   21.094    3.075  3195.18 Mvar    0.0156
    69 Nao Converg. 101                                             0.0156
                    101                                             0.0156
    70 Convergente   12   21.102   21.102    2.385 10759.15 MW      0.0078
                     12   21.102   21.102    3.076  3195.39 Mvar    0.0078
    71 Nao Converg. 101                                             0.0078
                    101                                             0.0078
    72 Nao Converg. 101                                             0.0039
                    101                                             0.0039
 
 Atingido incremento minimo
