CEPEL - Centro de Pesquisas de Energia Eletrica - ANAREDE V11.07.02

 ONS - MENSAL - OUTUBRO 2020 - Leve                                              
 RELATORIO DE EXECUCAO DO FLUXO DE POTENCIA CONTINUADO

 Opcoes Ativadas: QLIM VLIM CREM CTAP STEP BPSI NEWT RCVG RMON FILE 80CO CONT CELO STPO CTAF CTAF IANG

 X----X----------------X--------------------------X-------------X---------X
                            AUMENTO DA CARGA                               
  NUM.   CONVERGENCIA        ATIVA E REATIVA (%)   CARGA DA AREA PASSO MAX 
          STATUS    P/Q  MAXIMO    AREA    SISTEMA   MW / Mvar    P/Q (%)  
 X----X------------X---X--------X--------X--------X-------------X---------X

     0 Convergente    2    0.000    0.000    0.000 51432.02 MW      0.5000
                      2    0.000    0.000    0.000 11998.53 Mvar    0.5000
     1 Convergente   27    0.500    0.499    0.499 51688.82 MW      0.5000
                     27    0.500    0.500    0.500 12058.53 Mvar    0.5000
     2 Convergente    9    1.000    0.999    0.999 51945.63 MW      0.5000
                      9    1.000    1.000    1.000 12118.54 Mvar    0.5000
     3 Convergente   10    1.500    1.498    1.498 52202.43 MW      0.5000
                     10    1.500    1.500    1.500 12178.55 Mvar    0.5000
     4 Convergente    9    2.000    1.997    1.997 52459.23 MW      0.5000
                      9    2.000    2.000    2.000 12238.55 Mvar    0.5000
     5 Convergente    9    2.500    2.497    2.497 52716.04 MW      0.5000
                      9    2.500    2.501    2.501 12298.56 Mvar    0.5000
     6 Convergente    9    3.000    2.996    2.996 52972.84 MW      0.5000
                      9    3.000    3.001    3.001 12358.56 Mvar    0.5000
     7 Convergente   10    3.500    3.495    3.495 53229.64 MW      0.5000
                     10    3.500    3.501    3.501 12418.57 Mvar    0.5000
     8 Convergente   11    4.000    3.994    3.994 53486.44 MW      0.5000
                     11    4.000    4.001    4.001 12478.57 Mvar    0.5000
     9 Convergente   11    4.500    4.494    4.494 53743.25 MW      0.5000
                     11    4.500    4.501    4.501 12538.58 Mvar    0.5000
    10 Convergente   11    5.000    4.993    4.993 54000.05 MW      0.5000
                     11    5.000    5.001    5.001 12598.59 Mvar    0.5000
    11 Convergente   11    5.500    5.492    5.492 54256.85 MW      0.5000
                     11    5.500    5.501    5.501 12658.59 Mvar    0.5000
    12 Convergente    9    6.000    5.992    5.992 54513.66 MW      0.5000
                      9    6.000    6.001    6.001 12718.60 Mvar    0.5000
    13 Convergente    9    6.500    6.491    6.491 54770.46 MW      0.5000
                      9    6.500    6.501    6.501 12778.60 Mvar    0.5000
    14 Convergente    9    7.000    6.990    6.990 55027.26 MW      0.5000
                      9    7.000    7.002    7.002 12838.61 Mvar    0.5000
    15 Convergente    9    7.500    7.490    7.490 55284.07 MW      0.5000
                      9    7.500    7.502    7.502 12898.61 Mvar    0.5000
    16 Convergente    9    8.000    7.989    7.989 55540.87 MW      0.5000
                      9    8.000    8.002    8.002 12958.62 Mvar    0.5000
    17 Convergente   12    8.500    8.488    8.488 55797.67 MW      0.5000
                     12    8.500    8.502    8.502 13018.62 Mvar    0.5000
    18 Convergente    9    9.000    8.988    8.988 56054.48 MW      0.5000
                      9    9.000    9.002    9.002 13078.63 Mvar    0.5000
    19 Convergente    9    9.500    9.487    9.487 56311.28 MW      0.5000
                      9    9.500    9.502    9.502 13138.64 Mvar    0.5000
    20 Convergente    9   10.000    9.986    9.986 56568.08 MW      0.5000
                      9   10.000   10.002   10.002 13198.64 Mvar    0.5000
    21 Convergente    9   10.500   10.485   10.485 56824.89 MW      0.5000
                      9   10.500   10.502   10.502 13258.65 Mvar    0.5000
    22 Convergente    9   11.000   10.985   10.985 57081.69 MW      0.5000
                      9   11.000   11.002   11.002 13318.65 Mvar    0.5000
    23 Convergente    9   11.500   11.484   11.484 57338.49 MW      0.5000
                      9   11.500   11.502   11.502 13378.66 Mvar    0.5000
    24 Convergente    9   12.000   11.983   11.983 57595.29 MW      0.5000
                      9   12.000   12.003   12.003 13438.66 Mvar    0.5000
    25 Convergente    9   12.500   12.483   12.483 57852.10 MW      0.5000
                      9   12.500   12.503   12.503 13498.67 Mvar    0.5000
    26 Convergente    9   13.000   12.982   12.982 58108.90 MW      0.5000
                      9   13.000   13.003   13.003 13558.68 Mvar    0.5000
    27 Convergente    9   13.500   13.481   13.481 58365.70 MW      0.5000
                      9   13.500   13.503   13.503 13618.68 Mvar    0.5000
    28 Convergente    9   14.000   13.981   13.981 58622.51 MW      0.5000
                      9   14.000   14.003   14.003 13678.69 Mvar    0.5000
    29 Convergente    9   14.500   14.480   14.480 58879.31 MW      0.5000
                      9   14.500   14.503   14.503 13738.69 Mvar    0.5000
    30 Convergente    9   15.000   14.979   14.979 59136.11 MW      0.5000
                      9   15.000   15.003   15.003 13798.70 Mvar    0.5000
    31 Convergente    9   15.500   15.478   15.478 59392.92 MW      0.5000
                      9   15.500   15.503   15.503 13858.70 Mvar    0.5000
    32 Convergente    9   16.000   15.978   15.978 59649.72 MW      0.5000
                      9   16.000   16.003   16.003 13918.71 Mvar    0.5000
    33 Convergente    9   16.500   16.477   16.477 59906.52 MW      0.5000
                      9   16.500   16.504   16.504 13978.72 Mvar    0.5000
    34 Convergente    9   17.000   16.976   16.976 60163.33 MW      0.5000
                      9   17.000   17.004   17.004 14038.72 Mvar    0.5000
    35 Convergente    9   17.500   17.476   17.476 60420.13 MW      0.5000
                      9   17.500   17.504   17.504 14098.73 Mvar    0.5000
    36 Convergente    9   18.000   17.975   17.975 60676.93 MW      0.5000
                      9   18.000   18.004   18.004 14158.73 Mvar    0.5000
    37 Convergente    9   18.500   18.474   18.474 60933.73 MW      0.5000
                      9   18.500   18.504   18.504 14218.74 Mvar    0.5000
    38 Convergente    9   19.000   18.974   18.974 61190.54 MW      0.5000
                      9   19.000   19.004   19.004 14278.74 Mvar    0.5000
    39 Convergente    9   19.500   19.473   19.473 61447.34 MW      0.5000
                      9   19.500   19.504   19.504 14338.75 Mvar    0.5000
    40 Convergente    9   20.000   19.972   19.972 61704.14 MW      0.5000
                      9   20.000   20.004   20.004 14398.75 Mvar    0.5000
    41 Convergente    9   20.500   20.472   20.472 61960.95 MW      0.5000
                      9   20.500   20.504   20.504 14458.76 Mvar    0.5000
    42 Convergente    9   21.000   20.971   20.971 62217.75 MW      0.5000
                      9   21.000   21.005   21.005 14518.77 Mvar    0.5000
    43 Convergente    9   21.500   21.470   21.470 62474.55 MW      0.5000
                      9   21.500   21.505   21.505 14578.77 Mvar    0.5000
    44 Convergente    9   22.000   21.969   21.969 62731.36 MW      0.5000
                      9   22.000   22.005   22.005 14638.78 Mvar    0.5000
    45 Convergente    9   22.500   22.469   22.469 62988.16 MW      0.5000
                      9   22.500   22.505   22.505 14698.78 Mvar    0.5000
    46 Convergente    9   23.000   22.968   22.968 63244.96 MW      0.5000
                      9   23.000   23.005   23.005 14758.79 Mvar    0.5000
    47 Convergente    9   23.500   23.467   23.467 63501.77 MW      0.5000
                      9   23.500   23.505   23.505 14818.79 Mvar    0.5000
    48 Convergente   11   24.000   23.967   23.967 63758.57 MW      0.5000
                     11   24.000   24.005   24.005 14878.80 Mvar    0.5000
    49 Convergente   10   24.500   24.466   24.466 64015.37 MW      0.5000
                     10   24.500   24.505   24.505 14938.81 Mvar    0.5000
    50 Convergente   11   25.000   24.965   24.965 64272.18 MW      0.5000
                     11   25.000   25.005   25.005 14998.81 Mvar    0.5000
    51 Nao Converg. 101                                             0.5000
                    101                                             0.5000
    52 Nao Converg. 101                                             0.2500
                    101                                             0.2500
    53 Convergente    8   25.125   25.090   25.090 64336.38 MW      0.1250
                      8   25.125   25.130   25.130 15013.81 Mvar    0.1250
    54 Nao Converg. 101                                             0.1250
                    101                                             0.1250
    55 Convergente    8   25.188   25.153   25.153 64368.48 MW      0.0625
                      8   25.188   25.193   25.193 15021.31 Mvar    0.0625
    56 Nao Converg. 101                                             0.0625
                    101                                             0.0625
    57 Nao Converg. 101                                             0.0312
                    101                                             0.0312
    58 Convergente    7   25.203   25.168   25.168 64376.50 MW      0.0156
                      7   25.203   25.209   25.209 15023.19 Mvar    0.0156
    59 Nao Converg. 101                                             0.0156
                    101                                             0.0156
    60 Convergente    7   25.211   25.176   25.176 64380.51 MW      0.0078
                      7   25.211   25.216   25.216 15024.13 Mvar    0.0078
    61 Nao Converg. 101                                             0.0078
                    101                                             0.0078
    62 Nao Converg. 101                                             0.0039
                    101                                             0.0039
 
 Atingido incremento minimo
