CEPEL - Centro de Pesquisas de Energia Eletrica - ANAREDE V11.07.02

 ONS - MENSAL - NOVEMBRO 2020 - Leve                                             
 RELATORIO DE EXECUCAO DO FLUXO DE POTENCIA CONTINUADO

 Opcoes Ativadas: QLIM VLIM CREM CTAP STEP BPSI NEWT RCVG RMON FILE 80CO CONT CELO STPO CTAF CTAF IANG

 X----X----------------X--------------------------X-------------X---------X
                            AUMENTO DA CARGA                               
  NUM.   CONVERGENCIA        ATIVA E REATIVA (%)   CARGA DA AREA PASSO MAX 
          STATUS    P/Q  MAXIMO    AREA    SISTEMA   MW / Mvar    P/Q (%)  
 X----X------------X---X--------X--------X--------X-------------X---------X

     0 Convergente    2    0.000    0.000    0.000 52568.16 MW      0.5000
                      2    0.000    0.000    0.000 12760.83 Mvar    0.5000
     1 Convergente   11    0.500    0.499    0.499 52830.65 MW      0.5000
                     11    0.500    0.500    0.500 12824.60 Mvar    0.5000
     2 Convergente   13    1.000    0.999    0.999 53093.14 MW      0.5000
                     13    1.000    1.000    1.000 12888.38 Mvar    0.5000
     3 Convergente   10    1.500    1.498    1.498 53355.63 MW      0.5000
                     10    1.500    1.499    1.499 12952.15 Mvar    0.5000
     4 Convergente   10    2.000    1.997    1.997 53618.12 MW      0.5000
                     10    2.000    1.999    1.999 13015.92 Mvar    0.5000
     5 Convergente    9    2.500    2.497    2.497 53880.61 MW      0.5000
                      9    2.500    2.499    2.499 13079.69 Mvar    0.5000
     6 Convergente   13    3.000    2.996    2.996 54143.10 MW      0.5000
                     13    3.000    2.999    2.999 13143.47 Mvar    0.5000
     7 Convergente    8    3.500    3.495    3.495 54405.59 MW      0.5000
                      8    3.500    3.498    3.498 13207.24 Mvar    0.5000
     8 Convergente    9    4.000    3.995    3.995 54668.08 MW      0.5000
                      9    4.000    3.998    3.998 13271.01 Mvar    0.5000
     9 Convergente    9    4.500    4.494    4.494 54930.57 MW      0.5000
                      9    4.500    4.498    4.498 13334.79 Mvar    0.5000
    10 Convergente   10    5.000    4.993    4.993 55193.06 MW      0.5000
                     10    5.000    4.998    4.998 13398.56 Mvar    0.5000
    11 Convergente    9    5.500    5.493    5.493 55455.55 MW      0.5000
                      9    5.500    5.497    5.497 13462.33 Mvar    0.5000
    12 Convergente   10    6.000    5.992    5.992 55718.04 MW      0.5000
                     10    6.000    5.997    5.997 13526.11 Mvar    0.5000
    13 Convergente    8    6.500    6.491    6.491 55980.53 MW      0.5000
                      8    6.500    6.497    6.497 13589.88 Mvar    0.5000
    14 Convergente   10    7.000    6.991    6.991 56243.02 MW      0.5000
                     10    7.000    6.997    6.997 13653.65 Mvar    0.5000
    15 Convergente    7    7.500    7.490    7.490 56505.51 MW      0.5000
                      7    7.500    7.496    7.496 13717.43 Mvar    0.5000
    16 Convergente    9    8.000    7.989    7.989 56768.00 MW      0.5000
                      9    8.000    7.996    7.996 13781.20 Mvar    0.5000
    17 Convergente    9    8.500    8.489    8.489 57030.50 MW      0.5000
                      9    8.500    8.496    8.496 13844.97 Mvar    0.5000
    18 Convergente    9    9.000    8.988    8.988 57292.99 MW      0.5000
                      9    9.000    8.996    8.996 13908.75 Mvar    0.5000
    19 Convergente    8    9.500    9.487    9.487 57555.48 MW      0.5000
                      8    9.500    9.495    9.495 13972.52 Mvar    0.5000
    20 Convergente    9   10.000    9.987    9.987 57817.97 MW      0.5000
                      9   10.000    9.995    9.995 14036.29 Mvar    0.5000
    21 Convergente    8   10.500   10.486   10.486 58080.46 MW      0.5000
                      8   10.500   10.495   10.495 14100.07 Mvar    0.5000
    22 Convergente    9   11.000   10.985   10.985 58342.95 MW      0.5000
                      9   11.000   10.995   10.995 14163.84 Mvar    0.5000
    23 Convergente    8   11.500   11.485   11.485 58605.44 MW      0.5000
                      8   11.500   11.494   11.494 14227.61 Mvar    0.5000
    24 Convergente    8   12.000   11.984   11.984 58867.93 MW      0.5000
                      8   12.000   11.994   11.994 14291.38 Mvar    0.5000
    25 Convergente    9   12.500   12.483   12.483 59130.42 MW      0.5000
                      9   12.500   12.494   12.494 14355.16 Mvar    0.5000
    26 Nao Converg. 101                                             0.5000
                    101                                             0.5000
    27 Convergente    7   12.750   12.733   12.733 59261.66 MW      0.2500
                      7   12.750   12.744   12.744 14387.04 Mvar    0.2500
    28 Nao Converg. 101                                             0.2500
                    101                                             0.2500
    29 Convergente   10   12.875   12.858   12.858 59327.29 MW      0.1250
                     10   12.875   12.869   12.869 14402.99 Mvar    0.1250
    30 Nao Converg. 101                                             0.1250
                    101                                             0.1250
    31 Convergente    7   12.938   12.920   12.920 59360.10 MW      0.0625
                      7   12.938   12.931   12.931 14410.96 Mvar    0.0625
    32 Nao Converg. 101                                             0.0625
                    101                                             0.0625
    33 Convergente    7   12.969   12.951   12.951 59376.50 MW      0.0312
                      7   12.969   12.962   12.962 14414.94 Mvar    0.0312
    34 Nao Converg. 101                                             0.0312
                    101                                             0.0312
    35 Convergente    6   12.984   12.967   12.967 59384.70 MW      0.0156
                      6   12.984   12.978   12.978 14416.94 Mvar    0.0156
    36 Nao Converg. 101                                             0.0156
                    101                                             0.0156
    37 Nao Converg. 101                                             0.0078
                    101                                             0.0078
    38 Nao Converg. 101                                             0.0039
                    101                                             0.0039
 
 Atingido incremento minimo
