CEPEL - Centro de Pesquisas de Energia Eletrica - ANAREDE V11.07.02

 ONS - 3Q2020 - DEZEMBRO - Leve                                                  
 RELATORIO DE EXECUCAO DO FLUXO DE POTENCIA CONTINUADO

 Opcoes Ativadas: QLIM VLIM CREM CTAP STEP BPSI NEWT RCVG RMON FILE 80CO CONT CELO STPO CTAF CTAF IANG

 X----X----------------X--------------------------X-------------X---------X
                            AUMENTO DA CARGA                               
  NUM.   CONVERGENCIA        ATIVA E REATIVA (%)   CARGA DA AREA PASSO MAX 
          STATUS    P/Q  MAXIMO    AREA    SISTEMA   MW / Mvar    P/Q (%)  
 X----X------------X---X--------X--------X--------X-------------X---------X

     0 Convergente    4    0.000    0.000    0.000 50983.57 MW      0.5000
                      4    0.000    0.000    0.000 12572.53 Mvar    0.5000
     1 Convergente   10    0.500    0.499    0.499 51237.77 MW      0.5000
                     10    0.500    0.499    0.499 12635.28 Mvar    0.5000
     2 Convergente   10    1.000    0.997    0.997 51491.96 MW      0.5000
                     10    1.000    0.998    0.998 12698.04 Mvar    0.5000
     3 Convergente   10    1.500    1.496    1.496 51746.16 MW      0.5000
                     10    1.500    1.497    1.497 12760.79 Mvar    0.5000
     4 Convergente   11    2.000    1.994    1.994 52000.35 MW      0.5000
                     11    2.000    1.997    1.997 12823.55 Mvar    0.5000
     5 Convergente   14    2.500    2.493    2.493 52254.55 MW      0.5000
                     14    2.500    2.496    2.496 12886.30 Mvar    0.5000
     6 Convergente   15    3.000    2.992    2.992 52508.75 MW      0.5000
                     15    3.000    2.995    2.995 12949.06 Mvar    0.5000
     7 Convergente   10    3.500    3.490    3.490 52762.94 MW      0.5000
                     10    3.500    3.494    3.494 13011.82 Mvar    0.5000
     8 Convergente   10    4.000    3.989    3.989 53017.14 MW      0.5000
                     10    4.000    3.993    3.993 13074.57 Mvar    0.5000
     9 Convergente   11    4.500    4.487    4.487 53271.33 MW      0.5000
                     11    4.500    4.492    4.492 13137.33 Mvar    0.5000
    10 Convergente   10    5.000    4.986    4.986 53525.53 MW      0.5000
                     10    5.000    4.991    4.991 13200.08 Mvar    0.5000
    11 Convergente   10    5.500    5.484    5.484 53779.72 MW      0.5000
                     10    5.500    5.491    5.491 13262.84 Mvar    0.5000
    12 Convergente   11    6.000    5.983    5.983 54033.92 MW      0.5000
                     11    6.000    5.990    5.990 13325.59 Mvar    0.5000
    13 Convergente   11    6.500    6.482    6.482 54288.12 MW      0.5000
                     11    6.500    6.489    6.489 13388.35 Mvar    0.5000
    14 Convergente   11    7.000    6.980    6.980 54542.31 MW      0.5000
                     11    7.000    6.988    6.988 13451.10 Mvar    0.5000
    15 Convergente   11    7.500    7.479    7.479 54796.51 MW      0.5000
                     11    7.500    7.487    7.487 13513.86 Mvar    0.5000
    16 Convergente   11    8.000    7.977    7.977 55050.70 MW      0.5000
                     11    8.000    7.986    7.986 13576.61 Mvar    0.5000
    17 Convergente   11    8.500    8.476    8.476 55304.90 MW      0.5000
                     11    8.500    8.485    8.485 13639.37 Mvar    0.5000
    18 Convergente   12    9.000    8.975    8.975 55559.10 MW      0.5000
                     12    9.000    8.985    8.985 13702.12 Mvar    0.5000
    19 Convergente   11    9.500    9.473    9.473 55813.29 MW      0.5000
                     11    9.500    9.484    9.484 13764.88 Mvar    0.5000
    20 Convergente   11   10.000    9.972    9.972 56067.49 MW      0.5000
                     11   10.000    9.983    9.983 13827.63 Mvar    0.5000
    21 Convergente   11   10.500   10.470   10.470 56321.68 MW      0.5000
                     11   10.500   10.482   10.482 13890.39 Mvar    0.5000
    22 Convergente   11   11.000   10.969   10.969 56575.88 MW      0.5000
                     11   11.000   10.981   10.981 13953.14 Mvar    0.5000
    23 Convergente   12   11.500   11.467   11.467 56830.07 MW      0.5000
                     12   11.500   11.480   11.480 14015.90 Mvar    0.5000
    24 Convergente   11   12.000   11.966   11.966 57084.27 MW      0.5000
                     11   12.000   11.979   11.979 14078.65 Mvar    0.5000
    25 Convergente   12   12.500   12.465   12.465 57338.47 MW      0.5000
                     12   12.500   12.479   12.479 14141.41 Mvar    0.5000
    26 Convergente   11   13.000   12.963   12.963 57592.66 MW      0.5000
                     11   13.000   12.978   12.978 14204.16 Mvar    0.5000
    27 Convergente   12   13.500   13.462   13.462 57846.86 MW      0.5000
                     12   13.500   13.477   13.477 14266.92 Mvar    0.5000
    28 Convergente   12   14.000   13.960   13.960 58101.05 MW      0.5000
                     12   14.000   13.976   13.976 14329.67 Mvar    0.5000
    29 Convergente   11   14.500   14.459   14.459 58355.25 MW      0.5000
                     11   14.500   14.475   14.475 14392.43 Mvar    0.5000
    30 Convergente   12   15.000   14.958   14.958 58609.45 MW      0.5000
                     12   15.000   14.974   14.974 14455.18 Mvar    0.5000
    31 Convergente   10   15.500   15.456   15.456 58863.64 MW      0.5000
                     10   15.500   15.473   15.473 14517.94 Mvar    0.5000
    32 Convergente   10   16.000   15.955   15.955 59117.84 MW      0.5000
                     10   16.000   15.973   15.973 14580.69 Mvar    0.5000
    33 Convergente   10   16.500   16.453   16.453 59372.03 MW      0.5000
                     10   16.500   16.472   16.472 14643.45 Mvar    0.5000
    34 Convergente   10   17.000   16.952   16.952 59626.23 MW      0.5000
                     10   17.000   16.971   16.971 14706.20 Mvar    0.5000
    35 Convergente   12   17.500   17.450   17.450 59880.42 MW      0.5000
                     12   17.500   17.470   17.470 14768.96 Mvar    0.5000
    36 Convergente   12   18.000   17.949   17.949 60134.62 MW      0.5000
                     12   18.000   17.969   17.969 14831.71 Mvar    0.5000
    37 Convergente   12   18.500   18.448   18.448 60388.82 MW      0.5000
                     12   18.500   18.468   18.468 14894.47 Mvar    0.5000
    38 Convergente   12   19.000   18.946   18.946 60643.01 MW      0.5000
                     12   19.000   18.968   18.968 14957.22 Mvar    0.5000
    39 Convergente   11   19.500   19.445   19.445 60897.21 MW      0.5000
                     11   19.500   19.467   19.467 15019.98 Mvar    0.5000
    40 Convergente   11   20.000   19.943   19.943 61151.40 MW      0.5000
                     11   20.000   19.966   19.966 15082.73 Mvar    0.5000
    41 Convergente   12   20.500   20.442   20.442 61405.60 MW      0.5000
                     12   20.500   20.465   20.465 15145.49 Mvar    0.5000
    42 Convergente   12   21.000   20.941   20.941 61659.80 MW      0.5000
                     12   21.000   20.964   20.964 15208.25 Mvar    0.5000
    43 Convergente   12   21.500   21.439   21.439 61913.99 MW      0.5000
                     12   21.500   21.463   21.463 15271.00 Mvar    0.5000
    44 Convergente   18   22.000   21.938   21.938 62168.19 MW      0.5000
                     18   22.000   21.962   21.962 15333.76 Mvar    0.5000
    45 Convergente   16   22.500   22.436   22.436 62422.38 MW      0.5000
                     16   22.500   22.462   22.462 15396.51 Mvar    0.5000
    46 Nao Converg. 101                                             0.5000
                    101                                             0.5000
    47 Convergente   15   22.750   22.686   22.686 62549.48 MW      0.2500
                     15   22.750   22.711   22.711 15427.89 Mvar    0.2500
    48 Nao Converg. 101                                             0.2500
                    101                                             0.2500
    49 Convergente   14   22.875   22.810   22.810 62613.03 MW      0.1250
                     14   22.875   22.836   22.836 15443.58 Mvar    0.1250
    50 Nao Converg. 101                                             0.1250
                    101                                             0.1250
    51 Convergente   11   22.938   22.873   22.873 62644.80 MW      0.0625
                     11   22.938   22.898   22.898 15451.42 Mvar    0.0625
    52 Nao Converg. 101                                             0.0625
                    101                                             0.0625
    53 Convergente    8   22.969   22.904   22.904 62660.69 MW      0.0312
                      8   22.969   22.929   22.929 15455.34 Mvar    0.0312
    54 Nao Converg. 101                                             0.0312
                    101                                             0.0312
    55 Nao Converg. 101                                             0.0156
                    101                                             0.0156
    56 Nao Converg. 101                                             0.0078
                    101                                             0.0078
    57 Nao Converg. 101                                             0.0039
                    101                                             0.0039
 
 Atingido incremento minimo
