CEPEL - Centro de Pesquisas de Energia Eletrica - ANAREDE V11.07.02

 ONS - 3Q2020 - DEZEMBRO - Pesada                                                
 RELATORIO DE EXECUCAO DO FLUXO DE POTENCIA CONTINUADO

 Opcoes Ativadas: QLIM VLIM CREM CTAP STEP BPSI NEWT RCVG RMON FILE 80CO CONT CELO STPO CTAF CTAF IANG

 X----X----------------X--------------------------X-------------X---------X
                            AUMENTO DA CARGA                               
  NUM.   CONVERGENCIA        ATIVA E REATIVA (%)   CARGA DA AREA PASSO MAX 
          STATUS    P/Q  MAXIMO    AREA    SISTEMA   MW / Mvar    P/Q (%)  
 X----X------------X---X--------X--------X--------X-------------X---------X

     0 Convergente    4    0.000    0.000    0.000 11396.04 MW      0.5000
                      4    0.000    0.000    0.000  3427.50 Mvar    0.5000
     1 Convergente   13    0.500    0.500    0.068 11453.02 MW      0.5000
                     13    0.500    0.500    0.080  3444.64 Mvar    0.5000
     2 Convergente   13    1.000    1.000    0.137 11510.00 MW      0.5000
                     13    1.000    1.000    0.161  3461.78 Mvar    0.5000
     3 Convergente   13    1.500    1.500    0.205 11566.98 MW      0.5000
                     13    1.500    1.500    0.241  3478.91 Mvar    0.5000
     4 Convergente   12    2.000    2.000    0.274 11623.96 MW      0.5000
                     12    2.000    2.000    0.322  3496.05 Mvar    0.5000
     5 Convergente   12    2.500    2.500    0.342 11680.94 MW      0.5000
                     12    2.500    2.500    0.402  3513.19 Mvar    0.5000
     6 Convergente   11    3.000    3.000    0.411 11737.92 MW      0.5000
                     11    3.000    3.000    0.482  3530.33 Mvar    0.5000
     7 Convergente   12    3.500    3.500    0.479 11794.90 MW      0.5000
                     12    3.500    3.500    0.563  3547.46 Mvar    0.5000
     8 Convergente   12    4.000    4.000    0.548 11851.88 MW      0.5000
                     12    4.000    4.000    0.643  3564.60 Mvar    0.5000
     9 Convergente   11    4.500    4.500    0.616 11908.86 MW      0.5000
                     11    4.500    4.500    0.724  3581.74 Mvar    0.5000
    10 Convergente   12    5.000    5.000    0.685 11965.84 MW      0.5000
                     12    5.000    5.000    0.804  3598.87 Mvar    0.5000
    11 Convergente   12    5.500    5.500    0.753 12022.82 MW      0.5000
                     12    5.500    5.500    0.884  3616.01 Mvar    0.5000
    12 Convergente   11    6.000    6.000    0.822 12079.80 MW      0.5000
                     11    6.000    6.000    0.965  3633.15 Mvar    0.5000
    13 Convergente   12    6.500    6.500    0.890 12136.78 MW      0.5000
                     12    6.500    6.500    1.045  3650.29 Mvar    0.5000
    14 Convergente   13    7.000    7.000    0.959 12193.76 MW      0.5000
                     13    7.000    7.000    1.126  3667.43 Mvar    0.5000
    15 Convergente   13    7.500    7.500    1.027 12250.74 MW      0.5000
                     13    7.500    7.500    1.206  3684.56 Mvar    0.5000
    16 Convergente   13    8.000    8.000    1.096 12307.72 MW      0.5000
                     13    8.000    8.000    1.286  3701.70 Mvar    0.5000
    17 Convergente   11    8.500    8.500    1.164 12364.70 MW      0.5000
                     11    8.500    8.500    1.367  3718.84 Mvar    0.5000
    18 Convergente   14    9.000    9.000    1.233 12421.68 MW      0.5000
                     14    9.000    9.000    1.447  3735.98 Mvar    0.5000
    19 Convergente   13    9.500    9.500    1.301 12478.66 MW      0.5000
                     13    9.500    9.500    1.528  3753.11 Mvar    0.5000
    20 Convergente   13   10.000   10.000    1.370 12535.64 MW      0.5000
                     13   10.000   10.000    1.608  3770.25 Mvar    0.5000
    21 Convergente   12   10.500   10.500    1.438 12592.62 MW      0.5000
                     12   10.500   10.500    1.688  3787.39 Mvar    0.5000
    22 Convergente   13   11.000   11.000    1.507 12649.60 MW      0.5000
                     13   11.000   11.000    1.769  3804.52 Mvar    0.5000
    23 Convergente   12   11.500   11.500    1.575 12706.58 MW      0.5000
                     12   11.500   11.500    1.849  3821.66 Mvar    0.5000
    24 Convergente   13   12.000   12.000    1.644 12763.56 MW      0.5000
                     13   12.000   12.000    1.930  3838.80 Mvar    0.5000
    25 Convergente   13   12.500   12.500    1.712 12820.55 MW      0.5000
                     13   12.500   12.500    2.010  3855.94 Mvar    0.5000
    26 Convergente   14   13.000   13.000    1.781 12877.53 MW      0.5000
                     14   13.000   13.000    2.090  3873.08 Mvar    0.5000
    27 Convergente   18   13.500   13.500    1.849 12934.51 MW      0.5000
                     18   13.500   13.500    2.171  3890.21 Mvar    0.5000
    28 ControlCCnao   0                                             0.5000
                      0                                             0.5000
    29 Nao Converg. 101                                             0.2500
                    101                                             0.2500
    30 Convergente   14   13.625   13.625    1.866 12948.75 MW      0.1250
                     14   13.625   13.625    2.191  3894.50 Mvar    0.1250
    31 Convergente   65   13.750   13.750    1.883 12963.00 MW      0.1250
                     65   13.750   13.750    2.211  3898.78 Mvar    0.1250
    32 Convergente   20   13.875   13.875    1.900 12977.24 MW      0.1250
                     20   13.875   13.875    2.231  3903.07 Mvar    0.1250
    33 Convergente   22   14.000   14.000    1.917 12991.49 MW      0.1250
                     22   14.000   14.000    2.251  3907.35 Mvar    0.1250
    34 ControlCCnao   0                                             0.1250
                      0                                             0.1250
    35 Convergente   20   14.063   14.063    1.926 12998.61 MW      0.0625
                     20   14.063   14.063    2.261  3909.49 Mvar    0.0625
    36 ControlCCnao   0                                             0.0625
                      0                                             0.0625
    37 ControlCCnao   0                                             0.0312
                      0                                             0.0312
    38 Convergente   15   14.078   14.078    1.928 13000.39 MW      0.0156
                     15   14.078   14.078    2.264  3910.03 Mvar    0.0156
    39 Divergente    53                                             0.0156
                     53                                             0.0156
    40 Convergente   18   14.086   14.086    1.929 13001.28 MW      0.0078
                     18   14.086   14.086    2.265  3910.30 Mvar    0.0078
    41 ControlCCnao   0                                             0.0078
                      0                                             0.0078
    42 Convergente   42   14.090   14.090    1.930 13001.72 MW      0.0039
                     42   14.090   14.090    2.266  3910.43 Mvar    0.0039
    43 ControlCCnao   0                                             0.0039
                      0                                             0.0039
 
 Atingido incremento minimo
