CEPEL - Centro de Pesquisas de Energia Eletrica - ANAREDE V11.07.02

 ONS - 3Q2020 - DEZEMBRO - Média                                                 
 RELATORIO DE EXECUCAO DO FLUXO DE POTENCIA CONTINUADO

 Opcoes Ativadas: QLIM VLIM CREM CTAP STEP BPSI NEWT RCVG RMON FILE 80CO CONT CELO STPO CTAF CTAF IANG

 X----X----------------X--------------------------X-------------X---------X
                            AUMENTO DA CARGA                               
  NUM.   CONVERGENCIA        ATIVA E REATIVA (%)   CARGA DA AREA PASSO MAX 
          STATUS    P/Q  MAXIMO    AREA    SISTEMA   MW / Mvar    P/Q (%)  
 X----X------------X---X--------X--------X--------X-------------X---------X

     0 Convergente    6    0.000    0.000    0.000 88150.97 MW      0.5000
                      6    0.000    0.000    0.000 26390.03 Mvar    0.5000
     1 Convergente   13    0.500    0.499    0.499 88590.51 MW      0.5000
                     13    0.500    0.499    0.499 26521.65 Mvar    0.5000
     2 Convergente   11    1.000    0.997    0.997 89030.05 MW      0.5000
                     11    1.000    0.998    0.998 26653.28 Mvar    0.5000
     3 Convergente   13    1.500    1.496    1.496 89469.58 MW      0.5000
                     13    1.500    1.496    1.496 26784.90 Mvar    0.5000
     4 Convergente   13    2.000    1.994    1.994 89909.12 MW      0.5000
                     13    2.000    1.995    1.995 26916.53 Mvar    0.5000
     5 Convergente   14    2.500    2.493    2.493 90348.66 MW      0.5000
                     14    2.500    2.494    2.494 27048.15 Mvar    0.5000
     6 Convergente   16    3.000    2.992    2.992 90788.20 MW      0.5000
                     16    3.000    2.993    2.993 27179.78 Mvar    0.5000
     7 Convergente   15    3.500    3.490    3.490 91227.73 MW      0.5000
                     15    3.500    3.491    3.491 27311.40 Mvar    0.5000
     8 Convergente   17    4.000    3.989    3.989 91667.27 MW      0.5000
                     17    4.000    3.990    3.990 27443.03 Mvar    0.5000
     9 Convergente   18    4.500    4.488    4.488 92106.81 MW      0.5000
                     18    4.500    4.489    4.489 27574.65 Mvar    0.5000
    10 Convergente   17    5.000    4.986    4.986 92546.35 MW      0.5000
                     17    5.000    4.988    4.988 27706.28 Mvar    0.5000
    11 Convergente   17    5.500    5.485    5.485 92985.89 MW      0.5000
                     17    5.500    5.486    5.486 27837.90 Mvar    0.5000
    12 Convergente   17    6.000    5.983    5.983 93425.42 MW      0.5000
                     17    6.000    5.985    5.985 27969.52 Mvar    0.5000
    13 Convergente   17    6.500    6.482    6.482 93864.96 MW      0.5000
                     17    6.500    6.484    6.484 28101.15 Mvar    0.5000
    14 Convergente   15    7.000    6.981    6.981 94304.50 MW      0.5000
                     15    7.000    6.983    6.983 28232.77 Mvar    0.5000
    15 Convergente   14    7.500    7.479    7.479 94744.04 MW      0.5000
                     14    7.500    7.481    7.481 28364.40 Mvar    0.5000
    16 Convergente   14    8.000    7.978    7.978 95183.58 MW      0.5000
                     14    8.000    7.980    7.980 28496.02 Mvar    0.5000
    17 Convergente   14    8.500    8.477    8.477 95623.11 MW      0.5000
                     14    8.500    8.479    8.479 28627.65 Mvar    0.5000
    18 Convergente   15    9.000    8.975    8.975 96062.65 MW      0.5000
                     15    9.000    8.978    8.978 28759.27 Mvar    0.5000
    19 Convergente   15    9.500    9.474    9.474 96502.19 MW      0.5000
                     15    9.500    9.477    9.477 28890.90 Mvar    0.5000
    20 Convergente   16   10.000    9.972    9.972 96941.73 MW      0.5000
                     16   10.000    9.975    9.975 29022.52 Mvar    0.5000
    21 Convergente   18   10.500   10.471   10.471 97381.26 MW      0.5000
                     18   10.500   10.474   10.474 29154.15 Mvar    0.5000
    22 ControlCCnao   0                                             0.5000
                      0                                             0.5000
    23 Convergente   17   10.750   10.720   10.720 97601.03 MW      0.2500
                     17   10.750   10.723   10.723 29219.96 Mvar    0.2500
    24 Nao Converg. 101                                             0.2500
                    101                                             0.2500
    25 Convergente   17   10.875   10.845   10.845 97710.92 MW      0.1250
                     17   10.875   10.848   10.848 29252.87 Mvar    0.1250
    26 Convergente   61   11.000   10.970   10.970 97820.80 MW      0.1250
                     61   11.000   10.973   10.973 29285.77 Mvar    0.1250
    27 Convergente   27   11.125   11.094   11.094 97930.69 MW      0.1250
                     27   11.125   11.098   11.098 29318.68 Mvar    0.1250
    28 Convergente   17   11.250   11.219   11.219 98040.57 MW      0.1250
                     17   11.250   11.222   11.222 29351.58 Mvar    0.1250
    29 Convergente   18   11.375   11.344   11.344 98150.46 MW      0.1250
                     18   11.375   11.347   11.347 29384.49 Mvar    0.1250
    30 Convergente   14   11.500   11.468   11.468 98260.34 MW      0.1250
                     14   11.500   11.472   11.472 29417.40 Mvar    0.1250
    31 Nao Converg. 101                                             0.1250
                    101                                             0.1250
    32 Convergente   20   11.563   11.531   11.531 98315.28 MW      0.0625
                     20   11.563   11.534   11.534 29433.85 Mvar    0.0625
    33 Nao Converg. 101                                             0.0625
                    101                                             0.0625
    34 Convergente   16   11.594   11.562   11.562 98342.75 MW      0.0312
                     16   11.594   11.565   11.565 29442.08 Mvar    0.0312
    35 Nao Converg. 101                                             0.0312
                    101                                             0.0312
    36 Nao Converg. 101                                             0.0156
                    101                                             0.0156
    37 Convergente   16   11.602   11.570   11.570 98349.62 MW      0.0078
                     16   11.602   11.573   11.573 29444.13 Mvar    0.0078
    38 Convergente   16   11.609   11.577   11.577 98356.49 MW      0.0078
                     16   11.609   11.581   11.581 29446.19 Mvar    0.0078
    39 Convergente   10   11.617   11.585   11.585 98363.36 MW      0.0078
                     10   11.617   11.589   11.589 29448.25 Mvar    0.0078
    40 Nao Converg. 101                                             0.0078
                    101                                             0.0078
    41 Nao Converg. 101                                             0.0039
                    101                                             0.0039
 
 Atingido incremento minimo
