0.0000 0.0369 0.2607 0.1305 0.0005 0.0636 0.0488
0.0020 0.0369 0.2609 0.1307 0.0010 0.1273 0.0976
0.0040 0.0369 0.2612 0.1309 0.0015 0.1909 0.1464
0.0060 0.0369 0.2617 0.1313 0.0020 0.2545 0.1951
0.0080 0.0369 0.2623 0.1317 0.0025 0.3181 0.2439
0.0100 0.0369 0.2630 0.1322 0.0030 0.3816 0.2925
0.0120 0.0369 0.2638 0.1329 0.0036 0.4452 0.3411
0.0140 0.0369 0.2647 0.1336 0.0042 0.5087 0.3897
0.0160 0.0370 0.2658 0.1344 0.0048 0.5721 0.4381
0.0180 0.0370 0.2670 0.1354 0.0054 0.6355 0.4865
0.0200 0.0370 0.2684 0.1364 0.0060 0.6988 0.5347
0.0220 0.0370 0.2698 0.1375 0.0067 0.7621 0.5829
0.0240 0.0370 0.2714 0.1387 0.0074 0.8253 0.6309
0.0260 0.0370 0.2731 0.1400 0.0082 0.8885 0.6788
0.0280 0.0370 0.2750 0.1414 0.0089 0.9515 0.7266
0.0300 0.0371 0.2769 0.1429 0.0098 1.0145 0.7742
0.0320 0.0371 0.2790 0.1445 0.0107 1.0774 0.8217
0.0340 0.0371 0.2812 0.1462 0.0116 1.1402 0.8689
0.0360 0.0371 0.2836 0.1480 0.0126 1.2029 0.9161
0.0380 0.0372 0.2861 0.1499 0.0136 1.2656 0.9630
0.0400 0.0372 0.2887 0.1518 0.0147 1.3281 1.0097
0.0420 0.0372 0.2914 0.1539 0.0158 1.3905 1.0562
0.0440 0.0372 0.2942 0.1561 0.0170 1.4527 1.1026
0.0460 0.0373 0.2972 0.1583 0.0183 1.5149 1.1486
0.0480 0.0373 0.3003 0.1607 0.0196 1.5769 1.1945
0.0500 0.0374 0.3035 0.1631 0.0210 1.6388 1.2401
0.0520 0.0374 0.3068 0.1656 0.0225 1.7005 1.2855
0.0540 0.0374 0.3103 0.1682 0.0241 1.7621 1.3306
0.0560 0.0375 0.3139 0.1709 0.0257 1.8236 1.3754
0.0580 0.0375 0.3176 0.1737 0.0274 1.8849 1.4200
0.0600 0.0376 0.3214 0.1766 0.0292 1.9461 1.4642
0.0620 0.0377 0.3254 0.1796 0.0311 2.0071 1.5082
0.0640 0.0377 0.3294 0.1827 0.0331 2.0679 1.5519
0.0660 0.0378 0.3336 0.1858 0.0352 2.1285 1.5952
0.0680 0.0379 0.3380 0.1890 0.0373 2.1890 1.6383
0.0700 0.0379 0.3424 0.1924 0.0396 2.2493 1.6810
0.0720 0.0380 0.3470 0.1958 0.0419 2.3094 1.7234
0.0740 0.0381 0.3516 0.1993 0.0444 2.3693 1.7654
0.0760 0.0382 0.3564 0.2028 0.0469 2.4290 1.8071
0.0780 0.0383 0.3613 0.2065 0.0496 2.4886 1.8485
0.0800 0.0384 0.3664 0.2102 0.0523 2.5479 1.8894
0.0820 0.0385 0.3715 0.2140 0.0552 2.6070 1.9300
0.0840 0.0386 0.3768 0.2179 0.0582 2.6659 1.9702
0.0860 0.0387 0.3822 0.2219 0.0613 2.7246 2.0101
0.0880 0.0389 0.3877 0.2260 0.0645 2.7830 2.0495
0.0900 0.0390 0.3933 0.2301 0.0679 2.8413 2.0885
0.0920 0.0391 0.3991 0.2343 0.0713 2.8993 2.1272
0.0940 0.0393 0.4049 0.2386 0.0749 2.9571 2.1654
0.0960 0.0394 0.4109 0.2430 0.0786 3.0146 2.2032
0.0980 0.0396 0.4170 0.2474 0.0825 3.0719 2.2406
0.1000 0.0398 0.4232 0.2520 0.0864 3.1290 2.2775
0.1020 0.0400 0.4295 0.2565 0.0905 3.1858 2.3140
0.1040 0.0401 0.4359 0.2612 0.0948 3.2424 2.3501
0.1060 0.0403 0.4425 0.2659 0.0991 3.2987 2.3857
0.1080 0.0405 0.4491 0.2708 0.1036 3.3547 2.4209
0.1100 0.0407 0.4559 0.2756 0.1083 3.4105 2.4556
0.1120 0.0410 0.4628 0.2806 0.1131 3.4661 2.4898
0.1140 0.0412 0.4698 0.2856 0.1180 3.5213 2.5236
0.1160 0.0414 0.4769 0.2907 0.1231 3.5763 2.5569
0.1180 0.0417 0.4841 0.2958 0.1283 3.6311 2.5897
0.1200 0.0420 0.4914 0.3010 0.1337 3.6855 2.6220
0.1220 0.0422 0.4988 0.3063 0.1392 3.7397 2.6539
0.1240 0.0425 0.5063 0.3116 0.1448 3.7936 2.6853
0.1260 0.0428 0.5140 0.3170 0.1507 3.8472 2.7161
0.1280 0.0431 0.5217 0.3225 0.1566 3.9005 2.7465
0.1300 0.0434 0.5296 0.3280 0.1628 3.9535 2.7764
0.1320 0.0438 0.5375 0.3336 0.1690 4.0063 2.8058
0.1340 0.0441 0.5456 0.3393 0.1755 4.0587 2.8346
0.1360 0.0445 0.5538 0.3449 0.1821 4.1109 2.8630
0.1380 0.0448 0.5620 0.3507 0.1889 4.1628 2.8908
0.1400 0.0452 0.5704 0.3565 0.1958 4.2143 2.9182
0.1420 0.0456 0.5789 0.3624 0.2029 4.2656 2.9450
0.1440 0.0460 0.5875 0.3683 0.2101 4.3165 2.9713
0.1460 0.0465 0.5962 0.3743 0.2176 4.3672 2.9971
0.1480 0.0469 0.6050 0.3803 0.2252 4.4176 3.0223
0.1500 0.0474 0.6138 0.3862 0.2412 4.4131 2.9218
0.1520 0.0479 0.6226 0.3920 0.2577 4.4079 2.8205
0.1540 0.0484 0.6314 0.3975 0.2744 4.4019 2.7184
0.1560 0.0490 0.6402 0.4028 0.2916 4.3951 2.6156
0.1580 0.0496 0.6490 0.4080 0.3090 4.3876 2.5121
0.1600 0.0502 0.6578 0.4129 0.3268 4.3794 2.4080
0.1620 0.0509 0.6665 0.4176 0.3449 4.3703 2.3034
0.1640 0.0516 0.6752 0.4221 0.3632 4.3606 2.1983
0.1660 0.0523 0.6840 0.4264 0.3819 4.3501 2.0928
0.1680 0.0531 0.6926 0.4305 0.4009 4.3388 1.9870
0.1700 0.0539 0.7013 0.4343 0.4201 4.3268 1.8808
0.1720 0.0548 0.7100 0.4380 0.4396 4.3141 1.7744
0.1740 0.0557 0.7186 0.4414 0.4594 4.3007 1.6679
0.1760 0.0566 0.7272 0.4447 0.4794 4.2865 1.5612
0.1780 0.0576 0.7357 0.4477 0.4996 4.2716 1.4544
0.1800 0.0586 0.7442 0.4505 0.5201 4.2560 1.3477
0.1820 0.0597 0.7527 0.4531 0.5408 4.2397 1.2410
0.1840 0.0608 0.7612 0.4554 0.5617 4.2226 1.1344
0.1860 0.0619 0.7696 0.4576 0.5829 4.2049 1.0279
0.1880 0.0631 0.7780 0.4596 0.6042 4.1865 0.9217
0.1900 0.0644 0.7864 0.4613 0.6257 4.1674 0.8158
0.1920 0.0656 0.7947 0.4628 0.6473 4.1476 0.7102
0.1940 0.0669 0.8030 0.4641 0.6692 4.1272 0.6050
0.1960 0.0683 0.8112 0.4652 0.6911 4.1060 0.5003
0.1980 0.0697 0.8194 0.4661 0.7133 4.0842 0.3961
0.2000 0.0712 0.8275 0.4668 0.7355 4.0618 0.2924
0.2020 0.0726 0.8356 0.4673 0.7579 4.0387 0.1894
0.2040 0.0742 0.8437 0.4676 0.7805 4.0149 0.0870
0.2060 0.0758 0.8517 0.4677 0.8031 3.9905 -0.0146
0.2080 0.0774 0.8596 0.4675 0.8258 3.9655 -0.1155
0.2100 0.0791 0.8675 0.4672 0.8486 3.9398 -0.2155
0.2120 0.0808 0.8754 0.4667 0.8715 3.9135 -0.3146
0.2140 0.0826 0.8832 0.4659 0.8945 3.8866 -0.4128
0.2160 0.0844 0.8909 0.4650 0.9175 3.8591 -0.5100
0.2180 0.0862 0.8986 0.4639 0.9406 3.8310 -0.6061
0.2200 0.0881 0.9063 0.4626 0.9637 3.8023 -0.7012
0.2220 0.0901 0.9138 0.4611 0.9869 3.7730 -0.7951
0.2240 0.0921 0.9214 0.4594 1.0101 3.7432 -0.8878
0.2260 0.0941 0.9288 0.4575 1.0333 3.7127 -0.9792
0.2280 0.0962 0.9362 0.4555 1.0565 3.6817 -1.0693
0.2300 0.0984 0.9435 0.4533 1.0797 3.6502 -1.1581
0.2320 0.1005 0.9508 0.4509 1.1029 3.6181 -1.2455
0.2340 0.1028 0.9580 0.4483 1.1261 3.5854 -1.3315
0.2360 0.1050 0.9652 0.4455 1.1492 3.5522 -1.4159
0.2380 0.1074 0.9722 0.4426 1.1724 3.5185 -1.4988
0.2400 0.1097 0.9792 0.4396 1.1954 3.4843 -1.5802
0.2420 0.1121 0.9862 0.4363 1.2185 3.4496 -1.6598
0.2440 0.1146 0.9930 0.4329 1.2414 3.4143 -1.7379
0.2460 0.1171 0.9998 0.4294 1.2643 3.3786 -1.8142
0.2480 0.1197 1.0065 0.4257 1.2871 3.3424 -1.8887
0.2500 0.1223 1.0132 0.4218 1.3099 3.3057 -1.9614
0.2520 0.1249 1.0198 0.4178 1.3325 3.2685 -2.0323
0.2540 0.1276 1.0263 0.4137 1.3550 3.2309 -2.1013
0.2560 0.1303 1.0327 0.4094 1.3774 3.1929 -2.1684
0.2580 0.1331 1.0390 0.4050 1.3997 3.1544 -2.2335
0.2600 0.1359 1.0453 0.4005 1.4219 3.1154 -2.2966
0.2620 0.1388 1.0515 0.3958 1.4440 3.0761 -2.3577
0.2640 0.1417 1.0576 0.3910 1.4659 3.0363 -2.4167
0.2660 0.1446 1.0636 0.3862 1.4876 2.9961 -2.4736
0.2680 0.1476 1.0696 0.3812 1.5092 2.9556 -2.5284
0.2700 0.1507 1.0755 0.3760 1.5307 2.9146 -2.5809
0.2720 0.1538 1.0812 0.3708 1.5520 2.8733 -2.6313
0.2740 0.1569 1.0870 0.3655 1.5731 2.8316 -2.6795
0.2760 0.1601 1.0926 0.3601 1.5940 2.7895 -2.7253
0.2780 0.1633 1.0981 0.3546 1.6147 2.7471 -2.7689
0.2800 0.1665 1.1036 0.3490 1.6353 2.7044 -2.8102
0.2820 0.1698 1.1089 0.3434 1.6556 2.6613 -2.8491
0.2840 0.1731 1.1142 0.3377 1.6758 2.6179 -2.8856
0.2860 0.1765 1.1194 0.3318 1.6957 2.5742 -2.9198
0.2880 0.1799 1.1245 0.3260 1.7154 2.5302 -2.9515
0.2900 0.1834 1.1295 0.3200 1.7349 2.4860 -2.9808
0.2920 0.1869 1.1344 0.3141 1.7542 2.4414 -3.0077
0.2940 0.1904 1.1393 0.3080 1.7732 2.3966 -3.0321
0.2960 0.1940 1.1440 0.3019 1.7920 2.3515 -3.0540
0.2980 0.1976 1.1487 0.2958 1.8105 2.3062 -3.0734
0.3000 0.2012 1.1533 0.2896 1.8289 2.2607 -3.0903
0.3020 0.2049 1.1577 0.2834 1.8469 2.2149 -3.1046
0.3040 0.2086 1.1621 0.2772 1.8647 2.1689 -3.1165
0.3060 0.2123 1.1664 0.2710 1.8823 2.1227 -3.1258
0.3080 0.2161 1.1706 0.2647 1.8996 2.0763 -3.1325
0.3100 0.2199 1.1747 0.2585 1.9166 2.0297 -3.1367
0.3120 0.2238 1.1787 0.2522 1.9333 1.9830 -3.1383
0.3140 0.2277 1.1826 0.2459 1.9498 1.9360 -3.1374
0.3160 0.2316 1.1865 0.2396 1.9660 1.8890 -3.1339
0.3180 0.2355 1.1902 0.2334 1.9820 1.8418 -3.1279
0.3200 0.2395 1.1938 0.2271 1.9976 1.7944 -3.1193
0.3220 0.2435 1.1974 0.2209 2.0130 1.7470 -3.1081
0.3240 0.2476 1.2008 0.2147 2.0281 1.6994 -3.0944
0.3260 0.2516 1.2042 0.2085 2.0429 1.6518 -3.0781
0.3280 0.2557 1.2074 0.2024 2.0574 1.6040 -3.0593
0.3300 0.2599 1.2106 0.1963 2.0716 1.5562 -3.0380
0.3320 0.2640 1.2137 0.1902 2.0856 1.5083 -3.0141
0.3340 0.2682 1.2166 0.1842 2.0992 1.4603 -2.9878
0.3360 0.2724 1.2195 0.1783 2.1126 1.4123 -2.9589
0.3380 0.2766 1.2223 0.1724 2.1256 1.3643 -2.9276
0.3400 0.2809 1.2250 0.1666 2.1384 1.3162 -2.8939
0.3420 0.2852 1.2275 0.1608 2.1509 1.2682 -2.8577
0.3440 0.2895 1.2300 0.1551 2.1630 1.2201 -2.8190
0.3460 0.2939 1.2324 0.1496 2.1749 1.1720 -2.7780
0.3480 0.2982 1.2347 0.1440 2.1865 1.1240 -2.7346
0.3500 0.3026 1.2369 0.1386 2.1978 1.0759 -2.6888
0.3520 0.3070 1.2390 0.1333 2.2088 1.0279 -2.6407
0.3540 0.3114 1.2410 0.1281 2.2195 0.9800 -2.5903
0.3560 0.3159 1.2429 0.1229 2.2299 0.9321 -2.5377
0.3580 0.3204 1.2448 0.1179 2.2400 0.8843 -2.4828
0.3600 0.3248 1.2465 0.1130 2.2498 0.8366 -2.4256
0.3620 0.3294 1.2481 0.1082 2.2593 0.7889 -2.3663
0.3640 0.3339 1.2496 0.1035 2.2685 0.7414 -2.3048
0.3660 0.3384 1.2511 0.0990 2.2774 0.6939 -2.2412
0.3680 0.3430 1.2524 0.0946 2.2861 0.6466 -2.1755
0.3700 0.3476 1.2537 0.0903 2.2944 0.5994 -2.1078
0.3720 0.3522 1.2548 0.0861 2.3025 0.5524 -2.0380
0.3740 0.3568 1.2559 0.0821 2.3102 0.5055 -1.9663
0.3760 0.3614 1.2568 0.0783 2.3177 0.4587 -1.8926
0.3780 0.3660 1.2577 0.0746 2.3249 0.4121 -1.8170
0.3800 0.3707 1.2585 0.0710 2.3319 0.3657 -1.7395
0.3820 0.3754 1.2592 0.0676 2.3385 0.3195 -1.6602
0.3840 0.3801 1.2598 0.0644 2.3449 0.2735 -1.5792
0.3860 0.3848 1.2603 0.0613 2.3510 0.2277 -1.4964
0.3880 0.3895 1.2607 0.0584 2.3568 0.1822 -1.4118
0.3900 0.3942 1.2610 0.0557 2.3623 0.1368 -1.3257
0.3920 0.3989 1.2612 0.0531 2.3676 0.0917 -1.2379
0.3940 0.4037 1.2614 0.0507 2.3726 0.0469 -1.1485
0.3960 0.4084 1.2614 0.0485 2.3774 0.0023 -1.0576
0.3980 0.4132 1.2614 0.0465 2.3819 -0.0421 -0.9652
0.4000 0.4179 1.2612 0.0446 2.3861 -0.0861 -0.8715
0.4020 0.4227 1.2610 0.0430 2.3900 -0.1299 -0.7763
0.4040 0.4275 1.2607 0.0415 2.3937 -0.1733 -0.6797
0.4060 0.4323 1.2603 0.0403 2.3972 -0.2164 -0.5819
0.4080 0.4371 1.2598 0.0392 2.4004 -0.2593 -0.4829
0.4100 0.4419 1.2593 0.0383 2.4033 -0.3018 -0.3826
0.4120 0.4467 1.2586 0.0377 2.4061 -0.3439 -0.2812
0.4140 0.4515 1.2579 0.0372 2.4085 -0.3857 -0.1787
0.4160 0.4563 1.2571 0.0370 2.4107 -0.4272 -0.0752
0.4180 0.4611 1.2562 0.0369 2.4127 -0.4682 0.0293
0.4200 0.4660 1.2552 0.0371 2.4145 -0.5089 0.1348
0.4220 0.4708 1.2542 0.0375 2.4160 -0.5492 0.2411
0.4240 0.4756 1.2530 0.0380 2.4172 -0.5891 0.3483
0.4260 0.4805 1.2518 0.0389 2.4183 -0.6286 0.4563
0.4280 0.4853 1.2505 0.0399 2.4191 -0.6676 0.5650
0.4300 0.4902 1.2491 0.0411 2.4197 -0.7062 0.6744
0.4320 0.4950 1.2477 0.0426 2.4201 -0.7444 0.7844
0.4340 0.4998 1.2462 0.0443 2.4203 -0.7821 0.8950
0.4360 0.5047 1.2446 0.0462 2.4202 -0.8193 1.0061
0.4380 0.5095 1.2429 0.0483 2.4200 -0.8561 1.1177
0.4400 0.5144 1.2411 0.0506 2.4195 -0.8924 1.2297
0.4420 0.5192 1.2393 0.0532 2.4188 -0.9281 1.3420
0.4440 0.5240 1.2374 0.0560 2.4179 -0.9634 1.4547
0.4460 0.5289 1.2355 0.0590 2.4169 -0.9981 1.5676
0.4480 0.5337 1.2334 0.0623 2.4156 -1.0323 1.6806
0.4500 0.5385 1.2313 0.0657 2.4141 -1.0659 1.7938
0.4520 0.5434 1.2292 0.0694 2.4124 -1.0990 1.9071
0.4540 0.5482 1.2269 0.0734 2.4106 -1.1315 2.0204
0.4560 0.5530 1.2246 0.0775 2.4085 -1.1635 2.1337
0.4580 0.5578 1.2223 0.0819 2.4063 -1.1948 2.2468
0.4600 0.5626 1.2199 0.0865 2.4039 -1.2255 2.3599
0.4620 0.5674 1.2174 0.0913 2.4013 -1.2556 2.4727
0.4640 0.5722 1.2148 0.0964 2.3985 -1.2851 2.5852
0.4660 0.5770 1.2122 0.1017 2.3956 -1.3139 2.6974
0.4680 0.5818 1.2096 0.1072 2.3925 -1.3421 2.8092
0.4700 0.5866 1.2069 0.1129 2.3892 -1.3695 2.9206
0.4720 0.5914 1.2041 0.1189 2.3858 -1.3964 3.0314
0.4740 0.5961 1.2013 0.1250 2.3822 -1.4225 3.1417
0.4760 0.6009 1.1984 0.1314 2.3785 -1.4479 3.2514
0.4780 0.6056 1.1955 0.1380 2.3746 -1.4725 3.3604
0.4800 0.6104 1.1925 0.1449 2.3705 -1.4965 3.4687
0.4820 0.6151 1.1895 0.1519 2.3663 -1.5197 3.5761
0.4840 0.6199 1.1865 0.1592 2.3620 -1.5421 3.6827
0.4860 0.6246 1.1834 0.1666 2.3575 -1.5638 3.7884
0.4880 0.6293 1.1802 0.1743 2.3529 -1.5847 3.8931
0.4900 0.6340 1.1770 0.1822 2.3481 -1.6047 3.9967
0.4920 0.6387 1.1738 0.1903 2.3433 -1.6240 4.0993
0.4940 0.6434 1.1705 0.1986 2.3383 -1.6424 4.2006
0.4960 0.6480 1.1672 0.2071 2.3331 -1.6600 4.3008
0.4980 0.6527 1.1639 0.2158 2.3279 -1.6768 4.3997
0.5000 0.6573 1.1605 0.2247 2.3225 -1.6927 4.4972
0.5020 0.6620 1.1571 0.2338 2.3171 -1.7077 4.5933
0.5040 0.6666 1.1537 0.2431 2.3115 -1.7218 4.6880
0.5060 0.6712 1.1502 0.2526 2.3058 -1.7350 4.7812
0.5080 0.6758 1.1467 0.2622 2.3000 -1.7473 4.8727
0.5100 0.6804 1.1432 0.2720 2.2942 -1.7586 4.9627
0.5120 0.6850 1.1397 0.2821 2.2882 -1.7691 5.0509
0.5140 0.6896 1.1362 0.2922 2.2821 -1.7785 5.1374
0.5160 0.6941 1.1326 0.3026 2.2760 -1.7870 5.2221
0.5180 0.6987 1.1290 0.3131 2.2698 -1.7946 5.3050
0.5200 0.7032 1.1254 0.3238 2.2635 -1.8011 5.3859
0.5220 0.7077 1.1218 0.3347 2.2571 -1.8066 5.4648
0.5240 0.7122 1.1182 0.3457 2.2507 -1.8111 5.5417
0.5260 0.7167 1.1146 0.3568 2.2442 -1.8146 5.6166
0.5280 0.7212 1.1109 0.3681 2.2376 -1.8171 5.6893
0.5300 0.7257 1.1073 0.3796 2.2310 -1.8185 5.7598
0.5320 0.7301 1.1037 0.3912 2.2243 -1.8189 5.8281
0.5340 0.7346 1.1000 0.4029 2.2176 -1.8182 5.8941
0.5360 0.7390 1.0964 0.4148 2.2109 -1.8164 5.9578
0.5380 0.7434 1.0928 0.4267 2.2041 -1.8136 6.0191
0.5400 0.7478 1.0891 0.4388 2.1972 -1.8096 6.0780
0.5420 0.7522 1.0855 0.4510 2.1904 -1.8046 6.1345
0.5440 0.7566 1.0819 0.4634 2.1835 -1.7984 6.1884
0.5460 0.7610 1.0783 0.4758 2.1765 -1.7912 6.2398
0.5480 0.7653 1.0748 0.4883 2.1696 -1.7828 6.2885
0.5500 0.7696 1.0712 0.5009 2.1627 -1.7733 6.3347
0.5520 0.7739 1.0677 0.5137 2.1557 -1.7626 6.3782
0.5540 0.7783 1.0642 0.5265 2.1487 -1.7508 6.4190
0.5560 0.7825 1.0607 0.5393 2.1417 -1.7379 6.4571
0.5580 0.7868 1.0572 0.5523 2.1348 -1.7238 6.4924
0.5600 0.7911 1.0538 0.5653 2.1278 -1.7086 6.5250
0.5620 0.7953 1.0504 0.5784 2.1208 -1.6922 6.5547
0.5640 0.7996 1.0470 0.5915 2.1139 -1.6746 6.5816
0.5660 0.8038 1.0437 0.6047 2.1069 -1.6559 6.6056
0.5680 0.8080 1.0404 0.6179 2.1000 -1.6360 6.6268
0.5700 0.8122 1.0371 0.6312 2.0931 -1.6150 6.6450
0.5720 0.8164 1.0339 0.6445 2.0863 -1.5928 6.6603
0.5740 0.8205 1.0308 0.6578 2.0794 -1.5695 6.6727
0.5760 0.8247 1.0276 0.6712 2.0726 -1.5449 6.6822
0.5780 0.8288 1.0246 0.6846 2.0658 -1.5192 6.6887
0.5800 0.8329 1.0216 0.6980 2.0591 -1.4924 6.6922
0.5820 0.8371 1.0186 0.7113 2.0524 -1.4644 6.6928
0.5840 0.8412 1.0157 0.7247 2.0457 -1.4353 6.6904
0.5860 0.8452 1.0129 0.7381 2.0391 -1.4050 6.6850
0.5880 0.8493 1.0101 0.7515 2.0326 -1.3736 6.6766
0.5900 0.8534 1.0074 0.7648 2.0260 -1.3410 6.6653
0.5920 0.8574 1.0047 0.7781 2.0196 -1.3073 6.6510
0.5940 0.8615 1.0021 0.7914 2.0132 -1.2725 6.6338
0.5960 0.8655 0.9996 0.8046 2.0068 -1.2365 6.6136
0.5980 0.8695 0.9972 0.8179 2.0006 -1.1995 6.5905
0.6000 0.8735 0.9948 0.8310 1.9943 -1.1614 6.5645
0.6020 0.8775 0.9926 0.8441 1.9882 -1.1222 6.5356
0.6040 0.8814 0.9904 0.8571 1.9821 -1.0819 6.5037
0.6060 0.8854 0.9882 0.8701 1.9761 -1.0405 6.4691
0.6080 0.8893 0.9862 0.8830 1.9701 -0.9981 6.4316
0.6100 0.8933 0.9842 0.8958 1.9642 -0.9547 6.3912
0.6120 0.8972 0.9824 0.9086 1.9584 -0.9102 6.3481
0.6140 0.9011 0.9806 0.9212 1.9527 -0.8647 6.3023
0.6160 0.9050 0.9789 0.9338 1.9470 -0.8182 6.2537
0.6180 0.9089 0.9773 0.9462 1.9414 -0.7708 6.2024
0.6200 0.9128 0.9758 0.9586 1.9359 -0.7223 6.1485
0.6220 0.9166 0.9744 0.9708 1.9305 -0.6729 6.0919
0.6240 0.9205 0.9731 0.9830 1.9251 -0.6226 6.0328
0.6260 0.9243 0.9720 0.9950 1.9198 -0.5714 5.9711
0.6280 0.9282 0.9709 1.0068 1.9146 -0.5192 5.9069
0.6300 0.9320 0.9699 1.0186 1.9095 -0.4662 5.8402
0.6320 0.9358 0.9690 1.0302 1.9044 -0.4123 5.7712
0.6340 0.9396 0.9682 1.0417 1.8995 -0.3576 5.6998
0.6360 0.9434 0.9676 1.0530 1.8946 -0.3020 5.6260
0.6380 0.9472 0.9670 1.0642 1.8898 -0.2456 5.5500
0.6400 0.9510 0.9666 1.0752 1.8850 -0.1884 5.4718
0.6420 0.9547 0.9663 1.0861 1.8803 -0.1305 5.3913
0.6440 0.9585 0.9661 1.0968 1.8758 -0.0718 5.3088
0.6460 0.9622 0.9660 1.1073 1.8712 -0.0124 5.2242
0.6480 0.9660 0.9660 1.1177 1.8668 0.0477 5.1376
0.6500 0.9697 0.9662 1.1278 1.8624 0.1084 5.0491
0.6520 0.9734 0.9665 1.1378 1.8581 0.1699 4.9586
0.6540 0.9771 0.9669 1.1477 1.8539 0.2319 4.8663
0.6560 0.9808 0.9674 1.1573 1.8498 0.2946 4.7723
0.6580 0.9845 0.9680 1.1668 1.8457 0.3579 4.6765
0.6600 0.9882 0.9688 1.1760 1.8417 0.4217 4.5790
0.6620 0.9919 0.9697 1.1851 1.8377 0.4861 4.4800
0.6640 0.9956 0.9708 1.1939 1.8339 0.5510 4.3794
0.6660 0.9992 0.9719 1.2026 1.8301 0.6164 4.2773
0.6680 1.0029 0.9732 1.2110 1.8263 0.6822 4.1738
0.6700 1.0065 0.9747 1.2193 1.8226 0.7485 4.0690
0.6720 1.0102 0.9762 1.2273 1.8190 0.8152 3.9628
0.6740 1.0138 0.9779 1.2351 1.8154 0.8823 3.8555
0.6760 1.0174 0.9797 1.2427 1.8119 0.9498 3.7469
0.6780 1.0211 0.9817 1.2501 1.8085 1.0176 3.6373
0.6800 1.0247 0.9838 1.2573 1.8051 1.0858 3.5266
0.6820 1.0283 0.9861 1.2642 1.8017 1.1542 3.4150
0.6840 1.0319 0.9884 1.2709 1.7984 1.2229 3.3025
0.6860 1.0355 0.9909 1.2774 1.7952 1.2918 3.1891
0.6880 1.0391 0.9936 1.2837 1.7920 1.3610 3.0749
0.6900 1.0426 0.9964 1.2897 1.7888 1.4303 2.9601
0.6920 1.0462 0.9993 1.2955 1.7857 1.4998 2.8446
0.6940 1.0498 1.0024 1.3011 1.7826 1.5695 2.7285
0.6960 1.0533 1.0056 1.3065 1.7796 1.6392 2.6119
0.6980 1.0569 1.0089 1.3116 1.7766 1.7091 2.4949
0.7000 1.0605 1.0124 1.3164 1.7737 1.7790 2.3775
0.7020 1.0640 1.0161 1.3211 1.7707 1.8489 2.2598
0.7040 1.0675 1.0198 1.3255 1.7678 1.9189 2.1419
0.7060 1.0711 1.0237 1.3296 1.7650 1.9888 2.0238
0.7080 1.0746 1.0278 1.3336 1.7621 2.0587 1.9056
0.7100 1.0781 1.0320 1.3373 1.7593 2.1285 1.7873
0.7120 1.0816 1.0363 1.3407 1.7565 2.1982 1.6691
0.7140 1.0851 1.0408 1.3439 1.7537 2.2678 1.5509
0.7160 1.0886 1.0454 1.3469 1.7510 2.3372 1.4330
0.7180 1.0921 1.0501 1.3497 1.7482 2.4065 1.3152
0.7200 1.0956 1.0550 1.3522 1.7455 2.4755 1.1978
0.7220 1.0991 1.0600 1.3545 1.7428 2.5444 1.0807
0.7240 1.1026 1.0652 1.3565 1.7401 2.6129 0.9641
0.7260 1.1061 1.0705 1.3583 1.7374 2.6813 0.8479
0.7280 1.1096 1.0759 1.3599 1.7347 2.7493 0.7323
0.7300 1.1130 1.0815 1.3612 1.7320 2.8169 0.6174
0.7320 1.1165 1.0872 1.3624 1.7293 2.8842 0.5031
0.7340 1.1199 1.0930 1.3633 1.7266 2.9512 0.3896
0.7360 1.1234 1.0990 1.3639 1.7239 3.0177 0.2770
0.7380 1.1268 1.1051 1.3644 1.7212 3.0838 0.1652
0.7400 1.1303 1.1113 1.3646 1.7185 3.1495 0.0544
0.7420 1.1337 1.1177 1.3646 1.7158 3.2146 -0.0554
0.7440 1.1371 1.1242 1.3644 1.7131 3.2793 -0.1641
0.7460 1.1406 1.1308 1.3639 1.7103 3.3434 -0.2717
0.7480 1.1440 1.1375 1.3633 1.7076 3.4070 -0.3780
0.7500 1.1474 1.1444 1.3624 1.7048 3.4700 -0.4830
0.7520 1.1508 1.1514 1.3614 1.7020 3.5324 -0.5867
0.7540 1.1542 1.1585 1.3601 1.6992 3.5942 -0.6890
0.7560 1.1576 1.1658 1.3586 1.6964 3.6553 -0.7898
0.7580 1.1610 1.1732 1.3569 1.6935 3.7158 -0.8891
0.7600 1.1644 1.1807 1.3550 1.6906 3.7756 -0.9868
0.7620 1.1678 1.1883 1.3530 1.6877 3.8346 -1.0828
0.7640 1.1711 1.1960 1.3507 1.6848 3.8929 -1.1772
0.7660 1.1745 1.2038 1.3483 1.6818 3.9505 -1.2697
0.7680 1.1779 1.2118 1.3456 1.6789 4.0073 -1.3604
0.7700 1.1812 1.2199 1.3428 1.6758 4.0633 -1.4492
0.7720 1.1846 1.2280 1.3398 1.6728 4.1184 -1.5361
0.7740 1.1879 1.2363 1.3367 1.6697 4.1727 -1.6210
0.7760 1.1912 1.2447 1.3334 1.6665 4.2262 -1.7038
0.7780 1.1946 1.2532 1.3299 1.6634 4.2788 -1.7845
0.7800 1.1979 1.2619 1.3262 1.6602 4.3305 -1.8630
0.7820 1.2012 1.2706 1.3224 1.6569 4.3812 -1.9394
0.7840 1.2045 1.2794 1.3185 1.6537 4.4311 -2.0134
0.7860 1.2078 1.2883 1.3144 1.6503 4.4799 -2.0852
0.7880 1.2111 1.2973 1.3101 1.6470 4.5278 -2.1546
0.7900 1.2144 1.3064 1.3058 1.6436 4.5747 -2.2216
0.7920 1.2177 1.3156 1.3012 1.6401 4.6207 -2.2861
0.7940 1.2210 1.3249 1.2966 1.6366 4.6656 -2.3482
0.7960 1.2242 1.3343 1.2919 1.6331 4.7094 -2.4077
0.7980 1.2275 1.3437 1.2870 1.6295 4.7522 -2.4646
0.8000 1.2308 1.3533 1.2820 1.6259 4.7940 -2.5189
0.8020 1.2340 1.3629 1.2769 1.6222 4.8347 -2.5706
0.8040 1.2372 1.3726 1.2717 1.6185 4.8743 -2.6196
0.8060 1.2405 1.3824 1.2664 1.6148 4.9128 -2.6659
0.8080 1.2437 1.3922 1.2611 1.6110 4.9502 -2.7094
0.8100 1.2469 1.4022 1.2556 1.6072 4.9865 -2.7502
0.8120 1.2501 1.4122 1.2501 1.6033 5.0216 -2.7881
0.8140 1.2533 1.4223 1.2444 1.5994 5.0556 -2.8232
0.8160 1.2565 1.4324 1.2388 1.5954 5.0885 -2.8555
0.8180 1.2597 1.4426 1.2330 1.5914 5.1202 -2.8849
0.8200 1.2629 1.4529 1.2272 1.5874 5.1507 -2.9114
0.8220 1.2661 1.4632 1.2214 1.5833 5.1801 -2.9350
0.8240 1.2692 1.4736 1.2155 1.5792 5.2083 -2.9557
0.8260 1.2724 1.4841 1.2096 1.5750 5.2354 -2.9735
0.8280 1.2755 1.4946 1.2036 1.5708 5.2612 -2.9883
0.8300 1.2787 1.5051 1.1976 1.5666 5.2859 -3.0002
0.8320 1.2818 1.5157 1.1916 1.5624 5.3094 -3.0091
0.8340 1.2849 1.5263 1.1856 1.5581 5.3317 -3.0150
0.8360 1.2880 1.5370 1.1796 1.5538 5.3528 -3.0180
0.8380 1.2911 1.5477 1.1735 1.5494 5.3727 -3.0181
0.8400 1.2942 1.5585 1.1675 1.5451 5.3914 -3.0152
0.8420 1.2973 1.5693 1.1615 1.5407 5.4090 -3.0093
0.8440 1.3004 1.5801 1.1554 1.5363 5.4253 -3.0005
0.8460 1.3035 1.5910 1.1495 1.5319 5.4404 -2.9888
0.8480 1.3065 1.6019 1.1435 1.5275 5.4544 -2.9742
0.8500 1.3096 1.6128 1.1376 1.5230 5.4672 -2.9566
0.8520 1.3126 1.6238 1.1317 1.5185 5.4788 -2.9362
0.8540 1.3156 1.6347 1.1258 1.5141 5.4893 -2.9130
0.8560 1.3187 1.6457 1.1200 1.5096 5.4985 -2.8868
0.8580 1.3217 1.6567 1.1143 1.5051 5.5066 -2.8579
0.8600 1.3247 1.6678 1.1086 1.5006 5.5136 -2.8262
0.8620 1.3277 1.6788 1.1030 1.4962 5.5194 -2.7917
0.8640 1.3307 1.6898 1.0974 1.4917 5.5241 -2.7544
0.8660 1.3336 1.7009 1.0920 1.4872 5.5276 -2.7145
0.8680 1.3366 1.7119 1.0866 1.4828 5.5300 -2.6718
0.8700 1.3396 1.7230 1.0813 1.4783 5.5313 -2.6266
0.8720 1.3425 1.7341 1.0761 1.4739 5.5315 -2.5787
0.8740 1.3455 1.7451 1.0710 1.4695 5.5306 -2.5283
0.8760 1.3484 1.7562 1.0660 1.4651 5.5286 -2.4753
0.8780 1.3513 1.7672 1.0611 1.4607 5.5255 -2.4199
0.8800 1.3543 1.7783 1.0563 1.4564 5.5213 -2.3620
0.8820 1.3572 1.7893 1.0516 1.4521 5.5161 -2.3017
0.8840 1.3601 1.8004 1.0471 1.4478 5.5099 -2.2390
0.8860 1.3630 1.8114 1.0427 1.4436 5.5026 -2.1741
0.8880 1.3658 1.8224 1.0384 1.4394 5.4944 -2.1069
0.8900 1.3687 1.8333 1.0342 1.4353 5.4851 -2.0374
0.8920 1.3716 1.8443 1.0302 1.4312 5.4748 -1.9658
0.8940 1.3744 1.8552 1.0264 1.4271 5.4635 -1.8921
0.8960 1.3773 1.8662 1.0227 1.4231 5.4513 -1.8163
0.8980 1.3801 1.8770 1.0191 1.4192 5.4381 -1.7386
0.9000 1.3830 1.8879 1.0157 1.4153 5.4240 -1.6588
0.9020 1.3858 1.8987 1.0125 1.4115 5.4090 -1.5772
0.9040 1.3886 1.9095 1.0094 1.4078 5.3930 -1.4937
0.9060 1.3914 1.9203 1.0065 1.4041 5.3762 -1.4084
0.9080 1.3942 1.9310 1.0038 1.4005 5.3584 -1.3213
0.9100 1.3970 1.9417 1.0012 1.3970 5.3398 -1.2326
0.9120 1.3998 1.9524 0.9989 1.3935 5.3203 -1.1423
0.9140 1.4026 1.9630 0.9967 1.3902 5.3000 -1.0504
0.9160 1.4054 1.9736 0.9947 1.3869 5.2789 -0.9570
0.9180 1.4081 1.9841 0.9928 1.3837 5.2570 -0.8621
0.9200 1.4109 1.9946 0.9912 1.3806 5.2342 -0.7658
0.9220 1.4137 2.0051 0.9898 1.3777 5.2107 -0.6682
0.9240 1.4164 2.0155 0.9885 1.3748 5.1864 -0.5694
0.9260 1.4192 2.0258 0.9875 1.3720 5.1614 -0.4693
0.9280 1.4219 2.0361 0.9867 1.3693 5.1356 -0.3680
0.9300 1.4246 2.0464 0.9860 1.3667 5.1090 -0.2656
0.9320 1.4274 2.0566 0.9856 1.3642 5.0818 -0.1622
0.9340 1.4301 2.0667 0.9854 1.3619 5.0539 -0.0578
0.9360 1.4328 2.0768 0.9854 1.3596 5.0253 0.0475
0.9380 1.4355 2.0868 0.9856 1.3575 4.9960 0.1537
0.9400 1.4383 2.0967 0.9860 1.3555 4.9660 0.2607
0.9420 1.4410 2.1067 0.9866 1.3536 4.9354 0.3685
0.9440 1.4437 2.1165 0.9875 1.3519 4.9042 0.4770
0.9460 1.4464 2.1263 0.9885 1.3503 4.8723 0.5861
0.9480 1.4491 2.1360 0.9898 1.3488 4.8399 0.6957
0.9500 1.4518 2.1456 0.9913 1.3475 4.8068 0.8059
0.9520 1.4545 2.1552 0.9930 1.3463 4.7732 0.9166
0.9540 1.4571 2.1647 0.9950 1.3452 4.7390 1.0277
0.9560 1.4598 2.1742 0.9971 1.3443 4.7043 1.1391
0.9580 1.4625 2.1835 0.9995 1.3435 4.6690 1.2508
0.9600 1.4652 2.1928 1.0021 1.3429 4.6332 1.3627
0.9620 1.4679 2.2021 1.0050 1.3424 4.5968 1.4749
0.9640 1.4706 2.2112 1.0080 1.3421 4.5600 1.5871
0.9660 1.4733 2.2203 1.0113 1.3420 4.5227 1.6994
0.9680 1.4760 2.2293 1.0148 1.3420 4.4848 1.8118
0.9700 1.4786 2.2382 1.0186 1.3422 4.4465 1.9241
0.9720 1.4813 2.2471 1.0225 1.3425 4.4078 2.0363
0.9740 1.4840 2.2559 1.0267 1.3430 4.3686 2.1483
0.9760 1.4867 2.2646 1.0311 1.3437 4.3290 2.2602
0.9780 1.4894 2.2732 1.0358 1.3446 4.2889 2.3717
0.9800 1.4921 2.2817 1.0406 1.3456 4.2484 2.4830
0.9820 1.4948 2.2902 1.0457 1.3468 4.2075 2.5939
0.9840 1.4975 2.2986 1.0510 1.3482 4.1663 2.7044
0.9860 1.5002 2.3068 1.0565 1.3498 4.1246 2.8144
0.9880 1.5029 2.3151 1.0622 1.3515 4.0826 2.9239
0.9900 1.5056 2.3232 1.0682 1.3535 4.0402 3.0328
0.9920 1.5083 2.3312 1.0744 1.3556 3.9974 3.1410
0.9940 1.5110 2.3392 1.0808 1.3580 3.9544 3.2486
0.9960 1.5137 2.3470 1.0874 1.3605 3.9109 3.3555
0.9980 1.5164 2.3548 1.0942 1.3633 3.8672 3.4616
1.0000 1.5192 2.3625 1.1012 1.3662 3.8231 3.5668
1.0020 1.5219 2.3701 1.1085 1.3694 3.7788 3.6712
1.0040 1.5246 2.3776 1.1159 1.3727 3.7341 3.7746
1.0060 1.5274 2.3850 1.1235 1.3763 3.6892 3.8771
1.0080 1.5301 2.3924 1.1314 1.3801 3.6440 3.9785
1.0100 1.5329 2.3996 1.1395 1.3841 3.5985 4.0788
1.0120 1.5357 2.4068 1.1477 1.3883 3.5528 4.1780
1.0140 1.5385 2.4138 1.1562 1.3927 3.5068 4.2761
1.0160 1.5412 2.4208 1.1648 1.3974 3.4606 4.3729
1.0180 1.5440 2.4277 1.1737 1.4022 3.4141 4.4684
1.0200 1.5469 2.4345 1.1827 1.4074 3.3675 4.5626
1.0220 1.5497 2.4411 1.1919 1.4127 3.3206 4.6555
1.0240 1.5525 2.4477 1.2013 1.4183 3.2735 4.7469
1.0260 1.5553 2.4542 1.2109 1.4241 3.2263 4.8369
1.0280 1.5582 2.4606 1.2207 1.4301 3.1788 4.9254
1.0300 1.5611 2.4669 1.2306 1.4364 3.1312 5.0123
1.0320 1.5639 2.4732 1.2407 1.4429 3.0834 5.0977
1.0340 1.5668 2.4793 1.2510 1.4497 3.0355 5.1814
1.0360 1.5697 2.4853 1.2614 1.4567 2.9874 5.2635
1.0380 1.5727 2.4912 1.2720 1.4639 2.9392 5.3438
1.0400 1.5756 2.4971 1.2828 1.4714 2.8909 5.4224
1.0420 1.5786 2.5028 1.2937 1.4792 2.8425 5.4992
1.0440 1.5815 2.5084 1.3048 1.4872 2.7939 5.5741
1.0460 1.5845 2.5140 1.3160 1.4954 2.7453 5.6472
1.0480 1.5875 2.5194 1.3274 1.5039 2.6965 5.7184
1.0500 1.5905 2.5248 1.3389 1.5127 2.6477 5.7876
1.0520 1.5936 2.5300 1.3505 1.5217 2.5988 5.8549
1.0540 1.5966 2.5352 1.3623 1.5310 2.5499 5.9201
1.0560 1.5997 2.5402 1.3742 1.5406 2.5009 5.9832
1.0580 1.6028 2.5452 1.3862 1.5504 2.4519 6.0443
1.0600 1.6059 2.5500 1.3984 1.5604 2.4028 6.1033
1.0620 1.6090 2.5548 1.4107 1.5708 2.3538 6.1601
1.0640 1.6122 2.5594 1.4230 1.5814 2.3047 6.2147
1.0660 1.6153 2.5640 1.4355 1.5922 2.2556 6.2671
1.0680 1.6185 2.5684 1.4481 1.6034 2.2065 6.3172
1.0700 1.6218 2.5728 1.4608 1.6148 2.1575 6.3651
1.0720 1.6250 2.5771 1.4736 1.6264 2.1085 6.4107
1.0740 1.6283 2.5812 1.4864 1.6384 2.0595 6.4540
1.0760 1.6315 2.5853 1.4994 1.6506 2.0106 6.4949
1.0780 1.6349 2.5893 1.5124 1.6630 1.9617 6.5335
1.0800 1.6382 2.5932 1.5255 1.6758 1.9129 6.5697
1.0820 1.6416 2.5969 1.5387 1.6888 1.8642 6.6035
1.0840 1.6450 2.6006 1.5519 1.7020 1.8156 6.6348
1.0860 1.6484 2.6042 1.5652 1.7156 1.7671 6.6637
1.0880 1.6518 2.6077 1.5786 1.7293 1.7188 6.6901
1.0900 1.6553 2.6111 1.5920 1.7434 1.6705 6.7141
1.0920 1.6588 2.6144 1.6054 1.7577 1.6224 6.7356
1.0940 1.6623 2.6176 1.6189 1.7723 1.5744 6.7545
1.0960 1.6659 2.6207 1.6324 1.7871 1.5266 6.7710
1.0980 1.6695 2.6237 1.6460 1.8022 1.4790 6.7849
1.1000 1.6731 2.6266 1.6596 1.8176 1.4315 6.7963
1.1020 1.6767 2.6294 1.6732 1.8331 1.3843 6.8052
1.1040 1.6804 2.6321 1.6868 1.8490 1.3372 6.8116
1.1060 1.6841 2.6347 1.7004 1.8651 1.2904 6.8153
1.1080 1.6879 2.6373 1.7140 1.8814 1.2438 6.8166
1.1100 1.6917 2.6397 1.7277 1.8980 1.1974 6.8153
1.1120 1.6955 2.6421 1.7413 1.9148 1.1513 6.8115
1.1140 1.6993 2.6443 1.7549 1.9319 1.1054 6.8051
1.1160 1.7032 2.6465 1.7685 1.9491 1.0598 6.7962
1.1180 1.7071 2.6486 1.7821 1.9667 1.0145 6.7847
1.1200 1.7111 2.6506 1.7957 1.9844 0.9695 6.7708
1.1220 1.7151 2.6524 1.8092 2.0023 0.9248 6.7543
1.1240 1.7191 2.6543 1.8227 2.0205 0.8804 6.7353
1.1260 1.7231 2.6560 1.8361 2.0389 0.8363 6.7138
1.1280 1.7272 2.6576 1.8495 2.0575 0.7926 6.6898
1.1300 1.7314 2.6591 1.8629 2.0763 0.7492 6.6634
1.1320 1.7355 2.6606 1.8762 2.0952 0.7062 6.6345
1.1340 1.7397 2.6620 1.8894 2.1144 0.6635 6.6032
1.1360 1.7440 2.6632 1.9026 2.1338 0.6212 6.5695
1.1380 1.7483 2.6644 1.9157 2.1533 0.5794 6.5334
1.1400 1.7526 2.6656 1.9287 2.1730 0.5379 6.4949
1.1420 1.7570 2.6666 1.9417 2.1929 0.4969 6.4540
1.1440 1.7614 2.6676 1.9545 2.2130 0.4562 6.4108
1.1460 1.7658 2.6684 1.9673 2.2332 0.4161 6.3654
1.1480 1.7703 2.6692 1.9800 2.2535 0.3763 6.3176
1.1500 1.7748 2.6699 1.9926 2.2740 0.3370 6.2676
1.1520 1.7794 2.6706 2.0051 2.2947 0.2982 6.2154
1.1540 1.7840 2.6711 2.0174 2.3155 0.2599 6.1610
1.1560 1.7887 2.6716 2.0297 2.3363 0.2221 6.1045
1.1580 1.7934 2.6720 2.0419 2.3574 0.1847 6.0458
1.1600 1.7981 2.6723 2.0539 2.3785 0.1479 5.9850
1.1620 1.8029 2.6726 2.0658 2.3997 0.1116 5.9222
1.1640 1.8077 2.6728 2.0776 2.4210 0.0758 5.8574
1.1660 1.8126 2.6729 2.0892 2.4424 0.0406 5.7906
1.1680 1.8175 2.6730 2.1007 2.4639 0.0059 5.7218
1.1700 1.8224 2.6729 2.1121 2.4855 -0.0283 5.6511
1.1720 1.8274 2.6728 2.1233 2.5071 -0.0618 5.5786
1.1740 1.8324 2.6727 2.1344 2.5287 -0.0948 5.5042
1.1760 1.8375 2.6725 2.1453 2.5505 -0.1272 5.4281
1.1780 1.8427 2.6722 2.1561 2.5722 -0.1590 5.3502
1.1800 1.8478 2.6718 2.1667 2.5940 -0.1902 5.2706
1.1820 1.8530 2.6714 2.1772 2.6158 -0.2208 5.1894
1.1840 1.8583 2.6709 2.1875 2.6377 -0.2507 5.1066
1.1860 1.8636 2.6704 2.1976 2.6595 -0.2800 5.0222
1.1880 1.8689 2.6698 2.2076 2.6813 -0.3087 4.9362
1.1900 1.8743 2.6692 2.2174 2.7032 -0.3368 4.8488
1.1920 1.8797 2.6685 2.2270 2.7250 -0.3641 4.7600
1.1940 1.8852 2.6677 2.2364 2.7467 -0.3908 4.6698
1.1960 1.8907 2.6669 2.2457 2.7685 -0.4169 4.5783
1.1980 1.8963 2.6661 2.2547 2.7902 -0.4422 4.4856
1.2000 1.9019 2.6652 2.2636 2.8118 -0.4669 4.3916
1.2020 1.9075 2.6642 2.2723 2.8334 -0.4909 4.2964
1.2040 1.9132 2.6632 2.2808 2.8549 -0.5142 4.2001
1.2060 1.9189 2.6621 2.2891 2.8763 -0.5367 4.1027
1.2080 1.9247 2.6610 2.2972 2.8976 -0.5586 4.0043
1.2100 1.9305 2.6599 2.3051 2.9188 -0.5797 3.9050
1.2120 1.9364 2.6587 2.3128 2.9399 -0.6001 3.8047
1.2140 1.9423 2.6575 2.3203 2.9609 -0.6197 3.7036
1.2160 1.9482 2.6562 2.3276 2.9818 -0.6387 3.6017
1.2180 1.9542 2.6550 2.3347 3.0025 -0.6568 3.4990
1.2200 1.9602 2.6536 2.3416 3.0231 -0.6742 3.3956
1.2220 1.9663 2.6523 2.3483 3.0435 -0.6909 3.2916
1.2240 1.9724 2.6509 2.3548 3.0638 -0.7067 3.1871
1.2260 1.9786 2.6494 2.3611 3.0838 -0.7219 3.0820
1.2280 1.9848 2.6480 2.3671 3.1037 -0.7362 2.9764
1.2300 1.9910 2.6465 2.3730 3.1235 -0.7497 2.8704
1.2320 1.9972 2.6450 2.3786 3.1430 -0.7625 2.7641
1.2340 2.0036 2.6434 2.3840 3.1623 -0.7745 2.6574
1.2360 2.0099 2.6419 2.3892 3.1813 -0.7856 2.5506
1.2380 2.0163 2.6403 2.3942 3.2002 -0.7960 2.4435
1.2400 2.0227 2.6387 2.3990 3.2188 -0.8056 2.3364
1.2420 2.0292 2.6371 2.4036 3.2372 -0.8143 2.2291
1.2440 2.0356 2.6354 2.4079 3.2553 -0.8223 2.1219
1.2460 2.0422 2.6338 2.4121 3.2731 -0.8294 2.0147
1.2480 2.0487 2.6321 2.4160 3.2907 -0.8357 1.9077
1.2500 2.0553 2.6304 2.4197 3.3080 -0.8412 1.8008
1.2520 2.0620 2.6288 2.4232 3.3250 -0.8459 1.6941
1.2540 2.0686 2.6271 2.4265 3.3417 -0.8497 1.5878
1.2560 2.0753 2.6254 2.4295 3.3581 -0.8527 1.4818
1.2580 2.0821 2.6236 2.4324 3.3742 -0.8549 1.3762
1.2600 2.0888 2.6219 2.4350 3.3900 -0.8563 1.2711
1.2620 2.0956 2.6202 2.4375 3.4054 -0.8568 1.1665
1.2640 2.1025 2.6185 2.4397 3.4205 -0.8564 1.0625
1.2660 2.1093 2.6168 2.4417 3.4352 -0.8553 0.9592
1.2680 2.1162 2.6151 2.4435 3.4496 -0.8533 0.8566
1.2700 2.1231 2.6134 2.4452 3.4636 -0.8504 0.7547
1.2720 2.1300 2.6117 2.4466 3.4773 -0.8467 0.6537
1.2740 2.1370 2.6100 2.4478 3.4906 -0.8422 0.5536
1.2760 2.1440 2.6083 2.4488 3.5035 -0.8368 0.4544
1.2780 2.1510 2.6067 2.4496 3.5159 -0.8306 0.3563
1.2800 2.1581 2.6050 2.4502 3.5280 -0.8236 0.2592
1.2820 2.1651 2.6034 2.4506 3.5397 -0.8157 0.1633
1.2840 2.1722 2.6017 2.4509 3.5510 -0.8070 0.0685
1.2860 2.1793 2.6001 2.4509 3.5618 -0.7974 -0.0250
1.2880 2.1865 2.5986 2.4508 3.5723 -0.7870 -0.1172
1.2900 2.1936 2.5970 2.4504 3.5822 -0.7758 -0.2080
1.2920 2.2008 2.5954 2.4499 3.5918 -0.7637 -0.2974
1.2940 2.2080 2.5939 2.4492 3.6009 -0.7508 -0.3853
1.2960 2.2152 2.5924 2.4484 3.6095 -0.7371 -0.4717
1.2980 2.2224 2.5910 2.4474 3.6177 -0.7226 -0.5565
1.3000 2.2297 2.5896 2.4462 3.6255 -0.7072 -0.6397
1.3020 2.2369 2.5882 2.4448 3.6327 -0.6910 -0.7212
1.3040 2.2442 2.5868 2.4433 3.6395 -0.6740 -0.8009
1.3060 2.2515 2.5855 2.4416 3.6458 -0.6562 -0.8788
1.3080 2.2588 2.5842 2.4398 3.6516 -0.6376 -0.9549
1.3100 2.2661 2.5829 2.4378 3.6570 -0.6182 -1.0291
1.3120 2.2734 2.5817 2.4357 3.6618 -0.5980 -1.1013
1.3140 2.2808 2.5805 2.4334 3.6662 -0.5771 -1.1715
1.3160 2.2881 2.5794 2.4310 3.6700 -0.5553 -1.2397
1.3180 2.2954 2.5783 2.4284 3.6734 -0.5327 -1.3058
1.3200 2.3028 2.5773 2.4257 3.6762 -0.5094 -1.3697
1.3220 2.3101 2.5763 2.4229 3.6786 -0.4853 -1.4315
1.3240 2.3175 2.5753 2.4200 3.6804 -0.4605 -1.4910
1.3260 2.3249 2.5744 2.4170 3.6817 -0.4349 -1.5482
1.3280 2.3322 2.5736 2.4138 3.6825 -0.4085 -1.6032
1.3300 2.3396 2.5728 2.4106 3.6828 -0.3814 -1.6558
1.3320 2.3470 2.5721 2.4072 3.6826 -0.3536 -1.7060
1.3340 2.3543 2.5714 2.4038 3.6818 -0.3251 -1.7538
1.3360 2.3617 2.5708 2.4002 3.6806 -0.2958 -1.7992
1.3380 2.3690 2.5702 2.3966 3.6788 -0.2659 -1.8421
1.3400 2.3764 2.5697 2.3928 3.6765 -0.2352 -1.8824
1.3420 2.3837 2.5693 2.3890 3.6736 -0.2038 -1.9202
1.3440 2.3911 2.5689 2.3852 3.6703 -0.1718 -1.9555
1.3460 2.3984 2.5686 2.3812 3.6664 -0.1391 -1.9881
1.3480 2.4058 2.5683 2.3772 3.6620 -0.1057 -2.0182
1.3500 2.4131 2.5681 2.3731 3.6571 -0.0717 -2.0456
1.3520 2.4204 2.5680 2.3690 3.6517 -0.0370 -2.0703
1.3540 2.4277 2.5680 2.3649 3.6458 -0.0017 -2.0924
1.3560 2.4350 2.5680 2.3607 3.6393 0.0343 -2.1118
1.3580 2.4422 2.5681 2.3564 3.6324 0.0708 -2.1284
1.3600 2.4495 2.5683 2.3521 3.6249 0.1080 -2.1424
1.3620 2.4567 2.5686 2.3479 3.6169 0.1457 -2.1536
1.3640 2.4640 2.5689 2.3435 3.6085 0.1840 -2.1621
1.3660 2.4712 2.5693 2.3392 3.5995 0.2229 -2.1678
1.3680 2.4784 2.5698 2.3349 3.5901 0.2624 -2.1708
1.3700 2.4855 2.5704 2.3305 3.5801 0.3024 -2.1710
1.3720 2.4927 2.5710 2.3262 3.5697 0.3430 -2.1685
1.3740 2.4998 2.5717 2.3219 3.5588 0.3840 -2.1633
1.3760 2.5069 2.5725 2.3175 3.5474 0.4256 -2.1553
1.3780 2.5140 2.5734 2.3132 3.5355 0.4677 -2.1445
1.3800 2.5211 2.5744 2.3090 3.5232 0.5103 -2.1311
1.3820 2.5281 2.5755 2.3047 3.5104 0.5534 -2.1149
1.3840 2.5351 2.5766 2.3005 3.4972 0.5969 -2.0960
1.3860 2.5421 2.5779 2.2963 3.4835 0.6409 -2.0744
1.3880 2.5490 2.5792 2.2922 3.4694 0.6853 -2.0501
1.3900 2.5560 2.5806 2.2881 3.4548 0.7302 -2.0232
1.3920 2.5628 2.5821 2.2841 3.4398 0.7755 -1.9936
1.3940 2.5697 2.5837 2.2802 3.4244 0.8211 -1.9614
1.3960 2.5765 2.5854 2.2763 3.4086 0.8672 -1.9266
1.3980 2.5833 2.5872 2.2725 3.3924 0.9137 -1.8892
1.4000 2.5901 2.5890 2.2687 3.3758 0.9605 -1.8493
1.4020 2.5968 2.5910 2.2651 3.3588 1.0076 -1.8069
1.4040 2.6035 2.5931 2.2615 3.3414 1.0551 -1.7619
1.4060 2.6102 2.5952 2.2580 3.3236 1.1030 -1.7145
1.4080 2.6168 2.5975 2.2546 3.3054 1.1511 -1.6647
1.4100 2.6234 2.5998 2.2514 3.2870 1.1996 -1.6125
1.4120 2.6300 2.6023 2.2482 3.2681 1.2483 -1.5579
1.4140 2.6365 2.6048 2.2451 3.2489 1.2973 -1.5009
1.4160 2.6430 2.6075 2.2422 3.2294 1.3466 -1.4417
1.4180 2.6494 2.6102 2.2394 3.2096 1.3961 -1.3803
1.4200 2.6558 2.6131 2.2367 3.1894 1.4459 -1.3166
1.4220 2.6622 2.6160 2.2341 3.1689 1.4958 -1.2508
1.4240 2.6685 2.6190 2.2317 3.1482 1.5460 -1.1828
1.4260 2.6748 2.6222 2.2294 3.1271 1.5964 -1.1128
1.4280 2.6810 2.6254 2.2272 3.1058 1.6469 -1.0407
1.4300 2.6872 2.6288 2.2252 3.0842 1.6976 -0.9667
1.4320 2.6933 2.6322 2.2234 3.0623 1.7485 -0.8907
1.4340 2.6994 2.6358 2.2217 3.0402 1.7995 -0.8128
1.4360 2.7055 2.6394 2.2201 3.0179 1.8507 -0.7330
1.4380 2.7115 2.6432 2.2187 2.9953 1.9019 -0.6514
1.4400 2.7175 2.6470 2.2175 2.9725 1.9533 -0.5681
1.4420 2.7234 2.6510 2.2165 2.9495 2.0047 -0.4831
1.4440 2.7293 2.6550 2.2156 2.9263 2.0562 -0.3965
1.4460 2.7351 2.6592 2.2149 2.9029 2.1078 -0.3082
1.4480 2.7409 2.6635 2.2143 2.8793 2.1594 -0.2184
1.4500 2.7466 2.6678 2.2140 2.8555 2.2110 -0.1271
1.4520 2.7523 2.6723 2.2138 2.8316 2.2627 -0.0344
1.4540 2.7580 2.6769 2.2139 2.8075 2.3143 0.0598
1.4560 2.7635 2.6816 2.2141 2.7833 2.3660 0.1552
1.4580 2.7691 2.6864 2.2145 2.7589 2.4176 0.2519
1.4600 2.7746 2.6913 2.2151 2.7344 2.4692 0.3499
1.4620 2.7800 2.6962 2.2159 2.7098 2.5207 0.4490
1.4640 2.7854 2.7013 2.2169 2.6851 2.5722 0.5493
1.4660 2.7908 2.7065 2.2181 2.6603 2.6236 0.6505
1.4680 2.7961 2.7118 2.2195 2.6355 2.6749 0.7528
1.4700 2.8013 2.7172 2.2211 2.6105 2.7262 0.8561
1.4720 2.8065 2.7227 2.2229 2.5855 2.7773 0.9602
1.4740 2.8116 2.7283 2.2249 2.5604 2.8282 1.0652
1.4760 2.8167 2.7340 2.2272 2.5353 2.8790 1.1709
1.4780 2.8218 2.7399 2.2296 2.5101 2.9297 1.2773
1.4800 2.8268 2.7458 2.2323 2.4849 2.9802 1.3844
1.4820 2.8317 2.7518 2.2352 2.4597 3.0305 1.4921
1.4840 2.8366 2.7579 2.2383 2.4345 3.0807 1.6004
1.4860 2.8415 2.7641 2.2416 2.4093 3.1306 1.7091
1.4880 2.8463 2.7704 2.2451 2.3841 3.1803 1.8183
1.4900 2.8510 2.7768 2.2488 2.3589 3.2298 1.9278
1.4920 2.8557 2.7833 2.2528 2.3338 3.2790 2.0376
1.4940 2.8603 2.7899 2.2570 2.3087 3.3280 2.1477
1.4960 2.8649 2.7966 2.2614 2.2836 3.3766 2.2580
1.4980 2.8695 2.8034 2.2660 2.2586 3.4251 2.3684
1.5000 2.8740 2.8103 2.2709 2.2337 3.4732 2.4789
1.5020 2.8784 2.8173 2.2759 2.2089 3.5210 2.5894
1.5040 2.8828 2.8244 2.2812 2.1841 3.5685 2.6999
1.5060 2.8871 2.8316 2.2867 2.1595 3.6156 2.8103
1.5080 2.8914 2.8389 2.2925 2.1349 3.6625 2.9205
1.5100 2.8957 2.8463 2.2984 2.1105 3.7089 3.0306
1.5120 2.8999 2.8537 2.3046 2.0862 3.7550 3.1403
1.5140 2.9040 2.8613 2.3110 2.0620 3.8007 3.2497
1.5160 2.9081 2.8689 2.3176 2.0380 3.8461 3.3587
1.5180 2.9122 2.8767 2.3244 2.0141 3.8910 3.4673
1.5200 2.9162 2.8845 2.3315 1.9904 3.9355 3.5754
1.5220 2.9201 2.8924 2.3387 1.9669 3.9796 3.6829
1.5240 2.9241 2.9004 2.3462 1.9436 4.0232 3.7898
1.5260 2.9279 2.9085 2.3539 1.9204 4.0664 3.8960
1.5280 2.9317 2.9167 2.3618 1.8975 4.1092 4.0014
1.5300 2.9355 2.9249 2.3699 1.8747 4.1515 4.1061
1.5320 2.9392 2.9333 2.3782 1.8522 4.1933 4.2099
1.5340 2.9429 2.9417 2.3867 1.8299 4.2346 4.3128
1.5360 2.9466 2.9502 2.3954 1.8079 4.2754 4.4148
1.5380 2.9501 2.9588 2.4044 1.7861 4.3157 4.5157
1.5400 2.9537 2.9675 2.4135 1.7646 4.3555 4.6155
1.5420 2.9572 2.9762 2.4228 1.7433 4.3948 4.7142
1.5440 2.9607 2.9851 2.4324 1.7223 4.4335 4.8117
1.5460 2.9641 2.9940 2.4421 1.7016 4.4717 4.9079
1.5480 2.9675 3.0029 2.4520 1.6812 4.5093 5.0029
1.5500 2.9708 3.0120 2.4621 1.6611 4.5463 5.0964
1.5520 2.9741 3.0211 2.4724 1.6413 4.5828 5.1886
1.5540 2.9774 3.0303 2.4828 1.6218 4.6187 5.2793
1.5560 2.9806 3.0396 2.4935 1.6027 4.6540 5.3684
1.5580 2.9838 3.0489 2.5043 1.5839 4.6888 5.4560
1.5600 2.9869 3.0584 2.5153 1.5654 4.7229 5.5419
1.5620 2.9901 3.0678 2.5265 1.5473 4.7564 5.6262
1.5640 2.9931 3.0774 2.5378 1.5296 4.7892 5.7087
1.5660 2.9962 3.0870 2.5493 1.5122 4.8215 5.7894
1.5680 2.9992 3.0967 2.5610 1.4953 4.8531 5.8683
1.5700 3.0022 3.1064 2.5728 1.4787 4.8840 5.9454
1.5720 3.0051 3.1162 2.5847 1.4625 4.9144 6.0204
1.5740 3.0080 3.1261 2.5969 1.4467 4.9440 6.0935
1.5760 3.0109 3.1360 2.6091 1.4314 4.9730 6.1646
1.5780 3.0137 3.1459 2.6215 1.4164 5.0014 6.2336
1.5800 3.0166 3.1560 2.6341 1.4019 5.0290 6.3005
1.5820 3.0193 3.1661 2.6467 1.3878 5.0560 6.3652
1.5840 3.0221 3.1762 2.6595 1.3742 5.0823 6.4277
1.5860 3.0248 3.1864 2.6724 1.3610 5.1079 6.4880
1.5880 3.0276 3.1966 2.6855 1.3483 5.1329 6.5460
1.5900 3.0302 3.2069 2.6986 1.3360 5.1571 6.6017
1.5920 3.0329 3.2173 2.7119 1.3242 5.1806 6.6550
1.5940 3.0355 3.2276 2.7252 1.3129 5.2034 6.7060
1.5960 3.0381 3.2381 2.7387 1.3021 5.2255 6.7545
1.5980 3.0407 3.2485 2.7522 1.2918 5.2470 6.8005
1.6000 3.0433 3.2591 2.7659 1.2819 5.2676 6.8441
1.6020 3.0459 3.2696 2.7796 1.2726 5.2876 6.8851
1.6040 3.0484 3.2802 2.7934 1.2638 5.3069 6.9236
1.6060 3.0509 3.2908 2.8073 1.2555 5.3254 6.9595
1.6080 3.0534 3.3015 2.8213 1.2477 5.3432 6.9928
1.6100 3.0559 3.3122 2.8353 1.2404 5.3603 7.0235
1.6120 3.0584 3.3230 2.8494 1.2336 5.3767 7.0516
1.6140 3.0609 3.3337 2.8635 1.2274 5.3923 7.0770
1.6160 3.0633 3.3445 2.8777 1.2217 5.4072 7.0997
1.6180 3.0657 3.3553 2.8919 1.2166 5.4214 7.1197
1.6200 3.0682 3.3662 2.9061 1.2119 5.4348 7.1371
1.6220 3.0706 3.3771 2.9204 1.2079 5.4475 7.1517
1.6240 3.0730 3.3880 2.9347 1.2043 5.4595 7.1636
1.6260 3.0754 3.3989 2.9491 1.2014 5.4708 7.1727
1.6280 3.0778 3.4099 2.9634 1.1989 5.4813 7.1791
1.6300 3.0802 3.4208 2.9778 1.1971 5.4911 7.1828
1.6320 3.0826 3.4318 2.9922 1.1957 5.5002 7.1838
1.6340 3.0850 3.4428 3.0065 1.1950 5.5085 7.1820
1.6360 3.0874 3.4539 3.0209 1.1947 5.5162 7.1774
1.6380 3.0898 3.4649 3.0352 1.1951 5.5231 7.1702
1.6400 3.0922 3.4760 3.0496 1.1960 5.5292 7.1602
1.6420 3.0945 3.4870 3.0639 1.1974 5.5347 7.1474
1.6440 3.0969 3.4981 3.0781 1.1994 5.5394 7.1320
1.6460 3.0993 3.5092 3.0924 1.2020 5.5435 7.1139
1.6480 3.1018 3.5203 3.1066 1.2051 5.5468 7.0931
1.6500 3.1042 3.5314 3.1208 1.2087 5.5494 7.0697
1.6520 3.1066 3.5425 3.1349 1.2129 5.5513 7.0436
1.6540 3.1090 3.5536 3.1489 1.2177 5.5525 7.0148
1.6560 3.1115 3.5647 3.1629 1.2230 5.5530 6.9835
1.6580 3.1139 3.5758 3.1769 1.2288 5.5528 6.9496
1.6600 3.1164 3.5869 3.1907 1.2352 5.5519 6.9131
1.6620 3.1189 3.5980 3.2045 1.2421 5.5503 6.8742
1.6640 3.1213 3.6091 3.2182 1.2496 5.5480 6.8327
1.6660 3.1239 3.6202 3.2318 1.2576 5.5451 6.7887
1.6680 3.1264 3.6313 3.2454 1.2661 5.5415 6.7423
1.6700 3.1289 3.6424 3.2588 1.2751 5.5372 6.6936
1.6720 3.1315 3.6534 3.2721 1.2846 5.5322 6.6424
1.6740 3.1341 3.6645 3.2854 1.2947 5.5266 6.5890
1.6760 3.1367 3.6755 3.2985 1.3052 5.5203 6.5332
1.6780 3.1393 3.6866 3.3115 1.3163 5.5134 6.4752
1.6800 3.1419 3.6976 3.3244 1.3278 5.5058 6.4150
1.6820 3.1446 3.7086 3.3372 1.3399 5.4975 6.3526
1.6840 3.1473 3.7196 3.3498 1.3524 5.4887 6.2881
1.6860 3.1500 3.7305 3.3623 1.3654 5.4792 6.2215
1.6880 3.1527 3.7415 3.3747 1.3789 5.4690 6.1529
1.6900 3.1555 3.7524 3.3869 1.3928 5.4583 6.0823
1.6920 3.1583 3.7633 3.3990 1.4072 5.4469 6.0098
1.6940 3.1611 3.7742 3.4110 1.4220 5.4349 5.9353
1.6960 3.1640 3.7851 3.4228 1.4373 5.4223 5.8591
1.6980 3.1669 3.7959 3.4344 1.4530 5.4091 5.7810
1.7000 3.1698 3.8067 3.4459 1.4691 5.3954 5.7012
1.7020 3.1728 3.8175 3.4572 1.4857 5.3810 5.6197
1.7040 3.1758 3.8282 3.4684 1.5027 5.3660 5.5366
1.7060 3.1788 3.8389 3.4793 1.5200 5.3505 5.4518
1.7080 3.1818 3.8496 3.4902 1.5378 5.3343 5.3656
1.7100 3.1849 3.8603 3.5008 1.5560 5.3177 5.2779
1.7120 3.1881 3.8709 3.5113 1.5745 5.3004 5.1887
1.7140 3.1912 3.8815 3.5216 1.5934 5.2826 5.0982
1.7160 3.1944 3.8920 3.5317 1.6127 5.2643 5.0064
1.7180 3.1977 3.9025 3.5416 1.6323 5.2453 4.9133
1.7200 3.2010 3.9130 3.5513 1.6522 5.2259 4.8190
1.7220 3.2043 3.9234 3.5609 1.6725 5.2059 4.7236
1.7240 3.2077 3.9338 3.5702 1.6931 5.1854 4.6271
1.7260 3.2111 3.9442 3.5794 1.7141 5.1644 4.5296
1.7280 3.2145 3.9545 3.5883 1.7353 5.1429 4.4310
1.7300 3.2180 3.9647 3.5971 1.7568 5.1208 4.3316
1.7320 3.2215 3.9750 3.6056 1.7787 5.0982 4.2313
1.7340 3.2251 3.9851 3.6140 1.8008 5.0752 4.1302
1.7360 3.2287 3.9953 3.6222 1.8231 5.0516 4.0284
1.7380 3.2324 4.0053 3.6301 1.8458 5.0276 3.9258
1.7400 3.2361 4.0154 3.6379 1.8687 5.0031 3.8227
1.7420 3.2399 4.0254 3.6454 1.8918 4.9781 3.7189
1.7440 3.2437 4.0353 3.6527 1.9152 4.9526 3.6147
1.7460 3.2476 4.0452 3.6599 1.9387 4.9266 3.5100
1.7480 3.2515 4.0550 3.6668 1.9625 4.9002 3.4049
1.7500 3.2554 4.0648 3.6735 1.9865 4.8734 3.2994
1.7520 3.2594 4.0745 3.6800 2.0107 4.8460 3.1937
1.7540 3.2634 4.0841 3.6863 2.0351 4.8183 3.0877
1.7560 3.2675 4.0938 3.6923 2.0596 4.7901 2.9815
1.7580 3.2717 4.1033 3.6982 2.0843 4.7614 2.8753
1.7600 3.2759 4.1128 3.7038 2.1092 4.7324 2.7689
1.7620 3.2801 4.1222 3.7093 2.1342 4.7029 2.6626
1.7640 3.2844 4.1316 3.7145 2.1594 4.6730 2.5563
1.7660 3.2888 4.1409 3.7195 2.1846 4.6426 2.4502
1.7680 3.2932 4.1502 3.7243 2.2100 4.6119 2.3442
1.7700 3.2976 4.1594 3.7289 2.2355 4.5808 2.2384
1.7720 3.3021 4.1685 3.7332 2.2611 4.5492 2.1329
1.7740 3.3066 4.1776 3.7374 2.2868 4.5173 2.0277
1.7760 3.3112 4.1866 3.7414 2.3126 4.4850 1.9229
1.7780 3.3159 4.1955 3.7451 2.3384 4.4523 1.8186
1.7800 3.3206 4.2044 3.7486 2.3643 4.4192 1.7148
1.7820 3.3253 4.2132 3.7520 2.3902 4.3858 1.6115
1.7840 3.3302 4.2219 3.7551 2.4162 4.3520 1.5088
1.7860 3.3350 4.2306 3.7580 2.4422 4.3178 1.4067
1.7880 3.3399 4.2392 3.7607 2.4682 4.2833 1.3054
1.7900 3.3449 4.2477 3.7632 2.4943 4.2484 1.2049
1.7920 3.3499 4.2562 3.7655 2.5203 4.2131 1.1052
1.7940 3.3550 4.2646 3.7676 2.5464 4.1776 1.0063
1.7960 3.3601 4.2729 3.7695 2.5724 4.1417 0.9084
1.7980 3.3653 4.2811 3.7713 2.5984 4.1054 0.8114
1.8000 3.3705 4.2893 3.7728 2.6244 4.0689 0.7155
1.8020 3.3758 4.2974 3.7741 2.6503 4.0320 0.6207
1.8040 3.3811 4.3054 3.7753 2.6762 3.9948 0.5270
1.8060 3.3865 4.3134 3.7762 2.7020 3.9573 0.4345
1.8080 3.3919 4.3213 3.7770 2.7277 3.9195 0.3432
1.8100 3.3974 4.3291 3.7776 2.7534 3.8814 0.2532
1.8120 3.4029 4.3368 3.7780 2.7789 3.8430 0.1646
1.8140 3.4085 4.3444 3.7783 2.8044 3.8043 0.0773
1.8160 3.4141 4.3520 3.7783 2.8298 3.7654 -0.0085
1.8180 3.4198 4.3595 3.7782 2.8550 3.7262 -0.0929
1.8200 3.4255 4.3669 3.7780 2.8802 3.6867 -0.1757
1.8220 3.4313 4.3743 3.7775 2.9052 3.6469 -0.2569
1.8240 3.4372 4.3815 3.7769 2.9301 3.6069 -0.3366
1.8260 3.4430 4.3887 3.7762 2.9548 3.5666 -0.4145
1.8280 3.4490 4.3958 3.7753 2.9793 3.5261 -0.4907
1.8300 3.4550 4.4028 3.7742 3.0038 3.4854 -0.5652
1.8320 3.4610 4.4097 3.7730 3.0280 3.4444 -0.6379
1.8340 3.4671 4.4166 3.7717 3.0520 3.4033 -0.7087
1.8360 3.4732 4.4233 3.7702 3.0759 3.3619 -0.7776
1.8380 3.4794 4.4300 3.7686 3.0996 3.3202 -0.8446
1.8400 3.4856 4.4366 3.7668 3.1230 3.2784 -0.9097
1.8420 3.4919 4.4431 3.7649 3.1463 3.2364 -0.9727
1.8440 3.4982 4.4496 3.7629 3.1693 3.1942 -1.0337
1.8460 3.5045 4.4559 3.7608 3.1922 3.1519 -1.0925
1.8480 3.5110 4.4622 3.7586 3.2147 3.1093 -1.1493
1.8500 3.5174 4.4683 3.7562 3.2371 3.0666 -1.2039
1.8520 3.5239 4.4744 3.7538 3.2592 3.0238 -1.2563
1.8540 3.5304 4.4804 3.7512 3.2810 2.9808 -1.3064
1.8560 3.5370 4.4864 3.7485 3.3026 2.9376 -1.3543
1.8580 3.5437 4.4922 3.7458 3.3240 2.8943 -1.3999
1.8600 3.5503 4.4979 3.7429 3.3450 2.8509 -1.4432
1.8620 3.5570 4.5036 3.7400 3.3658 2.8074 -1.4841
1.8640 3.5638 4.5092 3.7370 3.3863 2.7638 -1.5226
1.8660 3.5706 4.5146 3.7339 3.4065 2.7200 -1.5588
1.8680 3.5774 4.5200 3.7308 3.4264 2.6762 -1.5925
1.8700 3.5843 4.5253 3.7275 3.4460 2.6323 -1.6237
1.8720 3.5912 4.5306 3.7243 3.4653 2.5884 -1.6524
1.8740 3.5981 4.5357 3.7209 3.4843 2.5443 -1.6787
1.8760 3.6051 4.5407 3.7176 3.5030 2.5002 -1.7024
1.8780 3.6122 4.5457 3.7141 3.5214 2.4561 -1.7236
1.8800 3.6192 4.5506 3.7107 3.5394 2.4120 -1.7422
1.8820 3.6263 4.5554 3.7072 3.5571 2.3678 -1.7583
1.8840 3.6334 4.5600 3.7036 3.5745 2.3236 -1.7717
1.8860 3.6406 4.5646 3.7001 3.5915 2.2793 -1.7826
1.8880 3.6478 4.5692 3.6965 3.6082 2.2351 -1.7909
1.8900 3.6550 4.5736 3.6929 3.6246 2.1910 -1.7965
1.8920 3.6623 4.5779 3.6893 3.6406 2.1468 -1.7995
1.8940 3.6696 4.5822 3.6857 3.6562 2.1027 -1.7999
1.8960 3.6769 4.5863 3.6821 3.6715 2.0586 -1.7977
1.8980 3.6843 4.5904 3.6785 3.6865 2.0145 -1.7928
1.9000 3.6917 4.5944 3.6750 3.7010 1.9706 -1.7852
1.9020 3.6991 4.5983 3.6714 3.7153 1.9267 -1.7751
1.9040 3.7065 4.6021 3.6679 3.7291 1.8829 -1.7623
1.9060 3.7140 4.6058 3.6644 3.7426 1.8392 -1.7469
1.9080 3.7215 4.6095 3.6609 3.7557 1.7956 -1.7288
1.9100 3.7290 4.6130 3.6574 3.7685 1.7521 -1.7082
1.9120 3.7366 4.6165 3.6540 3.7808 1.7088 -1.6849
1.9140 3.7442 4.6198 3.6507 3.7929 1.6656 -1.6590
1.9160 3.7518 4.6231 3.6474 3.8045 1.6225 -1.6306
1.9180 3.7594 4.6263 3.6442 3.8157 1.5796 -1.5996
1.9200 3.7670 4.6294 3.6410 3.8266 1.5369 -1.5660
1.9220 3.7747 4.6325 3.6379 3.8371 1.4944 -1.5299
1.9240 3.7824 4.6354 3.6349 3.8472 1.4521 -1.4913
1.9260 3.7901 4.6383 3.6320 3.8570 1.4100 -1.4502
1.9280 3.7978 4.6411 3.6291 3.8663 1.3681 -1.4066
1.9300 3.8055 4.6438 3.6263 3.8753 1.3264 -1.3606
1.9320 3.8133 4.6464 3.6237 3.8839 1.2850 -1.3121
1.9340 3.8211 4.6489 3.6211 3.8922 1.2438 -1.2613
1.9360 3.8289 4.6513 3.6186 3.9000 1.2030 -1.2080
1.9380 3.8367 4.6537 3.6163 3.9075 1.1623 -1.1524
1.9400 3.8445 4.6560 3.6140 3.9146 1.1220 -1.0946
1.9420 3.8523 4.6582 3.6119 3.9213 1.0820 -1.0344
1.9440 3.8602 4.6603 3.6099 3.9277 1.0423 -0.9720
1.9460 3.8680 4.6624 3.6080 3.9337 1.0029 -0.9074
1.9480 3.8759 4.6643 3.6063 3.9393 0.9638 -0.8406
1.9500 3.8838 4.6662 3.6046 3.9445 0.9251 -0.7716
1.9520 3.8917 4.6680 3.6032 3.9494 0.8868 -0.7006
1.9540 3.8996 4.6698 3.6018 3.9539 0.8488 -0.6275
1.9560 3.9075 4.6714 3.6007 3.9581 0.8112 -0.5523
1.9580 3.9154 4.6730 3.5996 3.9618 0.7740 -0.4752
1.9600 3.9234 4.6745 3.5988 3.9653 0.7372 -0.3962
1.9620 3.9313 4.6760 3.5980 3.9683 0.7008 -0.3152
1.9640 3.9392 4.6773 3.5975 3.9710 0.6649 -0.2324
1.9660 3.9472 4.6786 3.5971 3.9734 0.6294 -0.1478
1.9680 3.9551 4.6799 3.5969 3.9754 0.5943 -0.0615
1.9700 3.9631 4.6810 3.5969 3.9770 0.5597 0.0266
1.9720 3.9710 4.6821 3.5970 3.9783 0.5256 0.1164
1.9740 3.9790 4.6831 3.5973 3.9793 0.4920 0.2078
1.9760 3.9869 4.6841 3.5979 3.9799 0.4589 0.3007
1.9780 3.9949 4.6849 3.5985 3.9802 0.4262 0.3952
1.9800 4.0029 4.6858 3.5994 3.9801 0.3941 0.4911
1.9820 4.0108 4.6865 3.6005 3.9797 0.3626 0.5885
1.9840 4.0188 4.6872 3.6018 3.9790 0.3315 0.6872
1.9860 4.0267 4.6878 3.6033 3.9779 0.3011 0.7872
1.9880 4.0347 4.6884 3.6049 3.9766 0.2712 0.8885
1.9900 4.0426 4.6889 3.6068 3.9749 0.2418 0.9911
1.9920 4.0506 4.6894 3.6089 3.9729 0.2131 1.0947
1.9940 4.0585 4.6898 3.6112 3.9705 0.1850 1.1995
1.9960 4.0665 4.6901 3.6137 3.9679 0.1574 1.3053
1.9980 4.0744 4.6904 3.6164 3.9649 0.1305 1.4121
2.0000 4.0823 4.6907 3.6194 3.9617 0.1042 1.5199
2.0020 4.0903 4.6908 3.6225 3.9581 0.0786 1.6285
2.0040 4.0982 4.6910 3.6259 3.9543 0.0536 1.7380
2.0060 4.1061 4.6910 3.6295 3.9501 0.0293 1.8482
2.0080 4.1140 4.6911 3.6333 3.9457 0.0057 1.9591
2.0100 4.1219 4.6911 3.6373 3.9409 -0.0172 2.0707
2.0120 4.1297 4.6910 3.6415 3.9359 -0.0395 2.1829
2.0140 4.1376 4.6909 3.6460 3.9306 -0.0610 2.2956
2.0160 4.1454 4.6908 3.6507 3.9250 -0.0818 2.4088
2.0180 4.1533 4.6906 3.6557 3.9192 -0.1019 2.5224
2.0200 4.1611 4.6904 3.6608 3.9131 -0.1213 2.6364
2.0220 4.1689 4.6901 3.6662 3.9067 -0.1399 2.7506
2.0240 4.1768 4.6898 3.6718 3.9001 -0.1577 2.8652
2.0260 4.1845 4.6895 3.6777 3.8932 -0.1747 2.9798
2.0280 4.1923 4.6891 3.6837 3.8860 -0.1910 3.0946
2.0300 4.2001 4.6887 3.6900 3.8786 -0.2065 3.2095
2.0320 4.2078 4.6883 3.6966 3.8710 -0.2212 3.3244
2.0340 4.2156 4.6878 3.7033 3.8631 -0.2351 3.4392
2.0360 4.2233 4.6873 3.7103 3.8550 -0.2481 3.5539
2.0380 4.2310 4.6868 3.7176 3.8466 -0.2603 3.6683
2.0400 4.2387 4.6863 3.7250 3.8380 -0.2717 3.7826
2.0420 4.2463 4.6857 3.7327 3.8292 -0.2822 3.8965
2.0440 4.2540 4.6852 3.7406 3.8202 -0.2919 4.0101
2.0460 4.2616 4.6846 3.7487 3.8110 -0.3007 4.1232
2.0480 4.2692 4.6840 3.7571 3.8015 -0.3086 4.2359
2.0500 4.2768 4.6833 3.7657 3.7919 -0.3156 4.3479
2.0520 4.2844 4.6827 3.7745 3.7820 -0.3217 4.4594
2.0540 4.2920 4.6821 3.7835 3.7720 -0.3270 4.5702
2.0560 4.2995 4.6814 3.7928 3.7618 -0.3313 4.6802
2.0580 4.3070 4.6807 3.8022 3.7514 -0.3347 4.7895
2.0600 4.3145 4.6801 3.8119 3.7408 -0.3371 4.8979
2.0620 4.3220 4.6794 3.8218 3.7300 -0.3387 5.0053
2.0640 4.3294 4.6787 3.8319 3.7191 -0.3392 5.1118
2.0660 4.3368 4.6780 3.8423 3.7080 -0.3389 5.2172
2.0680 4.3442 4.6774 3.8528 3.6967 -0.3375 5.3214
2.0700 4.3516 4.6767 3.8635 3.6853 -0.3352 5.4246
2.0720 4.3590 4.6760 3.8745 3.6738 -0.3319 5.5264
2.0740 4.3663 4.6754 3.8857 3.6621 -0.3277 5.6270
2.0760 4.3736 4.6747 3.8970 3.6502 -0.3224 5.7262
2.0780 4.3809 4.6741 3.9086 3.6383 -0.3162 5.8240
2.0800 4.3882 4.6734 3.9203 3.6262 -0.3089 5.9203
2.0820 4.3954 4.6728 3.9322 3.6140 -0.3007 6.0151
2.0840 4.4026 4.6722 3.9444 3.6017 -0.2914 6.1083
2.0860 4.4098 4.6717 3.9567 3.5893 -0.2811 6.1998
2.0880 4.4170 4.6711 3.9692 3.5768 -0.2698 6.2897
2.0900 4.4241 4.6706 3.9818 3.5642 -0.2575 6.3777
2.0920 4.4313 4.6701 3.9947 3.5515 -0.2441 6.4639
2.0940 4.4384 4.6696 4.0077 3.5387 -0.2297 6.5483
2.0960 4.4454 4.6692 4.0209 3.5258 -0.2143 6.6307
2.0980 4.4525 4.6688 4.0342 3.5129 -0.1978 6.7111
2.1000 4.4595 4.6684 4.0477 3.4999 -0.1803 6.7894
2.1020 4.4665 4.6680 4.0614 3.4869 -0.1618 6.8657
2.1040 4.4734 4.6677 4.0752 3.4738 -0.1422 6.9398
2.1060 4.4803 4.6675 4.0891 3.4607 -0.1215 7.0117
2.1080 4.4873 4.6673 4.1032 3.4475 -0.0998 7.0813
2.1100 4.4941 4.6671 4.1174 3.4343 -0.0771 7.1487
2.1120 4.5010 4.6669 4.1318 3.4211 -0.0533 7.2137
2.1140 4.5078 4.6669 4.1463 3.4079 -0.0284 7.2763
2.1160 4.5146 4.6668 4.1609 3.3946 -0.0026 7.3365
2.1180 4.5214 4.6669 4.1756 3.3814 0.0244 7.3942
2.1200 4.5282 4.6669 4.1905 3.3681 0.0524 7.4494
2.1220 4.5349 4.6671 4.2054 3.3549 0.0814 7.5021
2.1240 4.5416 4.6673 4.2205 3.3416 0.1114 7.5521
2.1260 4.5482 4.6675 4.2356 3.3284 0.1425 7.5995
2.1280 4.5549 4.6678 4.2509 3.3153 0.1747 7.6442
2.1300 4.5615 4.6682 4.2662 3.3021 0.2078 7.6863
2.1320 4.5681 4.6687 4.2816 3.2890 0.2420 7.7256
2.1340 4.5747 4.6692 4.2971 3.2760 0.2772 7.7621
2.1360 4.5812 4.6698 4.3127 3.2630 0.3134 7.7959
2.1380 4.5877 4.6704 4.3283 3.2500 0.3506 7.8268
2.1400 4.5942 4.6712 4.3440 3.2371 0.3888 7.8550
2.1420 4.6007 4.6720 4.3597 3.2243 0.4280 7.8802
2.1440 4.6071 4.6729 4.3755 3.2116 0.4682 7.9026
2.1460 4.6135 4.6739 4.3913 3.1989 0.5093 7.9221
2.1480 4.6199 4.6749 4.4072 3.1864 0.5514 7.9386
2.1500 4.6263 4.6761 4.4231 3.1739 0.5945 7.9523
2.1520 4.6326 4.6773 4.4390 3.1615 0.6385 7.9630
2.1540 4.6389 4.6786 4.4549 3.1493 0.6835 7.9707
2.1560 4.6452 4.6800 4.4709 3.1371 0.7293 7.9755
2.1580 4.6514 4.6815 4.4868 3.1250 0.7761 7.9774
2.1600 4.6577 4.6831 4.5028 3.1131 0.8237 7.9763
2.1620 4.6639 4.6848 4.5187 3.1013 0.8723 7.9722
2.1640 4.6701 4.6866 4.5347 3.0896 0.9217 7.9652
2.1660 4.6763 4.6885 4.5506 3.0781 0.9720 7.9552
2.1680 4.6824 4.6905 4.5665 3.0666 1.0231 7.9423
2.1700 4.6885 4.6926 4.5823 3.0554 1.0750 7.9264
2.1720 4.6946 4.6948 4.5982 3.0442 1.1278 7.9076
2.1740 4.7007 4.6971 4.6140 3.0333 1.1813 7.8859
2.1760 4.7068 4.6996 4.6297 3.0224 1.2356 7.8613
2.1780 4.7128 4.7021 4.6454 3.0118 1.2907 7.8339
2.1800 4.7188 4.7047 4.6610 3.0012 1.3465 7.8035
2.1820 4.7248 4.7075 4.6766 2.9909 1.4030 7.7703
2.1840 4.7308 4.7103 4.6921 2.9807 1.4602 7.7343
2.1860 4.7367 4.7133 4.7076 2.9707 1.5182 7.6955
2.1880 4.7427 4.7164 4.7229 2.9608 1.5767 7.6539
2.1900 4.7486 4.7196 4.7382 2.9511 1.6360 7.6096
2.1920 4.7545 4.7229 4.7533 2.9416 1.6958 7.5626
2.1940 4.7603 4.7264 4.7684 2.9323 1.7563 7.5129
2.1960 4.7662 4.7300 4.7834 2.9232 1.8174 7.4605
2.1980 4.7720 4.7337 4.7983 2.9142 1.8790 7.4056
2.2000 4.7778 4.7375 4.8130 2.9054 1.9411 7.3480
2.2020 4.7836 4.7414 4.8276 2.8968 2.0038 7.2880
2.2040 4.7894 4.7455 4.8422 2.8884 2.0670 7.2255
2.2060 4.7952 4.7497 4.8565 2.8802 2.1307 7.1605
2.2080 4.8009 4.7540 4.8708 2.8722 2.1948 7.0931
2.2100 4.8067 4.7585 4.8849 2.8643 2.2593 7.0233
2.2120 4.8124 4.7631 4.8989 2.8567 2.3243 6.9513
2.2140 4.8181 4.7678 4.9127 2.8492 2.3896 6.8770
2.2160 4.8238 4.7726 4.9264 2.8419 2.4553 6.8004
2.2180 4.8295 4.7776 4.9399 2.8348 2.5213 6.7217
2.2200 4.8351 4.7827 4.9533 2.8280 2.5877 6.6409
2.2220 4.8408 4.7879 4.9665 2.8213 2.6543 6.5580
2.2240 4.8464 4.7933 4.9795 2.8148 2.7212 6.4732
2.2260 4.8521 4.7988 4.9924 2.8085 2.7883 6.3863
2.2280 4.8577 4.8045 5.0051 2.8023 2.8557 6.2976
2.2300 4.8633 4.8103 5.0176 2.7964 2.9232 6.2070
2.2320 4.8688 4.8162 5.0299 2.7907 2.9909 6.1147
2.2340 4.8744 4.8222 5.0420 2.7852 3.0588 6.0206
2.2360 4.8800 4.8284 5.0540 2.7798 3.1267 5.9248
2.2380 4.8855 4.8347 5.0657 2.7746 3.1948 5.8275
2.2400 4.8911 4.8412 5.0773 2.7697 3.2629 5.7286
2.2420 4.8966 4.8478 5.0886 2.7649 3.3311 5.6282
2.2440 4.9021 4.8545 5.0998 2.7603 3.3993 5.5264
2.2460 4.9077 4.8614 5.1107 2.7559 3.4674 5.4232
2.2480 4.9132 4.8684 5.1215 2.7516 3.5356 5.3187
2.2500 4.9187 4.8755 5.1320 2.7476 3.6036 5.2130
2.2520 4.9242 4.8828 5.1423 2.7437 3.6716 5.1061
2.2540 4.9296 4.8902 5.1524 2.7401 3.7395 4.9981
2.2560 4.9351 4.8978 5.1623 2.7365 3.8073 4.8890
2.2580 4.9406 4.9054 5.1720 2.7332 3.8748 4.7790
2.2600 4.9461 4.9133 5.1814 2.7301 3.9422 4.6680
2.2620 4.9515 4.9212 5.1906 2.7271 4.0094 4.5562
2.2640 4.9570 4.9293 5.1996 2.7243 4.0763 4.4436
2.2660 4.9624 4.9375 5.2084 2.7216 4.1430 4.3303
2.2680 4.9679 4.9459 5.2170 2.7191 4.2094 4.2163
2.2700 4.9733 4.9543 5.2253 2.7168 4.2755 4.1017
2.2720 4.9787 4.9630 5.2334 2.7147 4.3413 3.9866
2.2740 4.9841 4.9717 5.2412 2.7127 4.4066 3.8710
2.2760 4.9896 4.9806 5.2489 2.7108 4.4716 3.7551
2.2780 4.9950 4.9896 5.2563 2.7091 4.5362 3.6388
2.2800 5.0004 4.9987 5.2634 2.7076 4.6004 3.5223
2.2820 5.0058 5.0080 5.2703 2.7062 4.6641 3.4055
2.2840 5.0112 5.0174 5.2770 2.7050 4.7273 3.2887
2.2860 5.0166 5.0269 5.2835 2.7039 4.7900 3.1718
2.2880 5.0220 5.0365 5.2897 2.7030 4.8522 3.0548
2.2900 5.0275 5.0463 5.2957 2.7022 4.9138 2.9380
2.2920 5.0329 5.0562 5.3015 2.7015 4.9749 2.8213
2.2940 5.0383 5.0662 5.3070 2.7010 5.0354 2.7048
2.2960 5.0437 5.0763 5.3123 2.7006 5.0952 2.5886
2.2980 5.0491 5.0866 5.3174 2.7004 5.1544 2.4727
2.3000 5.0545 5.0970 5.3222 2.7002 5.2129 2.3573
2.3020 5.0599 5.1074 5.3268 2.7002 5.2707 2.2423
2.3040 5.0653 5.1180 5.3312 2.7003 5.3279 2.1278
2.3060 5.0707 5.1288 5.3353 2.7005 5.3843 2.0140
2.3080 5.0761 5.1396 5.3392 2.7009 5.4399 1.9008
2.3100 5.0815 5.1505 5.3429 2.7013 5.4948 1.7883
2.3120 5.0869 5.1616 5.3464 2.7019 5.5488 1.6767
2.3140 5.0923 5.1727 5.3496 2.7026 5.6021 1.5660
2.3160 5.0977 5.1840 5.3526 2.7034 5.6545 1.4561
2.3180 5.1031 5.1953 5.3554 2.7042 5.7061 1.3473
2.3200 5.1085 5.2068 5.3580 2.7052 5.7568 1.2395
2.3220 5.1139 5.2184 5.3604 2.7063 5.8065 1.1329
2.3240 5.1193 5.2300 5.3626 2.7074 5.8554 1.0274
2.3260 5.1247 5.2418 5.3645 2.7087 5.9034 0.9233
2.3280 5.1302 5.2536 5.3662 2.7100 5.9504 0.8204
2.3300 5.1356 5.2656 5.3678 2.7114 5.9964 0.7189
2.3320 5.1410 5.2776 5.3691 2.7129 6.0415 0.6188
2.3340 5.1464 5.2897 5.3703 2.7145 6.0855 0.5203
2.3360 5.1519 5.3020 5.3712 2.7162 6.1286 0.4233
2.3380 5.1573 5.3143 5.3720 2.7179 6.1706 0.3279
2.3400 5.1627 5.3266 5.3725 2.7197 6.2116 0.2342
2.3420 5.1682 5.3391 5.3729 2.7215 6.2515 0.1423
2.3440 5.1736 5.3516 5.3731 2.7234 6.2903 0.0521
2.3460 5.1791 5.3643 5.3731 2.7254 6.3281 -0.0362
2.3480 5.1845 5.3770 5.3730 2.7274 6.3647 -0.1226
2.3500 5.1900 5.3897 5.3726 2.7295 6.4003 -0.2070
2.3520 5.1954 5.4026 5.3721 2.7316 6.4347 -0.2895
2.3540 5.2009 5.4155 5.3715 2.7338 6.4680 -0.3698
2.3560 5.2064 5.4284 5.3706 2.7360 6.5002 -0.4481
2.3580 5.2118 5.4415 5.3697 2.7383 6.5312 -0.5242
2.3600 5.2173 5.4545 5.3686 2.7406 6.5610 -0.5980
2.3620 5.2228 5.4677 5.3673 2.7429 6.5897 -0.6697
2.3640 5.2283 5.4809 5.3659 2.7452 6.6171 -0.7390
2.3660 5.2338 5.4942 5.3643 2.7476 6.6434 -0.8059
2.3680 5.2393 5.5075 5.3627 2.7500 6.6685 -0.8705
2.3700 5.2448 5.5208 5.3609 2.7525 6.6925 -0.9326
2.3720 5.2503 5.5342 5.3589 2.7550 6.7152 -0.9923
2.3740 5.2558 5.5477 5.3569 2.7574 6.7367 -1.0494
2.3760 5.2613 5.5612 5.3547 2.7599 6.7570 -1.1040
2.3780 5.2669 5.5747 5.3525 2.7624 6.7760 -1.1560
2.3800 5.2724 5.5883 5.3501 2.7650 6.7939 -1.2054
2.3820 5.2779 5.6019 5.3477 2.7675 6.8105 -1.2522
2.3840 5.2834 5.6155 5.3451 2.7700 6.8260 -1.2963
2.3860 5.2890 5.6292 5.3425 2.7726 6.8402 -1.3377
2.3880 5.2945 5.6429 5.3398 2.7751 6.8532 -1.3763
2.3900 5.3001 5.6566 5.3370 2.7777 6.8650 -1.4122
2.3920 5.3057 5.6704 5.3341 2.7802 6.8755 -1.4454
2.3940 5.3112 5.6841 5.3312 2.7828 6.8849 -1.4758
2.3960 5.3168 5.6979 5.3282 2.7853 6.8930 -1.5033
2.3980 5.3224 5.7117 5.3252 2.7879 6.8999 -1.5281
2.4000 5.3279 5.7255 5.3221 2.7904 6.9057 -1.5500
2.4020 5.3335 5.7393 5.3190 2.7929 6.9102 -1.5690
2.4040 5.3391 5.7531 5.3158 2.7954 6.9136 -1.5853
2.4060 5.3447 5.7670 5.3126 2.7979 6.9158 -1.5986
2.4080 5.3503 5.7808 5.3094 2.8004 6.9168 -1.6091
2.4100 5.3559 5.7946 5.3062 2.8029 6.9166 -1.6168
2.4120 5.3615 5.8085 5.3030 2.8054 6.9153 -1.6216
2.4140 5.3671 5.8223 5.2997 2.8078 6.9128 -1.6235
2.4160 5.3727 5.8361 5.2965 2.8102 6.9092 -1.6226
2.4180 5.3784 5.8499 5.2932 2.8127 6.9045 -1.6188
2.4200 5.3840 5.8637 5.2900 2.8151 6.8986 -1.6122
2.4220 5.3896 5.8775 5.2868 2.8174 6.8916 -1.6028
2.4240 5.3953 5.8913 5.2836 2.8198 6.8836 -1.5905
2.4260 5.4009 5.9050 5.2804 2.8221 6.8744 -1.5755
2.4280 5.4065 5.9188 5.2773 2.8245 6.8642 -1.5576
2.4300 5.4122 5.9325 5.2742 2.8268 6.8529 -1.5370
2.4320 5.4179 5.9462 5.2712 2.8291 6.8406 -1.5137
2.4340 5.4235 5.9599 5.2682 2.8313 6.8273 -1.4876
2.4360 5.4292 5.9735 5.2652 2.8336 6.8129 -1.4589
2.4380 5.4348 5.9871 5.2623 2.8358 6.7975 -1.4274
2.4400 5.4405 6.0007 5.2595 2.8381 6.7812 -1.3934
2.4420 5.4462 6.0142 5.2567 2.8403 6.7638 -1.3567
2.4440 5.4519 6.0277 5.2541 2.8425 6.7456 -1.3174
2.4460 5.4576 6.0412 5.2515 2.8446 6.7263 -1.2755
2.4480 5.4633 6.0547 5.2490 2.8468 6.7062 -1.2312
2.4500 5.4690 6.0680 5.2466 2.8489 6.6851 -1.1844
2.4520 5.4747 6.0814 5.2442 2.8511 6.6631 -1.1351
2.4540 5.4804 6.0947 5.2420 2.8532 6.6403 -1.0834
2.4560 5.4861 6.1080 5.2399 2.8553 6.6166 -1.0294
2.4580 5.4918 6.1212 5.2379 2.8574 6.5920 -0.9730
2.4600 5.4975 6.1343 5.2360 2.8595 6.5667 -0.9143
2.4620 5.5032 6.1474 5.2343 2.8616 6.5405 -0.8534
2.4640 5.5089 6.1605 5.2326 2.8637 6.5135 -0.7903
2.4660 5.5147 6.1735 5.2311 2.8658 6.4857 -0.7251
2.4680 5.5204 6.1864 5.2297 2.8678 6.4572 -0.6577
2.4700 5.5261 6.1993 5.2285 2.8699 6.4279 -0.5883
2.4720 5.5319 6.2121 5.2274 2.8720 6.3979 -0.5169
2.4740 5.5376 6.2249 5.2264 2.8741 6.3672 -0.4435
2.4760 5.5434 6.2376 5.2256 2.8762 6.3358 -0.3682
2.4780 5.5491 6.2502 5.2249 2.8782 6.3037 -0.2910
2.4800 5.5549 6.2628 5.2244 2.8803 6.2709 -0.2120
2.4820 5.5607 6.2753 5.2241 2.8824 6.2375 -0.1312
2.4840 5.5664 6.2878 5.2239 2.8846 6.2034 -0.0488
2.4860 5.5722 6.3001 5.2239 2.8867 6.1687 0.0354
2.4880 5.5780 6.3124 5.2240 2.8888 6.1335 0.1211
2.4900 5.5838 6.3247 5.2244 2.8910 6.0976 0.2084
2.4920 5.5895 6.3368 5.2249 2.8932 6.0612 0.2973
2.4940 5.5953 6.3489 5.2256 2.8954 6.0242 0.3875
2.4960 5.6011 6.3609 5.2264 2.8976 5.9866 0.4792
2.4980 5.6069 6.3729 5.2275 2.8998 5.9486 0.5722
2.5000 5.6127 6.3847 5.2287 2.9021 5.9100 0.6665
2.5020 5.6185 6.3965 5.2302 2.9044 5.8709 0.7621
2.5040 5.6243 6.4082 5.2318 2.9067 5.8314 0.8588
2.5060 5.6302 6.4198 5.2336 2.9091 5.7913 0.9567
2.5080 5.6360 6.4314 5.2356 2.9115 5.7508 1.0557
2.5100 5.6418 6.4428 5.2378 2.9139 5.7099 1.1557
2.5120 5.6476 6.4542 5.2402 2.9164 5.6685 1.2566
2.5140 5.6535 6.4655 5.2428 2.9190 5.6268 1.3585
2.5160 5.6593 6.4767 5.2457 2.9215 5.5846 1.4612
2.5180 5.6652 6.4878 5.2487 2.9241 5.5420 1.5648
2.5200 5.6710 6.4989 5.2519 2.9268 5.4990 1.6691
2.5220 5.6769 6.5098 5.2554 2.9295 5.4556 1.7742
2.5240 5.6827 6.5207 5.2590 2.9323 5.4119 1.8798
2.5260 5.6886 6.5315 5.2629 2.9351 5.3679 1.9861
2.5280 5.6945 6.5422 5.2670 2.9380 5.3235 2.0930
2.5300 5.7003 6.5528 5.2713 2.9410 5.2788 2.2003
2.5320 5.7062 6.5633 5.2758 2.9440 5.2337 2.3081
2.5340 5.7121 6.5737 5.2805 2.9471 5.1884 2.4163
2.5360 5.7180 6.5840 5.2854 2.9502 5.1427 2.5248
2.5380 5.7239 6.5943 5.2906 2.9534 5.0968 2.6336
2.5400 5.7298 6.6044 5.2960 2.9567 5.0506 2.7427
2.5420 5.7357 6.6145 5.3016 2.9601 5.0041 2.8519
2.5440 5.7417 6.6244 5.3074 2.9635 4.9574 2.9613
2.5460 5.7476 6.6343 5.3134 2.9671 4.9104 3.0707
2.5480 5.7535 6.6441 5.3197 2.9707 4.8632 3.1802
2.5500 5.7595 6.6538 5.3261 2.9744 4.8158 3.2897
2.5520 5.7654 6.6633 5.3328 2.9781 4.7681 3.3991
2.5540 5.7714 6.6728 5.3397 2.9820 4.7202 3.5085
2.5560 5.7774 6.6822 5.3468 2.9860 4.6721 3.6176
2.5580 5.7833 6.6915 5.3542 2.9901 4.6239 3.7265
2.5600 5.7893 6.7007 5.3618 2.9942 4.5754 3.8352
2.5620 5.7953 6.7098 5.3695 2.9985 4.5268 3.9436
2.5640 5.8013 6.7188 5.3775 3.0028 4.4779 4.0516
2.5660 5.8073 6.7277 5.3857 3.0073 4.4289 4.1592
2.5680 5.8133 6.7365 5.3942 3.0119 4.3798 4.2663
2.5700 5.8194 6.7453 5.4028 3.0166 4.3305 4.3729
2.5720 5.8254 6.7539 5.4117 3.0214 4.2811 4.4790
2.5740 5.8315 6.7624 5.4207 3.0263 4.2315 4.5844
2.5760 5.8375 6.7708 5.4300 3.0314 4.1818 4.6893
2.5780 5.8436 6.7791 5.4395 3.0365 4.1320 4.7934
2.5800 5.8497 6.7873 5.4492 3.0418 4.0821 4.8968
2.5820 5.8558 6.7954 5.4591 3.0472 4.0321 4.9993
2.5840 5.8619 6.8035 5.4692 3.0528 3.9820 5.1011
2.5860 5.8680 6.8114 5.4795 3.0584 3.9318 5.2020
2.5880 5.8741 6.8192 5.4900 3.0643 3.8815 5.3019
2.5900 5.8802 6.8269 5.5007 3.0702 3.8311 5.4008
2.5920 5.8864 6.8345 5.5116 3.0763 3.7807 5.4987
2.5940 5.8925 6.8420 5.5227 3.0825 3.7302 5.5956
2.5960 5.8987 6.8494 5.5339 3.0889 3.6797 5.6913
2.5980 5.9049 6.8567 5.5454 3.0954 3.6291 5.7859
2.6000 5.9111 6.8639 5.5571 3.1021 3.5785 5.8793
2.6020 5.9173 6.8710 5.5689 3.1089 3.5278 5.9714
2.6040 5.9235 6.8780 5.5810 3.1158 3.4772 6.0622
2.6060 5.9298 6.8850 5.5932 3.1230 3.4265 6.1517
2.6080 5.9360 6.8918 5.6056 3.1302 3.3759 6.2398
2.6100 5.9423 6.8985 5.6181 3.1377 3.3252 6.3264
2.6120 5.9486 6.9051 5.6309 3.1453 3.2746 6.4116
2.6140 5.9549 6.9116 5.6438 3.1531 3.2239 6.4953
2.6160 5.9612 6.9180 5.6569 3.1610 3.1733 6.5774
2.6180 5.9675 6.9242 5.6701 3.1691 3.1228 6.6579
2.6200 5.9738 6.9304 5.6835 3.1774 3.0723 6.7368
2.6220 5.9802 6.9365 5.6970 3.1858 3.0219 6.8140
2.6240 5.9866 6.9425 5.7107 3.1944 2.9715 6.8895
2.6260 5.9930 6.9484 5.7246 3.2032 2.9212 6.9632
2.6280 5.9994 6.9542 5.7386 3.2122 2.8710 7.0351
2.6300 6.0058 6.9599 5.7527 3.2213 2.8209 7.1052
2.6320 6.0123 6.9655 5.7670 3.2307 2.7709 7.1734
2.6340 6.0188 6.9710 5.7814 3.2402 2.7210 7.2397
2.6360 6.0253 6.9764 5.7960 3.2499 2.6713 7.3041
2.6380 6.0318 6.9817 5.8106 3.2597 2.6216 7.3664
2.6400 6.0383 6.9869 5.8254 3.2698 2.5722 7.4268
2.6420 6.0448 6.9920 5.8404 3.2800 2.5229 7.4851
2.6440 6.0514 6.9970 5.8554 3.2905 2.4737 7.5413
2.6460 6.0580 7.0019 5.8705 3.3011 2.4248 7.5953
2.6480 6.0646 7.0067 5.8858 3.3119 2.3760 7.6473
2.6500 6.0712 7.0114 5.9011 3.3229 2.3275 7.6970
2.6520 6.0779 7.0160 5.9165 3.3341 2.2792 7.7445
2.6540 6.0846 7.0205 5.9321 3.3454 2.2311 7.7898
2.6560 6.0913 7.0249 5.9477 3.3570 2.1832 7.8328
2.6580 6.0980 7.0292 5.9634 3.3687 2.1356 7.8735
2.6600 6.1048 7.0334 5.9792 3.3807 2.0882 7.9119
2.6620 6.1115 7.0376 5.9951 3.3928 2.0412 7.9480
2.6640 6.1183 7.0416 6.0110 3.4051 1.9944 7.9817
2.6660 6.1252 7.0455 6.0270 3.4176 1.9479 8.0130
2.6680 6.1320 7.0494 6.0430 3.4303 1.9018 8.0419
2.6700 6.1389 7.0532 6.0591 3.4431 1.8559 8.0683
2.6720 6.1458 7.0568 6.0753 3.4562 1.8105 8.0923
2.6740 6.1527 7.0604 6.0915 3.4694 1.7653 8.1139
2.6760 6.1597 7.0639 6.1078 3.4828 1.7206 8.1329
2.6780 6.1666 7.0673 6.1240 3.4964 1.6762 8.1495
2.6800 6.1736 7.0706 6.1404 3.5101 1.6322 8.1635
2.6820 6.1807 7.0738 6.1567 3.5241 1.5887 8.1751
2.6840 6.1877 7.0769 6.1730 3.5382 1.5455 8.1841
2.6860 6.1948 7.0800 6.1894 3.5524 1.5028 8.1906
2.6880 6.2019 7.0830 6.2058 3.5669 1.4606 8.1945
2.6900 6.2091 7.0858 6.2222 3.5814 1.4188 8.1959
2.6920 6.2163 7.0886 6.2386 3.5962 1.3775 8.1947
2.6940 6.2235 7.0913 6.2550 3.6111 1.3367 8.1910
2.6960 6.2307 7.0940 6.2713 3.6262 1.2964 8.1847
2.6980 6.2380 7.0965 6.2877 3.6414 1.2567 8.1759
2.7000 6.2453 7.0990 6.3041 3.6568 1.2174 8.1645
2.7020 6.2526 7.1014 6.3204 3.6723 1.1787 8.1506
2.7040 6.2600 7.1037 6.3367 3.6879 1.1406 8.1341
2.7060 6.2674 7.1060 6.3529 3.7037 1.1031 8.1151
2.7080 6.2748 7.1081 6.3691 3.7196 1.0661 8.0935
2.7100 6.2822 7.1102 6.3853 3.7356 1.0298 8.0695
2.7120 6.2897 7.1123 6.4014 3.7517 0.9941 8.0429
2.7140 6.2973 7.1142 6.4174 3.7680 0.9590 8.0138
2.7160 6.3048 7.1161 6.4334 3.7843 0.9245 7.9823
2.7180 6.3124 7.1179 6.4494 3.8008 0.8907 7.9483
2.7200 6.3200 7.1197 6.4652 3.8174 0.8576 7.9119
2.7220 6.3277 7.1213 6.4810 3.8340 0.8252 7.8730
2.7240 6.3353 7.1230 6.4967 3.8508 0.7935 7.8317
2.7260 6.3431 7.1245 6.5123 3.8676 0.7625 7.7881
2.7280 6.3508 7.1260 6.5279 3.8845 0.7322 7.7421
2.7300 6.3586 7.1274 6.5433 3.9014 0.7027 7.6937
2.7320 6.3664 7.1288 6.5586 3.9185 0.6739 7.6431
2.7340 6.3743 7.1301 6.5739 3.9356 0.6459 7.5901
2.7360 6.3822 7.1314 6.5890 3.9527 0.6186 7.5350
2.7380 6.3901 7.1326 6.6040 3.9698 0.5921 7.4776
2.7400 6.3980 7.1338 6.6189 3.9871 0.5665 7.4180
2.7420 6.4060 7.1349 6.6337 4.0043 0.5416 7.3562
2.7440 6.4141 7.1359 6.6483 4.0215 0.5176 7.2924
2.7460 6.4221 7.1369 6.6628 4.0388 0.4943 7.2264
2.7480 6.4302 7.1379 6.6772 4.0561 0.4720 7.1584
2.7500 6.4383 7.1388 6.6915 4.0733 0.4504 7.0884
2.7520 6.4465 7.1397 6.7056 4.0906 0.4298 7.0165
2.7540 6.4547 7.1406 6.7195 4.1078 0.4100 6.9426
2.7560 6.4629 7.1414 6.7334 4.1251 0.3911 6.8668
2.7580 6.4712 7.1421 6.7470 4.1423 0.3731 6.7891
2.7600 6.4795 7.1429 6.7605 4.1594 0.3559 6.7097
2.7620 6.4878 7.1435 6.7738 4.1765 0.3397 6.6285
2.7640 6.4962 7.1442 6.7870 4.1935 0.3244 6.5456
2.7660 6.5046 7.1448 6.8000 4.2105 0.3100 6.4610
2.7680 6.5131 7.1455 6.8129 4.2274 0.2966 6.3748
2.7700 6.5215 7.1460 6.8255 4.2443 0.2841 6.2871
2.7720 6.5300 7.1466 6.8380 4.2610 0.2725 6.1978
2.7740 6.5386 7.1471 6.8503 4.2777 0.2619 6.1070
2.7760 6.5471 7.1476 6.8624 4.2942 0.2522 6.0149
2.7780 6.5557 7.1481 6.8744 4.3107 0.2435 5.9213
2.7800 6.5644 7.1486 6.8861 4.3270 0.2357 5.8264
2.7820 6.5731 7.1491 6.8977 4.3432 0.2290 5.7303
2.7840 6.5818 7.1495 6.9090 4.3592 0.2232 5.6330
2.7860 6.5905 7.1500 6.9202 4.3751 0.2183 5.5345
2.7880 6.5993 7.1504 6.9312 4.3909 0.2145 5.4349
2.7900 6.6081 7.1508 6.9419 4.4065 0.2117 5.3342
2.7920 6.6169 7.1513 6.9525 4.4219 0.2098 5.2326
2.7940 6.6257 7.1517 6.9629 4.4372 0.2089 5.1300
2.7960 6.6346 7.1521 6.9730 4.4523 0.2090 5.0266
2.7980 6.6436 7.1525 6.9830 4.4672 0.2102 4.9223
2.8000 6.6525 7.1529 6.9927 4.4819 0.2123 4.8173
2.8020 6.6615 7.1534 7.0022 4.4963 0.2154 4.7115
2.8040 6.6705 7.1538 7.0116 4.5106 0.2195 4.6052
2.8060 6.6795 7.1542 7.0207 4.5247 0.2246 4.4982
2.8080 6.6886 7.1547 7.0296 4.5385 0.2308 4.3907
2.8100 6.6977 7.1552 7.0382 4.5521 0.2379 4.2827
2.8120 6.7068 7.1556 7.0467 4.5654 0.2460 4.1744
2.8140 6.7159 7.1561 7.0549 4.5785 0.2551 4.0657
2.8160 6.7251 7.1567 7.0630 4.5913 0.2652 3.9567
2.8180 6.7343 7.1572 7.0708 4.6039 0.2763 3.8475
2.8200 6.7435 7.1578 7.0783 4.6161 0.2884 3.7381
2.8220 6.7528 7.1584 7.0857 4.6281 0.3015 3.6286
2.8240 6.7620 7.1590 7.0929 4.6399 0.3155 3.5191
2.8260 6.7713 7.1596 7.0998 4.6513 0.3306 3.4096
2.8280 6.7806 7.1603 7.1065 4.6624 0.3466 3.3002
2.8300 6.7900 7.1610 7.1130 4.6732 0.3636 3.1910
2.8320 6.7993 7.1618 7.1193 4.6837 0.3816 3.0820
2.8340 6.8087 7.1625 7.1253 4.6939 0.4005 2.9732
2.8360 6.8181 7.1634 7.1312 4.7037 0.4204 2.8648
2.8380 6.8275 7.1642 7.1368 4.7132 0.4412 2.7568
2.8400 6.8370 7.1651 7.1422 4.7224 0.4630 2.6492
2.8420 6.8464 7.1661 7.1474 4.7312 0.4858 2.5422
2.8440 6.8559 7.1671 7.1523 4.7397 0.5094 2.4357
2.8460 6.8654 7.1681 7.1571 4.7478 0.5340 2.3299
2.8480 6.8749 7.1692 7.1617 4.7555 0.5595 2.2248
2.8500 6.8844 7.1704 7.1660 4.7629 0.5859 2.1205
2.8520 6.8939 7.1716 7.1702 4.7699 0.6132 2.0171
2.8540 6.9035 7.1728 7.1741 4.7765 0.6414 1.9145
2.8560 6.9130 7.1741 7.1778 4.7828 0.6705 1.8129
2.8580 6.9226 7.1755 7.1813 4.7886 0.7004 1.7123
2.8600 6.9322 7.1769 7.1847 4.7941 0.7313 1.6128
2.8620 6.9418 7.1784 7.1878 4.7991 0.7629 1.5144
2.8640 6.9514 7.1800 7.1907 4.8038 0.7954 1.4173
2.8660 6.9610 7.1816 7.1935 4.8080 0.8288 1.3214
2.8680 6.9706 7.1833 7.1960 4.8118 0.8630 1.2268
2.8700 6.9802 7.1851 7.1984 4.8153 0.8979 1.1336
2.8720 6.9899 7.1869 7.2005 4.8182 0.9337 1.0419
2.8740 6.9995 7.1888 7.2025 4.8208 0.9702 0.9516
2.8760 7.0092 7.1908 7.2043 4.8230 1.0076 0.8629
2.8780 7.0188 7.1928 7.2060 4.8247 1.0457 0.7759
2.8800 7.0285 7.1949 7.2075 4.8259 1.0845 0.6905
2.8820 7.0381 7.1972 7.2088 4.8268 1.1241 0.6068
2.8840 7.0478 7.1994 7.2099 4.8272 1.1643 0.5249
2.8860 7.0574 7.2018 7.2109 4.8271 1.2053 0.4448
2.8880 7.0671 7.2043 7.2117 4.8267 1.2470 0.3666
2.8900 7.0767 7.2068 7.2123 4.8257 1.2894 0.2903
2.8920 7.0864 7.2094 7.2128 4.8244 1.3324 0.2160
2.8940 7.0960 7.2121 7.2132 4.8226 1.3761 0.1438
2.8960 7.1057 7.2149 7.2134 4.8203 1.4204 0.0736
2.8980 7.1153 7.2178 7.2135 4.8176 1.4653 0.0056
2.9000 7.1249 7.2208 7.2134 4.8144 1.5108 -0.0603
2.9020 7.1346 7.2239 7.2132 4.8108 1.5569 -0.1239
2.9040 7.1442 7.2270 7.2129 4.8067 1.6036 -0.1853
2.9060 7.1538 7.2303 7.2125 4.8022 1.6509 -0.2444
2.9080 7.1634 7.2336 7.2120 4.7972 1.6986 -0.3011
2.9100 7.1730 7.2371 7.2113 4.7918 1.7470 -0.3555
2.9120 7.1825 7.2406 7.2105 4.7859 1.7958 -0.4074
2.9140 7.1921 7.2443 7.2097 4.7796 1.8451 -0.4569
2.9160 7.2017 7.2480 7.2087 4.7728 1.8948 -0.5039
2.9180 7.2112 7.2518 7.2077 4.7656 1.9451 -0.5484
2.9200 7.2207 7.2558 7.2065 4.7579 1.9957 -0.5903
2.9220 7.2302 7.2598 7.2053 4.7498 2.0468 -0.6296
2.9240 7.2397 7.2640 7.2040 4.7413 2.0983 -0.6664
2.9260 7.2492 7.2682 7.2026 4.7323 2.1502 -0.7005
2.9280 7.2587 7.2726 7.2012 4.7229 2.2025 -0.7319
2.9300 7.2681 7.2770 7.1997 4.7130 2.2551 -0.7607
2.9320 7.2775 7.2816 7.1982 4.7028 2.3081 -0.7867
2.9340 7.2869 7.2863 7.1966 4.6920 2.3613 -0.8101
2.9360 7.2963 7.2910 7.1949 4.6809 2.4149 -0.8307
2.9380 7.3056 7.2959 7.1933 4.6694 2.4688 -0.8486
2.9400 7.3150 7.3009 7.1915 4.6574 2.5229 -0.8637
2.9420 7.3243 7.3060 7.1898 4.6450 2.5773 -0.8760
2.9440 7.3335 7.3112 7.1880 4.6323 2.6319 -0.8856
2.9460 7.3428 7.3165 7.1863 4.6191 2.6868 -0.8924
2.9480 7.3520 7.3220 7.1845 4.6055 2.7418 -0.8963
2.9500 7.3612 7.3275 7.1827 4.5915 2.7970 -0.8975
2.9520 7.3704 7.3332 7.1809 4.5772 2.8524 -0.8959
2.9540 7.3795 7.3389 7.1791 4.5625 2.9079 -0.8916
2.9560 7.3886 7.3448 7.1773 4.5474 2.9636 -0.8844
2.9580 7.3977 7.3508 7.1756 4.5319 3.0193 -0.8744
2.9600 7.4068 7.3569 7.1738 4.5161 3.0752 -0.8617
2.9620 7.4158 7.3631 7.1721 4.4999 3.1311 -0.8462
2.9640 7.4248 7.3694 7.1704 4.4834 3.1871 -0.8280
2.9660 7.4337 7.3758 7.1688 4.4665 3.2432 -0.8070
2.9680 7.4426 7.3824 7.1672 4.4494 3.2993 -0.7833
2.9700 7.4515 7.3890 7.1657 4.4318 3.3554 -0.7569
2.9720 7.4603 7.3958 7.1642 4.4140 3.4114 -0.7278
2.9740 7.4692 7.4027 7.1628 4.3959 3.4675 -0.6960
2.9760 7.4779 7.4096 7.1614 4.3774 3.5235 -0.6616
2.9780 7.4867 7.4168 7.1601 4.3587 3.5795 -0.6245
2.9800 7.4954 7.4240 7.1589 4.3397 3.6354 -0.5849
2.9820 7.5040 7.4313 7.1578 4.3204 3.6912 -0.5427
2.9840 7.5126 7.4387 7.1568 4.3008 3.7470 -0.4980
2.9860 7.5212 7.4463 7.1558 4.2810 3.8026 -0.4507
2.9880 7.5298 7.4539 7.1550 4.2609 3.8580 -0.4010
2.9900 7.5383 7.4617 7.1542 4.2406 3.9134 -0.3488
2.9920 7.5467 7.4696 7.1536 4.2200 3.9685 -0.2942
2.9940 7.5551 7.4776 7.1530 4.1992 4.0235 -0.2373
2.9960 7.5635 7.4857 7.1526 4.1782 4.0783 -0.1780
2.9980 7.5719 7.4939 7.1523 4.1570 4.1329 -0.1164
3.0000 7.5802 7.5022 7.1521 4.1356 4.1872 -0.0525
3.0020 7.5884 7.5106 7.1521 4.1140 4.2414 0.0135
3.0040 7.5966 7.5192 7.1522 4.0922 4.2953 0.0818
3.0060 7.6048 7.5278 7.1524 4.0703 4.3489 0.1521
3.0080 7.6129 7.5366 7.1528 4.0482 4.4022 0.2246
3.0100 7.6210 7.5454 7.1533 4.0259 4.4552 0.2991
3.0120 7.6290 7.5544 7.1540 4.0035 4.5080 0.3755
3.0140 7.6370 7.5635 7.1548 3.9810 4.5604 0.4540
3.0160 7.6449 7.5726 7.1558 3.9583 4.6125 0.5343
3.0180 7.6528 7.5819 7.1570 3.9355 4.6642 0.6164
3.0200 7.6607 7.5913 7.1583 3.9126 4.7156 0.7004
3.0220 7.6685 7.6008 7.1598 3.8897 4.7666 0.7861
3.0240 7.6762 7.6104 7.1614 3.8666 4.8172 0.8735
3.0260 7.6839 7.6200 7.1633 3.8435 4.8674 0.9626
3.0280 7.6916 7.6298 7.1653 3.8203 4.9172 1.0532
3.0300 7.6992 7.6397 7.1675 3.7970 4.9666 1.1454
3.0320 7.7068 7.6497 7.1699 3.7737 5.0155 1.2390
3.0340 7.7143 7.6598 7.1725 3.7503 5.0640 1.3341
3.0360 7.7218 7.6700 7.1752 3.7270 5.1121 1.4306
3.0380 7.7292 7.6802 7.1782 3.7036 5.1596 1.5283
3.0400 7.7366 7.6906 7.1813 3.6802 5.2067 1.6274
3.0420 7.7439 7.7011 7.1847 3.6567 5.2533 1.7276
3.0440 7.7512 7.7116 7.1882 3.6334 5.2994 1.8290
3.0460 7.7585 7.7223 7.1920 3.6100 5.3450 1.9315
3.0480 7.7657 7.7330 7.1960 3.5866 5.3900 2.0350
3.0500 7.7728 7.7438 7.2001 3.5633 5.4346 2.1395
3.0520 7.7799 7.7547 7.2045 3.5400 5.4785 2.2449
3.0540 7.7870 7.7657 7.2091 3.5168 5.5219 2.3512
3.0560 7.7940 7.7768 7.2139 3.4937 5.5648 2.4583
3.0580 7.8009 7.7880 7.2190 3.4706 5.6070 2.5661
3.0600 7.8079 7.7992 7.2242 3.4476 5.6487 2.6746
3.0620 7.8147 7.8106 7.2297 3.4247 5.6898 2.7837
3.0640 7.8216 7.8220 7.2353 3.4019 5.7302 2.8934
3.0660 7.8283 7.8335 7.2412 3.3793 5.7701 3.0036
3.0680 7.8351 7.8451 7.2474 3.3567 5.8093 3.1143
3.0700 7.8418 7.8567 7.2537 3.3343 5.8479 3.2253
3.0720 7.8484 7.8685 7.2603 3.3120 5.8859 3.3367
3.0740 7.8550 7.8803 7.2670 3.2898 5.9232 3.4483
3.0760 7.8616 7.8922 7.2740 3.2678 5.9598 3.5602
3.0780 7.8681 7.9041 7.2813 3.2460 5.9958 3.6722
3.0800 7.8746 7.9161 7.2887 3.2244 6.0311 3.7843
3.0820 7.8810 7.9282 7.2964 3.2029 6.0657 3.8964
3.0840 7.8874 7.9404 7.3043 3.1816 6.0996 4.0085
3.0860 7.8937 7.9526 7.3124 3.1605 6.1329 4.1205
3.0880 7.9000 7.9649 7.3208 3.1396 6.1654 4.2323
3.0900 7.9063 7.9773 7.3294 3.1190 6.1972 4.3440
3.0920 7.9125 7.9897 7.3382 3.0986 6.2283 4.4553
3.0940 7.9187 8.0022 7.3472 3.0784 6.2587 4.5664
3.0960 7.9248 8.0148 7.3564 3.0584 6.2883 4.6770
3.0980 7.9309 8.0274 7.3659 3.0387 6.3173 4.7872
3.1000 7.9370 8.0400 7.3756 3.0192 6.3454 4.8969
3.1020 7.9430 8.0527 7.3855 3.0001 6.3729 5.0060
3.1040 7.9490 8.0655 7.3956 2.9812 6.3995 5.1145
3.1060 7.9549 8.0783 7.4059 2.9625 6.4255 5.2222
3.1080 7.9608 8.0912 7.4165 2.9442 6.4506 5.3293
3.1100 7.9667 8.1041 7.4273 2.9262 6.4750 5.4355
3.1120 7.9725 8.1171 7.4382 2.9085 6.4987 5.5409
3.1140 7.9783 8.1301 7.4494 2.8911 6.5216 5.6453
3.1160 7.9841 8.1432 7.4608 2.8740 6.5436 5.7487
3.1180 7.9898 8.1563 7.4724 2.8572 6.5650 5.8511
3.1200 7.9955 8.1695 7.4842 2.8408 6.5855 5.9524
3.1220 8.0012 8.1827 7.4962 2.8248 6.6053 6.0526
3.1240 8.0068 8.1959 7.5084 2.8091 6.6242 6.1515
3.1260 8.0124 8.2091 7.5208 2.7937 6.6424 6.2492
3.1280 8.0180 8.2224 7.5334 2.7788 6.6598 6.3455
3.1300 8.0235 8.2358 7.5462 2.7642 6.6764 6.4404
3.1320 8.0290 8.2492 7.5592 2.7499 6.6922 6.5339
3.1340 8.0345 8.2626 7.5724 2.7361 6.7073 6.6259
3.1360 8.0400 8.2760 7.5857 2.7227 6.7215 6.7163
3.1380 8.0454 8.2894 7.5992 2.7097 6.7350 6.8051
3.1400 8.0508 8.3029 7.6129 2.6971 6.7476 6.8923
3.1420 8.0562 8.3164 7.6268 2.6849 6.7595 6.9777
3.1440 8.0616 8.3300 7.6408 2.6731 6.7706 7.0614
3.1460 8.0669 8.3435 7.6550 2.6618 6.7808 7.1433
3.1480 8.0722 8.3571 7.6694 2.6509 6.7903 7.2233
3.1500 8.0775 8.3707 7.6839 2.6405 6.7991 7.3014
3.1520 8.0828 8.3843 7.6986 2.6305 6.8070 7.3775
3.1540 8.0880 8.3979 7.7134 2.6210 6.8141 7.4516
3.1560 8.0933 8.4115 7.7284 2.6119 6.8205 7.5237
3.1580 8.0985 8.4252 7.7435 2.6033 6.8261 7.5936
3.1600 8.1037 8.4388 7.7588 2.5952 6.8309 7.6614
3.1620 8.1089 8.4525 7.7742 2.5875 6.8350 7.7270
3.1640 8.1140 8.4662 7.7897 2.5803 6.8383 7.7904
3.1660 8.1192 8.4799 7.8053 2.5737 6.8408 7.8515
3.1680 8.1243 8.4935 7.8211 2.5675 6.8426 7.9103
3.1700 8.1294 8.5072 7.8370 2.5618 6.8436 7.9668
3.1720 8.1346 8.5209 7.8529 2.5566 6.8439 8.0209
3.1740 8.1397 8.5346 7.8690 2.5519 6.8434 8.0725
3.1760 8.1448 8.5483 7.8852 2.5477 6.8422 8.1217
3.1780 8.1499 8.5620 7.9015 2.5441 6.8403 8.1685
3.1800 8.1550 8.5756 7.9179 2.5409 6.8376 8.2127
3.1820 8.1600 8.5893 7.9344 2.5383 6.8342 8.2543
3.1840 8.1651 8.6030 7.9509 2.5362 6.8301 8.2934
3.1860 8.1702 8.6166 7.9675 2.5346 6.8253 8.3299
3.1880 8.1752 8.6303 7.9842 2.5335 6.8198 8.3638
3.1900 8.1803 8.6439 8.0010 2.5330 6.8136 8.3951
3.1920 8.1854 8.6575 8.0178 2.5330 6.8067 8.4237
3.1940 8.1904 8.6711 8.0347 2.5335 6.7991 8.4496
3.1960 8.1955 8.6847 8.0516 2.5346 6.7909 8.4728
3.1980 8.2006 8.6983 8.0686 2.5362 6.7820 8.4934
3.2000 8.2057 8.7119 8.0856 2.5383 6.7724 8.5112
3.2020 8.2107 8.7254 8.1026 2.5410 6.7622 8.5263
3.2040 8.2158 8.7389 8.1197 2.5442 6.7513 8.5386
3.2060 8.2209 8.7524 8.1368 2.5480 6.7398 8.5483
3.2080 8.2260 8.7659 8.1539 2.5522 6.7277 8.5551
3.2100 8.2311 8.7793 8.1710 2.5570 6.7149 8.5593
3.2120 8.2362 8.7927 8.1881 2.5624 6.7016 8.5606
3.2140 8.2414 8.8061 8.2052 2.5682 6.6876 8.5593
3.2160 8.2465 8.8195 8.2223 2.5746 6.6731 8.5552
3.2180 8.2517 8.8328 8.2394 2.5816 6.6580 8.5483
3.2200 8.2568 8.8461 8.2565 2.5890 6.6423 8.5388
3.2220 8.2620 8.8594 8.2736 2.5970 6.6260 8.5265
3.2240 8.2672 8.8726 8.2906 2.6055 6.6092 8.5115
3.2260 8.2725 8.8858 8.3076 2.6145 6.5918 8.4939
3.2280 8.2777 8.8990 8.3246 2.6240 6.5739 8.4735
3.2300 8.2829 8.9121 8.3415 2.6341 6.5554 8.4505
3.2320 8.2882 8.9252 8.3584 2.6446 6.5365 8.4249
3.2340 8.2935 8.9382 8.3752 2.6557 6.5170 8.3966
3.2360 8.2989 8.9513 8.3920 2.6672 6.4970 8.3658
3.2380 8.3042 8.9642 8.4087 2.6793 6.4765 8.3324
3.2400 8.3096 8.9772 8.4253 2.6918 6.4555 8.2964
3.2420 8.3150 8.9901 8.4419 2.7048 6.4341 8.2579
3.2440 8.3204 9.0029 8.4583 2.7183 6.4122 8.2169
3.2460 8.3258 9.0157 8.4747 2.7323 6.3898 8.1735
3.2480 8.3313 9.0285 8.4910 2.7467 6.3669 8.1277
3.2500 8.3368 9.0412 8.5072 2.7616 6.3437 8.0794
3.2520 8.3424 9.0538 8.5234 2.7770 6.3200 8.0288
3.2540 8.3479 9.0665 8.5394 2.7928 6.2958 7.9759
3.2560 8.3535 9.0790 8.5553 2.8090 6.2713 7.9207
3.2580 8.3592 9.0915 8.5710 2.8257 6.2463 7.8633
3.2600 8.3648 9.1040 8.5867 2.8428 6.2209 7.8036
3.2620 8.3705 9.1164 8.6023 2.8604 6.1952 7.7418
3.2640 8.3763 9.1288 8.6177 2.8783 6.1690 7.6779
3.2660 8.3821 9.1411 8.6330 2.8967 6.1425 7.6119
3.2680 8.3879 9.1534 8.6481 2.9154 6.1156 7.5439
3.2700 8.3937 9.1656 8.6631 2.9346 6.0883 7.4739
3.2720 8.3996 9.1777 8.6780 2.9541 6.0607 7.4019
3.2740 8.4055 9.1898 8.6927 2.9740 6.0328 7.3281
3.2760 8.4115 9.2018 8.7073 2.9943 6.0045 7.2524
3.2780 8.4175 9.2138 8.7218 3.0149 5.9758 7.1750
3.2800 8.4236 9.2257 8.7360 3.0359 5.9469 7.0958
3.2820 8.4297 9.2376 8.7501 3.0572 5.9176 7.0149
3.2840 8.4358 9.2494 8.7641 3.0789 5.8880 6.9323
3.2860 8.4420 9.2612 8.7779 3.1009 5.8581 6.8482
3.2880 8.4482 9.2728 8.7915 3.1232 5.8279 6.7625
3.2900 8.4545 9.2845 8.8049 3.1458 5.7974 6.6754
3.2920 8.4608 9.2960 8.8182 3.1687 5.7666 6.5868
3.2940 8.4671 9.3075 8.8313 3.1920 5.7356 6.4968
3.2960 8.4735 9.3190 8.8442 3.2154 5.7042 6.4055
3.2980 8.4800 9.3304 8.8569 3.2392 5.6726 6.3130
3.3000 8.4865 9.3417 8.8694 3.2632 5.6408 6.2192
3.3020 8.4931 9.3529 8.8818 3.2875 5.6086 6.1243
3.3040 8.4997 9.3641 8.8939 3.3120 5.5763 6.0282
3.3060 8.5063 9.3752 8.9059 3.3368 5.5437 5.9311
3.3080 8.5130 9.3863 8.9176 3.3618 5.5108 5.8330
3.3100 8.5198 9.3973 8.9292 3.3870 5.4777 5.7340
3.3120 8.5266 9.4082 8.9406 3.4124 5.4444 5.6341
3.3140 8.5334 9.4190 8.9517 3.4380 5.4108 5.5333
3.3160 8.5403 9.4298 8.9627 3.4638 5.3771 5.4318
3.3180 8.5473 9.4405 8.9735 3.4897 5.3431 5.3296
3.3200 8.5543 9.4512 8.9840 3.5159 5.3089 5.2267
3.3220 8.5613 9.4618 8.9944 3.5422 5.2745 5.1232
3.3240 8.5684 9.4723 9.0045 3.5686 5.2399 5.0191
3.3260 8.5756 9.4827 9.0144 3.5952 5.2051 4.9145
3.3280 8.5828 9.4931 9.0242 3.6220 5.1701 4.8095
3.3300 8.5901 9.5034 9.0337 3.6488 5.1349 4.7042
3.3320 8.5974 9.5137 9.0430 3.6758 5.0996 4.5985
3.3340 8.6048 9.5238 9.0521 3.7028 5.0640 4.4925
3.3360 8.6122 9.5339 9.0609 3.7300 5.0283 4.3863
3.3380 8.6197 9.5439 9.0696 3.7572 4.9924 4.2800
3.3400 8.6272 9.5539 9.0781 3.7846 4.9563 4.1735
3.3420 8.6348 9.5638 9.0863 3.8119 4.9201 4.0670
3.3440 8.6425 9.5736 9.0943 3.8394 4.8837 3.9605
3.3460 8.6502 9.5833 9.1022 3.8669 4.8472 3.8541
3.3480 8.6580 9.5930 9.1098 3.8944 4.8105 3.7478
3.3500 8.6658 9.6025 9.1171 3.9219 4.7736 3.6417
3.3520 8.6737 9.6120 9.1243 3.9495 4.7366 3.5358
3.3540 8.6816 9.6215 9.1313 3.9771 4.6995 3.4302
3.3560 8.6896 9.6308 9.1380 4.0047 4.6622 3.3249
3.3580 8.6976 9.6401 9.1446 4.0322 4.6248 3.2200
3.3600 8.7057 9.6493 9.1509 4.0598 4.5873 3.1156
3.3620 8.7138 9.6585 9.1570 4.0873 4.5496 3.0117
3.3640 8.7220 9.6675 9.1630 4.1148 4.5118 2.9083
3.3660 8.7303 9.6765 9.1687 4.1422 4.4739 2.8056
3.3680 8.7386 9.6854 9.1742 4.1696 4.4359 2.7035
3.3700 8.7470 9.6943 9.1795 4.1969 4.3977 2.6022
3.3720 8.7554 9.7030 9.1846 4.2241 4.3595 2.5016
3.3740 8.7639 9.7117 9.1895 4.2513 4.3211 2.4019
3.3760 8.7724 9.7203 9.1942 4.2784 4.2827 2.3030
3.3780 8.7810 9.7288 9.1987 4.3053 4.2442 2.2051
3.3800 8.7896 9.7373 9.2030 4.3322 4.2055 2.1082
3.3820 8.7983 9.7457 9.2072 4.3589 4.1668 2.0124
3.3840 8.8071 9.7540 9.2111 4.3855 4.1280 1.9176
3.3860 8.8159 9.7622 9.2148 4.4120 4.0891 1.8240
3.3880 8.8247 9.7703 9.2184 4.4383 4.0502 1.7316
3.3900 8.8336 9.7784 9.2218 4.4644 4.0111 1.6405
3.3920 8.8426 9.7864 9.2249 4.4904 3.9721 1.5506
3.3940 8.8516 9.7943 9.2280 4.5162 3.9329 1.4621
3.3960 8.8606 9.8021 9.2308 4.5419 3.8937 1.3751
3.3980 8.8697 9.8098 9.2335 4.5673 3.8545 1.2895
3.4000 8.8789 9.8175 9.2360 4.5926 3.8152 1.2054
3.4020 8.8881 9.8251 9.2383 4.6176 3.7758 1.1229
3.4040 8.8974 9.8326 9.2404 4.6424 3.7365 1.0419
3.4060 8.9067 9.8400 9.2424 4.6670 3.6971 0.9627
3.4080 8.9160 9.8474 9.2443 4.6914 3.6577 0.8851
3.4100 8.9254 9.8547 9.2460 4.7155 3.6183 0.8093
3.4120 8.9349 9.8619 9.2475 4.7394 3.5788 0.7353
3.4140 8.9444 9.8690 9.2489 4.7630 3.5394 0.6632
3.4160 8.9539 9.8760 9.2502 4.7863 3.5000 0.5929
3.4180 8.9635 9.8830 9.2513 4.8094 3.4605 0.5246
3.4200 8.9732 9.8899 9.2523 4.8322 3.4211 0.4583
3.4220 8.9829 9.8967 9.2531 4.8547 3.3818 0.3940
3.4240 8.9926 9.9034 9.2539 4.8769 3.3424 0.3317
3.4260 9.0024 9.9100 9.2545 4.8988 3.3031 0.2716
3.4280 9.0122 9.9166 9.2550 4.9204 3.2639 0.2136
3.4300 9.0221 9.9231 9.2553 4.9416 3.2246 0.1578
3.4320 9.0320 9.9295 9.2556 4.9626 3.1855 0.1042
3.4340 9.0419 9.9358 9.2557 4.9832 3.1464 0.0528
3.4360 9.0519 9.9421 9.2558 5.0035 3.1074 0.0038
3.4380 9.0619 9.9483 9.2558 5.0234 3.0685 -0.0429
3.4400 9.0720 9.9544 9.2556 5.0430 3.0297 -0.0872
3.4420 9.0821 9.9604 9.2554 5.0622 2.9910 -0.1292
3.4440 9.0922 9.9663 9.2551 5.0810 2.9524 -0.1687
3.4460 9.1024 9.9722 9.2547 5.0995 2.9139 -0.2057
3.4480 9.1126 9.9780 9.2543 5.1176 2.8756 -0.2403
3.4500 9.1229 9.9837 9.2538 5.1353 2.8374 -0.2724
3.4520 9.1332 9.9893 9.2532 5.1527 2.7993 -0.3019
3.4540 9.1435 9.9949 9.2526 5.1696 2.7614 -0.3289
3.4560 9.1539 10.0004 9.2519 5.1862 2.7237 -0.3533
3.4580 9.1642 10.0058 9.2512 5.2023 2.6861 -0.3751
3.4600 9.1747 10.0111 9.2504 5.2180 2.6487 -0.3943
3.4620 9.1851 10.0164 9.2496 5.2333 2.6116 -0.4108
3.4640 9.1956 10.0216 9.2488 5.2482 2.5746 -0.4247
3.4660 9.2061 10.0267 9.2479 5.2627 2.5379 -0.4359
3.4680 9.2166 10.0317 9.2470 5.2768 2.5014 -0.4445
3.4700 9.2272 10.0367 9.2461 5.2904 2.4651 -0.4504
3.4720 9.2378 10.0416 9.2452 5.3036 2.4291 -0.4535
3.4740 9.2484 10.0464 9.2443 5.3164 2.3934 -0.4540
3.4760 9.2591 10.0512 9.2434 5.3287 2.3579 -0.4518
3.4780 9.2697 10.0558 9.2425 5.3406 2.3227 -0.4469
3.4800 9.2804 10.0605 9.2416 5.3520 2.2878 -0.4392
3.4820 9.2911 10.0650 9.2408 5.3630 2.2533 -0.4289
3.4840 9.3019 10.0695 9.2399 5.3736 2.2190 -0.4158
3.4860 9.3126 10.0739 9.2391 5.3837 2.1851 -0.4001
3.4880 9.3234 10.0782 9.2383 5.3933 2.1515 -0.3816
3.4900 9.3342 10.0825 9.2376 5.4025 2.1183 -0.3605
3.4920 9.3450 10.0867 9.2369 5.4113 2.0854 -0.3367
3.4940 9.3559 10.0908 9.2362 5.4196 2.0529 -0.3102
3.4960 9.3667 10.0949 9.2356 5.4274 2.0208 -0.2811
3.4980 9.3776 10.0989 9.2351 5.4348 1.9891 -0.2494
3.5000 9.3884 10.1028 9.2346 5.4417 1.9578 -0.2150
3.5020 9.3993 10.1067 9.2342 5.4482 1.9270 -0.1781
3.5040 9.4102 10.1106 9.2339 5.4542 1.8966 -0.1385
3.5060 9.4212 10.1143 9.2337 5.4598 1.8666 -0.0964
3.5080 9.4321 10.1180 9.2335 5.4649 1.8371 -0.0518
3.5100 9.4430 10.1217 9.2335 5.4695 1.8081 -0.0047
3.5120 9.4540 10.1253 9.2335 5.4737 1.7795 0.0449
3.5140 9.4649 10.1288 9.2337 5.4774 1.7515 0.0970
3.5160 9.4759 10.1323 9.2339 5.4807 1.7239 0.1514
3.5180 9.4868 10.1357 9.2343 5.4836 1.6969 0.2083
3.5200 9.4978 10.1391 9.2348 5.4859 1.6704 0.2675
3.5220 9.5088 10.1424 9.2354 5.4879 1.6444 0.3290
3.5240 9.5197 10.1456 9.2361 5.4894 1.6190 0.3928
3.5260 9.5307 10.1488 9.2369 5.4904 1.5942 0.4589
3.5280 9.5417 10.1520 9.2379 5.4910 1.5699 0.5272
3.5300 9.5527 10.1551 9.2390 5.4912 1.5463 0.5976
3.5320 9.5637 10.1582 9.2403 5.4909 1.5232 0.6701
3.5340 9.5747 10.1612 9.2417 5.4902 1.5007 0.7448
3.5360 9.5856 10.1642 9.2433 5.4891 1.4789 0.8215
3.5380 9.5966 10.1671 9.2450 5.4875 1.4577 0.9001
3.5400 9.6076 10.1700 9.2469 5.4856 1.4371 0.9807
3.5420 9.6186 10.1729 9.2489 5.4831 1.4172 1.0633
3.5440 9.6295 10.1757 9.2511 5.4803 1.3980 1.1476
3.5460 9.6405 10.1785 9.2535 5.4771 1.3794 1.2338
3.5480 9.6514 10.1812 9.2561 5.4734 1.3615 1.3217
3.5500 9.6624 10.1839 9.2588 5.4694 1.3443 1.4114
3.5520 9.6733 10.1866 9.2617 5.4649 1.3278 1.5027
3.5540 9.6842 10.1892 9.2648 5.4600 1.3120 1.5956
3.5560 9.6951 10.1918 9.2681 5.4548 1.2969 1.6900
3.5580 9.7060 10.1944 9.2716 5.4491 1.2826 1.7859
3.5600 9.7169 10.1970 9.2753 5.4431 1.2690 1.8833
3.5620 9.7278 10.1995 9.2791 5.4367 1.2562 1.9821
3.5640 9.7387 10.2020 9.2832 5.4299 1.2441 2.0822
3.5660 9.7495 10.2045 9.2875 5.4227 1.2327 2.1836
3.5680 9.7604 10.2069 9.2919 5.4152 1.2222 2.2862
3.5700 9.7712 10.2094 9.2966 5.4073 1.2124 2.3899
3.5720 9.7820 10.2118 9.3015 5.3990 1.2035 2.4948
3.5740 9.7928 10.2142 9.3066 5.3904 1.1953 2.6007
3.5760 9.8036 10.2166 9.3119 5.3814 1.1879 2.7076
3.5780 9.8143 10.2189 9.3174 5.3721 1.1813 2.8154
3.5800 9.8251 10.2213 9.3232 5.3624 1.1756 2.9241
3.5820 9.8358 10.2236 9.3291 5.3524 1.1707 3.0336
3.5840 9.8465 10.2260 9.3353 5.3421 1.1666 3.1439
3.5860 9.8571 10.2283 9.3417 5.3315 1.1634 3.2548
3.5880 9.8678 10.2306 9.3483 5.3205 1.1610 3.3664
3.5900 9.8784 10.2329 9.3552 5.3092 1.1594 3.4786
3.5920 9.8890 10.2353 9.3622 5.2976 1.1587 3.5912
3.5940 9.8996 10.2376 9.3695 5.2858 1.1589 3.7044
3.5960 9.9102 10.2399 9.3770 5.2736 1.1599 3.8179
3.5980 9.9207 10.2422 9.3848 5.2611 1.1619 3.9317
3.6000 9.9312 10.2445 9.3928 5.2484 1.1647 4.0458
3.6020 9.9417 10.2469 9.4010 5.2353 1.1683 4.1601
3.6040 9.9522 10.2492 9.4094 5.2220 1.1729 4.2746
3.6060 9.9626 10.2516 9.4181 5.2084 1.1783 4.3891
3.6080 9.9730 10.2539 9.4270 5.1946 1.1847 4.5037
3.6100 9.9834 10.2563 9.4361 5.1805 1.1919 4.6182
3.6120 9.9937 10.2587 9.4454 5.1662 1.2001 4.7326
3.6140 10.0040 10.2611 9.4550 5.1516 1.2091 4.8469
3.6160 10.0143 10.2635 9.4648 5.1368 1.2191 4.9609
3.6180 10.0246 10.2660 9.4749 5.1218 1.2299 5.0746
3.6200 10.0348 10.2685 9.4851 5.1065 1.2417 5.1880
3.6220 10.0450 10.2710 9.4956 5.0910 1.2544 5.3009
3.6240 10.0552 10.2735 9.5063 5.0754 1.2680 5.4134
3.6260 10.0653 10.2760 9.5173 5.0595 1.2825 5.5254
3.6280 10.0754 10.2786 9.5284 5.0434 1.2979 5.6367
3.6300 10.0855 10.2812 9.5398 5.0271 1.3143 5.7474
3.6320 10.0955 10.2839 9.5514 5.0107 1.3316 5.8574
3.6340 10.1055 10.2866 9.5632 4.9941 1.3498 5.9665
3.6360 10.1155 10.2893 9.5753 4.9773 1.3689 6.0749
3.6380 10.1254 10.2920 9.5875 4.9604 1.3889 6.1823
3.6400 10.1353 10.2948 9.6000 4.9433 1.4098 6.2887
3.6420 10.1452 10.2977 9.6127 4.9260 1.4317 6.3941
3.6440 10.1550 10.3006 9.6256 4.9087 1.4545 6.4985
3.6460 10.1648 10.3035 9.6387 4.8912 1.4782 6.6016
3.6480 10.1746 10.3065 9.6520 4.8736 1.5028 6.7036
3.6500 10.1843 10.3095 9.6655 4.8558 1.5283 6.8043
3.6520 10.1940 10.3126 9.6792 4.8380 1.5548 6.9036
3.6540 10.2037 10.3157 9.6931 4.8201 1.5821 7.0016
3.6560 10.2133 10.3189 9.7072 4.8020 1.6104 7.0981
3.6580 10.2229 10.3222 9.7215 4.7839 1.6395 7.1931
3.6600 10.2324 10.3255 9.7360 4.7658 1.6696 7.2866
3.6620 10.2419 10.3288 9.7506 4.7475 1.7005 7.3784
3.6640 10.2514 10.3323 9.7655 4.7292 1.7323 7.4686
3.6660 10.2609 10.3358 9.7805 4.7109 1.7650 7.5570
3.6680 10.2703 10.3393 9.7957 4.6925 1.7986 7.6436
3.6700 10.2796 10.3430 9.8111 4.6741 1.8331 7.7284
3.6720 10.2890 10.3467 9.8266 4.6556 1.8684 7.8113
3.6740 10.2983 10.3504 9.8423 4.6372 1.9046 7.8923
3.6760 10.3075 10.3543 9.8582 4.6187 1.9417 7.9712
3.6780 10.3167 10.3582 9.8742 4.6002 1.9796 8.0482
3.6800 10.3259 10.3622 9.8904 4.5817 2.0183 8.1230
3.6820 10.3351 10.3663 9.9067 4.5633 2.0579 8.1956
3.6840 10.3442 10.3704 9.9232 4.5449 2.0983 8.2661
3.6860 10.3532 10.3747 9.9398 4.5265 2.1396 8.3343
3.6880 10.3623 10.3790 9.9565 4.5081 2.1816 8.4003
3.6900 10.3713 10.3834 9.9734 4.4898 2.2245 8.4639
3.6920 10.3802 10.3879 9.9904 4.4716 2.2681 8.5251
3.6940 10.3892 10.3925 10.0075 4.4534 2.3125 8.5839
3.6960 10.3980 10.3971 10.0247 4.4353 2.3577 8.6403
3.6980 10.4069 10.4019 10.0420 4.4173 2.4037 8.6942
3.7000 10.4157 10.4068 10.0595 4.3994 2.4504 8.7456
3.7020 10.4245 10.4117 10.0770 4.3815 2.4979 8.7943
3.7040 10.4332 10.4168 10.0946 4.3638 2.5461 8.8405
3.7060 10.4420 10.4219 10.1124 4.3462 2.5950 8.8841
3.7080 10.4506 10.4271 10.1302 4.3287 2.6446 8.9250
3.7100 10.4593 10.4325 10.1481 4.3113 2.6949 8.9632
3.7120 10.4679 10.4379 10.1660 4.2941 2.7459 8.9987
3.7140 10.4764 10.4435 10.1841 4.2770 2.7976 9.0315
3.7160 10.4850 10.4491 10.2021 4.2601 2.8499 9.0615
3.7180 10.4935 10.4549 10.2203 4.2433 2.9029 9.0887
3.7200 10.5020 10.4607 10.2385 4.2267 2.9565 9.1131
3.7220 10.5104 10.4667 10.2567 4.2103 3.0107 9.1347
3.7240 10.5188 10.4728 10.2750 4.1940 3.0655 9.1534
3.7260 10.5272 10.4790 10.2934 4.1779 3.1208 9.1693
3.7280 10.5355 10.4852 10.3117 4.1621 3.1768 9.1823
3.7300 10.5438 10.4917 10.3301 4.1464 3.2332 9.1925
3.7320 10.5521 10.4982 10.3485 4.1309 3.2903 9.1997
3.7340 10.5603 10.5048 10.3669 4.1157 3.3478 9.2041
3.7360 10.5686 10.5116 10.3853 4.1006 3.4058 9.2056
3.7380 10.5767 10.5184 10.4037 4.0858 3.4643 9.2042
3.7400 10.5849 10.5254 10.4221 4.0712 3.5233 9.1999
3.7420 10.5930 10.5325 10.4405 4.0569 3.5827 9.1927
3.7440 10.6011 10.5398 10.4589 4.0427 3.6425 9.1826
3.7460 10.6092 10.5471 10.4772 4.0289 3.7028 9.1697
3.7480 10.6172 10.5546 10.4955 4.0153 3.7634 9.1539
3.7500 10.6253 10.5622 10.5138 4.0019 3.8244 9.1352
3.7520 10.6333 10.5699 10.5321 3.9888 3.8857 9.1137
3.7540 10.6412 10.5777 10.5503 3.9760 3.9474 9.0894
3.7560 10.6492 10.5857 10.5684 3.9634 4.0094 9.0622
3.7580 10.6571 10.5937 10.5865 3.9511 4.0717 9.0322
3.7600 10.6650 10.6019 10.6046 3.9391 4.1342 8.9995
3.7620 10.6728 10.6103 10.6225 3.9273 4.1970 8.9640
3.7640 10.6807 10.6187 10.6404 3.9159 4.2599 8.9258
3.7660 10.6885 10.6273 10.6582 3.9047 4.3231 8.8849
3.7680 10.6963 10.6360 10.6760 3.8938 4.3865 8.8413
3.7700 10.7041 10.6449 10.6936 3.8832 4.4501 8.7951
3.7720 10.7118 10.6538 10.7111 3.8729 4.5137 8.7463
3.7740 10.7196 10.6629 10.7286 3.8629 4.5775 8.6948
3.7760 10.7273 10.6721 10.7459 3.8532 4.6414 8.6409
3.7780 10.7350 10.6815 10.7631 3.8438 4.7054 8.5844
3.7800 10.7426 10.6910 10.7802 3.8347 4.7694 8.5255
3.7820 10.7503 10.7006 10.7972 3.8259 4.8334 8.4641
3.7840 10.7580 10.7103 10.8141 3.8175 4.8974 8.4004
3.7860 10.7656 10.7202 10.8308 3.8093 4.9614 8.3343
3.7880 10.7732 10.7301 10.8474 3.8014 5.0254 8.2659
3.7900 10.7808 10.7403 10.8639 3.7939 5.0893 8.1953
3.7920 10.7884 10.7505 10.8802 3.7866 5.1531 8.1224
3.7940 10.7959 10.7609 10.8964 3.7797 5.2168 8.0474
3.7960 10.8035 10.7714 10.9124 3.7731 5.2804 7.9703
3.7980 10.8110 10.7820 10.9283 3.7667 5.3438 7.8911
3.8000 10.8186 10.7927 10.9440 3.7607 5.4070 7.8099
3.8020 10.8261 10.8036 10.9595 3.7551 5.4701 7.7268
3.8040 10.8336 10.8146 10.9749 3.7497 5.5329 7.6417
3.8060 10.8411 10.8257 10.9901 3.7446 5.5954 7.5548
3.8080 10.8486 10.8370 11.0051 3.7399 5.6577 7.4661
3.8100 10.8560 10.8484 11.0199 3.7354 5.7197 7.3757
3.8120 10.8635 10.8599 11.0346 3.7313 5.7813 7.2836
3.8140 10.8710 10.8715 11.0491 3.7275 5.8427 7.1899
3.8160 10.8784 10.8833 11.0633 3.7239 5.9036 7.0946
3.8180 10.8858 10.8951 11.0774 3.7207 5.9642 6.9978
3.8200 10.8933 10.9071 11.0913 3.7178 6.0244 6.8995
3.8220 10.9007 10.9192 11.1050 3.7152 6.0841 6.7999
3.8240 10.9081 10.9314 11.1185 3.7129 6.1434 6.6989
3.8260 10.9156 10.9438 11.1318 3.7109 6.2023 6.5967
3.8280 10.9230 10.9563 11.1449 3.7092 6.2606 6.4933
3.8300 10.9304 10.9688 11.1578 3.7077 6.3184 6.3887
3.8320 10.9378 10.9815 11.1705 3.7066 6.3757 6.2831
3.8340 10.9452 10.9943 11.1829 3.7058 6.4324 6.1765
3.8360 10.9526 11.0073 11.1952 3.7052 6.4885 6.0689
3.8380 10.9601 11.0203 11.2072 3.7050 6.5440 5.9604
3.8400 10.9675 11.0334 11.2190 3.7050 6.5989 5.8511
3.8420 10.9749 11.0467 11.2306 3.7053 6.6532 5.7410
3.8440 10.9823 11.0600 11.2420 3.7059 6.7068 5.6303
3.8460 10.9897 11.0735 11.2531 3.7067 6.7597 5.5189
3.8480 10.9971 11.0871 11.2641 3.7078 6.8119 5.4070
3.8500 11.0045 11.1008 11.2748 3.7092 6.8634 5.2945
3.8520 11.0120 11.1145 11.2852 3.7109 6.9142 5.1817
3.8540 11.0194 11.1284 11.2955 3.7128 6.9642 5.0684
3.8560 11.0268 11.1424 11.3055 3.7149 7.0134 4.9549
3.8580 11.0342 11.1565 11.3153 3.7174 7.0618 4.8411
3.8600 11.0417 11.1706 11.3249 3.7200 7.1094 4.7272
3.8620 11.0491 11.1849 11.3342 3.7230 7.1562 4.6132
3.8640 11.0566 11.1993 11.3433 3.7261 7.2021 4.4991
3.8660 11.0640 11.2137 11.3522 3.7295 7.2472 4.3851
3.8680 11.0715 11.2282 11.3609 3.7332 7.2913 4.2711
3.8700 11.0790 11.2429 11.3693 3.7370 7.3346 4.1573
3.8720 11.0864 11.2576 11.3775 3.7411 7.3770 4.0438
3.8740 11.0939 11.2724 11.3855 3.7454 7.4184 3.9305
3.8760 11.1014 11.2873 11.3932 3.7500 7.4589 3.8176
3.8780 11.1089 11.3022 11.4007 3.7547 7.4984 3.7051
3.8800 11.1164 11.3172 11.4080 3.7597 7.5369 3.5931
3.8820 11.1240 11.3324 11.4151 3.7648 7.5745 3.4816
3.8840 11.1315 11.3475 11.4220 3.7702 7.6111 3.3708
3.8860 11.1390 11.3628 11.4286 3.7758 7.6466 3.2606
3.8880 11.1466 11.3781 11.4350 3.7815 7.6811 3.1512
3.8900 11.1542 11.3935 11.4412 3.7874 7.7146 3.0426
3.8920 11.1617 11.4090 11.4472 3.7936 7.7470 2.9348
3.8940 11.1693 11.4245 11.4529 3.7998 7.7784 2.8280
3.8960 11.1769 11.4401 11.4585 3.8063 7.8087 2.7222
3.8980 11.1846 11.4557 11.4638 3.8129 7.8379 2.6174
3.9000 11.1922 11.4715 11.4690 3.8197 7.8660 2.5138
3.9020 11.1998 11.4872 11.4739 3.8267 7.8930 2.4113
3.9040 11.2075 11.5030 11.4786 3.8338 7.9189 2.3101
3.9060 11.2152 11.5189 11.4831 3.8410 7.9437 2.2102
3.9080 11.2229 11.5348 11.4874 3.8484 7.9673 2.1116
3.9100 11.2306 11.5508 11.4916 3.8560 7.9899 2.0144
3.9120 11.2383 11.5668 11.4955 3.8636 8.0113 1.9187
3.9140 11.2460 11.5828 11.4993 3.8714 8.0315 1.8246
3.9160 11.2538 11.5989 11.5028 3.8793 8.0506 1.7320
3.9180 11.2615 11.6150 11.5062 3.8873 8.0686 1.6411
3.9200 11.2693 11.6312 11.5094 3.8954 8.0853 1.5518
3.9220 11.2771 11.6473 11.5124 3.9037 8.1010 1.4643
3.9240 11.2849 11.6636 11.5152 3.9120 8.1154 1.3786
3.9260 11.2928 11.6798 11.5179 3.9204 8.1287 1.2948
3.9280 11.3006 11.6961 11.5204 3.9290 8.1408 1.2128
3.9300 11.3085 11.7124 11.5228 3.9376 8.1518 1.1328
3.9320 11.3164 11.7287 11.5249 3.9462 8.1616 1.0549
3.9340 11.3243 11.7450 11.5270 3.9550 8.1702 0.9789
3.9360 11.3322 11.7614 11.5289 3.9638 8.1777 0.9050
3.9380 11.3401 11.7777 11.5306 3.9727 8.1840 0.8333
3.9400 11.3481 11.7941 11.5322 3.9816 8.1891 0.7638
3.9420 11.3561 11.8105 11.5337 3.9906 8.1930 0.6964
3.9440 11.3640 11.8269 11.5350 3.9996 8.1958 0.6314
3.9460 11.3721 11.8433 11.5362 4.0087 8.1975 0.5686
3.9480 11.3801 11.8596 11.5373 4.0178 8.1980 0.5082
3.9500 11.3881 11.8760 11.5382 4.0270 8.1973 0.4501
3.9520 11.3962 11.8924 11.5391 4.0361 8.1955 0.3944
3.9540 11.4043 11.9088 11.5398 4.0453 8.1926 0.3412
3.9560 11.4124 11.9252 11.5404 4.0545 8.1886 0.2905
3.9580 11.4205 11.9416 11.5410 4.0638 8.1834 0.2422
3.9600 11.4286 11.9579 11.5414 4.0730 8.1771 0.1965
3.9620 11.4368 11.9743 11.5418 4.0822 8.1697 0.1533
3.9640 11.4450 11.9906 11.5420 4.0914 8.1613 0.1126
3.9660 11.4531 12.0069 11.5422 4.1007 8.1517 0.0746
3.9680 11.4614 12.0232 11.5423 4.1099 8.1411 0.0392
3.9700 11.4696 12.0395 11.5424 4.1191 8.1294 0.0064
3.9720 11.4778 12.0557 11.5424 4.1283 8.1166 -0.0237
3.9740 11.4861 12.0720 11.5423 4.1374 8.1028 -0.0512
3.9760 11.4944 12.0882 11.5422 4.1466 8.0880 -0.0760
3.9780 11.5027 12.1043 11.5420 4.1557 8.0721 -0.0980
3.9800 11.5110 12.1204 11.5418 4.1647 8.0553 -0.1175
3.9820 11.5193 12.1365 11.5415 4.1738 8.0374 -0.1341
3.9840 11.5277 12.1526 11.5412 4.1828 8.0186 -0.1481
3.9860 11.5361 12.1686 11.5409 4.1917 7.9988 -0.1594
3.9880 11.5445 12.1846 11.5406 4.2006 7.9781 -0.1680
3.9900 11.5529 12.2005 11.5403 4.2095 7.9564 -0.1738
3.9920 11.5613 12.2164 11.5399 4.2183 7.9338 -0.1770
3.9940 11.5698 12.2322 11.5395 4.2271 7.9103 -0.1774
3.9960 11.5782 12.2480 11.5392 4.2358 7.8859 -0.1751
3.9980 11.5867 12.2638 11.5388 4.2444 7.8607 -0.1702
4.0000 11.5952 12.2795 11.5385 4.2530 7.8345 -0.1625