0.0000
0.0020
0.0040
0.0060
0.0080
0.0100
0.0120
0.0140
0.0160
0.0180
0.0200
0.0220
0.0240
0.0260
0.0280
0.0300
0.0320
0.0340
0.0360
0.0380
0.0400
0.0420
0.0440
0.0460
0.0480
0.0500
0.0520
0.0540
0.0560
0.0580
0.0600
0.0620
0.0640
0.0660
0.0680
0.0700
0.0720
0.0740
0.0760
0.0780
0.0800
0.0820
0.0840
0.0860
0.0880
0.0900
0.0920
0.0940
0.0960
0.0980
0.1000
0.1020
0.1040
0.1060
0.1080
0.1100
0.1120
0.1140
0.1160
0.1180
0.1200
0.1220
0.1240
0.1260
0.1280
0.1300
0.1320
0.1340
0.1360
0.1380
0.1400
0.1420
0.1440
0.1460
0.1480
0.1500
0.1520
0.1540
0.1560
0.1580
0.1600
0.1620
0.1640
0.1660
0.1680
0.1700
0.1720
0.1740
0.1760
0.1780
0.1800
0.1820
0.1840
0.1860
0.1880
0.1900
0.1920
0.1940
0.1960
0.1980
0.2000
0.2020
0.2040
0.2060
0.2080
0.2100
0.2120
0.2140
0.2160
0.2180
0.2200
0.2220
0.2240
0.2260
0.2280
0.2300
0.2320
0.2340
0.2360
0.2380
0.2400
0.2420
0.2440
0.2460
0.2480
0.2500
0.2520
0.2540
0.2560
0.2580
0.2600
0.2620
0.2640
0.2660
0.2680
0.2700
0.2720
0.2740
0.2760
0.2780
0.2800
0.2820
0.2840
0.2860
0.2880
0.2900
0.2920
0.2940
0.2960
0.2980
0.3000
0.3020
0.3040
0.3060
0.3080
0.3100
0.3120
0.3140
0.3160
0.3180
0.3200
0.3220
0.3240
0.3260
0.3280
0.3300
0.3320
0.3340
0.3360
0.3380
0.3400
0.3420
0.3440
0.3460
0.3480
0.3500
0.3520
0.3540
0.3560
0.3580
0.3600
0.3620
0.3640
0.3660
0.3680
0.3700
0.3720
0.3740
0.3760
0.3780
0.3800
0.3820
0.3840
0.3860
0.3880
0.3900
0.3920
0.3940
0.3960
0.3980
0.4000
0.4020
0.4040
0.4060
0.4080
0.4100
0.4120
0.4140
0.4160
0.4180
0.4200
0.4220
0.4240
0.4260
0.4280
0.4300
0.4320
0.4340
0.4360
0.4380
0.4400
0.4420
0.4440
0.4460
0.4480
0.4500
0.4520
0.4540
0.4560
0.4580
0.4600
0.4620
0.4640
0.4660
0.4680
0.4700
0.4720
0.4740
0.4760
0.4780
0.4800
0.4820
0.4840
0.4860
0.4880
0.4900
0.4920
0.4940
0.4960
0.4980
0.5000
0.5020
0.5040
0.5060
0.5080
0.5100
0.5120
0.5140
0.5160
0.5180
0.5200
0.5220
0.5240
0.5260
0.5280
0.5300
0.5320
0.5340
0.5360
0.5380
0.5400
0.5420
0.5440
0.5460
0.5480
0.5500
0.5520
0.5540
0.5560
0.5580
0.5600
0.5620
0.5640
0.5660
0.5680
0.5700
0.5720
0.5740
0.5760
0.5780
0.5800
0.5820
0.5840
0.5860
0.5880
0.5900
0.5920
0.5940
0.5960
0.5980
0.6000
0.6020
0.6040
0.6060
0.6080
0.6100
0.6120
0.6140
0.6160
0.6180
0.6200
0.6220
0.6240
0.6260
0.6280
0.6300
0.6320
0.6340
0.6360
0.6380
0.6400
0.6420
0.6440
0.6460
0.6480
0.6500
0.6520
0.6540
0.6560
0.6580
0.6600
0.6620
0.6640
0.6660
0.6680
0.6700
0.6720
0.6740
0.6760
0.6780
0.6800
0.6820
0.6840
0.6860
0.6880
0.6900
0.6920
0.6940
0.6960
0.6980
0.7000
0.7020
0.7040
0.7060
0.7080
0.7100
0.7120
0.7140
0.7160
0.7180
0.7200
0.7220
0.7240
0.7260
0.7280
0.7300
0.7320
0.7340
0.7360
0.7380
0.7400
0.7420
0.7440
0.7460
0.7480
0.7500
0.7520
0.7540
0.7560
0.7580
0.7600
0.7620
0.7640
0.7660
0.7680
0.7700
0.7720
0.7740
0.7760
0.7780
0.7800
0.7820
0.7840
0.7860
0.7880
0.7900
0.7920
0.7940
0.7960
0.7980
0.8000
0.8020
0.8040
0.8060
0.8080
0.8100
0.8120
0.8140
0.8160
0.8180
0.8200
0.8220
0.8240
0.8260
0.8280
0.8300
0.8320
0.8340
0.8360
0.8380
0.8400
0.8420
0.8440
0.8460
0.8480
0.8500
0.8520
0.8540
0.8560
0.8580
0.8600
0.8620
0.8640
0.8660
0.8680
0.8700
0.8720
0.8740
0.8760
0.8780
0.8800
0.8820
0.8840
0.8860
0.8880
0.8900
0.8920
0.8940
0.8960
0.8980
0.9000
0.9020
0.9040
0.9060
0.9080
0.9100
0.9120
0.9140
0.9160
0.9180
0.9200
0.9220
0.9240
0.9260
0.9280
0.9300
0.9320
0.9340
0.9360
0.9380
0.9400
0.9420
0.9440
0.9460
0.9480
0.9500
0.9520
0.9540
0.9560
0.9580
0.9600
0.9620
0.9640
0.9660
0.9680
0.9700
0.9720
0.9740
0.9760
0.9780
0.9800
0.9820
0.9840
0.9860
0.9880
0.9900
0.9920
0.9940
0.9960
0.9980
1.0000
1.0020
1.0040
1.0060
1.0080
1.0100
1.0120
1.0140
1.0160
1.0180
1.0200
1.0220
1.0240
1.0260
1.0280
1.0300
1.0320
1.0340
1.0360
1.0380
1.0400
1.0420
1.0440
1.0460
1.0480
1.0500
1.0520
1.0540
1.0560
1.0580
1.0600
1.0620
1.0640
1.0660
1.0680
1.0700
1.0720
1.0740
1.0760
1.0780
1.0800
1.0820
1.0840
1.0860
1.0880
1.0900
1.0920
1.0940
1.0960
1.0980
1.1000
1.1020
1.1040
1.1060
1.1080
1.1100
1.1120
1.1140
1.1160
1.1180
1.1200
1.1220
1.1240
1.1260
1.1280
1.1300
1.1320
1.1340
1.1360
1.1380
1.1400
1.1420
1.1440
1.1460
1.1480
1.1500
1.1520
1.1540
1.1560
1.1580
1.1600
1.1620
1.1640
1.1660
1.1680
1.1700
1.1720
1.1740
1.1760
1.1780
1.1800
1.1820
1.1840
1.1860
1.1880
1.1900
1.1920
1.1940
1.1960
1.1980
1.2000
1.2020
1.2040
1.2060
1.2080
1.2100
1.2120
1.2140
1.2160
1.2180
1.2200
1.2220
1.2240
1.2260
1.2280
1.2300
1.2320
1.2340
1.2360
1.2380
1.2400
1.2420
1.2440
1.2460
1.2480
1.2500
1.2520
1.2540
1.2560
1.2580
1.2600
1.2620
1.2640
1.2660
1.2680
1.2700
1.2720
1.2740
1.2760
1.2780
1.2800
1.2820
1.2840
1.2860
1.2880
1.2900
1.2920
1.2940
1.2960
1.2980
1.3000
1.3020
1.3040
1.3060
1.3080
1.3100
1.3120
1.3140
1.3160
1.3180
1.3200
1.3220
1.3240
1.3260
1.3280
1.3300
1.3320
1.3340
1.3360
1.3380
1.3400
1.3420
1.3440
1.3460
1.3480
1.3500
1.3520
1.3540
1.3560
1.3580
1.3600
1.3620
1.3640
1.3660
1.3680
1.3700
1.3720
1.3740
1.3760
1.3780
1.3800
1.3820
1.3840
1.3860
1.3880
1.3900
1.3920
1.3940
1.3960
1.3980
1.4000
1.4020
1.4040
1.4060
1.4080
1.4100
1.4120
1.4140
1.4160
1.4180
1.4200
1.4220
1.4240
1.4260
1.4280
1.4300
1.4320
1.4340
1.4360
1.4380
1.4400
1.4420
1.4440
1.4460
1.4480
1.4500
1.4520
1.4540
1.4560
1.4580
1.4600
1.4620
1.4640
1.4660
1.4680
1.4700
1.4720
1.4740
1.4760
1.4780
1.4800
1.4820
1.4840
1.4860
1.4880
1.4900
1.4920
1.4940
1.4960
1.4980
1.5000
1.5020
1.5040
1.5060
1.5080
1.5100
1.5120
1.5140
1.5160
1.5180
1.5200
1.5220
1.5240
1.5260
1.5280
1.5300
1.5320
1.5340
1.5360
1.5380
1.5400
1.5420
1.5440
1.5460
1.5480
1.5500
1.5520
1.5540
1.5560
1.5580
1.5600
1.5620
1.5640
1.5660
1.5680
1.5700
1.5720
1.5740
1.5760
1.5780
1.5800
1.5820
1.5840
1.5860
1.5880
1.5900
1.5920
1.5940
1.5960
1.5980
1.6000
1.6020
1.6040
1.6060
1.6080
1.6100
1.6120
1.6140
1.6160
1.6180
1.6200
1.6220
1.6240
1.6260
1.6280
1.6300
1.6320
1.6340
1.6360
1.6380
1.6400
1.6420
1.6440
1.6460
1.6480
1.6500
1.6520
1.6540
1.6560
1.6580
1.6600
1.6620
1.6640
1.6660
1.6680
1.6700
1.6720
1.6740
1.6760
1.6780
1.6800
1.6820
1.6840
1.6860
1.6880
1.6900
1.6920
1.6940
1.6960
1.6980
1.7000
1.7020
1.7040
1.7060
1.7080
1.7100
1.7120
1.7140
1.7160
1.7180
1.7200
1.7220
1.7240
1.7260
1.7280
1.7300
1.7320
1.7340
1.7360
1.7380
1.7400
1.7420
1.7440
1.7460
1.7480
1.7500
1.7520
1.7540
1.7560
1.7580
1.7600
1.7620
1.7640
1.7660
1.7680
1.7700
1.7720
1.7740
1.7760
1.7780
1.7800
1.7820
1.7840
1.7860
1.7880
1.7900
1.7920
1.7940
1.7960
1.7980
1.8000
1.8020
1.8040
1.8060
1.8080
1.8100
1.8120
1.8140
1.8160
1.8180
1.8200
1.8220
1.8240
1.8260
1.8280
1.8300
1.8320
1.8340
1.8360
1.8380
1.8400
1.8420
1.8440
1.8460
1.8480
1.8500
1.8520
1.8540
1.8560
1.8580
1.8600
1.8620
1.8640
1.8660
1.8680
1.8700
1.8720
1.8740
1.8760
1.8780
1.8800
1.8820
1.8840
1.8860
1.8880
1.8900
1.8920
1.8940
1.8960
1.8980
1.9000
1.9020
1.9040
1.9060
1.9080
1.9100
1.9120
1.9140
1.9160
1.9180
1.9200
1.9220
1.9240
1.9260
1.9280
1.9300
1.9320
1.9340
1.9360
1.9380
1.9400
1.9420
1.9440
1.9460
1.9480
1.9500
1.9520
1.9540
1.9560
1.9580
1.9600
1.9620
1.9640
1.9660
1.9680
1.9700
1.9720
1.9740
1.9760
1.9780
1.9800
1.9820
1.9840
1.9860
1.9880
1.9900
1.9920
1.9940
1.9960
1.9980
2.0000
2.0020
2.0040
2.0060
2.0080
2.0100
2.0120
2.0140
2.0160
2.0180
2.0200
2.0220
2.0240
2.0260
2.0280
2.0300
2.0320
2.0340
2.0360
2.0380
2.0400
2.0420
2.0440
2.0460
2.0480
2.0500
2.0520
2.0540
2.0560
2.0580
2.0600
2.0620
2.0640
2.0660
2.0680
2.0700
2.0720
2.0740
2.0760
2.0780
2.0800
2.0820
2.0840
2.0860
2.0880
2.0900
2.0920
2.0940
2.0960
2.0980
2.1000
2.1020
2.1040
2.1060
2.1080
2.1100
2.1120
2.1140
2.1160
2.1180
2.1200
2.1220
2.1240
2.1260
2.1280
2.1300
2.1320
2.1340
2.1360
2.1380
2.1400
2.1420
2.1440
2.1460
2.1480
2.1500
2.1520
2.1540
2.1560
2.1580
2.1600
2.1620
2.1640
2.1660
2.1680
2.1700
2.1720
2.1740
2.1760
2.1780
2.1800
2.1820
2.1840
2.1860
2.1880
2.1900
2.1920
2.1940
2.1960
2.1980
2.2000
2.2020
2.2040
2.2060
2.2080
2.2100
2.2120
2.2140
2.2160
2.2180
2.2200
2.2220
2.2240
2.2260
2.2280
2.2300
2.2320
2.2340
2.2360
2.2380
2.2400
2.2420
2.2440
2.2460
2.2480
2.2500
2.2520
2.2540
2.2560
2.2580
2.2600
2.2620
2.2640
2.2660
2.2680
2.2700
2.2720
2.2740
2.2760
2.2780
2.2800
2.2820
2.2840
2.2860
2.2880
2.2900
2.2920
2.2940
2.2960
2.2980
2.3000
2.3020
2.3040
2.3060
2.3080
2.3100
2.3120
2.3140
2.3160
2.3180
2.3200
2.3220
2.3240
2.3260
2.3280
2.3300
2.3320
2.3340
2.3360
2.3380
2.3400
2.3420
2.3440
2.3460
2.3480
2.3500
2.3520
2.3540
2.3560
2.3580
2.3600
2.3620
2.3640
2.3660
2.3680
2.3700
2.3720
2.3740
2.3760
2.3780
2.3800
2.3820
2.3840
2.3860
2.3880
2.3900
2.3920
2.3940
2.3960
2.3980
2.4000
2.4020
2.4040
2.4060
2.4080
2.4100
2.4120
2.4140
2.4160
2.4180
2.4200
2.4220
2.4240
2.4260
2.4280
2.4300
2.4320
2.4340
2.4360
2.4380
2.4400
2.4420
2.4440
2.4460
2.4480
2.4500
2.4520
2.4540
2.4560
2.4580
2.4600
2.4620
2.4640
2.4660
2.4680
2.4700
2.4720
2.4740
2.4760
2.4780
2.4800
2.4820
2.4840
2.4860
2.4880
2.4900
2.4920
2.4940
2.4960
2.4980
2.5000
2.5020
2.5040
2.5060
2.5080
2.5100
2.5120
2.5140
2.5160
2.5180
2.5200
2.5220
2.5240
2.5260
2.5280
2.5300
2.5320
2.5340
2.5360
2.5380
2.5400
2.5420
2.5440
2.5460
2.5480
2.5500
2.5520
2.5540
2.5560
2.5580
2.5600
2.5620
2.5640
2.5660
2.5680
2.5700
2.5720
2.5740
2.5760
2.5780
2.5800
2.5820
2.5840
2.5860
2.5880
2.5900
2.5920
2.5940
2.5960
2.5980
2.6000
2.6020
2.6040
2.6060
2.6080
2.6100
2.6120
2.6140
2.6160
2.6180
2.6200
2.6220
2.6240
2.6260
2.6280
2.6300
2.6320
2.6340
2.6360
2.6380
2.6400
2.6420
2.6440
2.6460
2.6480
2.6500
2.6520
2.6540
2.6560
2.6580
2.6600
2.6620
2.6640
2.6660
2.6680
2.6700
2.6720
2.6740
2.6760
2.6780
2.6800
2.6820
2.6840
2.6860
2.6880
2.6900
2.6920
2.6940
2.6960
2.6980
2.7000
2.7020
2.7040
2.7060
2.7080
2.7100
2.7120
2.7140
2.7160
2.7180
2.7200
2.7220
2.7240
2.7260
2.7280
2.7300
2.7320
2.7340
2.7360
2.7380
2.7400
2.7420
2.7440
2.7460
2.7480
2.7500
2.7520
2.7540
2.7560
2.7580
2.7600
2.7620
2.7640
2.7660
2.7680
2.7700
2.7720
2.7740
2.7760
2.7780
2.7800
2.7820
2.7840
2.7860
2.7880
2.7900
2.7920
2.7940
2.7960
2.7980
2.8000
2.8020
2.8040
2.8060
2.8080
2.8100
2.8120
2.8140
2.8160
2.8180
2.8200
2.8220
2.8240
2.8260
2.8280
2.8300
2.8320
2.8340
2.8360
2.8380
2.8400
2.8420
2.8440
2.8460
2.8480
2.8500
2.8520
2.8540
2.8560
2.8580
2.8600
2.8620
2.8640
2.8660
2.8680
2.8700
2.8720
2.8740
2.8760
2.8780
2.8800
2.8820
2.8840
2.8860
2.8880
2.8900
2.8920
2.8940
2.8960
2.8980
2.9000
2.9020
2.9040
2.9060
2.9080
2.9100
2.9120
2.9140
2.9160
2.9180
2.9200
2.9220
2.9240
2.9260
2.9280
2.9300
2.9320
2.9340
2.9360
2.9380
2.9400
2.9420
2.9440
2.9460
2.9480
2.9500
2.9520
2.9540
2.9560
2.9580
2.9600
2.9620
2.9640
2.9660
2.9680
2.9700
2.9720
2.9740
2.9760
2.9780
2.9800
2.9820
2.9840
2.9860
2.9880
2.9900
2.9920
2.9940
2.9960
2.9980
3.0000
3.0020
3.0040
3.0060
3.0080
3.0100
3.0120
3.0140
3.0160
3.0180
3.0200
3.0220
3.0240
3.0260
3.0280
3.0300
3.0320
3.0340
3.0360
3.0380
3.0400
3.0420
3.0440
3.0460
3.0480
3.0500
3.0520
3.0540
3.0560
3.0580
3.0600
3.0620
3.0640
3.0660
3.0680
3.0700
3.0720
3.0740
3.0760
3.0780
3.0800
3.0820
3.0840
3.0860
3.0880
3.0900
3.0920
3.0940
3.0960
3.0980
3.1000
3.1020
3.1040
3.1060
3.1080
3.1100
3.1120
3.1140
3.1160
3.1180
3.1200
3.1220
3.1240
3.1260
3.1280
3.1300
3.1320
3.1340
3.1360
3.1380
3.1400
3.1420
3.1440
3.1460
3.1480
3.1500
3.1520
3.1540
3.1560
3.1580
3.1600
3.1620
3.1640
3.1660
3.1680
3.1700
3.1720
3.1740
3.1760
3.1780
3.1800
3.1820
3.1840
3.1860
3.1880
3.1900
3.1920
3.1940
3.1960
3.1980
3.2000
3.2020
3.2040
3.2060
3.2080
3.2100
3.2120
3.2140
3.2160
3.2180
3.2200
3.2220
3.2240
3.2260
3.2280
3.2300
3.2320
3.2340
3.2360
3.2380
3.2400
3.2420
3.2440
3.2460
3.2480
3.2500
3.2520
3.2540
3.2560
3.2580
3.2600
3.2620
3.2640
3.2660
3.2680
3.2700
3.2720
3.2740
3.2760
3.2780
3.2800
3.2820
3.2840
3.2860
3.2880
3.2900
3.2920
3.2940
3.2960
3.2980
3.3000
3.3020
3.3040
3.3060
3.3080
3.3100
3.3120
3.3140
3.3160
3.3180
3.3200
3.3220
3.3240
3.3260
3.3280
3.3300
3.3320
3.3340
3.3360
3.3380
3.3400
3.3420
3.3440
3.3460
3.3480
3.3500
3.3520
3.3540
3.3560
3.3580
3.3600
3.3620
3.3640
3.3660
3.3680
3.3700
3.3720
3.3740
3.3760
3.3780
3.3800
3.3820
3.3840
3.3860
3.3880
3.3900
3.3920
3.3940
3.3960
3.3980
3.4000
3.4020
3.4040
3.4060
3.4080
3.4100
3.4120
3.4140
3.4160
3.4180
3.4200
3.4220
3.4240
3.4260
3.4280
3.4300
3.4320
3.4340
3.4360
3.4380
3.4400
3.4420
3.4440
3.4460
3.4480
3.4500
3.4520
3.4540
3.4560
3.4580
3.4600
3.4620
3.4640
3.4660
3.4680
3.4700
3.4720
3.4740
3.4760
3.4780
3.4800
3.4820
3.4840
3.4860
3.4880
3.4900
3.4920
3.4940
3.4960
3.4980
3.5000
3.5020
3.5040
3.5060
3.5080
3.5100
3.5120
3.5140
3.5160
3.5180
3.5200
3.5220
3.5240
3.5260
3.5280
3.5300
3.5320
3.5340
3.5360
3.5380
3.5400
3.5420
3.5440
3.5460
3.5480
3.5500
3.5520
3.5540
3.5560
3.5580
3.5600
3.5620
3.5640
3.5660
3.5680
3.5700
3.5720
3.5740
3.5760
3.5780
3.5800
3.5820
3.5840
3.5860
3.5880
3.5900
3.5920
3.5940
3.5960
3.5980
3.6000
3.6020
3.6040
3.6060
3.6080
3.6100
3.6120
3.6140
3.6160
3.6180
3.6200
3.6220
3.6240
3.6260
3.6280
3.6300
3.6320
3.6340
3.6360
3.6380
3.6400
3.6420
3.6440
3.6460
3.6480
3.6500
3.6520
3.6540
3.6560
3.6580
3.6600
3.6620
3.6640
3.6660
3.6680
3.6700
3.6720
3.6740
3.6760
3.6780
3.6800
3.6820
3.6840
3.6860
3.6880
3.6900
3.6920
3.6940
3.6960
3.6980
3.7000
3.7020
3.7040
3.7060
3.7080
3.7100
3.7120
3.7140
3.7160
3.7180
3.7200
3.7220
3.7240
3.7260
3.7280
3.7300
3.7320
3.7340
3.7360
3.7380
3.7400
3.7420
3.7440
3.7460
3.7480
3.7500
3.7520
3.7540
3.7560
3.7580
3.7600
3.7620
3.7640
3.7660
3.7680
3.7700
3.7720
3.7740
3.7760
3.7780
3.7800
3.7820
3.7840
3.7860
3.7880
3.7900
3.7920
3.7940
3.7960
3.7980
3.8000
3.8020
3.8040
3.8060
3.8080
3.8100
3.8120
3.8140
3.8160
3.8180
3.8200
3.8220
3.8240
3.8260
3.8280
3.8300
3.8320
3.8340
3.8360
3.8380
3.8400
3.8420
3.8440
3.8460
3.8480
3.8500
3.8520
3.8540
3.8560
3.8580
3.8600
3.8620
3.8640
3.8660
3.8680
3.8700
3.8720
3.8740
3.8760
3.8780
3.8800
3.8820
3.8840
3.8860
3.8880
3.8900
3.8920
3.8940
3.8960
3.8980
3.9000
3.9020
3.9040
3.9060
3.9080
3.9100
3.9120
3.9140
3.9160
3.9180
3.9200
3.9220
3.9240
3.9260
3.9280
3.9300
3.9320
3.9340
3.9360
3.9380
3.9400
3.9420
3.9440
3.9460
3.9480
3.9500
3.9520
3.9540
3.9560
3.9580
3.9600
3.9620
3.9640
3.9660
3.9680
3.9700
3.9720
3.9740
3.9760
3.9780
3.9800
3.9820
3.9840
3.9860
3.9880
3.9900
3.9920
3.9940
3.9960
3.9980
4.0000
