3.668000000000000000e+03 9.799999999999999822e-01
3.851400000000000091e+03 9.799999999999999822e-01
4.034800000000000182e+03 9.799999999999999822e-01
4.218199999999999818e+03 9.799999999999999822e-01
4.401599999999999454e+03 9.799999999999999822e-01
4.585000000000000000e+03 9.799999999999999822e-01
4.768400000000000546e+03 9.799999999999999822e-01
4.951800000000000182e+03 9.799999999999999822e-01
5.135199999999999818e+03 9.771173542119938604e-01
5.318599999999999454e+03 9.714596499716871003e-01
5.502000000000000000e+03 9.654879815579991975e-01
5.685399999999999636e+03 9.591910691649794263e-01
5.868800000000000182e+03 9.524117203560678036e-01
6.052199999999999818e+03 9.449736858975326115e-01
6.235600000000000364e+03 9.370426572428709466e-01
6.419000000000000000e+03 9.284844180936783209e-01
6.602400000000000546e+03 9.185141583102554019e-01
6.785800000000000182e+03 9.069096651627022165e-01
6.969200000000001637e+03 8.940608606506413869e-01
6.972065625000000182e+03 8.938474454423094295e-01
6.974931250000000546e+03 8.936187280492506879e-01
6.977796875000000000e+03 8.933694242298684252e-01
6.980662500000000364e+03 8.931192260712160769e-01
6.983528124999999818e+03 8.928681215165698015e-01
6.986393750000000182e+03 8.926160981844892817e-01
6.989259374999999636e+03 8.923631433556606929e-01
6.992125000000000000e+03 8.921092439590343481e-01
6.994990624999999454e+03 8.918543865571916252e-01
6.997856249999999818e+03 8.915985573309108680e-01
7.000721874999998363e+03 8.913417420628760857e-01
7.003587499999999636e+03 8.910839261204173134e-01
7.006453124999998181e+03 8.908250944373174995e-01
7.009318749999999454e+03 8.905652314944997316e-01
7.012184374999997999e+03 8.903043212996148981e-01
7.015049999999998363e+03 8.900423473653541473e-01
7.017915624999997817e+03 8.897792926864956931e-01
7.020781249999998181e+03 8.895151397154807960e-01
7.023646874999997635e+03 8.892498703364940527e-01
7.026512499999997999e+03 8.889834658378660270e-01
7.029378124999997453e+03 8.887159068827182873e-01
7.032243749999997817e+03 8.884471734776618890e-01
7.035109374999996362e+03 8.881772449394197411e-01
7.037974999999997635e+03 8.878590873290642671e-01
7.040840624999996180e+03 8.875286272411745392e-01
7.043706249999997453e+03 8.871959263565183385e-01
7.046571874999995998e+03 8.868609269574061482e-01
7.049437499999996362e+03 8.865235685331109838e-01
7.052303124999995816e+03 8.861837875805049780e-01
7.055168749999996180e+03 8.858415173857953073e-01
7.058034374999995634e+03 8.854966877850429796e-01
7.060899999999995998e+03 8.851492249009533797e-01
7.063765624999995453e+03 8.847990508528956743e-01
7.066631249999995816e+03 8.844460834367948721e-01
7.069496874999994361e+03 8.840902357709214954e-01
7.072362499999995634e+03 8.837314159030010829e-01
7.075228124999994179e+03 8.833695263733476466e-01
7.078093749999995453e+03 8.830044637277870700e-01
7.080959374999993997e+03 8.826361179731203599e-01
7.083824999999994361e+03 8.822643719665191897e-01
7.086690624999993815e+03 8.818891007288265360e-01
7.089556249999994179e+03 8.814896773570264354e-01
7.092421874999993634e+03 8.809944490780419191e-01
7.095287499999993997e+03 8.804909015951022377e-01
7.098153124999993452e+03 8.799785089887165457e-01
7.101018749999993815e+03 8.794566843789809463e-01
7.103884374999993270e+03 8.789247693856127031e-01
7.106749999999993634e+03 8.783820211061975636e-01
7.109615624999992178e+03 8.778275958563025450e-01
7.112481249999993452e+03 8.772605286259677060e-01
7.115346874999991996e+03 8.766797067820858436e-01
7.118212499999993270e+03 8.760838359088730654e-01
7.121078124999991815e+03 8.754713946981962369e-01
7.123943749999992178e+03 8.748405742541816021e-01
7.126809374999991633e+03 8.741578707530148762e-01
7.129674999999991996e+03 8.734201857390596624e-01
7.132540624999991451e+03 8.726431846074750309e-01
7.135406249999991815e+03 8.718179526909429766e-01
7.138271874999991269e+03 8.709314485266670403e-01
7.141137499999991633e+03 8.699631707303684403e-01
7.144003124999990177e+03 8.688772579152622688e-01
7.146868749999991451e+03 8.675987440288173147e-01
7.149734374999989996e+03 8.658980248280613301e-01
7.151167187499990177e+03 8.644974663188176311e-01
7.151525390624989996e+03 8.637933231280693347e-01
7.151614941406240177e+03 8.631441384392984917e-01
7.151616340637197027e+03 8.631782032598342980e-01
7.151617040252676816e+03 8.632117969406130076e-01
7.151617127704610539e+03 8.632239759288377057e-01
7.151617133170356283e+03 8.632257856414892183e-01
7.151617135903230519e+03 8.632270903307809329e-01
7.151617137269666273e+03 8.632280516883507060e-01
7.151617137952884150e+03 8.632287994994146674e-01
