3.668000000000000000e+03 1.017054285674489966e+00
3.851400000000000091e+03 1.016383997280976281e+00
4.034800000000000182e+03 1.015651690494505655e+00
4.218199999999999818e+03 1.014854647140312149e+00
4.401599999999999454e+03 1.013990034793389450e+00
4.585000000000000000e+03 1.013053458515003058e+00
4.768400000000000546e+03 1.012040829973998912e+00
4.951800000000000182e+03 1.010947240430115190e+00
5.135199999999999818e+03 1.009214106805327305e+00
5.318599999999999454e+03 1.006281993169525046e+00
5.502000000000000000e+03 1.003139084971128803e+00
5.685399999999999636e+03 9.997678826974129018e-01
5.868800000000000182e+03 9.961134266857218922e-01
6.052199999999999818e+03 9.921160877317320992e-01
6.235600000000000364e+03 9.877834303268140381e-01
6.419000000000000000e+03 9.826976494497038361e-01
6.602400000000000546e+03 9.727326579433919207e-01
6.785800000000000182e+03 9.616160250053057412e-01
6.969200000000001637e+03 9.491752327083150531e-01
6.972065625000000182e+03 9.489672748805434432e-01
6.974931250000000546e+03 9.486891051308123934e-01
6.977796875000000000e+03 9.483164755556596770e-01
6.980662500000000364e+03 9.479418403241001156e-01
6.983528124999999818e+03 9.475651677358265523e-01
6.986393750000000182e+03 9.471864251838066906e-01
6.989259374999999636e+03 9.468055791165637114e-01
6.992125000000000000e+03 9.464225949984077513e-01
6.994990624999999454e+03 9.460374372674468235e-01
6.997856249999999818e+03 9.456500692912490624e-01
7.000721874999998363e+03 9.452604533199915338e-01
7.003587499999999636e+03 9.448685504368830035e-01
7.006453124999998181e+03 9.444743205057277713e-01
7.009318749999999454e+03 9.440777221153531240e-01
7.012184374999997999e+03 9.436787125207295457e-01
7.015049999999998363e+03 9.432772475804894752e-01
7.017915624999997817e+03 9.428732816906107983e-01
7.020781249999998181e+03 9.424667677139347832e-01
7.023646874999997635e+03 9.420576569052252491e-01
7.026512499999997999e+03 9.416458988313944900e-01
7.029378124999997453e+03 9.412314412865224744e-01
7.032243749999997817e+03 9.408142302012336700e-01
7.035109374999996362e+03 9.403942095459683070e-01
7.037974999999997635e+03 9.398231527493996484e-01
7.040840624999996180e+03 9.392146659491638072e-01
7.043706249999997453e+03 9.386005186034984682e-01
7.046571874999995998e+03 9.379805527620582728e-01
7.049437499999996362e+03 9.373546026233551265e-01
7.052303124999995816e+03 9.367224939675241613e-01
7.055168749999996180e+03 9.360840435349174760e-01
7.058034374999995634e+03 9.354390583439787799e-01
7.060899999999995998e+03 9.347873349409898669e-01
7.063765624999995453e+03 9.341286585731348735e-01
7.066631249999995816e+03 9.334628022750498522e-01
7.069496874999994361e+03 9.327895258575155113e-01
7.072362499999995634e+03 9.321085747850607062e-01
7.075228124999994179e+03 9.314196789272015664e-01
7.078093749999995453e+03 9.307225511653829386e-01
7.080959374999993997e+03 9.300168858346447021e-01
7.083824999999994361e+03 9.293023569752982826e-01
7.086690624999993815e+03 9.285786163654684566e-01
7.089556249999994179e+03 9.277647070946448693e-01
7.092421874999993634e+03 9.265808853105425014e-01
7.095287499999993997e+03 9.253728035541254338e-01
7.098153124999993452e+03 9.241388800540561999e-01
7.101018749999993815e+03 9.228773479197457386e-01
7.103884374999993270e+03 9.215862229889757451e-01
7.106749999999993634e+03 9.202632640852885793e-01
7.109615624999992178e+03 9.189059233678188443e-01
7.112481249999993452e+03 9.175112835696518365e-01
7.115346874999991996e+03 9.160759776170944724e-01
7.118212499999993270e+03 9.145960841659359630e-01
7.121078124999991815e+03 9.130669895817983273e-01
7.123943749999992178e+03 9.114832021401929607e-01
7.126809374999991633e+03 9.097329465726896602e-01
7.129674999999991996e+03 9.078079855808196541e-01
7.132540624999991451e+03 9.057628710195004818e-01
7.135406249999991815e+03 9.035699641016167183e-01
7.138271874999991269e+03 9.011887841692755030e-01
7.141137499999991633e+03 8.985556197247530630e-01
7.144003124999990177e+03 8.955588915722270116e-01
7.146868749999991451e+03 8.919650622814999652e-01
7.149734374999989996e+03 8.870579111129853755e-01
7.151167187499990177e+03 8.828880501123349545e-01
7.151525390624989996e+03 8.807396495183814622e-01
7.151614941406240177e+03 8.787235762714654674e-01
7.151616340637197027e+03 8.788302719403731089e-01
7.151617040252676816e+03 8.789353904002509266e-01
7.151617127704610539e+03 8.789734750562478993e-01
7.151617133170356283e+03 8.789791330477972897e-01
7.151617135903230519e+03 8.789832119247182884e-01
7.151617137269666273e+03 8.789862173401459255e-01
7.151617137952884150e+03 8.789885551055749424e-01
