3.668000000000000000e+03 9.908101238050588400e-01
3.851400000000000091e+03 9.895555233832156183e-01
4.034800000000000182e+03 9.882183500039877222e-01
4.218199999999999818e+03 9.866125832274206253e-01
4.401599999999999454e+03 9.849916642526317379e-01
4.585000000000000000e+03 9.833553399859142896e-01
4.768400000000000546e+03 9.815515665240137633e-01
4.951800000000000182e+03 9.795946296526696351e-01
5.135199999999999818e+03 9.763525818436377124e-01
5.318599999999999454e+03 9.725047433105072914e-01
5.502000000000000000e+03 9.685547024619504120e-01
5.685399999999999636e+03 9.644950056007528527e-01
5.868800000000000182e+03 9.603168915988536947e-01
6.052199999999999818e+03 9.560101349717760044e-01
6.235600000000000364e+03 9.507024459283784923e-01
6.419000000000000000e+03 9.438427916700796727e-01
6.602400000000000546e+03 9.365820116151716279e-01
6.785800000000000182e+03 9.288491110791747829e-01
6.969200000000001637e+03 9.205284760033478619e-01
6.972065625000000182e+03 9.203901678656565277e-01
6.974931250000000546e+03 9.202147738194775828e-01
6.977796875000000000e+03 9.199894201655641757e-01
6.980662500000000364e+03 9.197629677577727758e-01
6.983528124999999818e+03 9.195353981290870227e-01
6.986393750000000182e+03 9.193066922674367758e-01
6.989259374999999636e+03 9.190768305926537707e-01
6.992125000000000000e+03 9.188457929321578455e-01
6.994990624999999454e+03 9.186135584952792588e-01
6.997856249999999818e+03 9.183801058461362743e-01
7.000721874999998363e+03 9.181454128749393373e-01
7.003587499999999636e+03 9.179094567676445715e-01
7.006453124999998181e+03 9.176722139738048289e-01
7.009318749999999454e+03 9.174336601725165963e-01
7.012184374999997999e+03 9.171937702362956690e-01
7.015049999999998363e+03 9.169525181927387081e-01
7.017915624999997817e+03 9.167098771838084748e-01
7.020781249999998181e+03 9.164658194225409060e-01
7.023646874999997635e+03 9.162203161469913981e-01
7.026512499999997999e+03 9.159733375711834880e-01
7.029378124999997453e+03 9.157248528328398862e-01
7.032243749999997817e+03 9.154748299376040954e-01
7.035109374999996362e+03 9.152232356994861595e-01
7.037974999999997635e+03 9.149521833562830331e-01
7.040840624999996180e+03 9.146750674911647838e-01
7.043706249999997453e+03 9.143956448222508859e-01
7.046571874999995998e+03 9.141138479113130044e-01
7.049437499999996362e+03 9.138296058827891644e-01
7.052303124999995816e+03 9.135428441721250570e-01
7.055168749999996180e+03 9.132534842498828409e-01
7.058034374999995634e+03 9.129614433186949984e-01
7.060899999999995998e+03 9.126666339797123717e-01
7.063765624999995453e+03 9.123689638647256572e-01
7.066631249999995816e+03 9.120683352295044788e-01
7.069496874999994361e+03 9.117646445032731028e-01
7.072362499999995634e+03 9.114577817883532385e-01
7.075228124999994179e+03 9.111476303030866530e-01
7.078093749999995453e+03 9.108340657599691692e-01
7.080959374999993997e+03 9.105169556695161814e-01
7.083824999999994361e+03 9.101961585587314829e-01
7.086690624999993815e+03 9.098715230910017215e-01
7.089556249999994179e+03 9.095337371856270225e-01
7.092421874999993634e+03 9.091501409250828392e-01
7.095287499999993997e+03 9.087592070895884611e-01
7.098153124999993452e+03 9.083604395135259635e-01
7.101018749999993815e+03 9.079532829502304780e-01
7.103884374999993270e+03 9.075371127194438170e-01
7.106749999999993634e+03 9.071112218981668418e-01
7.109615624999992178e+03 9.066748053023524490e-01
7.112481249999993452e+03 9.062269392182821237e-01
7.115346874999991996e+03 9.057665554179130663e-01
7.118212499999993270e+03 9.052924073548996864e-01
7.121078124999991815e+03 9.048030254569209285e-01
7.123943749999992178e+03 9.042966568798002092e-01
7.126809374999991633e+03 9.036000738907090657e-01
7.129674999999991996e+03 9.027316019995500485e-01
7.132540624999991451e+03 9.018077917338614968e-01
7.135406249999991815e+03 9.008156597273681010e-01
7.138271874999991269e+03 8.997361512694896923e-01
7.141137499999991633e+03 8.985392141993536752e-01
7.144003124999990177e+03 8.971721054688929220e-01
7.146868749999991451e+03 8.955241894185409501e-01
7.149734374999989996e+03 8.932553544053959405e-01
7.151167187499990177e+03 8.913057455152806341e-01
7.151525390624989996e+03 8.902917054627010884e-01
7.151614941406240177e+03 8.893332302236376385e-01
7.151616340637197027e+03 8.893841353912095293e-01
7.151617040252676816e+03 8.894342676947730730e-01
7.151617127704610539e+03 8.894524257761305952e-01
7.151617133170356283e+03 8.894551231803718983e-01
7.151617135903230519e+03 8.894570677177503493e-01
7.151617137269666273e+03 8.894585004807344930e-01
7.151617137952884150e+03 8.894596149455445966e-01
