3.668000000000000000e+03 9.835913134770776223e-01
3.851400000000000091e+03 9.834521971096739090e-01
4.034800000000000182e+03 9.833127478852029535e-01
4.218199999999999818e+03 9.831729337435463068e-01
4.401599999999999454e+03 9.830327467638054761e-01
4.585000000000000000e+03 9.828921789070845794e-01
4.768400000000000546e+03 9.823214902632509959e-01
4.951800000000000182e+03 9.806105722549055548e-01
5.135199999999999818e+03 9.787388345169840687e-01
5.318599999999999454e+03 9.757546121428454233e-01
5.502000000000000000e+03 9.721859411135226336e-01
5.685399999999999636e+03 9.681924007059671267e-01
5.868800000000000182e+03 9.640740694054882320e-01
6.052199999999999818e+03 9.598002875430283742e-01
6.235600000000000364e+03 9.553896713484310022e-01
6.419000000000000000e+03 9.508250625071191786e-01
6.602400000000000546e+03 9.459927448738133515e-01
6.785800000000000182e+03 9.402230652644490982e-01
6.969200000000001637e+03 9.341352582583740682e-01
6.972065625000000182e+03 9.340371396887362510e-01
6.974931250000000546e+03 9.339367634123911799e-01
6.977796875000000000e+03 9.338333611061505612e-01
6.980662500000000364e+03 9.337297876893780879e-01
6.983528124999999818e+03 9.336260412526418140e-01
6.986393750000000182e+03 9.335221198369281215e-01
6.989259374999999636e+03 9.334180214316512014e-01
6.992125000000000000e+03 9.333137439725613937e-01
6.994990624999999454e+03 9.332092853395395071e-01
6.997856249999999818e+03 9.331046433542621310e-01
7.000721874999998363e+03 9.329998157777469325e-01
7.003587499999999636e+03 9.328948003077475182e-01
7.006453124999998181e+03 9.327895945760108498e-01
7.009318749999999454e+03 9.326841961453652408e-01
7.012184374999997999e+03 9.325786025066405971e-01
7.015049999999998363e+03 9.324728110754041399e-01
7.017915624999997817e+03 9.323668191885002843e-01
7.020781249999998181e+03 9.322606241003698058e-01
7.023646874999997635e+03 9.321542229791499601e-01
7.026512499999997999e+03 9.320476129025150325e-01
7.029378124999997453e+03 9.319407908532619800e-01
7.032243749999997817e+03 9.318337537145974236e-01
7.035109374999996362e+03 9.317264982651157768e-01
7.037974999999997635e+03 9.316115022040528659e-01
7.040840624999996180e+03 9.314945099945889373e-01
7.043706249999997453e+03 9.313771308350534683e-01
7.046571874999995998e+03 9.312593556407340323e-01
7.049437499999996362e+03 9.311411748932550969e-01
7.052303124999995816e+03 9.310225786097594547e-01
7.055168749999996180e+03 9.309035563091804244e-01
7.058034374999995634e+03 9.307840969752472216e-01
7.060899999999995998e+03 9.306641890158193764e-01
7.063765624999995453e+03 9.305438202181107732e-01
7.066631249999995816e+03 9.304229776992607448e-01
7.069496874999994361e+03 9.303016478516474841e-01
7.072362499999995634e+03 9.301798162822525473e-01
7.075228124999994179e+03 9.300574677452453365e-01
7.078093749999995453e+03 9.299345860668306596e-01
7.080959374999993997e+03 9.298111540612526982e-01
7.083824999999994361e+03 9.296871534366257794e-01
7.086690624999993815e+03 9.295625646890446347e-01
7.089556249999994179e+03 9.294341819080099709e-01
7.092421874999993634e+03 9.292908630791326674e-01
7.095287499999993997e+03 9.291462010316793307e-01
7.098153124999993452e+03 9.290001135824360601e-01
7.101018749999993815e+03 9.288525090645778359e-01
7.103884374999993270e+03 9.287032846908499506e-01
7.106749999999993634e+03 9.285523245316986696e-01
7.109615624999992178e+03 9.283994969910930317e-01
7.112481249999993452e+03 9.282446516179352347e-01
7.115346874999991996e+03 9.280876150251130552e-01
7.118212499999993270e+03 9.279281855894778719e-01
7.121078124999991815e+03 9.277661264541433583e-01
7.123943749999992178e+03 9.276011561147254891e-01
7.126809374999991633e+03 9.274281440822190747e-01
7.129674999999991996e+03 9.272466004931209094e-01
7.132540624999991451e+03 9.270589071486129429e-01
7.135406249999991815e+03 9.268636838955736090e-01
7.138271874999991269e+03 9.266589125758960543e-01
7.141137499999991633e+03 9.264414220223724517e-01
7.144003124999990177e+03 9.262056676413409351e-01
7.146868749999991451e+03 9.259400640196721044e-01
7.149734374999989996e+03 9.256091445373865190e-01
7.151167187499990177e+03 9.253586840018366289e-01
7.151525390624989996e+03 9.252414143163062432e-01
7.151614941406240177e+03 9.251390633975847821e-01
7.151616340637197027e+03 9.251442878168206763e-01
7.151617040252676816e+03 9.251494563032544027e-01
7.151617127704610539e+03 9.251513340640676875e-01
7.151617133170356283e+03 9.251516132668747838e-01
7.151617135903230519e+03 9.251518145835579965e-01
7.151617137269666273e+03 9.251519629388642585e-01
7.151617137952884150e+03 9.251520783490940758e-01
