3.668000000000000000e+03 -3.103890479266382840e+00
3.851400000000000091e+03 2.017790671601460417e-02
4.034800000000000182e+03 3.162181959619623228e+00
4.218199999999999818e+03 6.322219957489295439e+00
4.401599999999999454e+03 9.500405370738143063e+00
4.585000000000000000e+03 1.269685463237797407e+01
4.768400000000000546e+03 1.499999999999969447e+01
4.951800000000000182e+03 1.499999999999964473e+01
5.135199999999999818e+03 1.499999999999966249e+01
5.318599999999999454e+03 1.499999999999966960e+01
5.502000000000000000e+03 1.500000000000011724e+01
5.685399999999999636e+03 1.499999999999967670e+01
5.868800000000000182e+03 1.500000000000039790e+01
6.052199999999999818e+03 1.499999999999998579e+01
6.235600000000000364e+03 1.500000000000017764e+01
6.419000000000000000e+03 1.500000000000002842e+01
6.602400000000000546e+03 1.499999999999975131e+01
6.785800000000000182e+03 1.499999999999975842e+01
6.969200000000001637e+03 1.500000000000014211e+01
6.972065625000000182e+03 1.499999999999965894e+01
6.974931250000000546e+03 1.499999999999986500e+01
6.977796875000000000e+03 1.499999999999930367e+01
6.980662500000000364e+03 1.499999999999985079e+01
6.983528124999999818e+03 1.500000000000045475e+01
6.986393750000000182e+03 1.500000000000002842e+01
6.989259374999999636e+03 1.500000000000016342e+01
6.992125000000000000e+03 1.499999999999984368e+01
6.994990624999999454e+03 1.500000000000012790e+01
6.997856249999999818e+03 1.499999999999986500e+01
7.000721874999998363e+03 1.500000000000008527e+01
7.003587499999999636e+03 1.500000000000027711e+01
7.006453124999998181e+03 1.500000000000022027e+01
7.009318749999999454e+03 1.499999999999989342e+01
7.012184374999997999e+03 1.500000000000017764e+01
7.015049999999998363e+03 1.500000000000004974e+01
7.017915624999997817e+03 1.499999999999990763e+01
7.020781249999998181e+03 1.499999999999982947e+01
7.023646874999997635e+03 1.499999999999977973e+01
7.026512499999997999e+03 1.500000000000122213e+01
7.029378124999997453e+03 1.500000000000011369e+01
7.032243749999997817e+03 1.499999999999995026e+01
7.035109374999996362e+03 1.499999999999982236e+01
7.037974999999997635e+03 1.499999999999995026e+01
7.040840624999996180e+03 1.499999999999989342e+01
7.043706249999997453e+03 1.500000000000002842e+01
7.046571874999995998e+03 1.499999999999987210e+01
7.049437499999996362e+03 1.499999999999961631e+01
7.052303124999995816e+03 1.500000000000028422e+01
7.055168749999996180e+03 1.500000000000034817e+01
7.058034374999995634e+03 1.500000000000056133e+01
7.060899999999995998e+03 1.499999999999948841e+01
7.063765624999995453e+03 1.499999999999958789e+01
7.066631249999995816e+03 1.500000000000016342e+01
7.069496874999994361e+03 1.499999999999953815e+01
7.072362499999995634e+03 1.500000000000003553e+01
7.075228124999994179e+03 1.499999999999964473e+01
7.078093749999995453e+03 1.499999999999965894e+01
7.080959374999993997e+03 1.500000000000003553e+01
7.083824999999994361e+03 1.499999999999978684e+01
7.086690624999993815e+03 1.500000000000016342e+01
7.089556249999994179e+03 1.499999999999948130e+01
7.092421874999993634e+03 1.499999999999944578e+01
7.095287499999993997e+03 1.500000000000003553e+01
7.098153124999993452e+03 1.499999999999991473e+01
7.101018749999993815e+03 1.499999999999955946e+01
7.103884374999993270e+03 1.499999999999980815e+01
7.106749999999993634e+03 1.499999999999992184e+01
7.109615624999992178e+03 1.500000000000017764e+01
7.112481249999993452e+03 1.500000000000048317e+01
7.115346874999991996e+03 1.500000000000002132e+01
7.118212499999993270e+03 1.499999999999995026e+01
7.121078124999991815e+03 1.500000000000028422e+01
7.123943749999992178e+03 1.500000000000011369e+01
7.126809374999991633e+03 1.499999999999928946e+01
7.129674999999991996e+03 1.499999999999969447e+01
7.132540624999991451e+03 1.500000000000020606e+01
7.135406249999991815e+03 1.500000000000030553e+01
7.138271874999991269e+03 1.500000000000005684e+01
7.141137499999991633e+03 1.500000000000008527e+01
7.144003124999990177e+03 1.499999999999965894e+01
7.146868749999991451e+03 1.500000000000041922e+01
7.149734374999989996e+03 1.499999999999997158e+01
7.151167187499990177e+03 1.500000000000049027e+01
7.151525390624989996e+03 1.500000000000000711e+01
7.151614941406240177e+03 1.499999999999967315e+01
7.151616340637197027e+03 1.499999999999988631e+01
7.151617040252676816e+03 1.499999999999940314e+01
7.151617127704610539e+03 1.500000000000006395e+01
7.151617133170356283e+03 1.499999999999981526e+01
7.151617135903230519e+03 1.500000000000017053e+01
7.151617137269666273e+03 1.499999999999950262e+01
7.151617137952884150e+03 1.500000000000051159e+01
