3.668000000000000000e+03 2.350890201226257403e+01
3.851400000000000091e+03 2.241664736766830046e+01
4.034800000000000182e+03 2.131095693714637918e+01
4.218199999999999818e+03 2.019083800442561483e+01
4.401599999999999454e+03 1.905555912552258846e+01
4.585000000000000000e+03 1.790191201552563172e+01
4.768400000000000546e+03 1.672907326205777423e+01
4.951800000000000182e+03 1.553570201808771500e+01
5.135199999999999818e+03 1.431792565761103475e+01
5.318599999999999454e+03 1.306990242477194464e+01
5.502000000000000000e+03 1.179297868713123520e+01
5.685399999999999636e+03 1.048451594639329443e+01
5.868800000000000182e+03 9.136848757935817744e+00
6.052199999999999818e+03 7.739208954006715047e+00
6.235600000000000364e+03 6.293266172095083988e+00
6.419000000000000000e+03 4.789395178923331997e+00
6.602400000000000546e+03 3.191287864393853813e+00
6.785800000000000182e+03 1.492244161074264275e+00
6.969200000000001637e+03 -3.252320225724785741e-01
6.972065625000000182e+03 -3.549716339445270763e-01
6.974931250000000546e+03 -3.923344024503974126e-01
6.977796875000000000e+03 -4.399816684370345121e-01
6.980662500000000364e+03 -4.878758979711858568e-01
6.983528124999999818e+03 -5.360212641887798224e-01
6.986393750000000182e+03 -5.844220622495569506e-01
6.989259374999999636e+03 -6.330827144606301360e-01
6.992125000000000000e+03 -6.820077756788773815e-01
6.994990624999999454e+03 -7.312019390166527577e-01
6.997856249999999818e+03 -7.806700418673803155e-01
7.000721874999998363e+03 -8.304170722754078415e-01
7.003587499999999636e+03 -8.804481756767059686e-01
7.006453124999998181e+03 -9.307686620310795522e-01
7.009318749999999454e+03 -9.813840133817123279e-01
7.012184374999997999e+03 -1.032299891867145103e+00
7.015049999999998363e+03 -1.083522148224809190e+00
7.017915624999997817e+03 -1.135056830818879314e+00
7.020781249999998181e+03 -1.186910195236732690e+00
7.023646874999997635e+03 -1.239088714495798271e+00
7.026512499999997999e+03 -1.291599089909906573e+00
7.029378124999997453e+03 -1.344448262668346272e+00
7.032243749999997817e+03 -1.397643426185922966e+00
7.035109374999996362e+03 -1.451192039288203617e+00
7.037974999999997635e+03 -1.511768641994159390e+00
7.040840624999996180e+03 -1.574334460196488372e+00
7.043706249999997453e+03 -1.637475624175924960e+00
7.046571874999995998e+03 -1.701208882062996475e+00
7.049437499999996362e+03 -1.765551826592813178e+00
7.052303124999995816e+03 -1.830522956525184153e+00
7.055168749999996180e+03 -1.896141743950553904e+00
7.058034374999995634e+03 -1.962428708195553151e+00
7.060899999999995998e+03 -2.029405497134443070e+00
7.063765624999995453e+03 -2.097094976838118185e+00
7.066631249999995816e+03 -2.165521330632983688e+00
7.069496874999994361e+03 -2.234710168804306285e+00
7.072362499999995634e+03 -2.304688650387117121e+00
7.075228124999994179e+03 -2.375485618709402669e+00
7.078093749999995453e+03 -2.447131752643144420e+00
7.080959374999993997e+03 -2.519659735850354298e+00
7.083824999999994361e+03 -2.593104446719693534e+00
7.086690624999993815e+03 -2.667503172173491421e+00
7.089556249999994179e+03 -2.745915927150704317e+00
7.092421874999993634e+03 -2.839052742870057155e+00
7.095287499999993997e+03 -2.934151326144522010e+00
7.098153124999993452e+03 -3.031342963871074048e+00
7.101018749999993815e+03 -3.130774450002869358e+00
7.103884374999993270e+03 -3.232610790655544353e+00
7.106749999999993634e+03 -3.337038549389328868e+00
7.109615624999992178e+03 -3.444270028423285446e+00
7.112481249999993452e+03 -3.554548556518013047e+00
7.115346874999991996e+03 -3.668155264533615068e+00
7.118212499999993270e+03 -3.785417895207917383e+00
7.121078124999991815e+03 -3.906722448342191623e+00
7.123943749999992178e+03 -4.032528864830848825e+00
7.126809374999991633e+03 -4.172155908024686610e+00
7.129674999999991996e+03 -4.326333110699799533e+00
7.132540624999991451e+03 -4.490545160511409506e+00
7.135406249999991815e+03 -4.667128878345772947e+00
7.138271874999991269e+03 -4.859510465004770907e+00
7.141137499999991633e+03 -5.073088079373508030e+00
7.144003124999990177e+03 -5.317325818418034089e+00
7.146868749999991451e+03 -5.612054065619061838e+00
7.149734374999989996e+03 -6.018160936616663292e+00
7.151167187499990177e+03 -6.367124372485466033e+00
7.151525390624989996e+03 -6.548509553877675415e+00
7.151614941406240177e+03 -6.719816375141192566e+00
7.151616340637197027e+03 -6.710722414733334418e+00
7.151617040252676816e+03 -6.701766014695384577e+00
7.151617127704610539e+03 -6.698521854954624821e+00
7.151617133170356283e+03 -6.698039925692994778e+00
7.151617135903230519e+03 -6.697692505814745623e+00
7.151617137269666273e+03 -6.697436521399064091e+00
7.151617137952884150e+03 -6.697237405407602040e+00
