3.668000000000000000e+03 1.108091499889303400e+01
3.851400000000000091e+03 9.064737848007169418e+00
4.034800000000000182e+03 7.023145570476693855e+00
4.218199999999999818e+03 4.953876507929432904e+00
4.401599999999999454e+03 2.855067812113674552e+00
4.585000000000000000e+03 7.205060546629060703e-01
4.768400000000000546e+03 -1.456413852841979439e+00
4.951800000000000182e+03 -3.683777778781896828e+00
5.135199999999999818e+03 -5.962273636178100134e+00
5.318599999999999454e+03 -8.333482014637111135e+00
5.502000000000000000e+03 -1.077455433949353036e+01
5.685399999999999636e+03 -1.329270255817182012e+01
5.868800000000000182e+03 -1.591509081941052273e+01
6.052199999999999818e+03 -1.867425988214103327e+01
6.235600000000000364e+03 -2.156287406722766775e+01
6.419000000000000000e+03 -2.461078535482169016e+01
6.602400000000000546e+03 -2.793195785719798963e+01
6.785800000000000182e+03 -3.155243511372338006e+01
6.969200000000001637e+03 -3.550842944529758682e+01
6.972065625000000182e+03 -3.557400833239441340e+01
6.974931250000000546e+03 -3.565031901929842917e+01
6.977796875000000000e+03 -3.574110469261976419e+01
6.980662500000000364e+03 -3.583231804600583104e+01
6.983528124999999818e+03 -3.592396589922901029e+01
6.986393750000000182e+03 -3.601605526703107074e+01
6.989259374999999636e+03 -3.610859336723222413e+01
6.992125000000000000e+03 -3.620158762927688656e+01
6.994990624999999454e+03 -3.629504570325992319e+01
6.997856249999999818e+03 -3.638897546945337069e+01
7.000721874999998363e+03 -3.648338504837695240e+01
7.003587499999999636e+03 -3.657828281145282290e+01
7.006453124999998181e+03 -3.667367739227406531e+01
7.009318749999999454e+03 -3.676957769854776359e+01
7.012184374999997999e+03 -3.686599292474789991e+01
7.015049999999998363e+03 -3.696293256554322681e+01
7.017915624999997817e+03 -3.706040643004742918e+01
7.020781249999998181e+03 -3.715842465696536578e+01
7.023646874999997635e+03 -3.725699773069701592e+01
7.026512499999997999e+03 -3.735613649847923057e+01
7.029378124999997453e+03 -3.745585218864624011e+01
7.032243749999997817e+03 -3.755615643010228411e+01
7.035109374999996362e+03 -3.765706127310625106e+01
7.037974999999997635e+03 -3.777150208453813462e+01
7.040840624999996180e+03 -3.788969347371442353e+01
7.043706249999997453e+03 -3.800888935690569781e+01
7.046571874999995998e+03 -3.812911799516012223e+01
7.049437499999996362e+03 -3.825040905671997393e+01
7.052303124999995816e+03 -3.837279371876085321e+01
7.055168749999996180e+03 -3.849630477884937108e+01
7.058034374999995634e+03 -3.862097677729688883e+01
7.060899999999995998e+03 -3.874684613173554482e+01
7.063765624999995453e+03 -3.887395128545443868e+01
7.066631249999995816e+03 -3.900233287125966086e+01
7.069496874999994361e+03 -3.913203389289243717e+01
7.072362499999995634e+03 -3.926309992638285706e+01
7.075228124999994179e+03 -3.939557934407744710e+01
7.078093749999995453e+03 -3.952952356456189165e+01
7.080959374999993997e+03 -3.966498733224117501e+01
7.083824999999994361e+03 -3.980202903101628920e+01
7.086690624999993815e+03 -3.994071103728443717e+01
7.089556249999994179e+03 -4.008738210872652985e+01
7.092421874999993634e+03 -4.026421570610023792e+01
7.095287499999993997e+03 -4.044457337627015647e+01
7.098153124999993452e+03 -4.062868688444337550e+01
7.101018749999993815e+03 -4.081681519649092849e+01
7.103884374999993270e+03 -4.100924920937472251e+01
7.106749999999993634e+03 -4.120631759909010583e+01
7.109615624999992178e+03 -4.140839412745174997e+01
7.112481249999993452e+03 -4.161590687969646041e+01
7.115346874999991996e+03 -4.182935009696350903e+01
7.118212499999993270e+03 -4.204929955601905789e+01
7.121078124999991815e+03 -4.227643289201674293e+01
7.123943749999992178e+03 -4.251155696039780452e+01
7.126809374999991633e+03 -4.277024402964647720e+01
7.129674999999991996e+03 -4.305384815489074413e+01
7.132540624999991451e+03 -4.335497756213240450e+01
7.135406249999991815e+03 -4.367767855935181842e+01
7.138271874999991269e+03 -4.402787924857309321e+01
7.141137499999991633e+03 -4.441491248049107554e+01
7.144003124999990177e+03 -4.485512791547152034e+01
7.146868749999991451e+03 -4.538275602239120587e+01
7.149734374999989996e+03 -4.610280943749945237e+01
7.151167187499990177e+03 -4.671447673052902161e+01
7.151525390624989996e+03 -4.702960366803404924e+01
7.151614941406240177e+03 -4.732533812721063526e+01
7.151616340637197027e+03 -4.730968634484788282e+01
7.151617040252676816e+03 -4.729426603399753049e+01
7.151617127704610539e+03 -4.728867924482231189e+01
7.151617133170356283e+03 -4.728784925269971495e+01
7.151617135903230519e+03 -4.728725090703206035e+01
7.151617137269666273e+03 -4.728681003152789231e+01
7.151617137952884150e+03 -4.728646709612529975e+01
