3.668000000000000000e+03 1.152367044144378916e+01
3.851400000000000091e+03 9.190816814104884713e+00
4.034800000000000182e+03 6.829784164044210293e+00
4.218199999999999818e+03 4.438262516078258280e+00
4.401599999999999454e+03 2.014202686212578364e+00
4.585000000000000000e+03 -4.498236231315045353e-01
4.768400000000000546e+03 -2.950709434430456746e+00
4.951800000000000182e+03 -5.484164403448032132e+00
5.135199999999999818e+03 -8.088176549441554286e+00
5.318599999999999454e+03 -1.079789822468266891e+01
5.502000000000000000e+03 -1.358021604910971725e+01
5.685399999999999636e+03 -1.644398602906642992e+01
5.868800000000000182e+03 -1.941731354235338358e+01
6.052199999999999818e+03 -2.253245119147837983e+01
6.235600000000000364e+03 -2.578526859096770352e+01
6.419000000000000000e+03 -2.920485052236617207e+01
6.602400000000000546e+03 -3.288875821172531744e+01
6.785800000000000182e+03 -3.689612573548254204e+01
6.969200000000001637e+03 -4.124498463726420283e+01
6.972065625000000182e+03 -4.131687340063393066e+01
6.974931250000000546e+03 -4.139980745784582439e+01
6.977796875000000000e+03 -4.149764123637018542e+01
6.980662500000000364e+03 -4.159591542113832929e+01
6.983528124999999818e+03 -4.169463707225977345e+01
6.986393750000000182e+03 -4.179381345281544924e+01
6.989259374999999636e+03 -4.189345203732455047e+01
6.992125000000000000e+03 -4.199356052066772804e+01
6.994990624999999454e+03 -4.209414682751324932e+01
6.997856249999999818e+03 -4.219521912226610993e+01
7.000721874999998363e+03 -4.229678581958654604e+01
7.003587499999999636e+03 -4.239885559551896677e+01
7.006453124999998181e+03 -4.250143739926350150e+01
7.009318749999999454e+03 -4.260454046565308062e+01
7.012184374999997999e+03 -4.270817432837304040e+01
7.015049999999998363e+03 -4.281234883399196889e+01
7.017915624999997817e+03 -4.291707415685212368e+01
7.020781249999998181e+03 -4.302236081489864716e+01
7.023646874999997635e+03 -4.312821968651042681e+01
7.026512499999997999e+03 -4.323466202841665051e+01
7.029378124999997453e+03 -4.334169949478509665e+01
7.032243749999997817e+03 -4.344934415757882817e+01
7.035109374999996362e+03 -4.355760852828582586e+01
7.037974999999997635e+03 -4.367856976280845061e+01
7.040840624999996180e+03 -4.380310560933168063e+01
7.043706249999997453e+03 -4.392865573464516160e+01
7.046571874999995998e+03 -4.405524882699329225e+01
7.049437499999996362e+03 -4.418291500873127831e+01
7.052303124999995816e+03 -4.431168594022127394e+01
7.055168749999996180e+03 -4.444159493366395708e+01
7.058034374999995634e+03 -4.457267707807100976e+01
7.060899999999995998e+03 -4.470496937673556914e+01
7.063765624999995453e+03 -4.483851089877305185e+01
7.066631249999995816e+03 -4.497334294653933284e+01
7.069496874999994361e+03 -4.510950924100544768e+01
7.072362499999995634e+03 -4.524705612752499917e+01
7.075228124999994179e+03 -4.538603280479397029e+01
7.078093749999995453e+03 -4.552649158030166632e+01
7.080959374999993997e+03 -4.566848815612488011e+01
7.083824999999994361e+03 -4.581208194960694868e+01
7.086690624999993815e+03 -4.595733645427535663e+01
7.089556249999994179e+03 -4.611018608593349200e+01
7.092421874999993634e+03 -4.629137540341000090e+01
7.095287499999993997e+03 -4.647606130548630432e+01
7.098153124999993452e+03 -4.666447477800502242e+01
7.101018749999993815e+03 -4.685687397897474682e+01
7.103884374999993270e+03 -4.705354896950313304e+01
7.106749999999993634e+03 -4.725482756311045307e+01
7.109615624999992178e+03 -4.746108263516239134e+01
7.112481249999993452e+03 -4.767274136500483195e+01
7.115346874999991996e+03 -4.789029707577111594e+01
7.118212499999993270e+03 -4.811432462561455026e+01
7.121078124999991815e+03 -4.834550074830542599e+01
7.123943749999992178e+03 -4.858463144269627776e+01
7.126809374999991633e+03 -4.884741935636973409e+01
7.129674999999991996e+03 -4.913520505518344095e+01
7.132540624999991451e+03 -4.944050676924448595e+01
7.135406249999991815e+03 -4.976737998363378779e+01
7.138271874999991269e+03 -5.012176796909855625e+01
7.141137499999991633e+03 -5.051303021039090879e+01
7.144003124999990177e+03 -5.095756794022812386e+01
7.146868749999991451e+03 -5.148973019933432482e+01
7.149734374999989996e+03 -5.221492838472801168e+01
7.151167187499990177e+03 -5.283013027135062600e+01
7.151525390624989996e+03 -5.314681925742614510e+01
7.151614941406240177e+03 -5.344388107665749033e+01
7.151616340637197027e+03 -5.342816212530004805e+01
7.151617040252676816e+03 -5.341267531628469101e+01
7.151617127704610539e+03 -5.340706435528368701e+01
7.151617133170356283e+03 -5.340623076849281148e+01
7.151617135903230519e+03 -5.340562983082825355e+01
7.151617137269666273e+03 -5.340518704516639303e+01
7.151617137952884150e+03 -5.340484262376285329e+01
