3.668000000000000000e+03 9.909999999999999920e-01
3.851400000000000091e+03 9.909999999999999920e-01
4.034800000000000182e+03 9.909999999999999920e-01
4.218199999999999818e+03 9.909999999999999920e-01
4.401599999999999454e+03 9.909999999999999920e-01
4.585000000000000000e+03 9.909999999999999920e-01
4.768400000000000546e+03 9.909999999999999920e-01
4.951800000000000182e+03 9.909999999999999920e-01
5.135199999999999818e+03 9.909999999999999920e-01
5.318599999999999454e+03 9.909999999999999920e-01
5.502000000000000000e+03 9.909999999999999920e-01
5.685399999999999636e+03 9.909999999999999920e-01
5.868800000000000182e+03 9.909999999999999920e-01
6.052199999999999818e+03 9.909999999999999920e-01
6.235600000000000364e+03 9.909999999999999920e-01
6.419000000000000000e+03 9.909999999999999920e-01
6.602400000000000546e+03 9.909999999999999920e-01
6.785800000000000182e+03 9.909999999999999920e-01
6.969200000000001637e+03 9.897725983613120393e-01
6.972065625000000182e+03 9.895767171379700189e-01
6.974931250000000546e+03 9.892450608180212157e-01
6.977796875000000000e+03 9.887304964657954720e-01
6.980662500000000364e+03 9.882122460498384831e-01
6.983528124999999818e+03 9.876902441274042488e-01
6.986393750000000182e+03 9.871644233011531711e-01
6.989259374999999636e+03 9.866347141361967443e-01
6.992125000000000000e+03 9.861010450725663512e-01
6.994990624999999454e+03 9.855633423327688769e-01
6.997856249999999818e+03 9.850215298240999617e-01
7.000721874999998363e+03 9.844755290353462973e-01
7.003587499999999636e+03 9.839252589274549710e-01
7.006453124999998181e+03 9.833706358177829454e-01
7.009318749999999454e+03 9.828115732573958763e-01
7.012184374999997999e+03 9.822479819009585222e-01
7.015049999999998363e+03 9.816797693686092341e-01
7.017915624999997817e+03 9.811068400992563054e-01
7.020781249999998181e+03 9.805290951945855316e-01
7.023646874999997635e+03 9.799464322530919702e-01
7.026512499999997999e+03 9.793587451933147836e-01
7.029378124999997453e+03 9.787659240654211779e-01
7.032243749999997817e+03 9.781678548501708814e-01
7.035109374999996362e+03 9.775644192442188851e-01
7.037974999999997635e+03 9.768897998615038158e-01
7.040840624999996180e+03 9.761932417294295616e-01
7.043706249999997453e+03 9.754885669282679084e-01
7.046571874999995998e+03 9.747755298838934879e-01
7.049437499999996362e+03 9.740538724349990796e-01
7.052303124999995816e+03 9.733233229101132533e-01
7.055168749999996180e+03 9.725835951157060233e-01
7.058034374999995634e+03 9.718343872246052451e-01
7.060899999999995998e+03 9.710753805524828808e-01
7.063765624999995453e+03 9.703062382083051940e-01
7.066631249999995816e+03 9.695266036024730028e-01
7.069496874999994361e+03 9.687360987939130919e-01
7.072362499999995634e+03 9.679343226542587164e-01
7.075228124999994179e+03 9.671208488238258738e-01
7.078093749999995453e+03 9.662952234296948717e-01
7.080959374999993997e+03 9.654569625311777425e-01
7.083824999999994361e+03 9.646055492517252583e-01
7.086690624999993815e+03 9.637404305489220002e-01
7.089556249999994179e+03 9.628262253802692960e-01
7.092421874999993634e+03 9.617388026759502440e-01
7.095287499999993997e+03 9.606244838686381904e-01
7.098153124999993452e+03 9.594814232280316491e-01
7.101018749999993815e+03 9.583075548832890034e-01
7.103884374999993270e+03 9.571005542339796612e-01
7.106749999999993634e+03 9.558577902026507145e-01
7.109615624999992178e+03 9.545762655232670202e-01
7.112481249999993452e+03 9.532525411836652030e-01
7.115346874999991996e+03 9.518826395572000942e-01
7.118212499999993270e+03 9.504619183814138061e-01
7.121078124999991815e+03 9.489849040835998117e-01
7.123943749999992178e+03 9.474450671730445528e-01
7.126809374999991633e+03 9.456905514052162953e-01
7.129674999999991996e+03 9.437137900623523423e-01
7.132540624999991451e+03 9.415927900443836762e-01
7.135406249999991815e+03 9.392935321842444951e-01
7.138271874999991269e+03 9.367660759886718980e-01
7.141137499999991633e+03 9.339316374330377535e-01
7.144003124999990177e+03 9.306519114943269111e-01
7.146868749999991451e+03 9.266367114364821855e-01
7.149734374999989996e+03 9.209937230169076283e-01
7.151167187499990177e+03 9.160336325163427329e-01
7.151525390624989996e+03 9.134115431608130775e-01
7.151614941406240177e+03 9.109057549134585985e-01
7.151616340637197027e+03 9.110395178926469217e-01
7.151617040252676816e+03 9.111711750626105832e-01
7.151617127704610539e+03 9.112188433781248653e-01
7.151617133170356283e+03 9.112259237308988347e-01
7.151617135903230519e+03 9.112310277678368209e-01
7.151617137269666273e+03 9.112347884238487516e-01
7.151617137952884150e+03 9.112377135822675722e-01
