3.668000000000000000e+03 9.651294822154978803e+00
3.851400000000000091e+03 9.738344526551708569e+00
4.034800000000000182e+03 9.835259158445873950e+00
4.218199999999999818e+03 9.942533542611242225e+00
4.401599999999999454e+03 1.006061052296214875e+01
4.585000000000000000e+03 1.320708372945625619e+01
4.768400000000000546e+03 1.729143994739269985e+01
4.951800000000000182e+03 2.171562974899162057e+01
5.135199999999999818e+03 2.641051750133749465e+01
5.318599999999999454e+03 3.139358347138504612e+01
5.502000000000000000e+03 3.666843428600728316e+01
5.685399999999999636e+03 4.226563327314607932e+01
5.868800000000000182e+03 4.823797590399446023e+01
6.052199999999999818e+03 5.465123000510246953e+01
6.235600000000000364e+03 6.185675155965425631e+01
6.419000000000000000e+03 7.016301113434228398e+01
6.602400000000000546e+03 7.935818398760407888e+01
6.785800000000000182e+03 8.962567189922702937e+01
6.969200000000001637e+03 1.000000000000000711e+02
6.972065625000000182e+03 9.999999999999985789e+01
6.974931250000000546e+03 1.000000000000000426e+02
6.977796875000000000e+03 9.999999999999980105e+01
6.980662500000000364e+03 1.000000000000000426e+02
6.983528124999999818e+03 1.000000000000002274e+02
6.986393750000000182e+03 9.999999999999995737e+01
6.989259374999999636e+03 1.000000000000000426e+02
6.992125000000000000e+03 9.999999999999928946e+01
6.994990624999999454e+03 9.999999999999975842e+01
6.997856249999999818e+03 9.999999999999961631e+01
7.000721874999998363e+03 1.000000000000000284e+02
7.003587499999999636e+03 1.000000000000000711e+02
7.006453124999998181e+03 9.999999999999955946e+01
7.009318749999999454e+03 9.999999999999997158e+01
7.012184374999997999e+03 1.000000000000001137e+02
7.015049999999998363e+03 9.999999999999988631e+01
7.017915624999997817e+03 9.999999999999998579e+01
7.020781249999998181e+03 1.000000000000003553e+02
7.023646874999997635e+03 9.999999999999971578e+01
7.026512499999997999e+03 9.999999999999988631e+01
7.029378124999997453e+03 9.999999999999947420e+01
7.032243749999997817e+03 9.999999999999965894e+01
7.035109374999996362e+03 1.000000000000001990e+02
7.037974999999997635e+03 9.999999999999975842e+01
7.040840624999996180e+03 9.999999999999977263e+01
7.043706249999997453e+03 9.999999999999944578e+01
7.046571874999995998e+03 1.000000000000004405e+02
7.049437499999996362e+03 9.999999999999985789e+01
7.052303124999995816e+03 9.999999999999990052e+01
7.055168749999996180e+03 9.999999999999940314e+01
7.058034374999995634e+03 9.999999999999997158e+01
7.060899999999995998e+03 1.000000000000000853e+02
7.063765624999995453e+03 9.999999999999995737e+01
7.066631249999995816e+03 9.999999999999951683e+01
7.069496874999994361e+03 9.999999999999992895e+01
7.072362499999995634e+03 9.999999999999988631e+01
7.075228124999994179e+03 1.000000000000000426e+02
7.078093749999995453e+03 1.000000000000002700e+02
7.080959374999993997e+03 9.999999999999977263e+01
7.083824999999994361e+03 1.000000000000003268e+02
7.086690624999993815e+03 9.999999999999936051e+01
7.089556249999994179e+03 9.999999999999978684e+01
7.092421874999993634e+03 1.000000000000005542e+02
7.095287499999993997e+03 9.999999999999974420e+01
7.098153124999993452e+03 9.999999999999971578e+01
7.101018749999993815e+03 9.999999999999984368e+01
7.103884374999993270e+03 1.000000000000000000e+02
7.106749999999993634e+03 1.000000000000001137e+02
7.109615624999992178e+03 1.000000000000003268e+02
7.112481249999993452e+03 9.999999999999984368e+01
7.115346874999991996e+03 9.999999999999995737e+01
7.118212499999993270e+03 1.000000000000000284e+02
7.121078124999991815e+03 9.999999999999991473e+01
7.123943749999992178e+03 1.000000000000002416e+02
7.126809374999991633e+03 9.999999999999977263e+01
7.129674999999991996e+03 1.000000000000000711e+02
7.132540624999991451e+03 1.000000000000002416e+02
7.135406249999991815e+03 9.999999999999978684e+01
7.138271874999991269e+03 9.999999999999992895e+01
7.141137499999991633e+03 1.000000000000001705e+02
7.144003124999990177e+03 1.000000000000001137e+02
7.146868749999991451e+03 9.999999999999957367e+01
7.149734374999989996e+03 1.000000000000001705e+02
7.151167187499990177e+03 1.000000000000003837e+02
7.151525390624989996e+03 1.000000000000001279e+02
7.151614941406240177e+03 9.999999999999958789e+01
7.151616340637197027e+03 1.000000000000001990e+02
7.151617040252676816e+03 9.999999999999988631e+01
7.151617127704610539e+03 1.000000000000000000e+02
7.151617133170356283e+03 9.999999999999980105e+01
7.151617135903230519e+03 9.999999999999997158e+01
7.151617137269666273e+03 9.999999999999941735e+01
7.151617137952884150e+03 9.999999999999982947e+01
