3.668000000000000000e+03 2.180335795955861045e+01
3.851400000000000091e+03 2.091434198993450622e+01
4.034800000000000182e+03 2.001591616718546973e+01
4.218199999999999818e+03 1.910724214684913136e+01
4.401599999999999454e+03 1.818733934767070437e+01
4.585000000000000000e+03 1.729761651315383730e+01
4.768400000000000546e+03 1.639087686311318137e+01
4.951800000000000182e+03 1.546250543097628061e+01
5.135199999999999818e+03 1.450739967338329350e+01
5.318599999999999454e+03 1.352132795000997589e+01
5.502000000000000000e+03 1.250502267591844685e+01
5.685399999999999636e+03 1.145537456573098822e+01
5.868800000000000182e+03 1.036756136556698316e+01
6.052199999999999818e+03 9.235572172581660411e+00
6.235600000000000364e+03 8.032324166871051219e+00
6.419000000000000000e+03 6.726479327111828610e+00
6.602400000000000546e+03 5.323740482947546759e+00
6.785800000000000182e+03 3.805779694907666322e+00
6.969200000000001637e+03 2.140624052592771331e+00
6.972065625000000182e+03 2.112502165533999943e+00
6.974931250000000546e+03 2.072670993207741841e+00
6.977796875000000000e+03 2.017014329094837244e+00
6.980662500000000364e+03 1.960948405516403703e+00
6.983528124999999818e+03 1.904465611250987012e+00
6.986393750000000182e+03 1.847558103189205214e+00
6.989259374999999636e+03 1.790217796389576677e+00
6.992125000000000000e+03 1.732436353583684197e+00
6.994990624999999454e+03 1.674205174086987657e+00
6.997856249999999818e+03 1.615515382079511841e+00
7.000721874999998363e+03 1.556357814206609680e+00
7.003587499999999636e+03 1.496723006453873461e+00
7.006453124999998181e+03 1.436601180245160592e+00
7.009318749999999454e+03 1.375982227702017946e+00
7.012184374999997999e+03 1.314855696007769303e+00
7.015049999999998363e+03 1.253210770803169227e+00
7.017915624999997817e+03 1.191036258544683646e+00
7.020781249999998181e+03 1.128320567740675129e+00
7.023646874999997635e+03 1.065051688980161781e+00
7.026512499999997999e+03 1.001217173656089532e+00
7.029378124999997453e+03 9.368041112789722291e-01
7.032243749999997817e+03 8.717991052630360560e-01
7.035109374999996362e+03 8.061882470587296012e-01
7.037974999999997635e+03 7.341759933604047328e-01
7.040840624999996180e+03 6.600617978864307123e-01
7.043706249999997453e+03 5.850531132719035687e-01
7.046571874999995998e+03 5.091219694961308662e-01
7.049437499999996362e+03 4.322389433242212475e-01
7.052303124999995816e+03 3.543730510008173962e-01
7.055168749999996180e+03 2.754916305635306539e-01
7.058034374999995634e+03 1.955602125153298454e-01
7.060899999999995998e+03 1.145423774225671210e-01
7.063765624999995453e+03 3.239959878566450735e-02
7.066631249999995816e+03 -5.090893072267273223e-02
7.069496874999994361e+03 -1.354264918472412593e-01
7.072362499999995634e+03 -2.211990527318242472e-01
7.075228124999994179e+03 -3.082755072562209930e-01
7.078093749999995453e+03 -3.967079412104015379e-01
7.080959374999993997e+03 -4.865519303778428895e-01
7.083824999999994361e+03 -5.778668753323640273e-01
7.086690624999993815e+03 -6.707163786203639289e-01
7.089556249999994179e+03 -7.684248163804425769e-01
7.092421874999993634e+03 -8.826938792614099638e-01
7.095287499999993997e+03 -9.999013678833245100e-01
7.098153124999993452e+03 -1.120252970094321787e+00
7.101018749999993815e+03 -1.243979094173532252e+00
7.103884374999993270e+03 -1.371339218821614692e+00
7.106749999999993634e+03 -1.502627277882697676e+00
7.109615624999992178e+03 -1.638178397263428288e+00
7.112481249999993452e+03 -1.778377423410076430e+00
7.115346874999991996e+03 -1.923669862041962997e+00
7.118212499999993270e+03 -2.074576115256780540e+00
7.121078124999991815e+03 -2.231710319755937366e+00
7.123943749999992178e+03 -2.395805744295859352e+00
7.126809374999991633e+03 -2.583189589133045860e+00
7.129674999999991996e+03 -2.794896338872506991e+00
7.132540624999991451e+03 -3.022736623616514962e+00
7.135406249999991815e+03 -3.270554224070404636e+00
7.138271874999991269e+03 -3.543997478816912849e+00
7.141137499999991633e+03 -3.851986031954292233e+00
7.144003124999990177e+03 -4.210194602893063909e+00
7.146868749999991451e+03 -4.651546916566968726e+00
7.149734374999989996e+03 -5.277401391867228675e+00
7.151167187499990177e+03 -5.833281516609308603e+00
7.151525390624989996e+03 -6.129458314376037720e+00
7.151614941406240177e+03 -6.414068075628564181e+00
7.151616340637197027e+03 -6.398835486990929411e+00
7.151617040252676816e+03 -6.383847116436743185e+00
7.151617127704610539e+03 -6.378421445893880382e+00
7.151617133170356283e+03 -6.377615599652599165e+00
7.151617135903230519e+03 -6.377034694486297006e+00
7.151617137269666273e+03 -6.376606687577641708e+00
7.151617137952884150e+03 -6.376273772590544731e+00
