3.668000000000000000e+03 5.929707784542171112e+01
3.851400000000000091e+03 6.403628090694490993e+01
4.034800000000000182e+03 6.881451970689315090e+01
4.218199999999999818e+03 7.363497193530291440e+01
4.401599999999999454e+03 7.849473687535382282e+01
4.585000000000000000e+03 8.339403341352709731e+01
4.768400000000000546e+03 8.833325436589186097e+01
4.951800000000000182e+03 9.331402657143557633e+01
5.135199999999999818e+03 9.834164891628236660e+01
5.318599999999999454e+03 1.034131603674640303e+02
5.502000000000000000e+03 1.085274189488921479e+02
5.685399999999999636e+03 1.136849035813035869e+02
5.868800000000000182e+03 1.188861237941468261e+02
6.052199999999999818e+03 1.241316306306632526e+02
6.235600000000000364e+03 1.294257218233891820e+02
6.419000000000000000e+03 1.347722876468584730e+02
6.602400000000000546e+03 1.401677059036205719e+02
6.785800000000000182e+03 1.456133733617720623e+02
6.969200000000001637e+03 1.511111265647745938e+02
6.972065625000000182e+03 1.511974684348064102e+02
6.974931250000000546e+03 1.512840061606813151e+02
6.977796875000000000e+03 1.513708039829715517e+02
6.980662500000000364e+03 1.514576204657403196e+02
6.983528124999999818e+03 1.515444557202545752e+02
6.986393750000000182e+03 1.516313098608222276e+02
6.989259374999999636e+03 1.517181830049174209e+02
6.992125000000000000e+03 1.518050752733122977e+02
6.994990624999999454e+03 1.518919867902177998e+02
6.997856249999999818e+03 1.519789176834316038e+02
7.000721874999998363e+03 1.520658680844911146e+02
7.003587499999999636e+03 1.521528381288416654e+02
7.006453124999998181e+03 1.522398279560088667e+02
7.009318749999999454e+03 1.523268377097848258e+02
7.012184374999997999e+03 1.524138675384223234e+02
7.015049999999998363e+03 1.525009175948432016e+02
7.017915624999997817e+03 1.525879880368593717e+02
7.020781249999998181e+03 1.526750790274069232e+02
7.023646874999997635e+03 1.527621907347939327e+02
7.026512499999997999e+03 1.528493233329670886e+02
7.029378124999997453e+03 1.529364770017926958e+02
7.032243749999997817e+03 1.530236519273587703e+02
7.035109374999996362e+03 1.531108483022961764e+02
7.037974999999997635e+03 1.531981585079944352e+02
7.040840624999996180e+03 1.532855135643967799e+02
7.043706249999997453e+03 1.533728941170985536e+02
7.046571874999995998e+03 1.534603005432340694e+02
7.049437499999996362e+03 1.535477332384416798e+02
7.052303124999995816e+03 1.536351926181984027e+02
7.055168749999996180e+03 1.537226791192878466e+02
7.058034374999995634e+03 1.538101932014066620e+02
7.060899999999995998e+03 1.538977353489370898e+02
7.063765624999995453e+03 1.539853060728944456e+02
7.066631249999995816e+03 1.540729059130846963e+02
7.069496874999994361e+03 1.541605354404911168e+02
7.072362499999995634e+03 1.542481952599206352e+02
7.075228124999994179e+03 1.543358860129526988e+02
7.078093749999995453e+03 1.544236083812276661e+02
7.080959374999993997e+03 1.545113630901241493e+02
7.083824999999994361e+03 1.545991509128886037e+02
7.086690624999993815e+03 1.546869726752788665e+02
7.089556249999994179e+03 1.547748774011641331e+02
7.092421874999993634e+03 1.548630370922310249e+02
7.095287499999993997e+03 1.549512494604322796e+02
7.098153124999993452e+03 1.550395171527673597e+02
7.101018749999993815e+03 1.551278431269646205e+02
7.103884374999993270e+03 1.552162307056322561e+02
7.106749999999993634e+03 1.553046836432246494e+02
7.109615624999992178e+03 1.553932062097370590e+02
7.112481249999993452e+03 1.554818032965497139e+02
7.115346874999991996e+03 1.555704805520398963e+02
7.118212499999993270e+03 1.556592445579079254e+02
7.121078124999991815e+03 1.557481030622410856e+02
7.123943749999992178e+03 1.558370652934040663e+02
7.126809374999991633e+03 1.559273230976152433e+02
7.129674999999991996e+03 1.560187423230108550e+02
7.132540624999991451e+03 1.561105095317249152e+02
7.135406249999991815e+03 1.562027022197419512e+02
7.138271874999991269e+03 1.562954339669560966e+02
7.141137499999991633e+03 1.563888836614966635e+02
7.144003124999990177e+03 1.564833648300839286e+02
7.146868749999991451e+03 1.565795342190663177e+02
7.149734374999989996e+03 1.566794077717818254e+02
7.151167187499990177e+03 1.567341809615948307e+02
7.151525390624989996e+03 1.567509910306204972e+02
7.151614941406240177e+03 1.567593625333086607e+02
7.151616340637197027e+03 1.567591037667139915e+02
7.151617040252676816e+03 1.567588284450534388e+02
7.151617127704610539e+03 1.567587237117426184e+02
7.151617133170356283e+03 1.567587079262588361e+02
7.151617135903230519e+03 1.567586965101735927e+02
7.151617137269666273e+03 1.567586880790958048e+02
7.151617137952884150e+03 1.567586815095775989e+02
