3.668000000000000000e+03 1.377531571097221885e+01
3.851400000000000091e+03 1.173774434227587804e+01
4.034800000000000182e+03 9.669377290612423792e+00
4.218199999999999818e+03 7.572251624795423908e+00
4.401599999999999454e+03 5.444168915170822132e+00
4.585000000000000000e+03 3.276482668189353742e+00
4.768400000000000546e+03 1.064727662874373815e+00
4.951800000000000182e+03 -1.197824289181223190e+00
5.135199999999999818e+03 -3.529686469855702224e+00
5.318599999999999454e+03 -5.928841023710201164e+00
5.502000000000000000e+03 -8.398641829734904363e+00
5.685399999999999636e+03 -1.094629388184954699e+01
5.868800000000000182e+03 -1.359616799560727785e+01
6.052199999999999818e+03 -1.637724321024463237e+01
6.235600000000000364e+03 -1.928794997370181363e+01
6.419000000000000000e+03 -2.235916078409265850e+01
6.602400000000000546e+03 -2.567976780868717057e+01
6.785800000000000182e+03 -2.928627934644971020e+01
6.969200000000001637e+03 -3.321464526182160881e+01
6.972065625000000182e+03 -3.327992024673718419e+01
6.974931250000000546e+03 -3.335670411687312509e+01
6.977796875000000000e+03 -3.344901680296894142e+01
6.980662500000000364e+03 -3.354177904177500835e+01
6.983528124999999818e+03 -3.363499817771836575e+01
6.986393750000000182e+03 -3.372868176763150672e+01
6.989259374999999636e+03 -3.382283758963439624e+01
6.992125000000000000e+03 -3.391747365249754864e+01
6.994990624999999454e+03 -3.401259820553172375e+01
6.997856249999999818e+03 -3.410821974902864184e+01
7.000721874999998363e+03 -3.420434704529887426e+01
7.003587499999999636e+03 -3.430098913035146779e+01
7.006453124999998181e+03 -3.439815532624903938e+01
7.009318749999999454e+03 -3.449585525420376797e+01
7.012184374999997999e+03 -3.459409884845439365e+01
7.015049999999998363e+03 -3.469289637099476664e+01
7.017915624999997817e+03 -3.479225842720715178e+01
7.020781249999998181e+03 -3.489219598248097043e+01
7.023646874999997635e+03 -3.499272037988484385e+01
7.026512499999997999e+03 -3.509384335898035800e+01
7.029378124999997453e+03 -3.519557707586692885e+01
7.032243749999997817e+03 -3.529793412456017165e+01
7.035109374999996362e+03 -3.540092755981375916e+01
7.037974999999997635e+03 -3.551626216644607581e+01
7.040840624999996180e+03 -3.563510706577702791e+01
7.043706249999997453e+03 -3.575498348402499715e+01
7.046571874999995998e+03 -3.587592093312294850e+01
7.049437499999996362e+03 -3.599795040560004367e+01
7.052303124999995816e+03 -3.612110448202057000e+01
7.055168749999996180e+03 -3.624541744870711568e+01
7.058034374999995634e+03 -3.637092542699548403e+01
7.060899999999995998e+03 -3.649766651542701368e+01
7.063765624999995453e+03 -3.662568094650743689e+01
7.066631249999995816e+03 -3.675501125990280116e+01
7.069496874999994361e+03 -3.688570249422797076e+01
7.072362499999995634e+03 -3.701780239994876354e+01
7.075228124999994179e+03 -3.715136167630061692e+01
7.078093749999995453e+03 -3.728643423563982395e+01
7.080959374999993997e+03 -3.742307749921841520e+01
7.083824999999994361e+03 -3.756135272908836242e+01
7.086690624999993815e+03 -3.770132540168291513e+01
7.089556249999994179e+03 -3.784881529034065295e+01
7.092421874999993634e+03 -3.802417700496182817e+01
7.095287499999993997e+03 -3.820308226326816481e+01
7.098153124999993452e+03 -3.838576651775972692e+01
7.101018749999993815e+03 -3.857249296936324612e+01
7.103884374999993270e+03 -3.876355740288276763e+01
7.106749999999993634e+03 -3.895929416610500340e+01
7.109615624999992178e+03 -3.916008364213239901e+01
7.112481249999993452e+03 -3.936636169839152899e+01
7.115346874999991996e+03 -3.957863179261343589e+01
7.118212499999993270e+03 -3.979748071158601874e+01
7.121078124999991815e+03 -4.002359937301765314e+01
7.123943749999992178e+03 -4.025781083881044964e+01
7.126809374999991633e+03 -4.051626226064425396e+01
7.129674999999991996e+03 -4.080031305718365786e+01
7.132540624999991451e+03 -4.110224830365314830e+01
7.135406249999991815e+03 -4.142621957909636166e+01
7.138271874999991269e+03 -4.177831230356966330e+01
7.141137499999991633e+03 -4.216811193008314973e+01
7.144003124999990177e+03 -4.261241942969724050e+01
7.146868749999991451e+03 -4.314642910663495456e+01
7.149734374999989996e+03 -4.387817301961239025e+01
7.151167187499990177e+03 -4.450292936817933054e+01
7.151525390624989996e+03 -4.482610378693755138e+01
7.151614941406240177e+03 -4.513029004666180555e+01
7.151616340637197027e+03 -4.511416790088401285e+01
7.151617040252676816e+03 -4.509828676482637633e+01
7.151617127704610539e+03 -4.509253364864733271e+01
7.151617133170356283e+03 -4.509167897497098210e+01
7.151617135903230519e+03 -4.509106284081946825e+01
7.151617137269666273e+03 -4.509060886078527375e+01
7.151617137952884150e+03 -4.509025573345147819e+01
