3.668000000000000000e+03 3.588488475372805198e+01
3.851400000000000091e+03 3.458788118301021086e+01
4.034800000000000182e+03 3.326443235244153129e+01
4.218199999999999818e+03 3.191242403579538589e+01
4.401599999999999454e+03 3.052990359990112523e+01
4.585000000000000000e+03 2.910956880034039074e+01
4.768400000000000546e+03 2.764916131306111069e+01
4.951800000000000182e+03 2.614519287297630612e+01
5.135199999999999818e+03 2.457704604417893535e+01
5.318599999999999454e+03 2.291553625059911781e+01
5.502000000000000000e+03 2.118750785375777923e+01
5.685399999999999636e+03 1.938497193446600519e+01
5.868800000000000182e+03 1.748031705450541295e+01
6.052199999999999818e+03 1.544218524144967652e+01
6.235600000000000364e+03 1.327501845304523087e+01
6.419000000000000000e+03 1.095036493243524589e+01
6.602400000000000546e+03 8.376953184315929946e+00
6.785800000000000182e+03 5.638009850975109316e+00
6.969200000000001637e+03 2.592291507791427030e+00
6.972065625000000182e+03 2.541080798463905666e+00
6.974931250000000546e+03 2.478967930947785447e+00
6.977796875000000000e+03 2.402145948482794946e+00
6.980662500000000364e+03 2.324898484614495775e+00
6.983528124999999818e+03 2.247218609800720746e+00
6.986393750000000182e+03 2.169099194765910621e+00
6.989259374999999636e+03 2.090532902163391160e+00
6.992125000000000000e+03 2.011512177787661670e+00
6.994990624999999454e+03 1.932029241291551847e+00
6.997856249999999818e+03 1.852076076388085912e+00
7.000721874999998363e+03 1.771644420491346184e+00
7.003587499999999636e+03 1.690725753756213257e+00
7.006453124999998181e+03 1.609311287484711750e+00
7.009318749999999454e+03 1.527391951837642203e+00
7.012184374999997999e+03 1.444958382814298670e+00
7.015049999999998363e+03 1.362000908433426360e+00
7.017915624999997817e+03 1.278509534066777142e+00
7.020781249999998181e+03 1.194473926848409473e+00
7.023646874999997635e+03 1.109883399096557088e+00
7.026512499999997999e+03 1.024726890666193269e+00
7.029378124999997453e+03 9.389929501469450601e-01
7.032243749999997817e+03 8.526697148115494063e-01
7.035109374999996362e+03 7.657448892113281058e-01
7.037974999999997635e+03 6.665475813553923823e-01
7.040840624999996180e+03 5.638905820643217437e-01
7.043706249999997453e+03 4.602474663541349376e-01
7.046571874999995998e+03 3.555901139818161694e-01
7.049437499999996362e+03 2.498889972615004895e-01
7.052303124999995816e+03 1.431130790576012057e-01
7.055168749999996180e+03 3.522970102094417910e-02
7.058034374999995634e+03 -7.379553911579246617e-02
7.060899999999995998e+03 -1.839989225163325137e-01
7.063765624999995453e+03 -2.954187580370157828e-01
7.066631249999995816e+03 -4.080955466159587597e-01
7.069496874999994361e+03 -5.220721632970707349e-01
7.072362499999995634e+03 -6.373940592817114448e-01
7.075228124999994179e+03 -7.541094867585335093e-01
7.078093749999995453e+03 -8.722697497503097974e-01
7.080959374999993997e+03 -9.919294847631034973e-01
7.083824999999994361e+03 -1.113146975697147045e+00
7.086690624999993815e+03 -1.235984508279267757e+00
7.089556249999994179e+03 -1.366198905003225939e+00
7.092421874999993634e+03 -1.523916682021004165e+00
7.095287499999993997e+03 -1.685046073830377189e+00
7.098153124999993452e+03 -1.849813162660658650e+00
7.101018749999993815e+03 -2.018470639398896704e+00
7.103884374999993270e+03 -2.191302437360337141e+00
7.106749999999993634e+03 -2.368629461593153351e+00
7.109615624999992178e+03 -2.550816748499603381e+00
7.112481249999993452e+03 -2.738282518741705474e+00
7.115346874999991996e+03 -2.931509774881301045e+00
7.118212499999993270e+03 -3.131061378129199380e+00
7.121078124999991815e+03 -3.337599973757109595e+00
7.123943749999992178e+03 -3.551914822072786304e+00
7.126809374999991633e+03 -3.789405229243899775e+00
7.129674999999991996e+03 -4.051382398285275244e+00
7.132540624999991451e+03 -4.330505011308841468e+00
7.135406249999991815e+03 -4.630746650886173654e+00
7.138271874999991269e+03 -4.957930852489401907e+00
7.141137499999991633e+03 -5.321229000820371091e+00
7.144003124999990177e+03 -5.736713516361600540e+00
7.146868749999991451e+03 -6.238046524542229854e+00
7.149734374999989996e+03 -6.928536967145189962e+00
7.151167187499990177e+03 -7.521344233515669053e+00
7.151525390624989996e+03 -7.829195093527560267e+00
7.151614941406240177e+03 -8.119719114496627199e+00
7.151616340637197027e+03 -8.104302403103694985e+00
7.151617040252676816e+03 -8.089118207996245147e+00
7.151617127704610539e+03 -8.083618068588640071e+00
7.151617133170356283e+03 -8.082800999515573181e+00
7.151617135903230519e+03 -8.082211978173384992e+00
7.151617137269666273e+03 -8.081777977361818799e+00
7.151617137952884150e+03 -8.081440391970215131e+00
