3.668000000000000000e+03 1.400496159352087311e+01
3.851400000000000091e+03 1.192902260037861240e+01
4.034800000000000182e+03 9.825666987478570036e+00
4.218199999999999818e+03 7.692787543019207419e+00
4.401599999999999454e+03 5.528294885989539331e+00
4.585000000000000000e+03 3.324449594657383322e+00
4.768400000000000546e+03 1.076739051142155734e+00
4.951800000000000182e+03 -1.221740113119717863e+00
5.135199999999999818e+03 -3.591911781492023614e+00
5.318599999999999454e+03 -6.076037386848040178e+00
5.502000000000000000e+03 -8.634299582466224976e+00
5.685399999999999636e+03 -1.127379375874218148e+01
5.868800000000000182e+03 -1.402021365402057462e+01
6.052199999999999818e+03 -1.690635186124311673e+01
6.235600000000000364e+03 -1.992908745761061695e+01
6.419000000000000000e+03 -2.311665748244696772e+01
6.602400000000000546e+03 -2.656594734045245332e+01
6.785800000000000182e+03 -3.032565909249613512e+01
6.969200000000001637e+03 -3.442071256302376980e+01
6.972065625000000182e+03 -3.448861980710229602e+01
6.974931250000000546e+03 -3.456772460979885864e+01
6.977796875000000000e+03 -3.466193574183650128e+01
6.980662500000000364e+03 -3.475659065957603389e+01
6.983528124999999818e+03 -3.485169652346639424e+01
6.986393750000000182e+03 -3.494726070011663666e+01
6.989259374999999636e+03 -3.504329077090030609e+01
6.992125000000000000e+03 -3.513979454102452138e+01
6.994990624999999454e+03 -3.523678004910936323e+01
6.997856249999999818e+03 -3.533425557730001287e+01
7.000721874999998363e+03 -3.543222966195675383e+01
7.003587499999999636e+03 -3.553071110496617990e+01
7.006453124999998181e+03 -3.562970898570551981e+01
7.009318749999999454e+03 -3.572923267372401313e+01
7.012184374999997999e+03 -3.582929184217972818e+01
7.015049999999998363e+03 -3.592989648210040343e+01
7.017915624999997817e+03 -3.603105691751903095e+01
7.020781249999998181e+03 -3.613278382156321555e+01
7.023646874999997635e+03 -3.623508823356309705e+01
7.026512499999997999e+03 -3.633798157726354816e+01
7.029378124999997453e+03 -3.644147568022712846e+01
7.032243749999997817e+03 -3.654558279452688652e+01
7.035109374999996362e+03 -3.665031561883517952e+01
7.037974999999997635e+03 -3.676777892336964015e+01
7.040840624999996180e+03 -3.688883111481428045e+01
7.043706249999997453e+03 -3.701090642836813061e+01
7.046571874999995998e+03 -3.713403390555038186e+01
7.049437499999996362e+03 -3.725824404083843433e+01
7.052303124999995816e+03 -3.738356888696620217e+01
7.055168749999996180e+03 -3.751004217029438337e+01
7.058034374999995634e+03 -3.763769941747429471e+01
7.060899999999995998e+03 -3.776657809478089689e+01
7.063765624999995453e+03 -3.789671776170994377e+01
7.066631249999995816e+03 -3.802816024067034562e+01
7.069496874999994361e+03 -3.816094980488070831e+01
7.072362499999995634e+03 -3.829513338693886482e+01
7.075228124999994179e+03 -3.843076081090423202e+01
7.078093749999995453e+03 -3.856788505123673616e+01
7.080959374999993997e+03 -3.870656252249816021e+01
7.083824999999994361e+03 -3.884685340442082691e+01
7.086690624999993815e+03 -3.898882200777215701e+01
7.089556249999994179e+03 -3.913842531628006327e+01
7.092421874999993634e+03 -3.931648850001961648e+01
7.095287499999993997e+03 -3.949808008856793862e+01
7.098153124999993452e+03 -3.968343353612492308e+01
7.101018749999993815e+03 -3.987280977015509364e+01
7.103884374999993270e+03 -4.006650197561147309e+01
7.106749999999993634e+03 -4.026484151025520219e+01
7.109615624999992178e+03 -4.046820529671782651e+01
7.112481249999993452e+03 -4.067702516930059176e+01
7.115346874999991996e+03 -4.089179984810275670e+01
7.118212499999993270e+03 -4.111311050517803523e+01
7.121078124999991815e+03 -4.134164133671908559e+01
7.123943749999992178e+03 -4.157820726492349905e+01
7.126809374999991633e+03 -4.183870690527639624e+01
7.129674999999991996e+03 -4.212449371436666468e+01
7.132540624999991451e+03 -4.242798832393147279e+01
7.135406249999991815e+03 -4.275329316150396153e+01
7.138271874999991269e+03 -4.310642056738605987e+01
7.141137499999991633e+03 -4.349683923686113474e+01
7.144003124999990177e+03 -4.394114256201483215e+01
7.146868749999991451e+03 -4.447408370708069469e+01
7.149734374999989996e+03 -4.520231981395958343e+01
7.151167187499990177e+03 -4.582202576399847516e+01
7.151525390624989996e+03 -4.614177555908330675e+01
7.151614941406240177e+03 -4.644219552017138852e+01
7.151616340637197027e+03 -4.642628668519295587e+01
7.151617040252676816e+03 -4.641061414799224139e+01
7.151617127704610539e+03 -4.640493622689026409e+01
7.151617133170356283e+03 -4.640409270721032442e+01
7.151617135903230519e+03 -4.640348461126863810e+01
7.151617137269666273e+03 -4.640303655249933712e+01
7.151617137952884150e+03 -4.640268803015744226e+01
