3.668000000000000000e+03 1.599999999999999147e+02
3.851400000000000091e+03 1.659238200000000916e+02
4.034800000000000182e+03 1.718476399999995579e+02
4.218199999999999818e+03 1.777714600000003315e+02
4.401599999999999454e+03 1.836952800000003378e+02
4.585000000000000000e+03 1.896190999999995768e+02
4.768400000000000546e+03 1.955429200000004357e+02
4.951800000000000182e+03 2.014667400000001294e+02
5.135199999999999818e+03 2.073905600000001641e+02
5.318599999999999454e+03 2.133143800000003125e+02
5.502000000000000000e+03 2.192381999999997220e+02
5.685399999999999636e+03 2.251620199999998420e+02
5.868800000000000182e+03 2.310858400000000188e+02
6.052199999999999818e+03 2.370096599999998261e+02
6.235600000000000364e+03 2.429334799999997756e+02
6.419000000000000000e+03 2.488572999999996966e+02
6.602400000000000546e+03 2.547811200000000440e+02
6.785800000000000182e+03 2.607049399999997377e+02
6.969200000000001637e+03 2.666287599999996587e+02
6.972065625000000182e+03 2.667213196874999426e+02
6.974931250000000546e+03 2.668138793749998854e+02
6.977796875000000000e+03 2.669064390624997145e+02
6.980662500000000364e+03 2.669989987499996573e+02
6.983528124999999818e+03 2.670915584374997138e+02
6.986393750000000182e+03 2.671841181249995998e+02
6.989259374999999636e+03 2.672766778124993721e+02
6.992125000000000000e+03 2.673692374999996559e+02
6.994990624999999454e+03 2.674617971874994851e+02
6.997856249999999818e+03 2.675543568749993710e+02
7.000721874999998363e+03 2.676469165624996549e+02
7.003587499999999636e+03 2.677394762499997114e+02
7.006453124999998181e+03 2.678320359374991995e+02
7.009318749999999454e+03 2.679245956249997107e+02
7.012184374999997999e+03 2.680171553124994830e+02
7.015049999999998363e+03 2.681097149999998805e+02
7.017915624999997817e+03 2.682022746874994823e+02
7.020781249999998181e+03 2.682948343749997662e+02
7.023646874999997635e+03 2.683873940624994248e+02
7.026512499999997999e+03 2.684799537499994813e+02
7.029378124999997453e+03 2.685725134374997083e+02
7.032243749999997817e+03 2.686650731249995374e+02
7.035109374999996362e+03 2.687576328124993097e+02
7.037974999999997635e+03 2.688501924999995936e+02
7.040840624999996180e+03 2.689427521874997069e+02
7.043706249999997453e+03 2.690353118750000476e+02
7.046571874999995998e+03 2.691278715624997631e+02
7.049437499999996362e+03 2.692204312499997059e+02
7.052303124999995816e+03 2.693129909374999329e+02
7.055168749999996180e+03 2.694055506250000462e+02
7.058034374999995634e+03 2.694981103124998754e+02
7.060899999999995998e+03 2.695906699999998182e+02
7.063765624999995453e+03 2.696832296874995905e+02
7.066631249999995816e+03 2.697757893749996470e+02
7.069496874999994361e+03 2.698683490624996466e+02
7.072362499999995634e+03 2.699609087499995894e+02
7.075228124999994179e+03 2.700534684374997596e+02
7.078093749999995453e+03 2.701460281249997593e+02
7.080959374999993997e+03 2.702385878124997589e+02
7.083824999999994361e+03 2.703311474999995880e+02
7.086690624999993815e+03 2.704237071874995308e+02
7.089556249999994179e+03 2.705162668749997579e+02
7.092421874999993634e+03 2.706088265624995302e+02
7.095287499999993997e+03 2.707013862499998140e+02
7.098153124999993452e+03 2.707939459374995295e+02
7.101018749999993815e+03 2.708865056249995860e+02
7.103884374999993270e+03 2.709790653124992446e+02
7.106749999999993634e+03 2.710716249999995853e+02
7.109615624999992178e+03 2.711641846874996418e+02
7.112481249999993452e+03 2.712567443749996414e+02
7.115346874999991996e+03 2.713493040624999253e+02
7.118212499999993270e+03 2.714418637499992428e+02
7.121078124999991815e+03 2.715344234374994699e+02
7.123943749999992178e+03 2.716269831249998106e+02
7.126809374999991633e+03 2.717195428124998102e+02
7.129674999999991996e+03 2.718121024999992983e+02
7.132540624999991451e+03 2.719046621874992979e+02
7.135406249999991815e+03 2.719972218749995818e+02
7.138271874999991269e+03 2.720897815624993541e+02
7.141137499999991633e+03 2.721823412499994674e+02
7.144003124999990177e+03 2.722749009374996945e+02
7.146868749999991451e+03 2.723674606249995236e+02
7.149734374999989996e+03 2.724600203124998643e+02
7.151167187499990177e+03 2.725063001562493241e+02
7.151525390624989996e+03 2.725178701171871012e+02
7.151614941406240177e+03 2.725207626074215455e+02
7.151616340637197027e+03 2.725208078025813734e+02
7.151617040252676816e+03 2.725208304001612873e+02
7.151617127704610539e+03 2.725208332248587340e+02
7.151617133170356283e+03 2.725208334014018874e+02
7.151617135903230519e+03 2.725208334896739757e+02
7.151617137269666273e+03 2.725208335338099914e+02
7.151617137952884150e+03 2.725208335558777435e+02
