3.668000000000000000e+03 -5.822044828888870427e+00
3.851400000000000091e+03 -1.790004622530382505e+00
4.034800000000000182e+03 2.286604661866947552e+00
4.218199999999999818e+03 6.450304586224717696e+00
4.401599999999999454e+03 1.064439021420865217e+01
4.585000000000000000e+03 1.486909290145141327e+01
4.768400000000000546e+03 1.970712979570399526e+01
4.951800000000000182e+03 2.299999999999984368e+01
5.135199999999999818e+03 2.299999999999918288e+01
5.318599999999999454e+03 2.300000000000012079e+01
5.502000000000000000e+03 2.299999999999972289e+01
5.685399999999999636e+03 2.300000000000067502e+01
5.868800000000000182e+03 2.300000000000021672e+01
6.052199999999999818e+03 2.299999999999994316e+01
6.235600000000000364e+03 2.300000000000089173e+01
6.419000000000000000e+03 2.300000000000038014e+01
6.602400000000000546e+03 2.300000000000003553e+01
6.785800000000000182e+03 2.300000000000047606e+01
6.969200000000001637e+03 2.299999999999968381e+01
6.972065625000000182e+03 2.300000000000031264e+01
6.974931250000000546e+03 2.300000000000036238e+01
6.977796875000000000e+03 2.300000000000034461e+01
6.980662500000000364e+03 2.299999999999981526e+01
6.983528124999999818e+03 2.300000000000031974e+01
6.986393750000000182e+03 2.300000000000045119e+01
6.989259374999999636e+03 2.299999999999987921e+01
6.992125000000000000e+03 2.299999999999986855e+01
6.994990624999999454e+03 2.299999999999971934e+01
6.997856249999999818e+03 2.299999999999956657e+01
7.000721874999998363e+03 2.300000000000039790e+01
7.003587499999999636e+03 2.299999999999966960e+01
7.006453124999998181e+03 2.299999999999976907e+01
7.009318749999999454e+03 2.299999999999974776e+01
7.012184374999997999e+03 2.300000000000009237e+01
7.015049999999998363e+03 2.300000000000014566e+01
7.017915624999997817e+03 2.299999999999990052e+01
7.020781249999998181e+03 2.300000000000001066e+01
7.023646874999997635e+03 2.299999999999999289e+01
7.026512499999997999e+03 2.300000000000003553e+01
7.029378124999997453e+03 2.300000000000034817e+01
7.032243749999997817e+03 2.299999999999972289e+01
7.035109374999996362e+03 2.299999999999937472e+01
7.037974999999997635e+03 2.300000000000040856e+01
7.040840624999996180e+03 2.299999999999956657e+01
7.043706249999997453e+03 2.299999999999980105e+01
7.046571874999995998e+03 2.299999999999972289e+01
7.049437499999996362e+03 2.300000000000039080e+01
7.052303124999995816e+03 2.300000000000016698e+01
7.055168749999996180e+03 2.300000000000008171e+01
7.058034374999995634e+03 2.299999999999994671e+01
7.060899999999995998e+03 2.300000000000070699e+01
7.063765624999995453e+03 2.300000000000023093e+01
7.066631249999995816e+03 2.299999999999968736e+01
7.069496874999994361e+03 2.300000000000000000e+01
7.072362499999995634e+03 2.299999999999993960e+01
7.075228124999994179e+03 2.299999999999999289e+01
7.078093749999995453e+03 2.299999999999949551e+01
7.080959374999993997e+03 2.300000000000043343e+01
7.083824999999994361e+03 2.299999999999953104e+01
7.086690624999993815e+03 2.299999999999910827e+01
7.089556249999994179e+03 2.299999999999982947e+01
7.092421874999993634e+03 2.300000000000086686e+01
7.095287499999993997e+03 2.300000000000004619e+01
7.098153124999993452e+03 2.299999999999981526e+01
7.101018749999993815e+03 2.300000000000040501e+01
7.103884374999993270e+03 2.300000000000051870e+01
7.106749999999993634e+03 2.299999999999996447e+01
7.109615624999992178e+03 2.300000000000008882e+01
7.112481249999993452e+03 2.299999999999949196e+01
7.115346874999991996e+03 2.299999999999991829e+01
7.118212499999993270e+03 2.299999999999959499e+01
7.121078124999991815e+03 2.299999999999988631e+01
7.123943749999992178e+03 2.300000000000107647e+01
7.126809374999991633e+03 2.300000000000017764e+01
7.129674999999991996e+03 2.300000000000035172e+01
7.132540624999991451e+03 2.299999999999951328e+01
7.135406249999991815e+03 2.300000000000001776e+01
7.138271874999991269e+03 2.300000000000067502e+01
7.141137499999991633e+03 2.300000000000098410e+01
7.144003124999990177e+03 2.300000000000051514e+01
7.146868749999991451e+03 2.299999999999945288e+01
7.149734374999989996e+03 2.299999999999970868e+01
7.151167187499990177e+03 2.299999999999953815e+01
7.151525390624989996e+03 2.300000000000080291e+01
7.151614941406240177e+03 2.300000000000015277e+01
7.151616340637197027e+03 2.300000000000021316e+01
7.151617040252676816e+03 2.299999999999991473e+01
7.151617127704610539e+03 2.299999999999953104e+01
7.151617133170356283e+03 2.299999999999937472e+01
7.151617135903230519e+03 2.300000000000028422e+01
7.151617137269666273e+03 2.300000000000034817e+01
7.151617137952884150e+03 2.299999999999992184e+01
