3.668000000000000000e+03 4.151169339685986159e+01
3.851400000000000091e+03 4.344457051109174728e+01
4.034800000000000182e+03 4.538518783222991004e+01
4.218199999999999818e+03 4.733356919314114464e+01
4.401599999999999454e+03 4.928973866889793243e+01
4.585000000000000000e+03 5.125372057952330351e+01
4.768400000000000546e+03 5.322553949277991592e+01
4.951800000000000182e+03 5.634461086951729669e+01
5.135199999999999818e+03 6.050393266271424864e+01
5.318599999999999454e+03 6.569615582712032165e+01
5.502000000000000000e+03 7.101246733133788780e+01
5.685399999999999636e+03 7.646189922257070748e+01
5.868800000000000182e+03 8.205480171530464872e+01
6.052199999999999818e+03 8.780311938045358033e+01
6.235600000000000364e+03 9.389715780499932407e+01
6.419000000000000000e+03 1.004788079208559850e+02
6.602400000000000546e+03 1.073406762789460061e+02
6.785800000000000182e+03 1.145269621852428230e+02
6.969200000000001637e+03 1.221003493380306253e+02
6.972065625000000182e+03 1.222227801619525707e+02
6.974931250000000546e+03 1.223531859852298851e+02
6.977796875000000000e+03 1.224943254677482685e+02
6.980662500000000364e+03 1.226358007443487566e+02
6.983528124999999818e+03 1.227776165041035057e+02
6.986393750000000182e+03 1.229197775680185742e+02
6.989259374999999636e+03 1.230622888945193267e+02
6.992125000000000000e+03 1.232051555852392397e+02
6.994990624999999454e+03 1.233483828911268603e+02
6.997856249999999818e+03 1.234919762188932566e+02
7.000721874999998363e+03 1.236359411378379036e+02
7.003587499999999636e+03 1.237802833870518953e+02
7.006453124999998181e+03 1.239250088830622474e+02
7.009318749999999454e+03 1.240701237279080260e+02
7.012184374999997999e+03 1.242156342177173372e+02
7.015049999999998363e+03 1.243615468518052296e+02
7.017915624999997817e+03 1.245078683423219843e+02
7.020781249999998181e+03 1.246546056245188083e+02
7.023646874999997635e+03 1.248017658676619135e+02
7.026512499999997999e+03 1.249493564866457262e+02
7.029378124999997453e+03 1.250973851543739954e+02
7.032243749999997817e+03 1.252458598149549260e+02
7.035109374999996362e+03 1.253947886977965851e+02
7.037974999999997635e+03 1.255480800633973928e+02
7.040840624999996180e+03 1.257028148590817835e+02
7.043706249999997453e+03 1.258581743941792581e+02
7.046571874999995998e+03 1.260141748354619153e+02
7.049437499999996362e+03 1.261708331545380020e+02
7.052303124999995816e+03 1.263281671863175006e+02
7.055168749999996180e+03 1.264861956930921991e+02
7.058034374999995634e+03 1.266449384348931062e+02
7.060899999999995998e+03 1.268044162469112166e+02
7.063765624999995453e+03 1.269646511248515708e+02
7.066631249999995816e+03 1.271256663192586274e+02
7.069496874999994361e+03 1.272874864399790056e+02
7.072362499999995634e+03 1.274501375721412160e+02
7.075228124999994179e+03 1.276136474052424461e+02
7.078093749999995453e+03 1.277780453771982394e+02
7.080959374999993997e+03 1.279433628355476031e+02
7.083824999999994361e+03 1.281096332183694528e+02
7.086690624999993815e+03 1.282768922579559785e+02
7.089556249999994179e+03 1.284471967309252989e+02
7.092421874999993634e+03 1.286277649648383772e+02
7.095287499999993997e+03 1.288101211201757792e+02
7.098153124999993452e+03 1.289943796552053641e+02
7.101018749999993815e+03 1.291806685479953956e+02
7.103884374999993270e+03 1.293691316587022300e+02
7.106749999999993634e+03 1.295599316515534554e+02
7.109615624999992178e+03 1.297532536478539953e+02
7.112481249999993452e+03 1.299493098469425263e+02
7.115346874999991996e+03 1.301483454486275377e+02
7.118212499999993270e+03 1.303506463555802100e+02
7.121078124999991815e+03 1.305565493572809146e+02
7.123943749999992178e+03 1.307664558494642222e+02
7.126809374999991633e+03 1.310650545811022312e+02
7.129674999999991996e+03 1.314413948987345009e+02
7.132540624999991451e+03 1.318363626259921659e+02
7.135406249999991815e+03 1.322542775713400260e+02
7.138271874999991269e+03 1.327014750297448984e+02
7.141137499999991633e+03 1.331879395373656507e+02
7.144003124999990177e+03 1.337311818198822948e+02
7.146868749999991451e+03 1.343679061092050233e+02
7.149734374999989996e+03 1.352108594356203923e+02
7.151167187499990177e+03 1.359025919306699848e+02
7.151525390624989996e+03 1.362499548649799408e+02
7.151614941406240177e+03 1.365702124778681252e+02
7.151616340637197027e+03 1.365534038454604229e+02
7.151617040252676816e+03 1.365368282742467159e+02
7.151617127704610539e+03 1.365308191358251975e+02
7.151617133170356283e+03 1.365299262258445481e+02
7.151617135903230519e+03 1.365292824947290171e+02
7.151617137269666273e+03 1.365288081633198374e+02
7.151617137952884150e+03 1.365284391955208037e+02
