3.668000000000000000e+03 3.156560875220136353e+01
3.851400000000000091e+03 3.433607238115804705e+01
4.034800000000000182e+03 3.712507650128598158e+01
4.218199999999999818e+03 3.993290952043942355e+01
4.401599999999999454e+03 4.275984832026248483e+01
4.585000000000000000e+03 4.560601034278089116e+01
4.768400000000000546e+03 4.853115508702596514e+01
4.951800000000000182e+03 5.164005055252931697e+01
5.135199999999999818e+03 5.494580004991783539e+01
5.318599999999999454e+03 5.918258188511524054e+01
5.502000000000000000e+03 6.353591518732216059e+01
5.685399999999999636e+03 6.799505380099176932e+01
5.868800000000000182e+03 7.255694548965726653e+01
6.052199999999999818e+03 7.771803854222926589e+01
6.235600000000000364e+03 8.385894385693896425e+01
6.419000000000000000e+03 9.017109830018026173e+01
6.602400000000000546e+03 9.676701906012817744e+01
6.785800000000000182e+03 1.040518274621198032e+02
6.969200000000001637e+03 1.116672911702308681e+02
6.972065625000000182e+03 1.117891794903357834e+02
6.974931250000000546e+03 1.119124704228193679e+02
6.977796875000000000e+03 1.120376275032686237e+02
6.980662500000000364e+03 1.121629294265651424e+02
6.983528124999999818e+03 1.122883775126548045e+02
6.986393750000000182e+03 1.124139731125053743e+02
6.989259374999999636e+03 1.125397176092947120e+02
6.992125000000000000e+03 1.126656124196610449e+02
6.994990624999999454e+03 1.127916589950196737e+02
6.997856249999999818e+03 1.129178588229527236e+02
7.000721874999998363e+03 1.130442134286700195e+02
7.003587499999999636e+03 1.131707243765631574e+02
7.006453124999998181e+03 1.132973932718290655e+02
7.009318749999999454e+03 1.134242217621987834e+02
7.012184374999997999e+03 1.135512115397644237e+02
7.015049999999998363e+03 1.136783643429095605e+02
7.017915624999997817e+03 1.138056819583574679e+02
7.020781249999998181e+03 1.139331662233404359e+02
7.023646874999997635e+03 1.140608190279094742e+02
7.026512499999997999e+03 1.141886423173712330e+02
7.029378124999997453e+03 1.143166380949012080e+02
7.032243749999997817e+03 1.144448084243042985e+02
7.035109374999996362e+03 1.145731554329727828e+02
7.037974999999997635e+03 1.147094793015720597e+02
7.040840624999996180e+03 1.148478124620267096e+02
7.043706249999997453e+03 1.149864831384833224e+02
7.046571874999995998e+03 1.151254985880358532e+02
7.049437499999996362e+03 1.152648664028162671e+02
7.052303124999995816e+03 1.154045945334412977e+02
7.055168749999996180e+03 1.155446913146639218e+02
7.058034374999995634e+03 1.156851654934913540e+02
7.060899999999995998e+03 1.158260262600551584e+02
7.063765624999995453e+03 1.159672832816017376e+02
7.066631249999995816e+03 1.161089467399673651e+02
7.069496874999994361e+03 1.162510273730194967e+02
7.072362499999995634e+03 1.163935365205757648e+02
7.075228124999994179e+03 1.165364861754211177e+02
7.078093749999995453e+03 1.166798890401298081e+02
7.080959374999993997e+03 1.168237585905503693e+02
7.083824999999994361e+03 1.169681091469031173e+02
7.086690624999993815e+03 1.171129559536949500e+02
7.089556249999994179e+03 1.172615346303322781e+02
7.092421874999993634e+03 1.174250786517165750e+02
7.095287499999993997e+03 1.175898233210343733e+02
7.098153124999993452e+03 1.177558395313775463e+02
7.101018749999993815e+03 1.179232062591229635e+02
7.103884374999993270e+03 1.180920119513095869e+02
7.106749999999993634e+03 1.182623562383502076e+02
7.109615624999992178e+03 1.184343520709752227e+02
7.112481249999993452e+03 1.186081284180058333e+02
7.115346874999991996e+03 1.187838337170708911e+02
7.118212499999993270e+03 1.189616403533967173e+02
7.121078124999991815e+03 1.191417505696351782e+02
7.123943749999992178e+03 1.193244044113214386e+02
7.126809374999991633e+03 1.195137546638971742e+02
7.129674999999991996e+03 1.197102372911398049e+02
7.132540624999991451e+03 1.199119695308644680e+02
7.135406249999991815e+03 1.201201085432629299e+02
7.138271874999991269e+03 1.203363439858422481e+02
7.141137499999991633e+03 1.205633270057263360e+02
7.144003124999990177e+03 1.208056861761516814e+02
7.146868749999991451e+03 1.210730783642638499e+02
7.149734374999989996e+03 1.213950188215364676e+02
7.151167187499990177e+03 1.216267293228869022e+02
7.151525390624989996e+03 1.217300579867452797e+02
7.151614941406240177e+03 1.218165175090142469e+02
7.151616340637197027e+03 1.218122044104277535e+02
7.151617040252676816e+03 1.218079259782533939e+02
7.151617127704610539e+03 1.218063687806360775e+02
7.151617133170356283e+03 1.218061371154681893e+02
7.151617135903230519e+03 1.218059700550730753e+02
7.151617137269666273e+03 1.218058469332055154e+02
7.151617137952884150e+03 1.218057511464732698e+02
