3.668000000000000000e+03 9.673327918896762467e-01
3.851400000000000091e+03 9.666251609748635065e-01
4.034800000000000182e+03 9.658858248498743970e-01
4.218199999999999818e+03 9.651135611023212713e-01
4.401599999999999454e+03 9.636973292555646164e-01
4.585000000000000000e+03 9.593793874148189849e-01
4.768400000000000546e+03 9.539867942389889111e-01
4.951800000000000182e+03 9.480512550345182587e-01
5.135199999999999818e+03 9.417977288302888939e-01
5.318599999999999454e+03 9.352434403103201399e-01
5.502000000000000000e+03 9.283855945503904916e-01
5.685399999999999636e+03 9.211936874381341234e-01
5.868800000000000182e+03 9.136215944840156977e-01
6.052199999999999818e+03 9.056122274396021243e-01
6.235600000000000364e+03 8.963650872732418229e-01
6.419000000000000000e+03 8.852943475285218744e-01
6.602400000000000546e+03 8.732422820314922340e-01
6.785800000000000182e+03 8.600032453137569366e-01
6.969200000000001637e+03 8.450312469382641467e-01
6.972065625000000182e+03 8.447454943924814774e-01
6.974931250000000546e+03 8.442566642784748998e-01
6.977796875000000000e+03 8.434941638314170653e-01
6.980662500000000364e+03 8.427261235327418998e-01
6.983528124999999818e+03 8.419524428987460452e-01
6.986393750000000182e+03 8.411730184123810128e-01
6.989259374999999636e+03 8.403877433937703145e-01
6.992125000000000000e+03 8.395965078635725387e-01
6.994990624999999454e+03 8.387991983986241573e-01
6.997856249999999818e+03 8.379956979794064287e-01
7.000721874999998363e+03 8.371858858286793659e-01
7.003587499999999636e+03 8.363696372406964619e-01
7.006453124999998181e+03 8.355468234003363692e-01
7.009318749999999454e+03 8.347173111913457344e-01
7.012184374999997999e+03 8.338809629929714307e-01
7.015049999999998363e+03 8.330376364640197373e-01
7.017915624999997817e+03 8.321871843134608371e-01
7.020781249999998181e+03 8.313294540564718504e-01
7.023646874999997635e+03 8.304642877548257252e-01
7.026512499999997999e+03 8.295915217403422304e-01
7.029378124999997453e+03 8.287109863200577964e-01
7.032243749999997817e+03 8.278225054615936385e-01
7.035109374999996362e+03 8.269258964570765924e-01
7.037974999999997635e+03 8.259284529992249047e-01
7.040840624999996180e+03 8.248994169810515142e-01
7.043706249999997453e+03 8.238582189281774548e-01
7.046571874999995998e+03 8.228044851712233987e-01
7.049437499999996362e+03 8.217378227497202925e-01
7.052303124999995816e+03 8.206578179921393268e-01
7.055168749999996180e+03 8.195640349588301232e-01
7.058034374999995634e+03 8.184560137312139050e-01
7.060899999999995998e+03 8.173332685283262178e-01
7.063765624999995453e+03 8.161952856289222957e-01
7.066631249999995816e+03 8.150415210739984095e-01
7.069496874999994361e+03 8.138713981207916781e-01
7.072362499999995634e+03 8.126843044144466122e-01
7.075228124999994179e+03 8.114795888382851929e-01
7.078093749999995453e+03 8.102565579967624387e-01
7.080959374999993997e+03 8.090144722774580410e-01
7.083824999999994361e+03 8.077525414287606287e-01
7.086690624999993815e+03 8.064699195785183239e-01
7.089556249999994179e+03 8.051161226463864340e-01
7.092421874999993634e+03 8.035139241734213789e-01
7.095287499999993997e+03 8.018715502074065249e-01
7.098153124999993452e+03 8.001862175739014038e-01
7.101018749999993815e+03 7.984548098243982039e-01
7.103884374999993270e+03 7.966738186962176727e-01
7.106749999999993634e+03 7.948392716621222043e-01
7.109615624999992178e+03 7.929466413047162598e-01
7.112481249999993452e+03 7.909907306139916106e-01
7.115346874999991996e+03 7.889655258985098785e-01
7.118212499999993270e+03 7.868640053839275339e-01
7.121078124999991815e+03 7.846778860068448491e-01
7.123943749999992178e+03 7.823972821161000457e-01
7.126809374999991633e+03 7.797759917991068379e-01
7.129674999999991996e+03 7.768047818979442187e-01
7.132540624999991451e+03 7.736133041392756482e-01
7.135406249999991815e+03 7.701493508329170234e-01
7.138271874999991269e+03 7.663362411955660924e-01
7.141137499999991633e+03 7.620529433688330023e-01
7.144003124999990177e+03 7.570868718932897146e-01
7.146868749999991451e+03 7.509917372462818763e-01
7.149734374999989996e+03 7.423943752568342713e-01
7.151167187499990177e+03 7.348044215212787833e-01
7.151525390624989996e+03 7.307785621488573913e-01
7.151614941406240177e+03 7.269219842872789439e-01
7.151616340637197027e+03 7.271280906259768306e-01
7.151617040252676816e+03 7.273309259251780068e-01
7.151617127704610539e+03 7.274043588440094465e-01
7.151617133170356283e+03 7.274152658181145537e-01
7.151617135903230519e+03 7.274231283172942764e-01
7.151617137269666273e+03 7.274289213841055313e-01
7.151617137952884150e+03 7.274334274018993129e-01
