3.668000000000000000e+03 9.888055882784124728e-01
3.851400000000000091e+03 9.872217196790644689e-01
4.034800000000000182e+03 9.856060581295530421e-01
4.218199999999999818e+03 9.839082724198781049e-01
4.401599999999999454e+03 9.821958943061598335e-01
4.585000000000000000e+03 9.804686071628070376e-01
4.768400000000000546e+03 9.779950481906204418e-01
4.951800000000000182e+03 9.748662209295732017e-01
5.135199999999999818e+03 9.707708389169606988e-01
5.318599999999999454e+03 9.664113280498312086e-01
5.502000000000000000e+03 9.619438932483179716e-01
5.685399999999999636e+03 9.573601717514997889e-01
5.868800000000000182e+03 9.526495835819647207e-01
6.052199999999999818e+03 9.477994765224734275e-01
6.235600000000000364e+03 9.414254321531589920e-01
6.419000000000000000e+03 9.326662833137222552e-01
6.602400000000000546e+03 9.233664755213473185e-01
6.785800000000000182e+03 9.134251403802690072e-01
6.969200000000001637e+03 9.026625529323989428e-01
6.972065625000000182e+03 9.024807243957827518e-01
6.974931250000000546e+03 9.022232738867413948e-01
6.977796875000000000e+03 9.018639468786456836e-01
6.980662500000000364e+03 9.015025404151743027e-01
6.983528124999999818e+03 9.011390182120323500e-01
6.986393750000000182e+03 9.007733429036036688e-01
6.989259374999999636e+03 9.004054759970672173e-01
6.992125000000000000e+03 9.000353778239872371e-01
6.994990624999999454e+03 8.996630074891782680e-01
6.997856249999999818e+03 8.992883228166875798e-01
7.000721874999998363e+03 8.989112802926508827e-01
7.003587499999999636e+03 8.985318350048311364e-01
7.006453124999998181e+03 8.981499405785924317e-01
7.009318749999999454e+03 8.977655491090429374e-01
7.012184374999997999e+03 8.973786110890695777e-01
7.015049999999998363e+03 8.969890753329380351e-01
7.017915624999997817e+03 8.965968888951625360e-01
7.020781249999998181e+03 8.962019969842192069e-01
7.023646874999997635e+03 8.958043428707571643e-01
7.026512499999997999e+03 8.954038677898256138e-01
7.029378124999997453e+03 8.950005108366686501e-01
7.032243749999997817e+03 8.945942088555274285e-01
7.035109374999996362e+03 8.941848963208978152e-01
7.037974999999997635e+03 8.937371638984227262e-01
7.040840624999996180e+03 8.932775229595206756e-01
7.043706249999997453e+03 8.928134097107047751e-01
7.046571874999995998e+03 8.923446903281936349e-01
7.049437499999996362e+03 8.918712241335275959e-01
7.052303124999995816e+03 8.913928630908023454e-01
7.055168749999996180e+03 8.909094512554709411e-01
7.058034374999995634e+03 8.904208241688256198e-01
7.060899999999995998e+03 8.899268081914900597e-01
7.063765624999995453e+03 8.894272197682402403e-01
7.066631249999995816e+03 8.889218646152772241e-01
7.069496874999994361e+03 8.884105368197475761e-01
7.072362499999995634e+03 8.878930178395902928e-01
7.075228124999994179e+03 8.873690753899255990e-01
7.078093749999995453e+03 8.868384621998086637e-01
7.080959374999993997e+03 8.863009146204211541e-01
7.083824999999994361e+03 8.857561510623777057e-01
7.086690624999993815e+03 8.852038702358089317e-01
7.089556249999994179e+03 8.846254538371903786e-01
7.092421874999993634e+03 8.839555997014449940e-01
7.095287499999993997e+03 8.832712359813045255e-01
7.098153124999993452e+03 8.825713713570855212e-01
7.101018749999993815e+03 8.818548962487576803e-01
7.103884374999993270e+03 8.811205620787819770e-01
7.106749999999993634e+03 8.803669556121949125e-01
7.109615624999992178e+03 8.795924668655656919e-01
7.112481249999993452e+03 8.787952484978401868e-01
7.115346874999991996e+03 8.779731637449744719e-01
7.118212499999993270e+03 8.771237186819426102e-01
7.121078124999991815e+03 8.762439726287576391e-01
7.123943749999992178e+03 8.753304174089827638e-01
7.126809374999991633e+03 8.742146198148076364e-01
7.129674999999991996e+03 8.729056970655837411e-01
7.132540624999991451e+03 8.715081542636508027e-01
7.135406249999991815e+03 8.700011171975217117e-01
7.138271874999991269e+03 8.683539421547398218e-01
7.141137499999991633e+03 8.665182864063523116e-01
7.144003124999990177e+03 8.644092831505559849e-01
7.146868749999991451e+03 8.618488639223497172e-01
7.149734374999989996e+03 8.582894577435947747e-01
7.151167187499990177e+03 8.551973362192217820e-01
7.151525390624989996e+03 8.535761537877107896e-01
7.151614941406240177e+03 8.520353689843593870e-01
7.151616340637197027e+03 8.521174111565695819e-01
7.151617040252676816e+03 8.521981844789997540e-01
7.151617127704610539e+03 8.522274351508469792e-01
7.151617133170356283e+03 8.522317801146730432e-01
7.151617135903230519e+03 8.522349123233781132e-01
7.151617137269666273e+03 8.522372201574412998e-01
7.151617137952884150e+03 8.522390152772580940e-01
