3.668000000000000000e+03 -1.950612415683739442e+00
3.851400000000000091e+03 -2.316741949309065518e+00
4.034800000000000182e+03 -2.588156749618498509e+00
4.218199999999999818e+03 -2.762584776867480940e+00
4.401599999999999454e+03 -2.837567147955144975e+00
4.585000000000000000e+03 -2.810299501347664375e+00
4.768400000000000546e+03 -2.678320820202447550e+00
4.951800000000000182e+03 -2.438196551804061585e+00
5.135199999999999818e+03 8.500019241981604523e-02
5.318599999999999454e+03 7.268626252675069566e+00
5.502000000000000000e+03 1.497337457094780433e+01
5.685399999999999636e+03 2.323813875079447300e+01
5.868800000000000182e+03 3.434340506933558856e+01
6.052199999999999818e+03 5.015567332020023628e+01
6.235600000000000364e+03 6.753952160489458834e+01
6.419000000000000000e+03 8.725425235362237686e+01
6.602400000000000546e+03 1.141888823422039820e+02
6.785800000000000182e+03 1.445541326193150837e+02
6.969200000000001637e+03 1.786853518296027801e+02
6.972065625000000182e+03 1.792575515463371687e+02
6.974931250000000546e+03 1.799672516055190385e+02
6.977796875000000000e+03 1.808619888717802269e+02
6.980662500000000364e+03 1.817612847032256411e+02
6.983528124999999818e+03 1.826652089500289264e+02
6.986393750000000182e+03 1.835738334386059023e+02
6.989259374999999636e+03 1.844872320534294374e+02
6.992125000000000000e+03 1.854054808232600067e+02
6.994990624999999454e+03 1.863286580122005489e+02
6.997856249999999818e+03 1.872568442158136008e+02
7.000721874999998363e+03 1.881901224626771523e+02
7.003587499999999636e+03 1.891285783218400525e+02
7.006453124999998181e+03 1.900723000164641689e+02
7.009318749999999454e+03 1.910213785442299468e+02
7.012184374999997999e+03 1.919759078049057734e+02
7.015049999999998363e+03 1.929359847357028457e+02
7.017915624999997817e+03 1.939017094549020612e+02
7.020781249999998181e+03 1.948731854145059970e+02
7.023646874999997635e+03 1.958505195625140800e+02
7.026512499999997999e+03 1.968338225156348926e+02
7.029378124999997453e+03 1.978232087432597268e+02
7.032243749999997817e+03 1.988187967636243343e+02
7.035109374999996362e+03 1.998207093531460146e+02
7.037974999999997635e+03 2.000000000000002842e+02
7.040840624999996180e+03 1.999999999999990905e+02
7.043706249999997453e+03 2.000000000000003695e+02
7.046571874999995998e+03 2.000000000000005400e+02
7.049437499999996362e+03 1.999999999999998295e+02
7.052303124999995816e+03 2.000000000000010800e+02
7.055168749999996180e+03 1.999999999999992326e+02
7.058034374999995634e+03 2.000000000000001990e+02
7.060899999999995998e+03 2.000000000000001137e+02
7.063765624999995453e+03 1.999999999999990337e+02
7.066631249999995816e+03 1.999999999999996021e+02
7.069496874999994361e+03 1.999999999999984652e+02
7.072362499999995634e+03 1.999999999999993747e+02
7.075228124999994179e+03 2.000000000000001137e+02
7.078093749999995453e+03 2.000000000000016769e+02
7.080959374999993997e+03 2.000000000000001705e+02
7.083824999999994361e+03 2.000000000000007390e+02
7.086690624999993815e+03 1.999999999999976694e+02
7.089556249999994179e+03 2.000000000000004263e+02
7.092421874999993634e+03 2.000000000000007674e+02
7.095287499999993997e+03 2.000000000000023590e+02
7.098153124999993452e+03 1.999999999999995168e+02
7.101018749999993815e+03 1.999999999999998863e+02
7.103884374999993270e+03 1.999999999999990905e+02
7.106749999999993634e+03 2.000000000000014495e+02
7.109615624999992178e+03 1.999999999999986358e+02
7.112481249999993452e+03 2.000000000000020464e+02
7.115346874999991996e+03 2.000000000000002842e+02
7.118212499999993270e+03 1.999999999999988631e+02
7.121078124999991815e+03 1.999999999999997158e+02
7.123943749999992178e+03 2.000000000000007390e+02
7.126809374999991633e+03 2.000000000000017337e+02
7.129674999999991996e+03 1.999999999999999147e+02
7.132540624999991451e+03 1.999999999999996021e+02
7.135406249999991815e+03 1.999999999999998863e+02
7.138271874999991269e+03 2.000000000000007958e+02
7.141137499999991633e+03 1.999999999999991758e+02
7.144003124999990177e+03 2.000000000000003411e+02
7.146868749999991451e+03 1.999999999999984084e+02
7.149734374999989996e+03 1.999999999999989768e+02
7.151167187499990177e+03 1.999999999999998010e+02
7.151525390624989996e+03 2.000000000000011937e+02
7.151614941406240177e+03 1.999999999999992895e+02
7.151616340637197027e+03 1.999999999999989484e+02
7.151617040252676816e+03 2.000000000000004547e+02
7.151617127704610539e+03 1.999999999999998295e+02
7.151617133170356283e+03 1.999999999999983515e+02
7.151617135903230519e+03 1.999999999999998863e+02
7.151617137269666273e+03 1.999999999999992042e+02
7.151617137952884150e+03 2.000000000000005969e+02
