3.668000000000000000e+03 1.505473136606951279e+01
3.851400000000000091e+03 1.301287795492308597e+01
4.034800000000000182e+03 1.094375259337691197e+01
4.218199999999999818e+03 8.845638120198662691e+00
4.401599999999999454e+03 6.716326678959998020e+00
4.585000000000000000e+03 4.546979639718250255e+00
4.768400000000000546e+03 2.334153817273079135e+00
4.951800000000000182e+03 7.261098507840824112e-02
5.135199999999999818e+03 -2.255518865001470807e+00
5.318599999999999454e+03 -4.680203840522676906e+00
5.502000000000000000e+03 -7.175128845774827013e+00
5.685399999999999636e+03 -9.747233995664357664e+00
5.868800000000000182e+03 -1.242031722703966601e+01
6.052199999999999818e+03 -1.521751210428409706e+01
6.235600000000000364e+03 -1.813319606219828728e+01
6.419000000000000000e+03 -2.120762001002059094e+01
6.602400000000000546e+03 -2.452652161503933570e+01
6.785800000000000182e+03 -2.812596662763738564e+01
6.969200000000001637e+03 -3.204210412682941467e+01
6.972065625000000182e+03 -3.210715890910810799e+01
6.974931250000000546e+03 -3.218375983012322905e+01
6.977796875000000000e+03 -3.227594041909251388e+01
6.980662500000000364e+03 -3.236857003271563826e+01
6.983528124999999818e+03 -3.246165603120610399e+01
6.986393750000000182e+03 -3.255520598790077713e+01
6.989259374999999636e+03 -3.264922769817657411e+01
6.992125000000000000e+03 -3.274372918885017469e+01
6.994990624999999454e+03 -3.283871872810653514e+01
6.997856249999999818e+03 -3.293420483598072224e+01
7.000721874999998363e+03 -3.303019629543945257e+01
7.003587499999999636e+03 -3.312670216410698032e+01
7.006453124999998181e+03 -3.322373178666944682e+01
7.009318749999999454e+03 -3.332129480802311861e+01
7.012184374999997999e+03 -3.341940118720708597e+01
7.015049999999998363e+03 -3.351806121219088652e+01
7.017915624999997817e+03 -3.361728551557114031e+01
7.020781249999998181e+03 -3.371708509125730302e+01
7.023646874999997635e+03 -3.381747131221575131e+01
7.026512499999997999e+03 -3.391845594936010144e+01
7.029378124999997453e+03 -3.402005119167807123e+01
7.032243749999997817e+03 -3.412226966769761560e+01
7.035109374999996362e+03 -3.422512446840267586e+01
7.037974999999997635e+03 -3.434016289018627077e+01
7.040840624999996180e+03 -3.445867530621630692e+01
7.043706249999997453e+03 -3.457821690820735228e+01
7.046571874999995998e+03 -3.469881720519529011e+01
7.049437499999996362e+03 -3.482050718777347953e+01
7.052303124999995816e+03 -3.494331943563735621e+01
7.055168749999996180e+03 -3.506728823542550089e+01
7.058034374999995634e+03 -3.519244971010585488e+01
7.060899999999995998e+03 -3.531884196131486675e+01
7.063765624999995453e+03 -3.544650522628073475e+01
7.066631249999995816e+03 -3.557548205120381368e+01
7.069496874999994361e+03 -3.570581748325228233e+01
7.072362499999995634e+03 -3.583755928369802035e+01
7.075228124999994179e+03 -3.597075816509893542e+01
7.078093749999995453e+03 -3.610546805594865560e+01
7.080959374999993997e+03 -3.624174639679015542e+01
7.083824999999994361e+03 -3.637965447250543605e+01
7.086690624999993815e+03 -3.651925778633680153e+01
7.089556249999994179e+03 -3.666630482676026759e+01
7.092421874999993634e+03 -3.684090398622576856e+01
7.095287499999993997e+03 -3.701903421547415007e+01
7.098153124999993452e+03 -3.720093041783843546e+01
7.101018749999993815e+03 -3.738685519123388445e+01
7.103884374999993270e+03 -3.757710365511247375e+01
7.106749999999993634e+03 -3.777200941918228949e+01
7.109615624999992178e+03 -3.797195204291024595e+01
7.112481249999993452e+03 -3.817736646849651549e+01
7.115346874999991996e+03 -3.838875510655516621e+01
7.118212499999993270e+03 -3.860670354879363941e+01
7.121078124999991815e+03 -3.883190133583577364e+01
7.123943749999992178e+03 -3.906516992522137599e+01
7.126809374999991633e+03 -3.932264996704414983e+01
7.129674999999991996e+03 -3.960569606117852715e+01
7.132540624999991451e+03 -3.990659161442695790e+01
7.135406249999991815e+03 -4.022948233261632112e+01
7.138271874999991269e+03 -4.058044530654873228e+01
7.141137499999991633e+03 -4.096905331487506885e+01
7.144003124999990177e+03 -4.141208590626192176e+01
7.146868749999991451e+03 -4.194469421471717396e+01
7.149734374999989996e+03 -4.267478340222746169e+01
7.151167187499990177e+03 -4.329840866777270492e+01
7.151525390624989996e+03 -4.362111410133320533e+01
7.151614941406240177e+03 -4.392493881163779434e+01
7.151616340637197027e+03 -4.390883378646176283e+01
7.151617040252676816e+03 -4.389296974350197900e+01
7.151617127704610539e+03 -4.388722287525344967e+01
7.151617133170356283e+03 -4.388636913228539527e+01
7.151617135903230519e+03 -4.388575366948641232e+01
7.151617137269666273e+03 -4.388530018433540647e+01
7.151617137952884150e+03 -4.388494744207272902e+01
