3.668000000000000000e+03 1.095917699759038477e+01
3.851400000000000091e+03 8.611076557374389040e+00
4.034800000000000182e+03 6.234743074750047853e+00
4.218199999999999818e+03 3.827858116599029525e+00
4.401599999999999454e+03 1.388371540156632111e+00
4.585000000000000000e+03 -1.091148211785196942e+00
4.768400000000000546e+03 -3.610547621043913580e+00
4.951800000000000182e+03 -6.170137319416524768e+00
5.135199999999999818e+03 -8.800718251381946189e+00
5.318599999999999454e+03 -1.153798028297451772e+01
5.502000000000000000e+03 -1.434855142599566946e+01
5.685399999999999636e+03 -1.724137292459721493e+01
5.868800000000000182e+03 -2.024446511332402920e+01
6.052199999999999818e+03 -2.339017173114275749e+01
6.235600000000000364e+03 -2.667440001789208281e+01
6.419000000000000000e+03 -3.012630676782378103e+01
6.602400000000000546e+03 -3.384373785716976357e+01
6.785800000000000182e+03 -3.788690745131611948e+01
6.969200000000001637e+03 -4.227303929681681893e+01
6.972065625000000182e+03 -4.234552398171968690e+01
6.974931250000000546e+03 -4.242906061395436979e+01
6.977796875000000000e+03 -4.252750583940844820e+01
6.980662500000000364e+03 -4.262639212156962998e+01
6.983528124999999818e+03 -4.272572652643913216e+01
6.986393750000000182e+03 -4.282551632313762724e+01
6.989259374999999636e+03 -4.292576899237802479e+01
6.992125000000000000e+03 -4.302649223539496148e+01
6.994990624999999454e+03 -4.312769398337741222e+01
6.997856249999999818e+03 -4.322938240742487892e+01
7.000721874999998363e+03 -4.333156592907310767e+01
7.003587499999999636e+03 -4.343425323143089400e+01
7.006453124999998181e+03 -4.353745327095968065e+01
7.009318749999999454e+03 -4.364117528995937789e+01
7.012184374999997999e+03 -4.374542882979717007e+01
7.015049999999998363e+03 -4.385022374494802477e+01
7.017915624999997817e+03 -4.395557021789544905e+01
7.020781249999998181e+03 -4.406147877497166121e+01
7.023646874999997635e+03 -4.416796030320010402e+01
7.026512499999997999e+03 -4.427502606822434217e+01
7.029378124999997453e+03 -4.438268773340958262e+01
7.032243749999997817e+03 -4.449095738021328827e+01
7.035109374999996362e+03 -4.459984752992993151e+01
7.037974999999997635e+03 -4.472145255141453646e+01
7.040840624999996180e+03 -4.484663709132217946e+01
7.043706249999997453e+03 -4.497283714276250777e+01
7.046571874999995998e+03 -4.510008141929595382e+01
7.049437499999996362e+03 -4.522840006978728411e+01
7.052303124999995816e+03 -4.535782478238656523e+01
7.055168749999996180e+03 -4.548838889845330868e+01
7.058034374999995634e+03 -4.562012753763077910e+01
7.060899999999995998e+03 -4.575307773542810708e+01
7.063765624999995453e+03 -4.588727859488427185e+01
7.066631249999995816e+03 -4.602277145412209336e+01
7.069496874999994361e+03 -4.615960007187324265e+01
7.072362499999995634e+03 -4.629781083341239167e+01
7.075228124999994179e+03 -4.643745297970224328e+01
7.078093749999995453e+03 -4.657857886305107797e+01
7.080959374999993997e+03 -4.672124423313782415e+01
7.083824999999994361e+03 -4.686550855794993709e+01
7.086690624999993815e+03 -4.701143538499207608e+01
7.089556249999994179e+03 -4.716496696712006553e+01
7.092421874999993634e+03 -4.734687513811231696e+01
7.095287499999993997e+03 -4.753228364748541424e+01
7.098153124999993452e+03 -4.772142369923515304e+01
7.101018749999993815e+03 -4.791455369462507718e+01
7.103884374999993270e+03 -4.811196396745035742e+01
7.106749999999993634e+03 -4.831398263870092080e+01
7.109615624999992178e+03 -4.852098293267270179e+01
7.112481249999993452e+03 -4.873339242753881706e+01
7.115346874999991996e+03 -4.895170490595408808e+01
7.118212499999993270e+03 -4.917649576031008252e+01
7.121078124999991815e+03 -4.940844235184633959e+01
7.123943749999992178e+03 -4.964835142502191445e+01
7.126809374999991633e+03 -4.991193921659983346e+01
7.129674999999991996e+03 -5.020054759503182140e+01
7.132540624999991451e+03 -5.050668848327828186e+01
7.135406249999991815e+03 -5.083442102215456515e+01
7.138271874999991269e+03 -5.118969382774817944e+01
7.141137499999991633e+03 -5.158187478366013323e+01
7.144003124999990177e+03 -5.202737980709235899e+01
7.146868749999991451e+03 -5.256058862172407942e+01
7.149734374999989996e+03 -5.328700655615992332e+01
7.151167187499990177e+03 -5.390304352037654922e+01
7.151525390624989996e+03 -5.422008604093609563e+01
7.151614941406240177e+03 -5.451742968273389778e+01
7.151616340637197027e+03 -5.450169706149757332e+01
7.151617040252676816e+03 -5.448619664690389186e+01
7.151617127704610539e+03 -5.448058072288430509e+01
7.151617133170356283e+03 -5.447974639724268542e+01
7.151617135903230519e+03 -5.447914492669164588e+01
7.151617137269666273e+03 -5.447870174825477818e+01
7.151617137952884150e+03 -5.447835702125377111e+01
