3.668000000000000000e+03 6.108288664358925146e+00
3.851400000000000091e+03 6.531618587149410793e+00
4.034800000000000182e+03 7.015943386931811077e+00
4.218199999999999818e+03 7.562665230517266579e+00
4.401599999999999454e+03 8.173033774269681473e+00
4.585000000000000000e+03 8.847452937985679000e+00
4.768400000000000546e+03 9.902100087468248546e+00
4.951800000000000182e+03 1.189062300171224962e+01
5.135199999999999818e+03 1.488131904087038926e+01
5.318599999999999454e+03 2.275358489396172601e+01
5.502000000000000000e+03 3.119715790828101021e+01
5.685399999999999636e+03 4.015435183993069046e+01
5.868800000000000182e+03 4.960816608277911399e+01
6.052199999999999818e+03 5.994040607310117252e+01
6.235600000000000364e+03 7.123124916773812743e+01
6.419000000000000000e+03 8.315521238860453934e+01
6.602400000000000546e+03 9.620660296695920977e+01
6.785800000000000182e+03 1.124072802039329844e+02
6.969200000000001637e+03 1.299149158583195458e+02
6.972065625000000182e+03 1.302008409361706356e+02
6.974931250000000546e+03 1.304968145713165768e+02
6.977796875000000000e+03 1.308062660751972430e+02
6.980662500000000364e+03 1.311164554466941468e+02
6.983528124999999818e+03 1.314273912687810650e+02
6.986393750000000182e+03 1.317390823468404903e+02
6.989259374999999636e+03 1.320515377175622973e+02
6.992125000000000000e+03 1.323647666583058822e+02
6.994990624999999454e+03 1.326787786969584886e+02
6.997856249999999818e+03 1.329935836223732792e+02
7.000721874999998363e+03 1.333091914953416790e+02
7.003587499999999636e+03 1.336256126602395113e+02
7.006453124999998181e+03 1.339428577572904544e+02
7.009318749999999454e+03 1.342609377355718152e+02
7.012184374999997999e+03 1.345798638667795046e+02
7.015049999999998363e+03 1.348996477598163608e+02
7.017915624999997817e+03 1.352203013762581350e+02
7.020781249999998181e+03 1.355418370467764362e+02
7.023646874999997635e+03 1.358642674885924180e+02
7.026512499999997999e+03 1.361876058240196414e+02
7.029378124999997453e+03 1.365118656002102568e+02
7.032243749999997817e+03 1.368370608101873813e+02
7.035109374999996362e+03 1.371632059152750287e+02
7.037974999999997635e+03 1.375265458028187027e+02
7.040840624999996180e+03 1.378993899985431995e+02
7.043706249999997453e+03 1.382739819134746710e+02
7.046571874999995998e+03 1.386503634472007604e+02
7.049437499999996362e+03 1.390285784965404332e+02
7.052303124999995816e+03 1.394086730972738337e+02
7.055168749999996180e+03 1.397906955792665542e+02
7.058034374999995634e+03 1.401746967366196372e+02
7.060899999999995998e+03 1.405607300146454293e+02
7.063765624999995453e+03 1.409488517157934950e+02
7.066631249999995816e+03 1.413391212269115158e+02
7.069496874999994361e+03 1.417316012706606045e+02
7.072362499999995634e+03 1.421263581842991925e+02
7.075228124999994179e+03 1.425234622295991187e+02
7.078093749999995453e+03 1.429229879382879176e+02
7.080959374999993997e+03 1.433250144981404048e+02
7.083824999999994361e+03 1.437296261857959507e+02
7.086690624999993815e+03 1.441369128534018387e+02
7.089556249999994179e+03 1.445620687329534633e+02
7.092421874999993634e+03 1.450578967848800005e+02
7.095287499999993997e+03 1.455599501974846532e+02
7.098153124999993452e+03 1.460686119997671426e+02
7.101018749999993815e+03 1.465843093793093317e+02
7.103884374999993270e+03 1.471075212996223627e+02
7.106749999999993634e+03 1.476387879087961323e+02
7.109615624999992178e+03 1.481787222849373507e+02
7.112481249999993452e+03 1.487280252722623857e+02
7.115346874999991996e+03 1.492875044680248209e+02
7.118212499999993270e+03 1.498580988797305054e+02
7.121078124999991815e+03 1.504409114783836685e+02
7.123943749999992178e+03 1.510372529883775314e+02
7.126809374999991633e+03 1.516708532495269139e+02
7.129674999999991996e+03 1.523440071483006193e+02
7.132540624999991451e+03 1.530457316684334899e+02
7.135406249999991815e+03 1.537824406052110646e+02
7.138271874999991269e+03 1.545635113183279827e+02
7.141137499999991633e+03 1.554036764492532257e+02
7.144003124999990177e+03 1.563286912341109485e+02
7.146868749999991451e+03 1.573923627168111068e+02
7.149734374999989996e+03 1.587593832280331014e+02
7.151167187499990177e+03 1.598375788177765742e+02
7.151525390624989996e+03 1.603608686364894425e+02
7.151614941406240177e+03 1.608307371626514737e+02
7.151616340637197027e+03 1.608064014546770863e+02
7.151617040252676816e+03 1.607823665961853976e+02
7.151617127704610539e+03 1.607736443181218249e+02
7.151617133170356283e+03 1.607723478531568446e+02
7.151617135903230519e+03 1.607714131198471819e+02
7.151617137269666273e+03 1.607707243295847093e+02
7.151617137952884150e+03 1.607701885204728569e+02
