3.668000000000000000e+03 6.070000000000001137e+02
3.851400000000000091e+03 6.295031800000002704e+02
4.034800000000000182e+03 6.520063599999999724e+02
4.218199999999999818e+03 6.745095399999996744e+02
4.401599999999999454e+03 6.970127199999997174e+02
4.585000000000000000e+03 7.195159000000007836e+02
4.768400000000000546e+03 7.420190799999994624e+02
4.951800000000000182e+03 7.645222600000000739e+02
5.135199999999999818e+03 7.870254399999998896e+02
5.318599999999999454e+03 8.095286200000000463e+02
5.502000000000000000e+03 8.320317999999995209e+02
5.685399999999999636e+03 8.545349799999996776e+02
5.868800000000000182e+03 8.770381600000000617e+02
6.052199999999999818e+03 8.995413399999998774e+02
6.235600000000000364e+03 9.220445200000002615e+02
6.419000000000000000e+03 9.445476999999998498e+02
6.602400000000000546e+03 9.670508800000002338e+02
6.785800000000000182e+03 9.895540599999997085e+02
6.969200000000001637e+03 1.012057239999999524e+03
6.972065625000000182e+03 1.012408852187499519e+03
6.974931250000000546e+03 1.012760464374999856e+03
6.977796875000000000e+03 1.013112076562499510e+03
6.980662500000000364e+03 1.013463688750000074e+03
6.983528124999999818e+03 1.013815300937499273e+03
6.986393750000000182e+03 1.014166913124999269e+03
6.989259374999999636e+03 1.014518525312498923e+03
6.992125000000000000e+03 1.014870137499999259e+03
6.994990624999999454e+03 1.015221749687498914e+03
6.997856249999999818e+03 1.015573361874999478e+03
7.000721874999998363e+03 1.015924974062499018e+03
7.003587499999999636e+03 1.016276586249998672e+03
7.006453124999998181e+03 1.016628198437498668e+03
7.009318749999999454e+03 1.016979810624999232e+03
7.012184374999997999e+03 1.017331422812498317e+03
7.015049999999998363e+03 1.017683034999998540e+03
7.017915624999997817e+03 1.018034647187498422e+03
7.020781249999998181e+03 1.018386259374998872e+03
7.023646874999997635e+03 1.018737871562497844e+03
7.026512499999997999e+03 1.019089483749998408e+03
7.029378124999997453e+03 1.019441095937498289e+03
7.032243749999997817e+03 1.019792708124998398e+03
7.035109374999996362e+03 1.020144320312498280e+03
7.037974999999997635e+03 1.020495932499997934e+03
7.040840624999996180e+03 1.020847544687497930e+03
7.043706249999997453e+03 1.021199156874998152e+03
7.046571874999995998e+03 1.021550769062497807e+03
7.049437499999996362e+03 1.021902381249998143e+03
7.052303124999995816e+03 1.022253993437497911e+03
7.055168749999996180e+03 1.022605605624997679e+03
7.058034374999995634e+03 1.022957217812497561e+03
7.060899999999995998e+03 1.023308829999997556e+03
7.063765624999995453e+03 1.023660442187498120e+03
7.066631249999995816e+03 1.024012054374997660e+03
7.069496874999994361e+03 1.024363666562497428e+03
7.072362499999995634e+03 1.024715278749997651e+03
7.075228124999994179e+03 1.025066890937497874e+03
7.078093749999995453e+03 1.025418503124997642e+03
7.080959374999993997e+03 1.025770115312497410e+03
7.083824999999994361e+03 1.026121727499997405e+03
7.086690624999993815e+03 1.026473339687497628e+03
7.089556249999994179e+03 1.026824951874997396e+03
7.092421874999993634e+03 1.027176564062497391e+03
7.095287499999993997e+03 1.027528176249997614e+03
7.098153124999993452e+03 1.027879788437497155e+03
7.101018749999993815e+03 1.028231400624997150e+03
7.103884374999993270e+03 1.028583012812497145e+03
7.106749999999993634e+03 1.028934624999997595e+03
7.109615624999992178e+03 1.029286237187497363e+03
7.112481249999993452e+03 1.029637849374996676e+03
7.115346874999991996e+03 1.029989461562497127e+03
7.118212499999993270e+03 1.030341073749997122e+03
7.121078124999991815e+03 1.030692685937497572e+03
7.123943749999992178e+03 1.031044298124997113e+03
7.126809374999991633e+03 1.031395910312496426e+03
7.129674999999991996e+03 1.031747522499996876e+03
7.132540624999991451e+03 1.032099134687496871e+03
7.135406249999991815e+03 1.032450746874996867e+03
7.138271874999991269e+03 1.032802359062497089e+03
7.141137499999991633e+03 1.033153971249996857e+03
7.144003124999990177e+03 1.033505583437497080e+03
7.146868749999991451e+03 1.033857195624996621e+03
7.149734374999989996e+03 1.034208807812496843e+03
7.151167187499990177e+03 1.034384613906246841e+03
7.151525390624989996e+03 1.034428565429684113e+03
7.151614941406240177e+03 1.034439553310543715e+03
7.151616340637197027e+03 1.034439724996182349e+03
7.151617040252676816e+03 1.034439810839001439e+03
7.151617127704610539e+03 1.034439821569353853e+03
7.151617133170356283e+03 1.034439822240000694e+03
7.151617135903230519e+03 1.034439822575324342e+03
7.151617137269666273e+03 1.034439822742985825e+03
7.151617137952884150e+03 1.034439822826816908e+03
