3.668000000000000000e+03 9.729999999999999760e-01
3.851400000000000091e+03 9.729999999999999760e-01
4.034800000000000182e+03 9.729999999999999760e-01
4.218199999999999818e+03 9.729999999999999760e-01
4.401599999999999454e+03 9.729999999999999760e-01
4.585000000000000000e+03 9.729999999999999760e-01
4.768400000000000546e+03 9.729999999999999760e-01
4.951800000000000182e+03 9.729999999999999760e-01
5.135199999999999818e+03 9.723057572140189064e-01
5.318599999999999454e+03 9.678922483675276300e-01
5.502000000000000000e+03 9.632433808683810161e-01
5.685399999999999636e+03 9.583794472810662768e-01
5.868800000000000182e+03 9.533042634203654497e-01
6.052199999999999818e+03 9.479537047395397709e-01
6.235600000000000364e+03 9.423689509583592638e-01
6.419000000000000000e+03 9.365190684232348461e-01
6.602400000000000546e+03 9.301899455773655623e-01
6.785800000000000182e+03 9.227920807149649907e-01
6.969200000000001637e+03 9.148670031172432271e-01
6.972065625000000182e+03 9.147381490261472514e-01
6.974931250000000546e+03 9.146051032133096781e-01
6.977796875000000000e+03 9.144664339219673588e-01
6.980662500000000364e+03 9.143274631745949010e-01
6.983528124999999818e+03 9.141881874367444594e-01
6.986393750000000182e+03 9.140486030820139662e-01
6.989259374999999636e+03 9.139087063883605255e-01
6.992125000000000000e+03 9.137684935342219594e-01
6.994990624999999454e+03 9.136279605944298554e-01
6.997856249999999818e+03 9.134871035358854696e-01
7.000721874999998363e+03 9.133459182130113652e-01
7.003587499999999636e+03 9.132044003629257167e-01
7.006453124999998181e+03 9.130625456003588214e-01
7.009318749999999454e+03 9.129203494122617446e-01
7.012184374999997999e+03 9.127778071521008840e-01
7.015049999999998363e+03 9.126349140338100296e-01
7.017915624999997817e+03 9.124916651253774935e-01
7.020781249999998181e+03 9.123480553420403316e-01
7.023646874999997635e+03 9.122040794390429141e-01
7.026512499999997999e+03 9.120597320039511846e-01
7.029378124999997453e+03 9.119150074484635438e-01
7.032243749999997817e+03 9.117698999996874942e-01
7.035109374999996362e+03 9.116244036908396353e-01
7.037974999999997635e+03 9.114640595356930941e-01
7.040840624999996180e+03 9.112999119619989985e-01
7.043706249999997453e+03 9.111350547368231023e-01
7.046571874999995998e+03 9.109694707960848126e-01
7.049437499999996362e+03 9.108031422610338712e-01
7.052303124999995816e+03 9.106360503803910822e-01
7.055168749999996180e+03 9.104681754670153060e-01
7.058034374999995634e+03 9.102994968284356947e-01
7.060899999999995998e+03 9.101299926905107585e-01
7.063765624999995453e+03 9.099596401133454027e-01
7.066631249999995816e+03 9.097884148984944908e-01
7.069496874999994361e+03 9.096162914862969684e-01
7.072362499999995634e+03 9.094432428420310410e-01
7.075228124999994179e+03 9.092692403293489711e-01
7.078093749999995453e+03 9.090942535692002613e-01
7.080959374999993997e+03 9.089182502821431253e-01
7.083824999999994361e+03 9.087411961115682280e-01
7.086690624999993815e+03 9.085630544249267970e-01
7.089556249999994179e+03 9.083776642269528745e-01
7.092421874999993634e+03 9.081636167732051179e-01
7.095287499999993997e+03 9.079470439051960939e-01
7.098153124999993452e+03 9.077277900175273473e-01
7.101018749999993815e+03 9.075056815534059407e-01
7.103884374999993270e+03 9.072805239069791083e-01
7.106749999999993634e+03 9.070520975970725042e-01
7.109615624999992178e+03 9.068201534904356542e-01
7.112481249999993452e+03 9.065844067678129337e-01
7.115346874999991996e+03 9.063445292015498422e-01
7.118212499999993270e+03 9.061001391265831595e-01
7.121078124999991815e+03 9.058507881993019817e-01
7.123943749999992178e+03 9.055959435851739237e-01
7.126809374999991633e+03 9.053259138870635159e-01
7.129674999999991996e+03 9.050397704322425962e-01
7.132540624999991451e+03 9.047420084431744280e-01
7.135406249999991815e+03 9.044300172825370243e-01
7.138271874999991269e+03 9.040999796931165067e-01
7.141137499999991633e+03 9.037458978797942022e-01
7.144003124999990177e+03 9.033572856544572760e-01
7.146868749999991451e+03 9.029122334501128444e-01
7.149734374999989996e+03 9.023436734587783059e-01
7.151167187499990177e+03 9.018986643403481551e-01
7.151525390624989996e+03 9.016840681968110172e-01
7.151614941406240177e+03 9.014923260405750538e-01
7.151616340637197027e+03 9.015022323193607745e-01
7.151617040252676816e+03 9.015120189022027830e-01
7.151617127704610539e+03 9.015155711403388672e-01
7.151617133170356283e+03 9.015160991697245274e-01
7.151617135903230519e+03 9.015164798765142873e-01
7.151617137269666273e+03 9.015167604159842751e-01
7.151617137952884150e+03 9.015169786488409498e-01
