3.668000000000000000e+03 9.716069059341639891e-01
3.851400000000000091e+03 9.709707606345353570e-01
4.034800000000000182e+03 9.703187401744666207e-01
4.218199999999999818e+03 9.696503526053780186e-01
4.401599999999999454e+03 9.689650500378899078e-01
4.585000000000000000e+03 9.682620339656619057e-01
4.768400000000000546e+03 9.672537993229908260e-01
4.951800000000000182e+03 9.655179429190309248e-01
5.135199999999999818e+03 9.627142442386573684e-01
5.318599999999999454e+03 9.573373028636634752e-01
5.502000000000000000e+03 9.516444582857975787e-01
5.685399999999999636e+03 9.456490515246744888e-01
5.868800000000000182e+03 9.392919622274606972e-01
6.052199999999999818e+03 9.324512056332723287e-01
6.235600000000000364e+03 9.252302008937207667e-01
6.419000000000000000e+03 9.175474486089052473e-01
6.602400000000000546e+03 9.089381368953540763e-01
6.785800000000000182e+03 8.989361988913768808e-01
6.969200000000001637e+03 8.880260319780530764e-01
6.972065625000000182e+03 8.878464785808036774e-01
6.974931250000000546e+03 8.876571417042260492e-01
6.977796875000000000e+03 8.874546504694940108e-01
6.980662500000000364e+03 8.872515507007461277e-01
6.983528124999999818e+03 8.870478344871495224e-01
6.986393750000000182e+03 8.868434937061417944e-01
6.989259374999999636e+03 8.866385200148640955e-01
6.992125000000000000e+03 8.864329048411337952e-01
6.994990624999999454e+03 8.862266393739235415e-01
6.997856249999999818e+03 8.860197145533057483e-01
7.000721874999998363e+03 8.858121210598517425e-01
7.003587499999999636e+03 8.856038493033947523e-01
7.006453124999998181e+03 8.853948894111854928e-01
7.009318749999999454e+03 8.851852312153213331e-01
7.012184374999997999e+03 8.849748642394572595e-01
7.015049999999998363e+03 8.847637776846927204e-01
7.017915624999997817e+03 8.845519604146253601e-01
7.020781249999998181e+03 8.843394009394596189e-01
7.023646874999997635e+03 8.841260873991300118e-01
7.026512499999997999e+03 8.839120075453439362e-01
7.029378124999997453e+03 8.836971487224742905e-01
7.032243749999997817e+03 8.834814978471852154e-01
7.035109374999996362e+03 8.832650413867126904e-01
7.037974999999997635e+03 8.830176365683775064e-01
7.040840624999996180e+03 8.827623022711668099e-01
7.043706249999997453e+03 8.825054857205086867e-01
7.046571874999995998e+03 8.822471494135524228e-01
7.049437499999996362e+03 8.819872540368388636e-01
7.052303124999995816e+03 8.817257583371413965e-01
7.055168749999996180e+03 8.814626189800631728e-01
7.058034374999995634e+03 8.811977903949029800e-01
7.060899999999995998e+03 8.809312246041381966e-01
7.063765624999995453e+03 8.806628710355836054e-01
7.066631249999995816e+03 8.803926763150311530e-01
7.069496874999994361e+03 8.801205840368051536e-01
7.072362499999995634e+03 8.798465345092709722e-01
7.075228124999994179e+03 8.795704644718621568e-01
7.078093749999995453e+03 8.792923067795911374e-01
7.080959374999993997e+03 8.790119900503545747e-01
7.083824999999994361e+03 8.787294382694506023e-01
7.086690624999993815e+03 8.784445703448215959e-01
7.089556249999994179e+03 8.781443736521323817e-01
7.092421874999993634e+03 8.777836290946600117e-01
7.095287499999993997e+03 8.774174968730864554e-01
7.098153124999993452e+03 8.770456384886966550e-01
7.101018749999993815e+03 8.766676762330982697e-01
7.103884374999993270e+03 8.762831864104324575e-01
7.106749999999993634e+03 8.758916909638415627e-01
7.109615624999992178e+03 8.754926470199048127e-01
7.112481249999993452e+03 8.750854336788624899e-01
7.115346874999991996e+03 8.746693351052262644e-01
7.118212499999993270e+03 8.742435185636244777e-01
7.121078124999991815e+03 8.738070054144634335e-01
7.123943749999992178e+03 8.733586320891730814e-01
7.126809374999991633e+03 8.728769114525829487e-01
7.129674999999991996e+03 8.723598432711390238e-01
7.132540624999991451e+03 8.718174601798971413e-01
7.135406249999991815e+03 8.712440322014229910e-01
7.138271874999991269e+03 8.706311772825138240e-01
7.141137499999991633e+03 8.699657194063895593e-01
7.144003124999990177e+03 8.692246120544612209e-01
7.146868749999991451e+03 8.683596803692817945e-01
7.149734374999989996e+03 8.672233833969922312e-01
7.151167187499990177e+03 8.663016717969523883e-01
7.151525390624989996e+03 8.658437772822442646e-01
7.151614941406240177e+03 8.654252875523588129e-01
7.151616340637197027e+03 8.654471540959141063e-01
7.151617040252676816e+03 8.654687285844584466e-01
7.151617127704610539e+03 8.654765526921718299e-01
7.151617133170356283e+03 8.654777154147839102e-01
7.151617135903230519e+03 8.654785536832589887e-01
7.151617137269666273e+03 8.654791713694977018e-01
7.151617137952884150e+03 8.654796518547874795e-01
