3.668000000000000000e+03 1.549999999999999147e+02
3.851400000000000091e+03 1.607404200000000571e+02
4.034800000000000182e+03 1.664808400000000859e+02
4.218199999999999818e+03 1.722212599999998304e+02
4.401599999999999454e+03 1.779616800000001717e+02
4.585000000000000000e+03 1.837021000000000015e+02
4.768400000000000546e+03 1.894425199999999734e+02
4.951800000000000182e+03 1.951829400000001158e+02
5.135199999999999818e+03 2.009233600000000308e+02
5.318599999999999454e+03 2.066637800000002017e+02
5.502000000000000000e+03 2.124042000000001167e+02
5.685399999999999636e+03 2.181446200000002023e+02
5.868800000000000182e+03 2.238850400000000604e+02
6.052199999999999818e+03 2.296254600000000892e+02
6.235600000000000364e+03 2.353658800000001747e+02
6.419000000000000000e+03 2.411063000000002035e+02
6.602400000000000546e+03 2.468467200000001469e+02
6.785800000000000182e+03 2.525871400000001472e+02
6.969200000000001637e+03 2.583275600000001191e+02
6.972065625000000182e+03 2.584172540625003194e+02
6.974931250000000546e+03 2.585069481250002354e+02
6.977796875000000000e+03 2.585966421875002652e+02
6.980662500000000364e+03 2.586863362500002950e+02
6.983528124999999818e+03 2.587760303125000405e+02
6.986393750000000182e+03 2.588657243750001840e+02
6.989259374999999636e+03 2.589554184375000432e+02
6.992125000000000000e+03 2.590451125000000729e+02
6.994990624999999454e+03 2.591348065625001027e+02
6.997856249999999818e+03 2.592245006250001893e+02
7.000721874999998363e+03 2.593141946875001054e+02
7.003587499999999636e+03 2.594038887500002488e+02
7.006453124999998181e+03 2.594935828125001080e+02
7.009318749999999454e+03 2.595832768750001947e+02
7.012184374999997999e+03 2.596729709375001107e+02
7.015049999999998363e+03 2.597626650000001973e+02
7.017915624999997817e+03 2.598523590625001134e+02
7.020781249999998181e+03 2.599420531250001432e+02
7.023646874999997635e+03 2.600317471875000592e+02
7.026512499999997999e+03 2.601214412500002027e+02
7.029378124999997453e+03 2.602111353125003461e+02
7.032243749999997817e+03 2.603008293750004327e+02
7.035109374999996362e+03 2.603905234375003488e+02
7.037974999999997635e+03 2.604802175000002649e+02
7.040840624999996180e+03 2.605699115625002378e+02
7.043706249999997453e+03 2.606596056250003244e+02
7.046571874999995998e+03 2.607492996875000699e+02
7.049437499999996362e+03 2.608389937500002702e+02
7.052303124999995816e+03 2.609286878125001863e+02
7.055168749999996180e+03 2.610183818750001592e+02
7.058034374999995634e+03 2.611080759375003026e+02
7.060899999999995998e+03 2.611977700000000482e+02
7.063765624999995453e+03 2.612874640625002485e+02
7.066631249999995816e+03 2.613771581250002214e+02
7.069496874999994361e+03 2.614668521875003648e+02
7.072362499999995634e+03 2.615565462500003377e+02
7.075228124999994179e+03 2.616462403125003675e+02
7.078093749999995453e+03 2.617359343750002267e+02
7.080959374999993997e+03 2.618256284375001428e+02
7.083824999999994361e+03 2.619153225000002863e+02
7.086690624999993815e+03 2.620050165625001455e+02
7.089556249999994179e+03 2.620947106250001752e+02
7.092421874999993634e+03 2.621844046875003187e+02
7.095287499999993997e+03 2.622740987500002348e+02
7.098153124999993452e+03 2.623637928125002645e+02
7.101018749999993815e+03 2.624534868750003511e+02
7.103884374999993270e+03 2.625431809375002103e+02
7.106749999999993634e+03 2.626328750000002970e+02
7.109615624999992178e+03 2.627225690625002699e+02
7.112481249999993452e+03 2.628122631250003565e+02
7.115346874999991996e+03 2.629019571875002725e+02
7.118212499999993270e+03 2.629916512500003023e+02
7.121078124999991815e+03 2.630813453125003321e+02
7.123943749999992178e+03 2.631710393750001913e+02
7.126809374999991633e+03 2.632607334375003347e+02
7.129674999999991996e+03 2.633504275000000803e+02
7.132540624999991451e+03 2.634401215625001669e+02
7.135406249999991815e+03 2.635298156250004240e+02
7.138271874999991269e+03 2.636195096875003401e+02
7.141137499999991633e+03 2.637092037500002562e+02
7.144003124999990177e+03 2.637988978125001722e+02
7.146868749999991451e+03 2.638885918750000883e+02
7.149734374999989996e+03 2.639782859375002317e+02
7.151167187499990177e+03 2.640231329687503035e+02
7.151525390624989996e+03 2.640343447265626651e+02
7.151614941406240177e+03 2.640371476660158123e+02
7.151616340637197027e+03 2.640371914619448148e+02
7.151617040252676816e+03 2.640372133599093445e+02
7.151617127704610539e+03 2.640372160971550670e+02
7.151617133170356283e+03 2.640372162682324415e+02
7.151617135903230519e+03 2.640372163537716688e+02
7.151617137269666273e+03 2.640372163965411687e+02
7.151617137952884150e+03 2.640372164179256060e+02
