3.668000000000000000e+03 1.289752096226765410e+01
3.851400000000000091e+03 1.073738320340408592e+01
4.034800000000000182e+03 8.549757129537335132e+00
4.218199999999999818e+03 6.332818797066472882e+00
4.401599999999999454e+03 4.084395862484482720e+00
4.585000000000000000e+03 1.795985964387006195e+00
4.768400000000000546e+03 -5.361605130498069416e-01
4.951800000000000182e+03 -2.917776895866671882e+00
5.135199999999999818e+03 -5.367568920026301704e+00
5.318599999999999454e+03 -7.919132765791940365e+00
5.502000000000000000e+03 -1.054225248144440386e+01
5.685399999999999636e+03 -1.324391373258270654e+01
5.868800000000000182e+03 -1.604846893036362943e+01
6.052199999999999818e+03 -1.898809811383739543e+01
6.235600000000000364e+03 -2.206335112779455798e+01
6.419000000000000000e+03 -2.530000497571303697e+01
6.602400000000000546e+03 -2.878729215218697135e+01
6.785800000000000182e+03 -3.256484452100124827e+01
6.969200000000001637e+03 -3.666567957741885664e+01
6.972065625000000182e+03 -3.673364286188471084e+01
6.974931250000000546e+03 -3.681303753036076643e+01
6.977796875000000000e+03 -3.690785599480682322e+01
6.980662500000000364e+03 -3.700312182209135159e+01
6.983528124999999818e+03 -3.709884230575589470e+01
6.986393750000000182e+03 -3.719502495016239862e+01
6.989259374999999636e+03 -3.729167747930711130e+01
6.992125000000000000e+03 -3.738880784611146879e+01
6.994990624999999454e+03 -3.748642424223547920e+01
6.997856249999999818e+03 -3.758453510843803969e+01
7.000721874999998363e+03 -3.768314914552946959e+01
7.003587499999999636e+03 -3.778227532596092431e+01
7.006453124999998181e+03 -3.788192290608395751e+01
7.009318749999999454e+03 -3.798210143914506176e+01
7.012184374999997999e+03 -3.808282078905529744e+01
7.015049999999998363e+03 -3.818409114500448709e+01
7.017915624999997817e+03 -3.828592303697339361e+01
7.020781249999998181e+03 -3.838832735222320736e+01
7.023646874999997635e+03 -3.849131535283044769e+01
7.026512499999997999e+03 -3.859489869435427067e+01
7.029378124999997453e+03 -3.869908944572531340e+01
7.032243749999997817e+03 -3.880390011045743393e+01
7.035109374999996362e+03 -3.890934364929182721e+01
7.037974999999997635e+03 -3.902713718499049378e+01
7.040840624999996180e+03 -3.914843937823231101e+01
7.043706249999997453e+03 -3.927076854231041381e+01
7.046571874999995998e+03 -3.939415402389229826e+01
7.049437499999996362e+03 -3.951862664144150017e+01
7.052303124999995816e+03 -3.964421879200044430e+01
7.055168749999996180e+03 -3.977096456819421633e+01
7.058034374999995634e+03 -3.989889988669431631e+01
7.060899999999995998e+03 -4.002806262953951233e+01
7.063765624999995453e+03 -4.015849279993283716e+01
7.066631249999995816e+03 -4.029023269437356447e+01
7.069496874999994361e+03 -4.042332709326552020e+01
7.072362499999995634e+03 -4.055782347250819697e+01
7.075228124999994179e+03 -4.069377223895414630e+01
7.078093749999995453e+03 -4.083122699312762904e+01
7.080959374999993997e+03 -4.097024482317087291e+01
7.083824999999994361e+03 -4.111088663469350024e+01
7.086690624999993815e+03 -4.125321752203824133e+01
7.089556249999994179e+03 -4.140304881795434255e+01
7.092421874999993634e+03 -4.158070478114581192e+01
7.095287499999993997e+03 -4.176188939417822610e+01
7.098153124999993452e+03 -4.194683698411259343e+01
7.101018749999993815e+03 -4.213580948885047661e+01
7.103884374999993270e+03 -4.232910126819604812e+01
7.106749999999993634e+03 -4.252704505274857638e+01
7.109615624999992178e+03 -4.273001937840680142e+01
7.112481249999993452e+03 -4.293845798745349640e+01
7.115346874999991996e+03 -4.315286187302158538e+01
7.118212499999993270e+03 -4.337381493772512187e+01
7.121078124999991815e+03 -4.360200468942923635e+01
7.123943749999992178e+03 -4.383825011138466721e+01
7.126809374999991633e+03 -4.409860741047052812e+01
7.129674999999991996e+03 -4.438443016695158860e+01
7.132540624999991451e+03 -4.468804896037302399e+01
7.135406249999991815e+03 -4.501359378496452734e+01
7.138271874999991269e+03 -4.536711829173495403e+01
7.141137499999991633e+03 -4.575815768571417408e+01
7.144003124999990177e+03 -4.620342449690834741e+01
7.146868749999991451e+03 -4.673792697191342427e+01
7.149734374999989996e+03 -4.746912343363141673e+01
7.151167187499990177e+03 -4.809223102296672891e+01
7.151525390624989996e+03 -4.841410180592907864e+01
7.151614941406240177e+03 -4.871676733785676561e+01
7.151616340637197027e+03 -4.870073310883513074e+01
7.151617040252676816e+03 -4.868493776584561772e+01
7.151617127704610539e+03 -4.867921553123275658e+01
7.151617133170356283e+03 -4.867836543630000534e+01
7.151617135903230519e+03 -4.867775260152484407e+01
7.151617137269666273e+03 -4.867730105176601541e+01
7.151617137952884150e+03 -4.867694981436378754e+01
