3.668000000000000000e+03 1.102160735441705341e+01
3.851400000000000091e+03 1.131283965505484979e+01
4.034800000000000182e+03 1.160487585118132081e+01
4.218199999999999818e+03 1.189771997407118675e+01
4.401599999999999454e+03 1.219137609301123959e+01
4.585000000000000000e+03 1.248584831579363552e+01
4.768400000000000546e+03 1.278114078921910846e+01
4.951800000000000182e+03 1.337601265066594358e+01
5.135199999999999818e+03 1.455947640556635925e+01
5.318599999999999454e+03 1.578071193880178136e+01
5.502000000000000000e+03 1.702178511799287008e+01
5.685399999999999636e+03 1.828385254305325702e+01
5.868800000000000182e+03 1.956834632064856905e+01
6.052199999999999818e+03 2.087695614453993898e+01
6.235600000000000364e+03 2.237120295315783736e+01
6.419000000000000000e+03 2.415343871535322151e+01
6.602400000000000546e+03 2.601020893338408868e+01
6.785800000000000182e+03 2.795427440915652539e+01
6.969200000000001637e+03 3.000794640563093552e+01
6.972065625000000182e+03 3.004175811397959350e+01
6.974931250000000546e+03 3.008453270619799014e+01
6.977796875000000000e+03 3.013938299772948426e+01
6.980662500000000364e+03 3.019448632055103943e+01
6.983528124999999818e+03 3.024984704333812502e+01
6.986393750000000182e+03 3.030546966474735981e+01
6.989259374999999636e+03 3.036135881892700894e+01
6.992125000000000000e+03 3.041751928133238181e+01
6.994990624999999454e+03 3.047395597486733365e+01
6.997856249999999818e+03 3.053067397637277836e+01
7.000721874999998363e+03 3.058767852349021865e+01
7.003587499999999636e+03 3.064497502192392986e+01
7.006453124999998181e+03 3.070256905313009099e+01
7.009318749999999454e+03 3.076046638246728904e+01
7.012184374999997999e+03 3.081867296783854115e+01
7.015049999999998363e+03 3.087719496886825965e+01
7.017915624999997817e+03 3.093603875664355840e+01
7.020781249999998181e+03 3.099521092407859868e+01
7.023646874999997635e+03 3.105471829693579622e+01
7.026512499999997999e+03 3.111456794556844585e+01
7.029378124999997453e+03 3.117476719743253355e+01
7.032243749999997817e+03 3.123532365044140846e+01
7.035109374999996362e+03 3.129624518722258131e+01
7.037974999999997635e+03 3.136173371263871346e+01
7.040840624999996180e+03 3.142864433748637865e+01
7.043706249999997453e+03 3.149609491589541577e+01
7.046571874999995998e+03 3.156410150820872573e+01
7.049437499999996362e+03 3.163268099664396260e+01
7.052303124999995816e+03 3.170185114555257400e+01
7.055168749999996180e+03 3.177163066747843345e+01
7.058034374999995634e+03 3.184203929573036262e+01
7.060899999999995998e+03 3.191309786425795636e+01
7.063765624999995453e+03 3.198482839575792624e+01
7.066631249999995816e+03 3.205725419907236073e+01
7.069496874999994361e+03 3.213039997710039586e+01
7.072362499999995634e+03 3.220429194665062766e+01
7.075228124999994179e+03 3.227895797189173521e+01
7.078093749999995453e+03 3.235442771332935052e+01
7.080959374999993997e+03 3.243073279458575087e+01
7.083824999999994361e+03 3.250790698965222703e+01
7.086690624999993815e+03 3.258598643376755888e+01
7.089556249999994179e+03 3.266718484116903909e+01
7.092421874999993634e+03 3.275926763680067921e+01
7.095287499999993997e+03 3.285309136246230821e+01
7.098153124999993452e+03 3.294877466556022227e+01
7.101018749999993815e+03 3.304645034215274535e+01
7.103884374999993270e+03 3.314626781753574392e+01
7.106749999999993634e+03 3.324839621563275216e+01
7.109615624999992178e+03 3.335302819759805004e+01
7.112481249999993452e+03 3.346038481923858399e+01
7.115346874999991996e+03 3.357072175864514918e+01
7.118212499999993270e+03 3.368433741831731965e+01
7.121078124999991815e+03 3.380158364128304527e+01
7.123943749999992178e+03 3.392288015244546528e+01
7.126809374999991633e+03 3.406826766867938261e+01
7.129674999999991996e+03 3.423667598041915738e+01
7.132540624999991451e+03 3.441568344265829893e+01
7.135406249999991815e+03 3.460778494869951061e+01
7.138271874999991269e+03 3.481664290645603188e+01
7.141137499999991633e+03 3.504803481391871145e+01
7.144003124999990177e+03 3.531210281018159236e+01
7.146868749999991451e+03 3.563012639377616608e+01
7.149734374999989996e+03 3.606753846213068471e+01
7.151167187499990177e+03 3.644307477756017022e+01
7.151525390624989996e+03 3.663830527584608632e+01
7.151614941406240177e+03 3.682279093809984971e+01
7.151616340637197027e+03 3.681299379097195867e+01
7.151617040252676816e+03 3.680334528747319212e+01
7.151617127704610539e+03 3.679985054356000518e+01
7.151617133170356283e+03 3.679933139412126053e+01
7.151617135903230519e+03 3.679895714321483524e+01
7.151617137269666273e+03 3.679868138968945601e+01
7.151617137952884150e+03 3.679846689665316717e+01
