3.668000000000000000e+03 2.080516332737651197e+01
3.851400000000000091e+03 1.971161696912454886e+01
4.034800000000000182e+03 1.860301422925859427e+01
4.218199999999999818e+03 1.747820300586295872e+01
4.401599999999999454e+03 1.633621054761130154e+01
4.585000000000000000e+03 1.517397354317112246e+01
4.768400000000000546e+03 1.398975796729160592e+01
4.951800000000000182e+03 1.278122791681656878e+01
5.135199999999999818e+03 1.154284104280784540e+01
5.318599999999999454e+03 1.026619847842898459e+01
5.502000000000000000e+03 8.954910127378150619e+00
5.685399999999999636e+03 7.605551373967513129e+00
5.868800000000000182e+03 6.203929958062741612e+00
6.052199999999999818e+03 4.735239559375162166e+00
6.235600000000000364e+03 3.205970499998277212e+00
6.419000000000000000e+03 1.610275601664785450e+00
6.602400000000000546e+03 -2.418288650158482642e-02
6.785800000000000182e+03 -1.774817827393605496e+00
6.969200000000001637e+03 -3.659843799734614933e+00
6.972065625000000182e+03 -3.690780476682902211e+00
6.974931250000000546e+03 -3.730223745567818217e+00
6.977796875000000000e+03 -3.781142476577032063e+00
6.980662500000000364e+03 -3.832336638882356983e+00
6.983528124999999818e+03 -3.883810861562323247e+00
6.986393750000000182e+03 -3.935569908503284697e+00
6.989259374999999636e+03 -3.987618684047144590e+00
6.992125000000000000e+03 -4.039962238946132267e+00
6.994990624999999454e+03 -4.092605776651267568e+00
6.997856249999999818e+03 -4.145554659953082144e+00
7.000721874999998363e+03 -4.198814418001263427e+00
7.003587499999999636e+03 -4.252390753732352202e+00
7.006453124999998181e+03 -4.306289551728496257e+00
7.009318749999999454e+03 -4.360516886546335513e+00
7.012184374999997999e+03 -4.415079031543769794e+00
7.015049999999998363e+03 -4.469982468247856389e+00
7.017915624999997817e+03 -4.525233896299274861e+00
7.020781249999998181e+03 -4.580840244022773788e+00
7.023646874999997635e+03 -4.636808679668839694e+00
7.026512499999997999e+03 -4.693146623381335480e+00
7.029378124999997453e+03 -4.749861759948737827e+00
7.032243749999997817e+03 -4.806962052403845220e+00
7.035109374999996362e+03 -4.864455756542001907e+00
7.037974999999997635e+03 -4.930032133509937964e+00
7.040840624999996180e+03 -4.997886020460948764e+00
7.043706249999997453e+03 -5.066388102673722749e+00
7.046571874999995998e+03 -5.135557197423505471e+00
7.049437499999996362e+03 -5.205413068580964087e+00
7.052303124999995816e+03 -5.275976495348619899e+00
7.055168749999996180e+03 -5.347269347578874843e+00
7.058034374999995634e+03 -5.419314668470556207e+00
7.060899999999995998e+03 -5.492136765545147625e+00
7.063765624999995453e+03 -5.565761310943830864e+00
7.066631249999995816e+03 -5.640215452243188210e+00
7.069496874999994361e+03 -5.715527935169168572e+00
7.072362499999995634e+03 -5.791729239821293618e+00
7.075228124999994179e+03 -5.868851732266866961e+00
7.078093749999995453e+03 -5.946929833689818423e+00
7.080959374999993997e+03 -6.026000209648615602e+00
7.083824999999994361e+03 -6.106101982454542387e+00
7.086690624999993815e+03 -6.187276970221347483e+00
7.089556249999994179e+03 -6.273001890818671100e+00
7.092421874999993634e+03 -6.375452835993964840e+00
7.095287499999993997e+03 -6.480130899633754105e+00
7.098153124999993452e+03 -6.587184918802327260e+00
7.101018749999993815e+03 -6.696781286833297209e+00
7.103884374999993270e+03 -6.809107013500451444e+00
7.106749999999993634e+03 -6.924373509041407360e+00
7.109615624999992178e+03 -7.042821313306199649e+00
7.112481249999993452e+03 -7.164726076036918911e+00
7.115346874999991996e+03 -7.290406218892164780e+00
7.118212499999993270e+03 -7.420232896882696494e+00
7.121078124999991815e+03 -7.554643164605178818e+00
7.123943749999992178e+03 -7.694157707134915647e+00
7.126809374999991633e+03 -7.849127922345799924e+00
7.129674999999991996e+03 -8.020399447947591298e+00
7.132540624999991451e+03 -8.202996964129825486e+00
7.135406249999991815e+03 -8.399553917516717760e+00
7.138271874999991269e+03 -8.613930620088432022e+00
7.141137499999991633e+03 -8.852207904786514092e+00
7.144003124999990177e+03 -9.125044396899895105e+00
7.146868749999991451e+03 -9.454768270263771868e+00
7.149734374999989996e+03 -9.909919671829833021e+00
7.151167187499990177e+03 -1.030173572977146002e+01
7.151525390624989996e+03 -1.050563358476162534e+01
7.151614941406240177e+03 -1.069834113768702721e+01
7.151616340637197027e+03 -1.068810785240881245e+01
7.151617040252676816e+03 -1.067802971046568672e+01
7.151617127704610539e+03 -1.067437932248521726e+01
7.151617133170356283e+03 -1.067383705074357536e+01
7.151617135903230519e+03 -1.067344613096302197e+01
7.151617137269666273e+03 -1.067315809547215544e+01
7.151617137952884150e+03 -1.067293404893457165e+01
