3.668000000000000000e+03 3.255157367159706894e+01
3.851400000000000091e+03 3.167392731862875266e+01
4.034800000000000182e+03 3.078399547628194100e+01
4.218199999999999818e+03 2.988379283676006892e+01
4.401599999999999454e+03 2.896826417350869676e+01
4.585000000000000000e+03 2.803146741431397260e+01
4.768400000000000546e+03 2.706988475438970099e+01
4.951800000000000182e+03 2.609661022477418157e+01
5.135199999999999818e+03 2.512775883477586092e+01
5.318599999999999454e+03 2.412787166353734492e+01
5.502000000000000000e+03 2.309654130647161097e+01
5.685399999999999636e+03 2.203103829668961211e+01
5.868800000000000182e+03 2.092777970928668552e+01
6.052199999999999818e+03 1.978202815120352653e+01
6.235600000000000364e+03 1.856158382662587059e+01
6.419000000000000000e+03 1.723107618841441990e+01
6.602400000000000546e+03 1.580402368243679057e+01
6.785800000000000182e+03 1.426520120531522551e+01
6.969200000000001637e+03 1.258831159667215438e+01
6.972065625000000182e+03 1.256038609420649266e+01
6.974931250000000546e+03 1.252277903599715358e+01
6.977796875000000000e+03 1.247210196562899398e+01
6.980662500000000364e+03 1.242110428984667436e+01
6.983528124999999818e+03 1.236978041493846447e+01
6.986393750000000182e+03 1.231812458140399258e+01
6.989259374999999636e+03 1.226613085694590666e+01
6.992125000000000000e+03 1.221379312907938797e+01
6.994990624999999454e+03 1.216110509732442857e+01
6.997856249999999818e+03 1.210806026496028309e+01
7.000721874999998363e+03 1.205465193030403626e+01
7.003587499999999636e+03 1.200087317748382532e+01
7.006453124999998181e+03 1.194671686667020261e+01
7.009318749999999454e+03 1.189217562372284753e+01
7.012184374999997999e+03 1.183724182921394608e+01
7.015049999999998363e+03 1.178190760677703075e+01
7.017915624999997817e+03 1.172616481073345795e+01
7.020781249999998181e+03 1.167000501293897230e+01
7.023646874999997635e+03 1.161341948878889418e+01
7.026512499999997999e+03 1.155639920231700835e+01
7.029378124999997453e+03 1.149893479031430665e+01
7.032243749999997817e+03 1.144101654538613921e+01
7.035109374999996362e+03 1.138263439786105735e+01
7.037974999999997635e+03 1.131918960668546781e+01
7.040840624999996180e+03 1.125410197223785325e+01
7.043706249999997453e+03 1.118833211976023279e+01
7.046571874999995998e+03 1.112185966881285637e+01
7.049437499999996362e+03 1.105466319878357062e+01
7.052303124999995816e+03 1.098672017277749546e+01
7.055168749999996180e+03 1.091800685418354355e+01
7.058034374999995634e+03 1.084849821503315503e+01
7.060899999999995998e+03 1.077816783514300347e+01
7.063765624999995453e+03 1.070698779088069763e+01
7.066631249999995816e+03 1.063492853221566925e+01
7.069496874999994361e+03 1.056195874651577427e+01
7.072362499999995634e+03 1.048804520728721457e+01
7.075228124999994179e+03 1.041315260578207180e+01
7.078093749999995453e+03 1.033724336303008329e+01
7.080959374999993997e+03 1.026027741944051463e+01
7.083824999999994361e+03 1.018221199860731652e+01
7.086690624999993815e+03 1.010300134134413774e+01
7.089556249999994179e+03 1.002001352665146072e+01
7.092421874999993634e+03 9.923996531415916422e+00
7.095287499999993997e+03 9.825783247560075040e+00
7.098153124999993452e+03 9.725223947105394728e+00
7.101018749999993815e+03 9.622151073913709496e+00
7.103884374999993270e+03 9.516376120970669206e+00
7.106749999999993634e+03 9.407685766897033730e+00
7.109615624999992178e+03 9.295837044821183781e+00
7.112481249999993452e+03 9.180551229749811526e+00
7.115346874999991996e+03 9.061506002613109345e+00
7.118212499999993270e+03 8.938325256997453394e+00
7.121078124999991815e+03 8.810565618920541908e+00
7.123943749999992178e+03 8.677698282836258770e+00
7.126809374999991633e+03 8.525258540351384084e+00
7.129674999999991996e+03 8.352866497439018545e+00
7.132540624999991451e+03 8.168355111972084970e+00
7.135406249999991815e+03 7.968874291351277783e+00
7.138271874999991269e+03 7.750241198208182247e+00
7.141137499999991633e+03 7.505858992905132254e+00
7.144003124999990177e+03 7.224150273273409084e+00
7.146868749999991451e+03 6.880831062600702097e+00
7.149734374999989996e+03 6.401253840542561413e+00
7.151167187499990177e+03 5.982565176644471627e+00
7.151525390624989996e+03 5.762321167600076066e+00
7.151614941406240177e+03 5.552558406316156159e+00
7.151616340637197027e+03 5.563738177898324366e+00
7.151617040252676816e+03 5.574743903077162166e+00
7.151617127704610539e+03 5.578729157476303158e+00
7.151617133170356283e+03 5.579321123854997566e+00
7.151617135903230519e+03 5.579747860060872533e+00
7.151617137269666273e+03 5.580062281294424942e+00
7.151617137952884150e+03 5.580306849270451508e+00
