3.668000000000000000e+03 3.144133737699980102e+01
3.851400000000000091e+03 3.051472144762086103e+01
4.034800000000000182e+03 2.957572893966348460e+01
4.218199999999999818e+03 2.862637392855004492e+01
4.401599999999999454e+03 2.766160056508077858e+01
4.585000000000000000e+03 2.667546614845316100e+01
4.768400000000000546e+03 2.566445223926859498e+01
4.951800000000000182e+03 2.462823055966387642e+01
5.135199999999999818e+03 2.356939463182348860e+01
5.318599999999999454e+03 2.247691146686468855e+01
5.502000000000000000e+03 2.135113475853686893e+01
5.685399999999999636e+03 2.018923343952022620e+01
5.868800000000000182e+03 1.898750529888068783e+01
6.052199999999999818e+03 1.774107568506115129e+01
6.235600000000000364e+03 1.640969119750321425e+01
6.419000000000000000e+03 1.495239354453739367e+01
6.602400000000000546e+03 1.339288194884995420e+01
6.785800000000000182e+03 1.171502918718143604e+01
6.969200000000001637e+03 9.891061321787940841e+00
6.972065625000000182e+03 9.860726414850311983e+00
6.974931250000000546e+03 9.820231683436968950e+00
6.977796875000000000e+03 9.766022174353139462e+00
6.980662500000000364e+03 9.711477027718929733e+00
6.983528124999999818e+03 9.656590396933063758e+00
6.986393750000000182e+03 9.601356262130027019e+00
6.989259374999999636e+03 9.545768422855614332e+00
6.992125000000000000e+03 9.489820490342998127e+00
6.994990624999999454e+03 9.433505879352839685e+00
6.997856249999999818e+03 9.376817799555631439e+00
7.000721874999998363e+03 9.319749246416821009e+00
7.003587499999999636e+03 9.262292991553666255e+00
7.006453124999998181e+03 9.204441572525867699e+00
7.009318749999999454e+03 9.146187282015024067e+00
7.012184374999997999e+03 9.087522156352763503e+00
7.015049999999998363e+03 9.028437963343629136e+00
7.017915624999997817e+03 8.968926189333338073e+00
7.020781249999998181e+03 8.908978025461435024e+00
7.023646874999997635e+03 8.848584353035084504e+00
7.026512499999997999e+03 8.787735727955126919e+00
7.029378124999997453e+03 8.726422364118135988e+00
7.032243749999997817e+03 8.664634115708597761e+00
7.035109374999996362e+03 8.602360458291112622e+00
7.037974999999997635e+03 8.534776283818860776e+00
7.040840624999996180e+03 8.465470488003417060e+00
7.043706249999997453e+03 8.395451137793955354e+00
7.046571874999995998e+03 8.324696935937076603e+00
7.049437499999996362e+03 8.253185498260130259e+00
7.052303124999995816e+03 8.180893274138691496e+00
7.055168749999996180e+03 8.107795459311798680e+00
7.058034374999995634e+03 8.033865900119828041e+00
7.060899999999995998e+03 7.959076988111990936e+00
7.063765624999995453e+03 7.883399543809825438e+00
7.066631249999995816e+03 7.806802688228822618e+00
7.069496874999994361e+03 7.729253700549389983e+00
7.072362499999995634e+03 7.650717860053674713e+00
7.075228124999994179e+03 7.571158270158978354e+00
7.078093749999995453e+03 7.490535661994568883e+00
7.080959374999993997e+03 7.408808174539101010e+00
7.083824999999994361e+03 7.325931107800303543e+00
7.086690624999993815e+03 7.241856644884751226e+00
7.089556249999994179e+03 7.153832240061866798e+00
7.092421874999993634e+03 7.052182429721498558e+00
7.095287499999993997e+03 6.948237377524709046e+00
7.098153124999993452e+03 6.841840662961242714e+00
7.101018749999993815e+03 6.732817240450583718e+00
7.103884374999993270e+03 6.620970176993523637e+00
7.106749999999993634e+03 6.506076615918981787e+00
7.109615624999992178e+03 6.387882729709838614e+00
7.112481249999993452e+03 6.266097334002974861e+00
7.115346874999991996e+03 6.140383701172446251e+00
7.118212499999993270e+03 6.010348911142067152e+00
7.121078124999991815e+03 5.875529768185738355e+00
7.123943749999992178e+03 5.735373824399227161e+00
7.126809374999991633e+03 5.574312466004614386e+00
7.129674999999991996e+03 5.392020284936323016e+00
7.132540624999991451e+03 5.197011010028742994e+00
7.135406249999991815e+03 4.986294180018481015e+00
7.138271874999991269e+03 4.755480933367590701e+00
7.141137499999991633e+03 4.497649474824429561e+00
7.144003124999990177e+03 4.200652046578588816e+00
7.146868749999991451e+03 3.839008185495631498e+00
7.149734374999989996e+03 3.334391898348311845e+00
7.151167187499990177e+03 2.894367027931013414e+00
7.151525390624989996e+03 2.663092645111979628e+00
7.151614941406240177e+03 2.442946874567332394e+00
7.151616340637197027e+03 2.454677034889179321e+00
7.151617040252676816e+03 2.466224909124182130e+00
7.151617127704610539e+03 2.470406560169975840e+00
7.151617133170356283e+03 2.471027702793720415e+00
7.151617135903230519e+03 2.471475472131339668e+00
7.151617137269666273e+03 2.471805390988765616e+00
7.151617137952884150e+03 2.472062013749926290e+00
