3.668000000000000000e+03 2.283133032953555386e+01
3.851400000000000091e+03 2.171706211451680701e+01
4.034800000000000182e+03 2.058940166625000145e+01
4.218199999999999818e+03 1.944735803477151848e+01
4.401599999999999454e+03 1.829020337775886063e+01
4.585000000000000000e+03 1.711472329100397971e+01
4.768400000000000546e+03 1.592013756028863725e+01
4.951800000000000182e+03 1.470516514297553101e+01
5.135199999999999818e+03 1.346349894986818008e+01
5.318599999999999454e+03 1.218387862901808560e+01
5.502000000000000000e+03 1.087488337459254950e+01
5.685399999999999636e+03 9.533830096907001561e+00
5.868800000000000182e+03 8.156931669495207871e+00
6.052199999999999818e+03 6.734241785377930611e+00
6.235600000000000364e+03 5.262183584155308402e+00
6.419000000000000000e+03 3.730463142520028530e+00
6.602400000000000546e+03 2.097813455415787676e+00
6.785800000000000182e+03 3.613923606233561681e-01
6.969200000000001637e+03 -1.496912637071647012e+00
6.972065625000000182e+03 -1.527324671260898770e+00
6.974931250000000546e+03 -1.565428400183794810e+00
6.977796875000000000e+03 -1.613908922384073241e+00
6.980662500000000364e+03 -1.662639509087487033e+00
6.983528124999999818e+03 -1.711624377110581019e+00
6.986393750000000182e+03 -1.760867866484001620e+00
6.989259374999999636e+03 -1.810374445624577389e+00
6.992125000000000000e+03 -1.860148716788750267e+00
6.994990624999999454e+03 -1.910195421832209028e+00
6.997856249999999818e+03 -1.960519448292370015e+00
7.000721874999998363e+03 -2.011125835818303287e+00
7.003587499999999636e+03 -2.062019782974950033e+00
7.006453124999998181e+03 -2.113206654442522314e+00
7.009318749999999454e+03 -2.164691988647171161e+00
7.012184374999997999e+03 -2.216481505848265865e+00
7.015049999999998363e+03 -2.268581116721862578e+00
7.017915624999997817e+03 -2.320996931473254143e+00
7.020781249999998181e+03 -2.373735269523479463e+00
7.023646874999997635e+03 -2.426802669811801483e+00
7.026512499999997999e+03 -2.480205901763864240e+00
7.029378124999997453e+03 -2.533951976979055942e+00
7.032243749999997817e+03 -2.588048161696051341e+00
7.035109374999996362e+03 -2.642501990101282505e+00
7.037974999999997635e+03 -2.704183805823355602e+00
7.040840624999996180e+03 -2.767905083045395287e+00
7.043706249999997453e+03 -2.832210029276385654e+00
7.046571874999995998e+03 -2.897115615026959023e+00
7.049437499999996362e+03 -2.962639666241252634e+00
7.052303124999995816e+03 -3.028800926491478140e+00
7.055168749999996180e+03 -3.095619125131906291e+00
7.058034374999995634e+03 -3.163115052134773730e+00
7.060899999999995998e+03 -3.231310640424567726e+00
7.063765624999995453e+03 -3.300229056653809501e+00
7.066631249999995816e+03 -3.369894801505975757e+00
7.069496874999994361e+03 -3.440333820775473672e+00
7.072362499999995634e+03 -3.511573628685626947e+00
7.075228124999994179e+03 -3.583643445129975458e+00
7.078093749999995453e+03 -3.656574348816785669e+00
7.080959374999993997e+03 -3.730399448631996684e+00
7.083824999999994361e+03 -3.805154075949804149e+00
7.086690624999993815e+03 -3.880876001109704099e+00
7.089556249999994179e+03 -3.960522590428083856e+00
7.092421874999993634e+03 -4.054455765908025811e+00
7.095287499999993997e+03 -4.150364108987296241e+00
7.098153124999993452e+03 -4.248379748923483135e+00
7.101018749999993815e+03 -4.348650419453764293e+00
7.103884374999993270e+03 -4.451342180730401665e+00
7.106749999999993634e+03 -4.556642785392649664e+00
7.109615624999992178e+03 -4.664765885738416884e+00
7.112481249999993452e+03 -4.775956354399966131e+00
7.115346874999991996e+03 -4.890497101875936892e+00
7.118212499999993270e+03 -5.008717940827732917e+00
7.121078124999991815e+03 -5.131007303253102059e+00
7.123943749999992178e+03 -5.257828021367634719e+00
7.126809374999991633e+03 -5.398559807909897756e+00
7.129674999999991996e+03 -5.553936143354239796e+00
7.132540624999991451e+03 -5.719411393098411622e+00
7.135406249999991815e+03 -5.897336871216704246e+00
7.138271874999991269e+03 -6.091159977011820992e+00
7.141137499999991633e+03 -6.306312187689144366e+00
7.144003124999990177e+03 -6.552315870741673542e+00
7.146868749999991451e+03 -6.849123198838895199e+00
7.149734374999989996e+03 -7.257995231467349484e+00
7.151167187499990177e+03 -7.609234943927918771e+00
7.151525390624989996e+03 -7.791764084496302090e+00
7.151614941406240177e+03 -7.964125216045300881e+00
7.151616340637197027e+03 -7.954975942433585523e+00
7.151617040252676816e+03 -7.945964993077689442e+00
7.151617127704610539e+03 -7.942701056856621200e+00
7.151617133170356283e+03 -7.942216188935573129e+00
7.151617135903230519e+03 -7.941866650466240962e+00
7.151617137269666273e+03 -7.941609104970096311e+00
7.151617137952884150e+03 -7.941408774660577485e+00
