3.668000000000000000e+03 9.920799198395625629e-01
3.851400000000000091e+03 9.919169585109749443e-01
4.034800000000000182e+03 9.917332783241701311e-01
4.218199999999999818e+03 9.915281826488694383e-01
4.401599999999999454e+03 9.913009077466936603e-01
4.585000000000000000e+03 9.910503804369606984e-01
4.768400000000000546e+03 9.905236480053110082e-01
4.951800000000000182e+03 9.895017325334606317e-01
5.135199999999999818e+03 9.866776865167471433e-01
5.318599999999999454e+03 9.817312913874514102e-01
5.502000000000000000e+03 9.764843977619092064e-01
5.685399999999999636e+03 9.709263310164446548e-01
5.868800000000000182e+03 9.648991328767727582e-01
6.052199999999999818e+03 9.582283343186908109e-01
6.235600000000000364e+03 9.510835303164117960e-01
6.419000000000000000e+03 9.433398196546014525e-01
6.602400000000000546e+03 9.342940764903435724e-01
6.785800000000000182e+03 9.236676480217137497e-01
6.969200000000001637e+03 9.118534910108812008e-01
6.972065625000000182e+03 9.116567960475601140e-01
6.974931250000000546e+03 9.114454099805007203e-01
6.977796875000000000e+03 9.112142578652725478e-01
6.980662500000000364e+03 9.109822475719024926e-01
6.983528124999999818e+03 9.107493674946028905e-01
6.986393750000000182e+03 9.105156057146811532e-01
6.989259374999999636e+03 9.102809499878575794e-01
6.992125000000000000e+03 9.100453877308988249e-01
6.994990624999999454e+03 9.098089060075174039e-01
6.997856249999999818e+03 9.095714915134852641e-01
7.000721874999998363e+03 9.093331305609356763e-01
7.003587499999999636e+03 9.090938090617222134e-01
7.006453124999998181e+03 9.088535125098775591e-01
7.009318749999999454e+03 9.086122259629985098e-01
7.012184374999997999e+03 9.083699340225647179e-01
7.015049999999998363e+03 9.081266208130340800e-01
7.017915624999997817e+03 9.078822699597103307e-01
7.020781249999998181e+03 9.076368645651993194e-01
7.023646874999997635e+03 9.073903871844192226e-01
7.026512499999997999e+03 9.071428197979951591e-01
7.029378124999997453e+03 9.068941437839572739e-01
7.032243749999997817e+03 9.066443398875619897e-01
7.035109374999996362e+03 9.063933881891138578e-01
7.037974999999997635e+03 9.060960913885930390e-01
7.040840624999996180e+03 9.057869721029190302e-01
7.043706249999997453e+03 9.054756988990815270e-01
7.046571874999995998e+03 9.051622161972500136e-01
7.049437499999996362e+03 9.048464657268148192e-01
7.052303124999995816e+03 9.045283863342898911e-01
7.055168749999996180e+03 9.042079137730046901e-01
7.058034374999995634e+03 9.038849804723576575e-01
7.060899999999995998e+03 9.035595152841906508e-01
7.063765624999995453e+03 9.032314432033810014e-01
7.066631249999995816e+03 9.029006850593920275e-01
7.069496874999994361e+03 9.025671571749643851e-01
7.072362499999995634e+03 9.022307709875365678e-01
7.075228124999994179e+03 9.018914326282838623e-01
7.078093749999995453e+03 9.015490424527737856e-01
7.080959374999993997e+03 9.012034945162545885e-01
7.083824999999994361e+03 9.008546759852703589e-01
7.086690624999993815e+03 9.005024664759496700e-01
7.089556249999994179e+03 9.001272741945507416e-01
7.092421874999993634e+03 8.996610286485487995e-01
7.095287499999993997e+03 8.991868012285570977e-01
7.098153124999993452e+03 8.987040869690845479e-01
7.101018749999993815e+03 8.982123223644452592e-01
7.103884374999993270e+03 8.977108752466828046e-01
7.106749999999993634e+03 8.971990322800543760e-01
7.109615624999992178e+03 8.966759833456600104e-01
7.112481249999993452e+03 8.961408018121452823e-01
7.115346874999991996e+03 8.955924192802199313e-01
7.118212499999993270e+03 8.950295927766396265e-01
7.121078124999991815e+03 8.944508614317140394e-01
7.123943749999992178e+03 8.938544881882686255e-01
7.126809374999991633e+03 8.932083069047646040e-01
7.129674999999991996e+03 8.925093411059892290e-01
7.132540624999991451e+03 8.917726286408648173e-01
7.135406249999991815e+03 8.909896085597150961e-01
7.138271874999991269e+03 8.901477567018674097e-01
7.141137499999991633e+03 8.892273846440235108e-01
7.144003124999990177e+03 8.881940526212365183e-01
7.146868749999991451e+03 8.869757655149671516e-01
7.149734374999989996e+03 8.853520156043133138e-01
7.151167187499990177e+03 8.840117415279379331e-01
7.151525390624989996e+03 8.833366899987948884e-01
7.151614941406240177e+03 8.827135151228207022e-01
7.151616340637197027e+03 8.827462357060253950e-01
7.151617040252676816e+03 8.827785014439682998e-01
7.151617127704610539e+03 8.827901984412012126e-01
7.151617133170356283e+03 8.827919365079339720e-01
7.151617135903230519e+03 8.827931895409343310e-01
7.151617137269666273e+03 8.827941128334887422e-01
7.151617137952884150e+03 8.827948310336437565e-01
