3.668000000000000000e+03 2.760091215996673952e+01
3.851400000000000091e+03 2.702587931968319168e+01
4.034800000000000182e+03 2.644285104934817099e+01
4.218199999999999818e+03 2.585110356343530569e+01
4.401599999999999454e+03 2.525020517216582405e+01
4.585000000000000000e+03 2.463748097003801263e+01
4.768400000000000546e+03 2.401258615280837816e+01
4.951800000000000182e+03 2.337476709841858380e+01
5.135199999999999818e+03 2.272237007771534678e+01
5.318599999999999454e+03 2.205092392754423969e+01
5.502000000000000000e+03 2.136179156900146481e+01
5.685399999999999636e+03 2.065331470226919564e+01
5.868800000000000182e+03 1.992371778635752122e+01
6.052199999999999818e+03 1.916997569874351015e+01
6.235600000000000364e+03 1.839207057479514162e+01
6.419000000000000000e+03 1.758592378897059660e+01
6.602400000000000546e+03 1.672907954229716410e+01
6.785800000000000182e+03 1.581751465011730673e+01
6.969200000000001637e+03 1.484037098304507118e+01
6.972065625000000182e+03 1.482432312924358087e+01
6.974931250000000546e+03 1.480240643457668703e+01
6.977796875000000000e+03 1.477256903399297627e+01
6.980662500000000364e+03 1.474254943351999891e+01
6.983528124999999818e+03 1.471234445605549013e+01
6.986393750000000182e+03 1.468195083060874495e+01
6.989259374999999636e+03 1.465136518834060197e+01
6.992125000000000000e+03 1.462058405838730302e+01
6.994990624999999454e+03 1.458960386344941185e+01
6.997856249999999818e+03 1.455842091513311054e+01
7.000721874999998363e+03 1.452703140902403156e+01
7.003587499999999636e+03 1.449543141947472868e+01
7.006453124999998181e+03 1.446361689408767504e+01
7.009318749999999454e+03 1.443158364786777881e+01
7.012184374999997999e+03 1.439932735702374167e+01
7.015049999999998363e+03 1.436684355238866218e+01
7.017915624999997817e+03 1.433412761243376288e+01
7.020781249999998181e+03 1.430117475584163600e+01
7.023646874999997635e+03 1.426798003360593192e+01
7.026512499999997999e+03 1.423453832061954571e+01
7.029378124999997453e+03 1.420084430671022702e+01
7.032243749999997817e+03 1.416689248707805504e+01
7.035109374999996362e+03 1.413267715208523079e+01
7.037974999999997635e+03 1.409538223323998807e+01
7.040840624999996180e+03 1.405710228998807665e+01
7.043706249999997453e+03 1.401842623923165831e+01
7.046571874999995998e+03 1.397934225130051189e+01
7.049437499999996362e+03 1.393983789440093624e+01
7.052303124999995816e+03 1.389990009064132792e+01
7.055168749999996180e+03 1.385951506783327503e+01
7.058034374999995634e+03 1.381866830655585865e+01
7.060899999999995998e+03 1.377734448190336636e+01
7.063765624999995453e+03 1.373552739924658006e+01
7.066631249999995816e+03 1.369319992323685575e+01
7.069496874999994361e+03 1.365034389916499968e+01
7.072362499999995634e+03 1.360694006563727676e+01
7.075228124999994179e+03 1.356296795737119787e+01
7.078093749999995453e+03 1.351840579670409070e+01
7.080959374999993997e+03 1.347323037216939490e+01
7.083824999999994361e+03 1.342741690220089446e+01
7.086690624999993815e+03 1.338093888167646917e+01
7.089556249999994179e+03 1.333210037071318510e+01
7.092421874999993634e+03 1.327494394070973982e+01
7.095287499999993997e+03 1.321647790319463311e+01
7.098153124999993452e+03 1.315661317469294467e+01
7.101018749999993815e+03 1.309525008925005629e+01
7.103884374999993270e+03 1.303227654739655250e+01
7.106749999999993634e+03 1.296756572638451743e+01
7.109615624999992178e+03 1.290097321740784508e+01
7.112481249999993452e+03 1.283233340404547818e+01
7.115346874999991996e+03 1.276145482046131718e+01
7.118212499999993270e+03 1.268811411421813418e+01
7.121078124999991815e+03 1.261204806367813802e+01
7.123943749999992178e+03 1.253294282365634871e+01
7.126809374999991633e+03 1.244433668458388276e+01
7.129674999999991996e+03 1.234573383291357551e+01
7.132540624999991451e+03 1.224028005733886104e+01
7.135406249999991815e+03 1.212636792539260711e+01
7.138271874999991269e+03 1.200163910358205221e+01
7.141137499999991633e+03 1.186237545126555659e+01
7.144003124999990177e+03 1.170205391557120933e+01
7.146868749999991451e+03 1.150699716034020703e+01
7.149734374999989996e+03 1.123517874049989551e+01
7.151167187499990177e+03 1.099855640850566374e+01
7.151525390624989996e+03 1.087436560159638077e+01
7.151614941406240177e+03 1.075627762632985807e+01
7.151616340637197027e+03 1.076256647523113763e+01
7.151617040252676816e+03 1.076875796827534693e+01
7.151617127704610539e+03 1.077100008762889694e+01
7.151617133170356283e+03 1.077133313624390176e+01
7.151617135903230519e+03 1.077157322501174619e+01
7.151617137269666273e+03 1.077175012406111598e+01
7.151617137952884150e+03 1.077188772271561312e+01
