3.668000000000000000e+03 9.893278512038912176e-01
3.851400000000000091e+03 9.892878989970934622e-01
4.034800000000000182e+03 9.892478482424037489e-01
4.218199999999999818e+03 9.892077007913088194e-01
4.401599999999999454e+03 9.891674565150504472e-01
4.585000000000000000e+03 9.891271157173748829e-01
4.768400000000000546e+03 9.889084164528660903e-01
4.951800000000000182e+03 9.882275410220788814e-01
5.135199999999999818e+03 9.875150099102748547e-01
5.318599999999999454e+03 9.866247253968553066e-01
5.502000000000000000e+03 9.845121869581867635e-01
5.685399999999999636e+03 9.815679313103392589e-01
5.868800000000000182e+03 9.785538151862559486e-01
6.052199999999999818e+03 9.754571549580827172e-01
6.235600000000000364e+03 9.722840072163770886e-01
6.419000000000000000e+03 9.690266116867259916e-01
6.602400000000000546e+03 9.656268415836519736e-01
6.785800000000000182e+03 9.613138190520207349e-01
6.969200000000001637e+03 9.568048207944481742e-01
6.972065625000000182e+03 9.567325573304075181e-01
6.974931250000000546e+03 9.566591463474946044e-01
6.977796875000000000e+03 9.565842002395446020e-01
6.980662500000000364e+03 9.565091579718685288e-01
6.983528124999999818e+03 9.564340185587303367e-01
6.986393750000000182e+03 9.563587809890553570e-01
6.989259374999999636e+03 9.562834442254104506e-01
6.992125000000000000e+03 9.562080072029396360e-01
6.994990624999999454e+03 9.561324688282408779e-01
6.997856249999999818e+03 9.560568279781694878e-01
7.000721874999998363e+03 9.559810834985932315e-01
7.003587499999999636e+03 9.559052342030558425e-01
7.006453124999998181e+03 9.558292788713833588e-01
7.009318749999999454e+03 9.557532162481964244e-01
7.012184374999997999e+03 9.556770450413402118e-01
7.015049999999998363e+03 9.556007639202177550e-01
7.017915624999997817e+03 9.555243715140302463e-01
7.020781249999998181e+03 9.554478664098912111e-01
7.023646874999997635e+03 9.553712471508460924e-01
7.026512499999997999e+03 9.552945122337449524e-01
7.029378124999997453e+03 9.552176601069940487e-01
7.032243749999997817e+03 9.551406891681522016e-01
7.035109374999996362e+03 9.550635977613690653e-01
7.037974999999997635e+03 9.549826146924801362e-01
7.040840624999996180e+03 9.549006191021961465e-01
7.043706249999997453e+03 9.548184175936457185e-01
7.046571874999995998e+03 9.547360055397570155e-01
7.049437499999996362e+03 9.546533780932865421e-01
7.052303124999995816e+03 9.545705301711812085e-01
7.055168749999996180e+03 9.544874564374662418e-01
7.058034374999995634e+03 9.544041512844750885e-01
7.060899999999995998e+03 9.543206088122161423e-01
7.063765624999995453e+03 9.542368228056580248e-01
7.066631249999995816e+03 9.541527867096526450e-01
7.069496874999994361e+03 9.540684936011905037e-01
7.072362499999995634e+03 9.539839361586396338e-01
7.075228124999994179e+03 9.538991066275480657e-01
7.078093749999995453e+03 9.538139967825168819e-01
7.080959374999993997e+03 9.537285978845942980e-01
7.083824999999994361e+03 9.536429006335060965e-01
7.086690624999993815e+03 9.535568951139407057e-01
7.089556249999994179e+03 9.534689831572743524e-01
7.092421874999993634e+03 9.533736090383974071e-01
7.095287499999993997e+03 9.532775463027035601e-01
7.098153124999993452e+03 9.531807534336460552e-01
7.101018749999993815e+03 9.530831841274608474e-01
7.103884374999993270e+03 9.529847864670808466e-01
7.106749999999993634e+03 9.528855019017388184e-01
7.109615624999992178e+03 9.527852639730917117e-01
7.112481249999993452e+03 9.526839967060634073e-01
7.115346874999991996e+03 9.525816125493865583e-01
7.118212499999993270e+03 9.524780097009837299e-01
7.121078124999991815e+03 9.523730685766955695e-01
7.123943749999992178e+03 9.522666470598596389e-01
7.126809374999991633e+03 9.521561589626169608e-01
7.129674999999991996e+03 9.520413565513998755e-01
7.132540624999991451e+03 9.519234396255961128e-01
7.135406249999991815e+03 9.518017117759297596e-01
7.138271874999991269e+03 9.516751547153785573e-01
7.141137499999991633e+03 9.515421684710805295e-01
7.144003124999990177e+03 9.513999557222527770e-01
7.146868749999991451e+03 9.512426717512115770e-01
7.149734374999989996e+03 9.510524248916694123e-01
7.151167187499990177e+03 9.509144177660054931e-01
7.151525390624989996e+03 9.508523457295895431e-01
7.151614941406240177e+03 9.507999874844134114e-01
7.151616340637197027e+03 9.508026114262242423e-01
7.151617040252676816e+03 9.508052128544558501e-01
7.151617127704610539e+03 9.508061593368101194e-01
7.151617133170356283e+03 9.508063001299553729e-01
7.151617135903230519e+03 9.508064016574361288e-01
7.151617137269666273e+03 9.508064764808549230e-01
7.151617137952884150e+03 9.508065346914252869e-01
