3.668000000000000000e+03 -4.199999999999995026e+01
3.851400000000000091e+03 -4.355889999999991602e+01
4.034800000000000182e+03 -4.511780000000001678e+01
4.218199999999999818e+03 -4.667669999999993991e+01
4.401599999999999454e+03 -4.823559999999999803e+01
4.585000000000000000e+03 -4.979450000000002063e+01
4.768400000000000546e+03 -5.135339999999997929e+01
4.951800000000000182e+03 -5.291230000000000189e+01
5.135199999999999818e+03 -5.447120000000005291e+01
5.318599999999999454e+03 -5.603010000000002577e+01
5.502000000000000000e+03 -5.758899999999999153e+01
5.685399999999999636e+03 -5.914790000000000703e+01
5.868800000000000182e+03 -6.070679999999997989e+01
6.052199999999999818e+03 -6.226570000000003802e+01
6.235600000000000364e+03 -6.382460000000001088e+01
6.419000000000000000e+03 -6.538350000000001216e+01
6.602400000000000546e+03 -6.694240000000007740e+01
6.785800000000000182e+03 -6.850129999999988684e+01
6.969200000000001637e+03 -7.006019999999999470e+01
6.972065625000000182e+03 -7.008455781250000882e+01
6.974931250000000546e+03 -7.010891562500005136e+01
6.977796875000000000e+03 -7.013327343750003706e+01
6.980662500000000364e+03 -7.015763125000003697e+01
6.983528124999999818e+03 -7.018198906250002267e+01
6.986393750000000182e+03 -7.020634687500000837e+01
6.989259374999999636e+03 -7.023070468749999407e+01
6.992125000000000000e+03 -7.025506250000002240e+01
6.994990624999999454e+03 -7.027942031250003652e+01
6.997856249999999818e+03 -7.030377812500002221e+01
7.000721874999998363e+03 -7.032813593749997949e+01
7.003587499999999636e+03 -7.035249374999996519e+01
7.006453124999998181e+03 -7.037685156249999352e+01
7.009318749999999454e+03 -7.040120937499999343e+01
7.012184374999997999e+03 -7.042556718749996492e+01
7.015049999999998363e+03 -7.044992500000000746e+01
7.017915624999997817e+03 -7.047428281249997895e+01
7.020781249999998181e+03 -7.049864062499997885e+01
7.023646874999997635e+03 -7.052299843749996455e+01
7.026512499999997999e+03 -7.054735624999992183e+01
7.029378124999997453e+03 -7.057171406249992174e+01
7.032243749999997817e+03 -7.059607187500000691e+01
7.035109374999996362e+03 -7.062042968749997840e+01
7.037974999999997635e+03 -7.064478749999999252e+01
7.040840624999996180e+03 -7.066914531249997822e+01
7.043706249999997453e+03 -7.069350312500000655e+01
7.046571874999995998e+03 -7.071786093750004909e+01
7.049437499999996362e+03 -7.074221874999996373e+01
7.052303124999995816e+03 -7.076657656249992101e+01
7.055168749999996180e+03 -7.079093437499996355e+01
7.058034374999995634e+03 -7.081529218749994925e+01
7.060899999999995998e+03 -7.083964999999999179e+01
7.063765624999995453e+03 -7.086400781249999170e+01
7.066631249999995816e+03 -7.088836562499996319e+01
7.069496874999994361e+03 -7.091272343749996310e+01
7.072362499999995634e+03 -7.093708124999992037e+01
7.075228124999994179e+03 -7.096143906250001976e+01
7.078093749999995453e+03 -7.098579687499994861e+01
7.080959374999993997e+03 -7.101015468749990589e+01
7.083824999999994361e+03 -7.103451249999993422e+01
7.086690624999993815e+03 -7.105887031249989150e+01
7.089556249999994179e+03 -7.108322812500003351e+01
7.092421874999993634e+03 -7.110758593749996237e+01
7.095287499999993997e+03 -7.113194374999999070e+01
7.098153124999993452e+03 -7.115630156250001903e+01
7.101018749999993815e+03 -7.118065937500000473e+01
7.103884374999993270e+03 -7.120501718749999043e+01
7.106749999999993634e+03 -7.122937499999996191e+01
7.109615624999992178e+03 -7.125373281249996182e+01
7.112481249999993452e+03 -7.127809062499990489e+01
7.115346874999991996e+03 -7.130244843749994743e+01
7.118212499999993270e+03 -7.132680625000001839e+01
7.121078124999991815e+03 -7.135116406249993304e+01
7.123943749999992178e+03 -7.137552187500000400e+01
7.126809374999991633e+03 -7.139987968749990443e+01
7.129674999999991996e+03 -7.142423749999994698e+01
7.132540624999991451e+03 -7.144859531249994689e+01
7.135406249999991815e+03 -7.147295312499998943e+01
7.138271874999991269e+03 -7.149731093749996091e+01
7.141137499999991633e+03 -7.152166874999996082e+01
7.144003124999990177e+03 -7.154602656249994652e+01
7.146868749999991451e+03 -7.157038437499994643e+01
7.149734374999989996e+03 -7.159474218749984686e+01
7.151167187499990177e+03 -7.160692109374998893e+01
7.151525390624989996e+03 -7.160996582031241076e+01
7.151614941406240177e+03 -7.161072700195296648e+01
7.151616340637197027e+03 -7.161073889541623316e+01
7.151617040252676816e+03 -7.161074484214772440e+01
7.151617127704610539e+03 -7.161074558548922653e+01
7.151617133170356283e+03 -7.161074563194785014e+01
7.151617135903230519e+03 -7.161074565517731116e+01
7.151617137269666273e+03 -7.161074566679205589e+01
7.151617137952884150e+03 -7.161074567259940693e+01
