3.668000000000000000e+03 9.951347500450874461e-01
3.851400000000000091e+03 9.950282200815229183e-01
4.034800000000000182e+03 9.949032595571623006e-01
4.218199999999999818e+03 9.947594636598843243e-01
4.401599999999999454e+03 9.945964504499309466e-01
4.585000000000000000e+03 9.944140428042439472e-01
4.768400000000000546e+03 9.941164625608456262e-01
4.951800000000000182e+03 9.935360075950804282e-01
5.135199999999999818e+03 9.926521979666782514e-01
5.318599999999999454e+03 9.902902965055505602e-01
5.502000000000000000e+03 9.877561230177653862e-01
5.685399999999999636e+03 9.850672840050758161e-01
5.868800000000000182e+03 9.822291640743444630e-01
6.052199999999999818e+03 9.791962213434027840e-01
6.235600000000000364e+03 9.760041192531897503e-01
6.419000000000000000e+03 9.726286308273882630e-01
6.602400000000000546e+03 9.689242164435319937e-01
6.785800000000000182e+03 9.642844074100072049e-01
6.969200000000001637e+03 9.592649230319040266e-01
6.972065625000000182e+03 9.591828568287544821e-01
6.974931250000000546e+03 9.590976481809714294e-01
6.977796875000000000e+03 9.590082217368351980e-01
6.980662500000000364e+03 9.589185730941135466e-01
6.983528124999999818e+03 9.588286996004050655e-01
6.986393750000000182e+03 9.587385985338975347e-01
6.989259374999999636e+03 9.586482671005805978e-01
6.992125000000000000e+03 9.585577024313112204e-01
6.994990624999999454e+03 9.584669015787249391e-01
6.997856249999999818e+03 9.583758615139635895e-01
7.000721874999998363e+03 9.582845791232362798e-01
7.003587499999999636e+03 9.581930512041694215e-01
7.006453124999998181e+03 9.581012744619616939e-01
7.009318749999999454e+03 9.580092455053051959e-01
7.012184374999997999e+03 9.579169608420706750e-01
7.015049999999998363e+03 9.578244168747321874e-01
7.017915624999997817e+03 9.577316098955160895e-01
7.020781249999998181e+03 9.576385360812507130e-01
7.023646874999997635e+03 9.575451914878915227e-01
7.026512499999997999e+03 9.574515720447026590e-01
7.029378124999997453e+03 9.573576735480631150e-01
7.032243749999997817e+03 9.572634916548670159e-01
7.035109374999996362e+03 9.571690218754848045e-01
7.037974999999997635e+03 9.570635042408787152e-01
7.040840624999996180e+03 9.569551576459025544e-01
7.043706249999997453e+03 9.568462842947438318e-01
7.046571874999995998e+03 9.567368713996160512e-01
7.049437499999996362e+03 9.566269055608146443e-01
7.052303124999995816e+03 9.565163727232212088e-01
7.055168749999996180e+03 9.564052581286952570e-01
7.058034374999995634e+03 9.562935462638503248e-01
7.060899999999995998e+03 9.561812208026597704e-01
7.063765624999995453e+03 9.560682645432441173e-01
7.066631249999995816e+03 9.559546593381014201e-01
7.069496874999994361e+03 9.558403860169172317e-01
7.072362499999995634e+03 9.557254243009651873e-01
7.075228124999994179e+03 9.556097527079434606e-01
7.078093749999995453e+03 9.554933484458916215e-01
7.080959374999993997e+03 9.553761872946175959e-01
7.083824999999994361e+03 9.552582434727642235e-01
7.086690624999993815e+03 9.551394894883341591e-01
7.089556249999994179e+03 9.550154082486244089e-01
7.092421874999993634e+03 9.548702999475611186e-01
7.095287499999993997e+03 9.547233159381645073e-01
7.098153124999993452e+03 9.545743402181265935e-01
7.101018749999993815e+03 9.544232433919057623e-01
7.103884374999993270e+03 9.542698803588741674e-01
7.106749999999993634e+03 9.541140874576087283e-01
7.109615624999992178e+03 9.539556789006733428e-01
7.112481249999993452e+03 9.537944422709399017e-01
7.115346874999991996e+03 9.536301327574702169e-01
7.118212499999993270e+03 9.534624656694639100e-01
7.121078124999991815e+03 9.532911065522325922e-01
7.123943749999992178e+03 9.531156578904956822e-01
7.126809374999991633e+03 9.529288798142072636e-01
7.129674999999991996e+03 9.527300799399518461e-01
7.132540624999991451e+03 9.525226179849436425e-01
7.135406249999991815e+03 9.523045449588011246e-01
7.138271874999991269e+03 9.520730108447643669e-01
7.141137499999991633e+03 9.518235372709407116e-01
7.144003124999990177e+03 9.515482939357552405e-01
7.146868749999991451e+03 9.512309191926771046e-01
7.149734374999989996e+03 9.508213241915283165e-01
7.151167187499990177e+03 9.504964899348702367e-01
7.151525390624989996e+03 9.503380937958849639e-01
7.151614941406240177e+03 9.501953495082229306e-01
7.151616340637197027e+03 9.502027561858850113e-01
7.151617040252676816e+03 9.502100697590964984e-01
7.151617127704610539e+03 9.502127234879077511e-01
7.151617133170356283e+03 9.502131179167768726e-01
7.151617135903230519e+03 9.502134022918131695e-01
7.151617137269666273e+03 9.502136118418414990e-01
7.151617137952884150e+03 9.502137748496989333e-01
