3.668000000000000000e+03 9.927577031646244166e-01
3.851400000000000091e+03 9.918912980800612678e-01
4.034800000000000182e+03 9.909206077954935132e-01
4.218199999999999818e+03 9.895923998108191455e-01
4.401599999999999454e+03 9.882522376366500438e-01
4.585000000000000000e+03 9.869000661274617281e-01
4.768400000000000546e+03 9.855198545972316815e-01
4.951800000000000182e+03 9.841093615783178539e-01
5.135199999999999818e+03 9.811625357309741169e-01
5.318599999999999454e+03 9.774421748151733702e-01
5.502000000000000000e+03 9.736154816960970182e-01
5.685399999999999636e+03 9.696747943861674379e-01
5.868800000000000182e+03 9.656112830108377620e-01
6.052199999999999818e+03 9.614147087316710083e-01
6.235600000000000364e+03 9.566325810792399853e-01
6.419000000000000000e+03 9.509664985561085970e-01
6.602400000000000546e+03 9.449900870120619967e-01
6.785800000000000182e+03 9.386513034338015427e-01
6.969200000000001637e+03 9.318708185465054417e-01
6.972065625000000182e+03 9.317594330438950800e-01
6.974931250000000546e+03 9.316297188939397511e-01
6.977796875000000000e+03 9.314753188310388454e-01
6.980662500000000364e+03 9.313203171415601611e-01
6.983528124999999818e+03 9.311647042718187439e-01
6.986393750000000182e+03 9.310084703901184700e-01
6.989259374999999636e+03 9.308516053750538477e-01
6.992125000000000000e+03 9.306940988031749962e-01
6.994990624999999454e+03 9.305359399359534045e-01
6.997856249999999818e+03 9.303771177060270459e-01
7.000721874999998363e+03 9.302176207026364718e-01
7.003587499999999636e+03 9.300574371562394527e-01
7.006453124999998181e+03 9.298965549221985816e-01
7.009318749999999454e+03 9.297349614635183057e-01
7.012184374999997999e+03 9.295726438325253582e-01
7.015049999999998363e+03 9.294095886514317506e-01
7.017915624999997817e+03 9.292457820916959488e-01
7.020781249999998181e+03 9.290812098520790929e-01
7.023646874999997635e+03 9.289158571353032245e-01
7.026512499999997999e+03 9.287497086231955024e-01
7.029378124999997453e+03 9.285827484502050533e-01
7.032243749999997817e+03 9.284149601751410241e-01
7.035109374999996362e+03 9.282463267510071558e-01
7.037974999999997635e+03 9.280679180543619511e-01
7.040840624999996180e+03 9.278864180205741441e-01
7.043706249999997453e+03 9.277037012376192493e-01
7.046571874999995998e+03 9.275197333774710673e-01
7.049437499999996362e+03 9.273344783744850162e-01
7.052303124999995816e+03 9.271478982984825423e-01
7.055168749999996180e+03 9.269599532156254096e-01
7.058034374999995634e+03 9.267706010356138169e-01
7.060899999999995998e+03 9.265797973435137003e-01
7.063765624999995453e+03 9.263874952143081876e-01
7.066631249999995816e+03 9.261936450079051308e-01
7.069496874999994361e+03 9.259981941420670770e-01
7.072362499999995634e+03 9.258010868402464233e-01
7.075228124999994179e+03 9.256022638508615286e-01
7.078093749999995453e+03 9.254016621339604676e-01
7.080959374999993997e+03 9.251992145104916965e-01
7.083824999999994361e+03 9.249948492685963197e-01
7.086690624999993815e+03 9.247884897202809373e-01
7.089556249999994179e+03 9.245754848419390770e-01
7.092421874999993634e+03 9.243395204419718736e-01
7.095287499999993997e+03 9.240998022636206510e-01
7.098153124999993452e+03 9.238560803821909140e-01
7.101018749999993815e+03 9.236080751851063475e-01
7.103884374999993270e+03 9.233554721744099414e-01
7.106749999999993634e+03 9.230979155364992250e-01
7.109615624999992178e+03 9.228350001015800386e-01
7.112481249999993452e+03 9.225662611705419680e-01
7.115346874999991996e+03 9.222911614740439967e-01
7.118212499999993270e+03 9.220090742088471458e-01
7.121078124999991815e+03 9.217192606044066761e-01
7.123943749999992178e+03 9.214208396954184366e-01
7.126809374999991633e+03 9.209466562615646890e-01
7.129674999999991996e+03 9.203183196604427518e-01
7.132540624999991451e+03 9.196522651665890447e-01
7.135406249999991815e+03 9.189396760596236780e-01
7.138271874999991269e+03 9.181676157764354640e-01
7.141137499999991633e+03 9.173156862454666660e-01
7.144003124999990177e+03 9.163480963640333599e-01
7.146868749999991451e+03 9.151897876437294910e-01
7.149734374999989996e+03 9.136100776775509802e-01
7.151167187499990177e+03 9.122673044644860063e-01
7.151525390624989996e+03 9.115745189220082478e-01
7.151614941406240177e+03 9.109233657423676522e-01
7.151616340637197027e+03 9.109578574982645227e-01
7.151617040252676816e+03 9.109918356851115506e-01
7.151617127704610539e+03 9.110041451631307741e-01
7.151617133170356283e+03 9.110059738624606274e-01
7.151617135903230519e+03 9.110072921753021857e-01
7.151617137269666273e+03 9.110082635367082737e-01
7.151617137952884150e+03 9.110090191091294587e-01
