3.668000000000000000e+03 1.098362371831187723e+01
3.851400000000000091e+03 8.600664935860173443e+00
4.034800000000000182e+03 6.189381183053525248e+00
4.218199999999999818e+03 3.747474336666190897e+00
4.401599999999999454e+03 1.272894427564011721e+00
4.585000000000000000e+03 -1.241783795670418522e+00
4.768400000000000546e+03 -3.790578686019467902e+00
4.951800000000000182e+03 -6.365222255044439059e+00
5.135199999999999818e+03 -9.011012167783210458e+00
5.318599999999999454e+03 -1.176402143205246631e+01
5.502000000000000000e+03 -1.459294286673485530e+01
5.685399999999999636e+03 -1.750596028569698603e+01
5.868800000000000182e+03 -2.052961660119003540e+01
6.052199999999999818e+03 -2.369621878637944334e+01
6.235600000000000364e+03 -2.700165692199632517e+01
6.419000000000000000e+03 -3.047509091273385096e+01
6.602400000000000546e+03 -3.421419408384836203e+01
6.785800000000000182e+03 -3.828133188085101324e+01
6.969200000000001637e+03 -4.269216496750763667e+01
6.972065625000000182e+03 -4.276504038714467981e+01
6.974931250000000546e+03 -4.284896032186536274e+01
6.977796875000000000e+03 -4.294777872825878973e+01
6.980662500000000364e+03 -4.304703811817800130e+01
6.983528124999999818e+03 -4.314674555245149179e+01
6.986393750000000182e+03 -4.324690829487142452e+01
6.989259374999999636e+03 -4.334753382065991190e+01
6.992125000000000000e+03 -4.344862982539162743e+01
6.994990624999999454e+03 -4.355020423441926170e+01
6.997856249999999818e+03 -4.365226521282202299e+01
7.000721874999998363e+03 -4.375482117592336806e+01
7.003587499999999636e+03 -4.385788080041918136e+01
7.006453124999998181e+03 -4.396145303614844835e+01
7.009318749999999454e+03 -4.406554711856951201e+01
7.012184374999997999e+03 -4.417017258197867591e+01
7.015049999999998363e+03 -4.427533927354004817e+01
7.017915624999997817e+03 -4.438105736817487923e+01
7.020781249999998181e+03 -4.448733738438960472e+01
7.023646874999997635e+03 -4.459419020110546228e+01
7.026512499999997999e+03 -4.470162707557370396e+01
7.029378124999997453e+03 -4.480965966246245102e+01
7.032243749999997817e+03 -4.491830003421183903e+01
7.035109374999996362e+03 -4.502756070276200973e+01
7.037974999999997635e+03 -4.514952220782856074e+01
7.040840624999996180e+03 -4.527505970746700115e+01
7.043706249999997453e+03 -4.540161214185127392e+01
7.046571874999995998e+03 -4.552920820098196231e+01
7.049437499999996362e+03 -4.565787800898079496e+01
7.052303124999995816e+03 -4.578765322798634685e+01
7.055168749999996180e+03 -4.591856717198460558e+01
7.058034374999995634e+03 -4.605065493178056357e+01
7.060899999999995998e+03 -4.618395351246746117e+01
7.063765624999995453e+03 -4.631850198496626092e+01
7.066631249999995816e+03 -4.645434165344216382e+01
7.069496874999994361e+03 -4.659151624067743569e+01
7.072362499999995634e+03 -4.673007209383665383e+01
7.075228124999994179e+03 -4.687005841342375589e+01
7.078093749999995453e+03 -4.701152750873004749e+01
7.080959374999993997e+03 -4.715453508362471524e+01
7.083824999999994361e+03 -4.729914055722966282e+01
7.086690624999993815e+03 -4.744540742483216889e+01
7.089556249999994179e+03 -4.759927083385419877e+01
7.092421874999993634e+03 -4.778147788851403277e+01
7.095287499999993997e+03 -4.796718236272060665e+01
7.098153124999993452e+03 -4.815661525198441950e+01
7.101018749999993815e+03 -4.835003472467062835e+01
7.103884374999993270e+03 -4.854773085302434765e+01
7.106749999999993634e+03 -4.875003146259486186e+01
7.109615624999992178e+03 -4.895730944180214550e+01
7.112481249999993452e+03 -4.916999198423523154e+01
7.115346874999991996e+03 -4.938857242866188102e+01
7.118212499999993270e+03 -4.961362565051476281e+01
7.121078124999991815e+03 -4.984582840281161964e+01
7.123943749999992178e+03 -5.008598670603903003e+01
7.126809374999991633e+03 -5.034980302259942420e+01
7.129674999999991996e+03 -5.063861799839126832e+01
7.132540624999991451e+03 -5.094495006023832673e+01
7.135406249999991815e+03 -5.127285473789252279e+01
7.138271874999991269e+03 -5.162827535883013752e+01
7.141137499999991633e+03 -5.202057148347163462e+01
7.144003124999990177e+03 -5.246614445322984466e+01
7.146868749999991451e+03 -5.299934348593878752e+01
7.149734374999989996e+03 -5.372558035852132008e+01
7.151167187499990177e+03 -5.434130271827221748e+01
7.151525390624989996e+03 -5.465812214983067463e+01
7.151614941406240177e+03 -5.495521685084646890e+01
7.151616340637197027e+03 -5.493949838981694711e+01
7.151617040252676816e+03 -5.492401181709647062e+01
7.151617127704610539e+03 -5.491840088136169840e+01
7.151617133170356283e+03 -5.491756729558889560e+01
7.151617135903230519e+03 -5.491696635821941186e+01
7.151617137269666273e+03 -5.491652357253975225e+01
7.151617137952884150e+03 -5.491617915098435532e+01
