3.668000000000000000e+03 1.444191579212829879e+01
3.851400000000000091e+03 1.285060725740689413e+01
4.034800000000000182e+03 1.124256005057341667e+01
4.218199999999999818e+03 9.616625286148993368e+00
4.401599999999999454e+03 7.971889137558983762e+00
4.585000000000000000e+03 6.305002867163181257e+00
4.768400000000000546e+03 4.614465032641724029e+00
4.951800000000000182e+03 2.898102483568446797e+00
5.135199999999999818e+03 1.138736536823408807e+00
5.318599999999999454e+03 -6.846585920945185144e-01
5.502000000000000000e+03 -2.548315625402695517e+00
5.685399999999999636e+03 -4.455901928989551841e+00
5.868800000000000182e+03 -6.434498256088017065e+00
6.052199999999999818e+03 -8.507401497948224645e+00
6.235600000000000364e+03 -1.065206320268698192e+01
6.419000000000000000e+03 -1.288438484406993290e+01
6.602400000000000546e+03 -1.527855054028566606e+01
6.785800000000000182e+03 -1.782505339934934341e+01
6.969200000000001637e+03 -2.054863386551190629e+01
6.972065625000000182e+03 -2.059310764347290501e+01
6.974931250000000546e+03 -2.064665628603727399e+01
6.977796875000000000e+03 -2.071244394527468557e+01
6.980662500000000364e+03 -2.077853660023095017e+01
6.983528124999999818e+03 -2.084493925975220563e+01
6.986393750000000182e+03 -2.091165707774515070e+01
6.989259374999999636e+03 -2.097869535924330719e+01
6.992125000000000000e+03 -2.104605956680236645e+01
6.994990624999999454e+03 -2.111375532725391224e+01
6.997856249999999818e+03 -2.118178843883752904e+01
7.000721874999998363e+03 -2.125016487873861237e+01
7.003587499999999636e+03 -2.131889081106509920e+01
7.006453124999998181e+03 -2.138797259528599071e+01
7.009318749999999454e+03 -2.145741679517490041e+01
7.012184374999997999e+03 -2.152723018828742596e+01
7.015049999999998363e+03 -2.159741977601946061e+01
7.017915624999997817e+03 -2.166799279428393632e+01
7.020781249999998181e+03 -2.173895672485939556e+01
7.023646874999997635e+03 -2.181031930745870540e+01
7.026512499999997999e+03 -2.188208855257650143e+01
7.029378124999997453e+03 -2.195427275517755206e+01
7.032243749999997817e+03 -2.202688050929530661e+01
7.035109374999996362e+03 -2.209992072361596982e+01
7.037974999999997635e+03 -2.218458119261507733e+01
7.040840624999996180e+03 -2.227236996242668354e+01
7.043706249999997453e+03 -2.236090619241536359e+01
7.046571874999995998e+03 -2.245021121620058935e+01
7.049437499999996362e+03 -2.254030743557292737e+01
7.052303124999995816e+03 -2.263121839791507028e+01
7.055168749999996180e+03 -2.272296888102865253e+01
7.058034374999995634e+03 -2.281558498626349518e+01
7.060899999999995998e+03 -2.290909424096296476e+01
7.063765624999995453e+03 -2.300352571139610802e+01
7.066631249999995816e+03 -2.309891012752327910e+01
7.069496874999994361e+03 -2.319528002114701337e+01
7.072362499999995634e+03 -2.329266987926032328e+01
7.075228124999994179e+03 -2.339111631468376373e+01
7.078093749999995453e+03 -2.349065825644702699e+01
7.080959374999993997e+03 -2.359133716278744330e+01
7.083824999999994361e+03 -2.369319726015039151e+01
7.086690624999993815e+03 -2.379628581218327810e+01
7.089556249999994179e+03 -2.390652097391170017e+01
7.092421874999993634e+03 -2.404452808575740264e+01
7.095287499999993997e+03 -2.418535191377080551e+01
7.098153124999993452e+03 -2.432917783031432180e+01
7.101018749999993815e+03 -2.447621296093775811e+01
7.103884374999993270e+03 -2.462668996716844916e+01
7.106749999999993634e+03 -2.478087172290747731e+01
7.109615624999992178e+03 -2.493905715737129469e+01
7.112481249999993452e+03 -2.510158864197011042e+01
7.115346874999991996e+03 -2.526886145211788204e+01
7.118212499999993270e+03 -2.544133606549216253e+01
7.121078124999991815e+03 -2.561955441282470858e+01
7.123943749999992178e+03 -2.580416175726972838e+01
7.126809374999991633e+03 -2.600780462956924310e+01
7.129674999999991996e+03 -2.623154293363673872e+01
7.132540624999991451e+03 -2.646932925312883000e+01
7.135406249999991815e+03 -2.672440734037318322e+01
7.138271874999991269e+03 -2.700152942880171736e+01
7.141137499999991633e+03 -2.730817703350966141e+01
7.144003124999990177e+03 -2.765745635712758954e+01
7.146868749999991451e+03 -2.807680673324964715e+01
7.149734374999989996e+03 -2.865040529230875421e+01
7.151167187499990177e+03 -2.913891559603178649e+01
7.151525390624989996e+03 -2.939106621606656233e+01
7.151614941406240177e+03 -2.962800583870707882e+01
7.151616340637197027e+03 -2.961545817965160410e+01
7.151617040252676816e+03 -2.960309692549790839e+01
7.151617127704610539e+03 -2.959861864003102383e+01
7.151617133170356283e+03 -2.959795334024548552e+01
7.151617135903230519e+03 -2.959747372364000384e+01
7.151617137269666273e+03 -2.959712033136993981e+01
7.151617137952884150e+03 -2.959684544534868778e+01
