3.668000000000000000e+03 1.814167452230729793e+01
3.851400000000000091e+03 1.655300554351089204e+01
4.034800000000000182e+03 1.495067871236960855e+01
4.218199999999999818e+03 1.332887942150708405e+01
4.401599999999999454e+03 1.168729507255797273e+01
4.585000000000000000e+03 1.002010786798098074e+01
4.768400000000000546e+03 8.322995766335566259e+00
4.951800000000000182e+03 6.599886713907034519e+00
5.135199999999999818e+03 4.790196081456419286e+00
5.318599999999999454e+03 2.880876677736800673e+00
5.502000000000000000e+03 9.148895360302674584e-01
5.685399999999999636e+03 -1.112731283981103436e+00
5.868800000000000182e+03 -3.208116288255463910e+00
6.052199999999999818e+03 -5.378982990799697994e+00
6.235600000000000364e+03 -7.689846057361751086e+00
6.419000000000000000e+03 -1.020425115415359762e+01
6.602400000000000546e+03 -1.287945228280359089e+01
6.785800000000000182e+03 -1.574180687693073466e+01
6.969200000000001637e+03 -1.883323813793950663e+01
6.972065625000000182e+03 -1.888419774429891618e+01
6.974931250000000546e+03 -1.894619944227450503e+01
6.977796875000000000e+03 -1.902310193480728273e+01
6.980662500000000364e+03 -1.910039339178146633e+01
6.983528124999999818e+03 -1.917808029989479479e+01
6.986393750000000182e+03 -1.925616933589622448e+01
6.989259374999999636e+03 -1.933466737458871165e+01
6.992125000000000000e+03 -1.941358149726772808e+01
6.994990624999999454e+03 -1.949291900063532168e+01
6.997856249999999818e+03 -1.957268740621251268e+01
7.000721874999998363e+03 -1.965289447029564940e+01
7.003587499999999636e+03 -1.973354819448673680e+01
7.006453124999998181e+03 -1.981465683684275092e+01
7.009318749999999454e+03 -1.989622892369020235e+01
7.012184374999997999e+03 -1.997827326215028165e+01
7.015049999999998363e+03 -2.006079895343284036e+01
7.017915624999997817e+03 -2.014381540695270800e+01
7.020781249999998181e+03 -2.022733235533459961e+01
7.023646874999997635e+03 -2.031135987037711743e+01
7.026512499999997999e+03 -2.039590838004841800e+01
7.029378124999997453e+03 -2.048098868659801752e+01
7.032243749999997817e+03 -2.056661198587869421e+01
7.035109374999996362e+03 -2.065278988797505377e+01
7.037974999999997635e+03 -2.074480526473724851e+01
7.040840624999996180e+03 -2.083872824753709097e+01
7.043706249999997453e+03 -2.093345512639957917e+01
7.046571874999995998e+03 -2.102900924931135052e+01
7.049437499999996362e+03 -2.112541514919879759e+01
7.052303124999995816e+03 -2.122269863047193539e+01
7.055168749999996180e+03 -2.132088686389040788e+01
7.058034374999995634e+03 -2.142000849075181890e+01
7.060899999999995998e+03 -2.152009373755130994e+01
7.063765624999995453e+03 -2.162117454242696724e+01
7.066631249999995816e+03 -2.172328469491275627e+01
7.069496874999994361e+03 -2.182645999074545529e+01
7.072362499999995634e+03 -2.193073840377147121e+01
7.075228124999994179e+03 -2.203616027731214189e+01
7.078093749999995453e+03 -2.214276853775739440e+01
7.080959374999993997e+03 -2.225060893363270864e+01
7.083824999999994361e+03 -2.235973030395524574e+01
7.086690624999993815e+03 -2.247018488039449480e+01
7.089556249999994179e+03 -2.258496947511644848e+01
7.092421874999993634e+03 -2.271461694080339555e+01
7.095287499999993997e+03 -2.284679182244568452e+01
7.098153124999993452e+03 -2.298166431562923151e+01
7.101018749999993815e+03 -2.311942484169810186e+01
7.103884374999993270e+03 -2.326028758801812657e+01
7.106749999999993634e+03 -2.340449488776770792e+01
7.109615624999992178e+03 -2.355232269631178710e+01
7.112481249999993452e+03 -2.370408751977175754e+01
7.115346874999991996e+03 -2.386015529636772570e+01
7.118212499999993270e+03 -2.402095294879298137e+01
7.121078124999991815e+03 -2.418698366080313278e+01
7.123943749999992178e+03 -2.435884746037710613e+01
7.126809374999991633e+03 -2.456518076159813546e+01
7.129674999999991996e+03 -2.480462942447215724e+01
7.132540624999991451e+03 -2.505952461075800386e+01
7.135406249999991815e+03 -2.533348039284489772e+01
7.138271874999991269e+03 -2.563179918909855459e+01
7.141137499999991633e+03 -2.596284097748547737e+01
7.144003124999990177e+03 -2.634127295380294953e+01
7.146868749999991451e+03 -2.679785054103515662e+01
7.149734374999989996e+03 -2.742708344834044709e+01
7.151167187499990177e+03 -2.796821046903527730e+01
7.151525390624989996e+03 -2.824976359092086042e+01
7.151614941406240177e+03 -2.851592043987979963e+01
7.151616340637197027e+03 -2.850178433427529257e+01
7.151617040252676816e+03 -2.848786286799587941e+01
7.151617127704610539e+03 -2.848282047355915836e+01
7.151617133170356283e+03 -2.848207142022567950e+01
7.151617135903230519e+03 -2.848153143364653062e+01
7.151617137269666273e+03 -2.848113356382624772e+01
7.151617137952884150e+03 -2.848082408354300554e+01
