3.668000000000000000e+03 8.499999999999978684e+01
3.851400000000000091e+03 8.815447999999997819e+01
4.034800000000000182e+03 9.130896000000024060e+01
4.218199999999999818e+03 9.446343999999973562e+01
4.401599999999999454e+03 9.761791999999971381e+01
4.585000000000000000e+03 1.007724000000006015e+02
4.768400000000000546e+03 1.039268800000000965e+02
4.951800000000000182e+03 1.070813600000004726e+02
5.135199999999999818e+03 1.102358399999993708e+02
5.318599999999999454e+03 1.133903199999998748e+02
5.502000000000000000e+03 1.165448000000003503e+02
5.685399999999999636e+03 1.196992799999995469e+02
5.868800000000000182e+03 1.228537599999998235e+02
6.052199999999999818e+03 1.260082399999989207e+02
6.235600000000000364e+03 1.291627199999993820e+02
6.419000000000000000e+03 1.323172000000006392e+02
6.602400000000000546e+03 1.354716799999987984e+02
6.785800000000000182e+03 1.386261599999999703e+02
6.969200000000001637e+03 1.417806399999998632e+02
6.972065625000000182e+03 1.418299287500002777e+02
6.974931250000000546e+03 1.418792174999996689e+02
6.977796875000000000e+03 1.419285062500001686e+02
6.980662500000000364e+03 1.419777950000004694e+02
6.983528124999999818e+03 1.420270837500005143e+02
6.986393750000000182e+03 1.420763724999992803e+02
6.989259374999999636e+03 1.421256612499993821e+02
6.992125000000000000e+03 1.421749499999989723e+02
6.994990624999999454e+03 1.422242387500004384e+02
6.997856249999999818e+03 1.422735275000003128e+02
7.000721874999998363e+03 1.423228162500002441e+02
7.003587499999999636e+03 1.423721050000009996e+02
7.006453124999998181e+03 1.424213937500003624e+02
7.009318749999999454e+03 1.424706825000002368e+02
7.012184374999997999e+03 1.425199712500006797e+02
7.015049999999998363e+03 1.425692599999992467e+02
7.017915624999997817e+03 1.426185487500000875e+02
7.020781249999998181e+03 1.426678374999993082e+02
7.023646874999997635e+03 1.427171262500000353e+02
7.026512499999997999e+03 1.427664149999999950e+02
7.029378124999997453e+03 1.428157037499989599e+02
7.032243749999997817e+03 1.428649924999998291e+02
7.035109374999996362e+03 1.429142812500001014e+02
7.037974999999997635e+03 1.429635700000009706e+02
7.040840624999996180e+03 1.430128587499999639e+02
7.043706249999997453e+03 1.430621475000005205e+02
7.046571874999995998e+03 1.431114362499989738e+02
7.049437499999996362e+03 1.431607250000006388e+02
7.052303124999995816e+03 1.432100137499999164e+02
7.055168749999996180e+03 1.432593025000004445e+02
7.058034374999995634e+03 1.433085912500000632e+02
7.060899999999995998e+03 1.433578799999999944e+02
7.063765624999995453e+03 1.434071687500002383e+02
7.066631249999995816e+03 1.434564574999991748e+02
7.069496874999994361e+03 1.435057462500007546e+02
7.072362499999995634e+03 1.435550350000011690e+02
7.075228124999994179e+03 1.436043237500008161e+02
7.078093749999995453e+03 1.436536124999996673e+02
7.080959374999993997e+03 1.437029012499995133e+02
7.083824999999994361e+03 1.437521899999994446e+02
7.086690624999993815e+03 1.438014787500007117e+02
7.089556249999994179e+03 1.438507675000005577e+02
7.092421874999993634e+03 1.439000562499997500e+02
7.095287499999993997e+03 1.439493450000005055e+02
7.098153124999993452e+03 1.439986337500008631e+02
7.101018749999993815e+03 1.440479225000000554e+02
7.103884374999993270e+03 1.440972112500002424e+02
7.106749999999993634e+03 1.441465000000008843e+02
7.109615624999992178e+03 1.441957887500008724e+02
7.112481249999993452e+03 1.442450774999991268e+02
7.115346874999991996e+03 1.442943662499998538e+02
7.118212499999993270e+03 1.443436550000014620e+02
7.121078124999991815e+03 1.443929437499998016e+02
7.123943749999992178e+03 1.444422324999999034e+02
7.126809374999991633e+03 1.444915212499998347e+02
7.129674999999991996e+03 1.445408100000008744e+02
7.132540624999991451e+03 1.445900987499999530e+02
7.135406249999991815e+03 1.446393875000002822e+02
7.138271874999991269e+03 1.446886762500005545e+02
7.141137499999991633e+03 1.447379649999995763e+02
7.144003124999990177e+03 1.447872537500009287e+02
7.146868749999991451e+03 1.448365424999998652e+02
7.149734374999989996e+03 1.448858312500010470e+02
7.151167187499990177e+03 1.449104756250012542e+02
7.151525390624989996e+03 1.449166367187501123e+02
7.151614941406240177e+03 1.449181769921879663e+02
7.151616340637197027e+03 1.449182010589608467e+02
7.151617040252676816e+03 1.449182130923465763e+02
7.151617127704610539e+03 1.449182145965208406e+02
7.151617133170356283e+03 1.449182146905302204e+02
7.151617135903230519e+03 1.449182147375357204e+02
7.151617137269666273e+03 1.449182147610394509e+02
7.151617137952884150e+03 1.449182147727908614e+02
