3.668000000000000000e+03 1.034999999999999920e+00
3.851400000000000091e+03 1.034999999999999920e+00
4.034800000000000182e+03 1.034999999999999920e+00
4.218199999999999818e+03 1.034999999999999920e+00
4.401599999999999454e+03 1.034999999999999920e+00
4.585000000000000000e+03 1.034999999999999920e+00
4.768400000000000546e+03 1.034999999999999920e+00
4.951800000000000182e+03 1.034999999999999920e+00
5.135199999999999818e+03 1.034999999999999920e+00
5.318599999999999454e+03 1.034999999999999920e+00
5.502000000000000000e+03 1.034999999999999920e+00
5.685399999999999636e+03 1.034999999999999920e+00
5.868800000000000182e+03 1.034999999999999920e+00
6.052199999999999818e+03 1.034999999999999920e+00
6.235600000000000364e+03 1.034999999999999920e+00
6.419000000000000000e+03 1.034999999999999920e+00
6.602400000000000546e+03 1.034999999999999920e+00
6.785800000000000182e+03 1.034999999999999920e+00
6.969200000000001637e+03 1.034999999999999920e+00
6.972065625000000182e+03 1.034999999999999920e+00
6.974931250000000546e+03 1.034808415825560157e+00
6.977796875000000000e+03 1.034359371024909047e+00
6.980662500000000364e+03 1.033906991608142700e+00
6.983528124999999818e+03 1.033451218896334067e+00
6.986393750000000182e+03 1.032991992464327602e+00
6.989259374999999636e+03 1.032529250066788418e+00
6.992125000000000000e+03 1.032062927560188914e+00
6.994990624999999454e+03 1.031592958820409134e+00
6.997856249999999818e+03 1.031119275655689949e+00
7.000721874999998363e+03 1.030641807714575586e+00
7.003587499999999636e+03 1.030160482388500442e+00
7.006453124999998181e+03 1.029675224708657577e+00
7.009318749999999454e+03 1.029185957236685711e+00
7.012184374999997999e+03 1.028692599948766828e+00
7.015049999999998363e+03 1.028195070112590370e+00
7.017915624999997817e+03 1.027693282156690646e+00
7.020781249999998181e+03 1.027187147531520850e+00
7.023646874999997635e+03 1.026676574561654842e+00
7.026512499999997999e+03 1.026161468288389278e+00
7.029378124999997453e+03 1.025641730301985133e+00
7.032243749999997817e+03 1.025117258562688205e+00
7.035109374999996362e+03 1.024587947209602445e+00
7.037974999999997635e+03 1.023982468418221270e+00
7.040840624999996180e+03 1.023354501299704511e+00
7.043706249999997453e+03 1.022719096404458350e+00
7.046571874999995998e+03 1.022076030468529240e+00
7.049437499999996362e+03 1.021425068819302506e+00
7.052303124999995816e+03 1.020765964540339521e+00
7.055168749999996180e+03 1.020098457555856264e+00
7.058034374999995634e+03 1.019422273625096409e+00
7.060899999999995998e+03 1.018737123235549769e+00
7.063765624999995453e+03 1.018042700382273180e+00
7.066631249999995816e+03 1.017338681218616925e+00
7.069496874999994361e+03 1.016624722561448424e+00
7.072362499999995634e+03 1.015900460231110580e+00
7.075228124999994179e+03 1.015165507203297901e+00
7.078093749999995453e+03 1.014419451546035855e+00
7.080959374999993997e+03 1.013661854110427196e+00
7.083824999999994361e+03 1.012892245938189939e+00
7.086690624999993815e+03 1.012110125342368105e+00
7.089556249999994179e+03 1.011278018643917642e+00
7.092421874999993634e+03 1.010264876175133830e+00
7.095287499999993997e+03 1.009226691911674800e+00
7.098153124999993452e+03 1.008161757510127821e+00
7.101018749999993815e+03 1.007068161310845644e+00
7.103884374999993270e+03 1.005943752736901065e+00
7.106749999999993634e+03 1.004786098249304649e+00
7.109615624999992178e+03 1.003592426272794214e+00
7.112481249999993452e+03 1.002359557515097421e+00
7.115346874999991996e+03 1.001083815644290054e+00
7.118212499999993270e+03 9.997609110989964520e-01
7.121078124999991815e+03 9.983857874368698981e-01
7.123943749999992178e+03 9.969524143032194585e-01
7.126809374999991633e+03 9.953151121555328107e-01
7.129674999999991996e+03 9.934677543357586238e-01
7.132540624999991451e+03 9.914863392165866873e-01
7.135406249999991815e+03 9.893393387773739001e-01
7.138271874999991269e+03 9.869804826596304537e-01
7.141137499999991633e+03 9.843367978737935786e-01
7.144003124999990177e+03 9.812802189705580602e-01
7.146868749999991451e+03 9.775421275176190417e-01
7.149734374999989996e+03 9.722968140666703452e-01
7.151167187499990177e+03 9.676952675398237114e-01
7.151525390624989996e+03 9.652664970410134160e-01
7.151614941406240177e+03 9.629480912527955683e-01
7.151616340637197027e+03 9.630717838459695868e-01
7.151617040252676816e+03 9.631935367365630496e-01
7.151617127704610539e+03 9.632376209170830927e-01
7.151617133170356283e+03 9.632441689885797853e-01
7.151617135903230519e+03 9.632488893315986900e-01
7.151617137269666273e+03 9.632523672890032085e-01
7.151617137952884150e+03 9.632550725596291663e-01
