3.668000000000000000e+03 9.430000000000000604e-01
3.851400000000000091e+03 9.430000000000000604e-01
4.034800000000000182e+03 9.430000000000000604e-01
4.218199999999999818e+03 9.430000000000000604e-01
4.401599999999999454e+03 9.428288275227956206e-01
4.585000000000000000e+03 9.377228714910303964e-01
4.768400000000000546e+03 9.311177276124651403e-01
4.951800000000000182e+03 9.237336089837469011e-01
5.135199999999999818e+03 9.159822042920335861e-01
5.318599999999999454e+03 9.079187411108952110e-01
5.502000000000000000e+03 8.995449813668658923e-01
5.685399999999999636e+03 8.908299026206316640e-01
5.868800000000000182e+03 8.817290924971790123e-01
6.052199999999999818e+03 8.721879192651500468e-01
6.235600000000000364e+03 8.608839887812765879e-01
6.419000000000000000e+03 8.469067321394013748e-01
6.602400000000000546e+03 8.318148127523763424e-01
6.785800000000000182e+03 8.153709227543549654e-01
6.969200000000001637e+03 7.970356465187594663e-01
6.972065625000000182e+03 7.967026745237312246e-01
6.974931250000000546e+03 7.961754493699172430e-01
6.977796875000000000e+03 7.953863145939533696e-01
6.980662500000000364e+03 7.945915697685416168e-01
6.983528124999999818e+03 7.937911122968046573e-01
6.986393750000000182e+03 7.929848364693099505e-01
6.989259374999999636e+03 7.921726333308009016e-01
6.992125000000000000e+03 7.913543905395569178e-01
6.994990624999999454e+03 7.905299922187832840e-01
6.997856249999999818e+03 7.896993187995757779e-01
7.000721874999998363e+03 7.888622468547700217e-01
7.003587499999999636e+03 7.880186489230737168e-01
7.006453124999998181e+03 7.871683933227979768e-01
7.009318749999999454e+03 7.863113439543528704e-01
7.012184374999997999e+03 7.854473600907644348e-01
7.015049999999998363e+03 7.845762961552119608e-01
7.017915624999997817e+03 7.836980014846847142e-01
7.020781249999998181e+03 7.828123200786057945e-01
7.023646874999997635e+03 7.819190903312982499e-01
7.026512499999997999e+03 7.810181447469661808e-01
7.029378124999997453e+03 7.801093096357992751e-01
7.032243749999997817e+03 7.791924047896353622e-01
7.035109374999996362e+03 7.782672431354763498e-01
7.037974999999997635e+03 7.772441079896080796e-01
7.040840624999996180e+03 7.761899235632498950e-01
7.043706249999997453e+03 7.751234685370724797e-01
7.046571874999995998e+03 7.740443635415183987e-01
7.049437499999996362e+03 7.729522095531276005e-01
7.052303124999995816e+03 7.718465864449132185e-01
7.055168749999996180e+03 7.707270513965994718e-01
7.058034374999995634e+03 7.695931371476916194e-01
7.060899999999995998e+03 7.684443500740204547e-01
7.063765624999995453e+03 7.672801680654826040e-01
7.066631249999995816e+03 7.661000381792331115e-01
7.069496874999994361e+03 7.649033740387148894e-01
7.072362499999995634e+03 7.636895529439227115e-01
7.075228124999994179e+03 7.624579126529159590e-01
7.078093749999995453e+03 7.612077477875663911e-01
7.080959374999993997e+03 7.599383058086280895e-01
7.083824999999994361e+03 7.586487824952655723e-01
7.086690624999993815e+03 7.573383168525272824e-01
7.089556249999994179e+03 7.559578577737431360e-01
7.092421874999993634e+03 7.543351157904297777e-01
7.095287499999993997e+03 7.526720101175592426e-01
7.098153124999993452e+03 7.509657327201805233e-01
7.101018749999993815e+03 7.492131386225389100e-01
7.103884374999993270e+03 7.474106866576558650e-01
7.106749999999993634e+03 7.455543661281739398e-01
7.109615624999992178e+03 7.436396050568145899e-01
7.112481249999993452e+03 7.416611540457888063e-01
7.115346874999991996e+03 7.396129373236369764e-01
7.118212499999993270e+03 7.374878588912709976e-01
7.121078124999991815e+03 7.352775460360975179e-01
7.123943749999992178e+03 7.329720035644754494e-01
7.126809374999991633e+03 7.303013551182820917e-01
7.129674999999991996e+03 7.272592948271799917e-01
7.132540624999991451e+03 7.239918937288941647e-01
7.135406249999991815e+03 7.204456121716114048e-01
7.138271874999991269e+03 7.165417906497746348e-01
7.141137499999991633e+03 7.121562376479370071e-01
7.144003124999990177e+03 7.070707514313926412e-01
7.146868749999991451e+03 7.008271049638690187e-01
7.149734374999989996e+03 6.920149040751087943e-01
7.151167187499990177e+03 6.842281029819180516e-01
7.151525390624989996e+03 6.800943876738101412e-01
7.151614941406240177e+03 6.761318820736527124e-01
7.151616340637197027e+03 6.763437186480878438e-01
7.151617040252676816e+03 6.765521853833034172e-01
7.151617127704610539e+03 6.766276551498648928e-01
7.151617133170356283e+03 6.766388645699255022e-01
7.151617135903230519e+03 6.766469450791332552e-01
7.151617137269666273e+03 6.766528987676713180e-01
7.151617137952884150e+03 6.766575297174080017e-01
