3.668000000000000000e+03 9.849999999999999867e-01
3.851400000000000091e+03 9.849999999999999867e-01
4.034800000000000182e+03 9.849999999999999867e-01
4.218199999999999818e+03 9.849999999999999867e-01
4.401599999999999454e+03 9.849999999999999867e-01
4.585000000000000000e+03 9.849999999999999867e-01
4.768400000000000546e+03 9.849999999999999867e-01
4.951800000000000182e+03 9.849999999999999867e-01
5.135199999999999818e+03 9.849999999999999867e-01
5.318599999999999454e+03 9.849999999999999867e-01
5.502000000000000000e+03 9.849999999999999867e-01
5.685399999999999636e+03 9.849999999999999867e-01
5.868800000000000182e+03 9.837759610458238768e-01
6.052199999999999818e+03 9.807813547576359481e-01
6.235600000000000364e+03 9.776586119936252484e-01
6.419000000000000000e+03 9.743813809369726853e-01
6.602400000000000546e+03 9.708740340113654055e-01
6.785800000000000182e+03 9.671477137136357261e-01
6.969200000000001637e+03 9.631784865699990483e-01
6.972065625000000182e+03 9.631140986575245089e-01
6.974931250000000546e+03 9.630446519555833085e-01
6.977796875000000000e+03 9.629683970114291114e-01
6.980662500000000364e+03 9.628919285402940398e-01
6.983528124999999818e+03 9.628152435705733536e-01
6.986393750000000182e+03 9.627383390487860293e-01
6.989259374999999636e+03 9.626612118362182224e-01
6.992125000000000000e+03 9.625838587053939799e-01
6.994990624999999454e+03 9.625062763363436691e-01
6.997856249999999818e+03 9.624284613126705690e-01
7.000721874999998363e+03 9.623504101173946390e-01
7.003587499999999636e+03 9.622721191285548148e-01
7.006453124999998181e+03 9.621935846145615034e-01
7.009318749999999454e+03 9.621148027292735216e-01
7.012184374999997999e+03 9.620357695067824899e-01
7.015049999999998363e+03 9.619564808558812574e-01
7.017915624999997817e+03 9.618769325541968174e-01
7.020781249999998181e+03 9.617971202419552945e-01
7.023646874999997635e+03 9.617170394153559121e-01
7.026512499999997999e+03 9.616366854195221858e-01
7.029378124999997453e+03 9.615560534409942628e-01
7.032243749999997817e+03 9.614751384997253236e-01
7.035109374999996362e+03 9.613939354405462989e-01
7.037974999999997635e+03 9.612905159921353304e-01
7.040840624999996180e+03 9.611817126089003960e-01
7.043706249999997453e+03 9.610722329696950172e-01
7.046571874999995998e+03 9.609620592026387742e-01
7.049437499999996362e+03 9.608511725631017075e-01
7.052303124999995816e+03 9.607395533711731161e-01
7.055168749999996180e+03 9.606271809431784492e-01
7.058034374999995634e+03 9.605140335165431864e-01
7.060899999999995998e+03 9.604000881671783674e-01
7.063765624999995453e+03 9.602853207184648410e-01
7.066631249999995816e+03 9.601697056407521025e-01
7.069496874999994361e+03 9.600532159401374832e-01
7.072362499999995634e+03 9.599358230350785171e-01
7.075228124999994179e+03 9.598174966191663771e-01
7.078093749999995453e+03 9.596982045081093871e-01
7.080959374999993997e+03 9.595779124686258932e-01
7.083824999999994361e+03 9.594565840265579793e-01
7.086690624999993815e+03 9.593341802510191307e-01
7.089556249999994179e+03 9.591452271314889755e-01
7.092421874999993634e+03 9.586651002544300804e-01
7.095287499999993997e+03 9.581765774882101683e-01
7.098153124999993452e+03 9.576791235494146459e-01
7.101018749999993815e+03 9.571721409896637445e-01
7.103884374999993270e+03 9.566549594376270171e-01
7.106749999999993634e+03 9.561268223066364813e-01
7.109615624999992178e+03 9.555868701951246713e-01
7.112481249999993452e+03 9.550341199118451696e-01
7.115346874999991996e+03 9.544674376234180135e-01
7.118212499999993270e+03 9.538855039704768890e-01
7.121078124999991815e+03 9.532867679966963159e-01
7.123943749999992178e+03 9.526693851534988600e-01
7.126809374999991633e+03 9.519972503210186732e-01
7.129674999999991996e+03 9.512674566591281522e-01
7.132540624999991451e+03 9.504973507554302925e-01
7.135406249999991815e+03 9.496777591056891898e-01
7.138271874999991269e+03 9.487952581639390592e-01
7.141137499999991633e+03 9.478287404336879218e-01
7.144003124999990177e+03 9.467412745350900494e-01
7.146868749999991451e+03 9.454556365614286140e-01
7.149734374999989996e+03 9.437352371345093527e-01
7.151167187499990177e+03 9.423081048204479115e-01
7.151525390624989996e+03 9.415864253844752341e-01
7.151614941406240177e+03 9.409182360680399260e-01
7.151616340637197027e+03 9.409533707539642355e-01
7.151617040252676816e+03 9.409880113641434507e-01
7.151617127704610539e+03 9.410005679170685422e-01
7.151617133170356283e+03 9.410024336432141201e-01
7.151617135903230519e+03 9.410037787002825116e-01
7.151617137269666273e+03 9.410047697950341128e-01
7.151617137952884150e+03 9.410055407332141852e-01
