3.668000000000000000e+03 1.149059912136452688e+01
3.851400000000000091e+03 9.279726037570769748e+00
4.034800000000000182e+03 7.041878078919904027e+00
4.218199999999999818e+03 4.774293477774471661e+00
4.401599999999999454e+03 2.474909928587165631e+00
4.585000000000000000e+03 1.362773192279281287e-01
4.768400000000000546e+03 -2.242317444792953474e+00
4.951800000000000182e+03 -4.660058171755984802e+00
5.135199999999999818e+03 -7.149779095967288001e+00
5.318599999999999454e+03 -9.726410991344081935e+00
5.502000000000000000e+03 -1.237736140046101063e+01
5.685399999999999636e+03 -1.511029143126008911e+01
5.868800000000000182e+03 -1.795185143329540267e+01
6.052199999999999818e+03 -2.093464468421140623e+01
6.235600000000000364e+03 -2.405475873496677153e+01
6.419000000000000000e+03 -2.734155809118756508e+01
6.602400000000000546e+03 -3.089510645457202287e+01
6.785800000000000182e+03 -3.476067163397883064e+01
6.969200000000001637e+03 -3.896679345344647771e+01
6.972065625000000182e+03 -3.903645180294899575e+01
6.974931250000000546e+03 -3.911721064527653624e+01
6.977796875000000000e+03 -3.921294390715360123e+01
6.980662500000000364e+03 -3.930911931625169586e+01
6.983528124999999818e+03 -3.940574397217579872e+01
6.986393750000000182e+03 -3.950282517858610731e+01
6.989259374999999636e+03 -3.960037045170822978e+01
6.992125000000000000e+03 -3.969838752930294845e+01
6.994990624999999454e+03 -3.979688438014050433e+01
6.997856249999999818e+03 -3.989586921400144348e+01
7.000721874999998363e+03 -3.999535049224893868e+01
7.003587499999999636e+03 -4.009533693901519058e+01
7.006453124999998181e+03 -4.019583755303342798e+01
7.009318749999999454e+03 -4.029686162017900841e+01
7.012184374999997999e+03 -4.039841872675697232e+01
7.015049999999998363e+03 -4.050051877360466790e+01
7.017915624999997817e+03 -4.060317199105867303e+01
7.020781249999998181e+03 -4.070638895486483477e+01
7.023646874999997635e+03 -4.081018060309516216e+01
7.026512499999997999e+03 -4.091455825415616943e+01
7.029378124999997453e+03 -4.101953362597443942e+01
7.032243749999997817e+03 -4.112511885645709242e+01
7.035109374999996362e+03 -4.123132652533229248e+01
7.037974999999997635e+03 -4.135039338720127233e+01
7.040840624999996180e+03 -4.147307547440875908e+01
7.043706249999997453e+03 -4.159677833284036552e+01
7.046571874999995998e+03 -4.172153084925518840e+01
7.049437499999996362e+03 -4.184736335411289332e+01
7.052303124999995816e+03 -4.197430772615160777e+01
7.055168749999996180e+03 -4.210239750696599970e+01
7.058034374999995634e+03 -4.223166802679853049e+01
7.060899999999995998e+03 -4.236215654290954546e+01
7.063765624999995453e+03 -4.249390239210934794e+01
7.066631249999995816e+03 -4.262694715927005973e+01
7.069496874999994361e+03 -4.276133486391076133e+01
7.072362499999995634e+03 -4.289711216730663068e+01
7.075228124999994179e+03 -4.303432860294095263e+01
7.078093749999995453e+03 -4.317303683361937772e+01
7.080959374999993997e+03 -4.331329293912297373e+01
7.083824999999994361e+03 -4.345515673897158138e+01
7.086690624999993815e+03 -4.359869215568519962e+01
7.089556249999994179e+03 -4.374991618102615831e+01
7.092421874999993634e+03 -4.392986020929225788e+01
7.095287499999993997e+03 -4.411333030541109679e+01
7.098153124999993452e+03 -4.430055938786325243e+01
7.101018749999993815e+03 -4.449180777041490842e+01
7.103884374999993270e+03 -4.468736793154062070e+01
7.106749999999993634e+03 -4.488757041127780667e+01
7.109615624999992178e+03 -4.509279118000817732e+01
7.112481249999993452e+03 -4.530346095555835007e+01
7.115346874999991996e+03 -4.552007713894644070e+01
7.118212499999993270e+03 -4.574321933020583231e+01
7.121078124999991815e+03 -4.597356983347179948e+01
7.123943749999992178e+03 -4.621194126771499811e+01
7.126809374999991633e+03 -4.647415502651756469e+01
7.129674999999991996e+03 -4.676156348399814533e+01
7.132540624999991451e+03 -4.706663022615359893e+01
7.135406249999991815e+03 -4.739344312641842549e+01
7.138271874999991269e+03 -4.774799281107301141e+01
7.141137499999991633e+03 -4.813971316694418334e+01
7.144003124999990177e+03 -4.858513549833306655e+01
7.146868749999991451e+03 -4.911888059443710119e+01
7.149734374999989996e+03 -4.984719163884758331e+01
7.151167187499990177e+03 -5.046594258906097963e+01
7.151525390624989996e+03 -5.078480032798178456e+01
7.151614941406240177e+03 -5.108411676092291742e+01
7.151616340637197027e+03 -5.106827304364755094e+01
7.151617040252676816e+03 -5.105266391456246566e+01
7.151617127704610539e+03 -5.104700878384238649e+01
7.151617133170356283e+03 -5.104616864171174484e+01
7.151617135903230519e+03 -5.104556297933713438e+01
7.151617137269666273e+03 -5.104511671296796749e+01
7.151617137952884150e+03 -5.104476958442922552e+01
