3.668000000000000000e+03 9.580930447923289295e-01
3.851400000000000091e+03 9.563984962478668805e-01
4.034800000000000182e+03 9.550082749659659642e-01
4.218199999999999818e+03 9.535848890526134047e-01
4.401599999999999454e+03 9.521277956085378857e-01
4.585000000000000000e+03 9.506383060226470949e-01
4.768400000000000546e+03 9.491132554273774558e-01
4.951800000000000182e+03 9.475474299904501629e-01
5.135199999999999818e+03 9.457334352168101921e-01
5.318599999999999454e+03 9.401889300422234808e-01
5.502000000000000000e+03 9.343762557580702621e-01
5.685399999999999636e+03 9.283105717534335666e-01
5.868800000000000182e+03 9.219867939044090743e-01
6.052199999999999818e+03 9.153053810519451439e-01
6.235600000000000364e+03 9.082824933836021186e-01
6.419000000000000000e+03 9.009336282276045882e-01
6.602400000000000546e+03 8.930076530094502862e-01
6.785800000000000182e+03 8.840376387871384800e-01
6.969200000000001637e+03 8.744363492542693850e-01
6.972065625000000182e+03 8.742807856617199613e-01
6.974931250000000546e+03 8.741224508833873585e-01
6.977796875000000000e+03 8.739604277644512642e-01
6.980662500000000364e+03 8.737981237826089043e-01
6.983528124999999818e+03 8.736355363384540329e-01
6.986393750000000182e+03 8.734726627720470482e-01
6.989259374999999636e+03 8.733095003606037299e-01
6.992125000000000000e+03 8.731460463160669594e-01
6.994990624999999454e+03 8.729822977825584251e-01
6.997856249999999818e+03 8.728182518336772278e-01
7.000721874999998363e+03 8.726539054696670350e-01
7.003587499999999636e+03 8.724892556144098199e-01
7.006453124999998181e+03 8.723242991122732715e-01
7.009318749999999454e+03 8.721590327247570329e-01
7.012184374999997999e+03 8.719934531269594169e-01
7.015049999999998363e+03 8.718275569038314021e-01
7.017915624999997817e+03 8.716613405462124708e-01
7.020781249999998181e+03 8.714948004466274156e-01
7.023646874999997635e+03 8.713279328948169145e-01
7.026512499999997999e+03 8.711607340730069815e-01
7.029378124999997453e+03 8.709932000508692207e-01
7.032243749999997817e+03 8.708253267801601138e-01
7.035109374999996362e+03 8.706571100890162507e-01
7.037974999999997635e+03 8.704730172633703411e-01
7.040840624999996180e+03 8.702849321079214606e-01
7.043706249999997453e+03 8.700961838289127392e-01
7.046571874999995998e+03 8.699067580932476895e-01
7.049437499999996362e+03 8.697166399081187604e-01
7.052303124999995816e+03 8.695258135749208694e-01
7.055168749999996180e+03 8.693342626388225192e-01
7.058034374999995634e+03 8.691419698335088873e-01
7.060899999999995998e+03 8.689489170205004775e-01
7.063765624999995453e+03 8.687550851223677650e-01
7.066631249999995816e+03 8.685604540490775571e-01
7.069496874999994361e+03 8.683650026165807834e-01
7.072362499999995634e+03 8.681687084565877788e-01
7.075228124999994179e+03 8.679715479163522263e-01
7.078093749999995453e+03 8.677734959470410070e-01
7.080959374999993997e+03 8.675745259790652586e-01
7.083824999999994361e+03 8.673746097824130974e-01
7.086690624999993815e+03 8.671737173097361362e-01
7.089556249999994179e+03 8.669652619990741993e-01
7.092421874999993634e+03 8.667263833647451676e-01
7.095287499999993997e+03 8.664851147344322380e-01
7.098153124999993452e+03 8.662413148578883559e-01
7.101018749999993815e+03 8.659948263942257585e-01
7.103884374999993270e+03 8.657454731515092927e-01
7.106749999999993634e+03 8.654930566792287117e-01
7.109615624999992178e+03 8.652373520169875931e-01
7.112481249999993452e+03 8.649781023277122172e-01
7.115346874999991996e+03 8.647150120334403667e-01
7.118212499999993270e+03 8.644477379065138578e-01
7.121078124999991815e+03 8.641758773149367245e-01
7.123943749999992178e+03 8.638989524198137371e-01
7.126809374999991633e+03 8.636087040907118872e-01
7.129674999999991996e+03 8.633042647747845022e-01
7.132540624999991451e+03 8.629893783801643181e-01
7.135406249999991815e+03 8.626617435328084449e-01
7.138271874999991269e+03 8.623180002628142438e-01
7.141137499999991633e+03 8.619528773395387367e-01
7.144003124999990177e+03 8.615571731281310708e-01
7.146868749999991451e+03 8.611116924947994633e-01
7.149734374999989996e+03 8.605577767217362783e-01
7.151167187499990177e+03 8.601402336047733188e-01
7.151525390624989996e+03 8.599456347092165887e-01
7.151614941406240177e+03 8.597765244486493819e-01
7.151616340637197027e+03 8.597851358643857633e-01
7.151617040252676816e+03 8.597936575107906210e-01
7.151617127704610539e+03 8.597967540955283594e-01
7.151617133170356283e+03 8.597972145508880892e-01
7.151617135903230519e+03 8.597975465623565183e-01
7.151617137269666273e+03 8.597977912322041227e-01
7.151617137952884150e+03 8.597979815698635342e-01
