3.668000000000000000e+03 -1.544562044254453248e+01
3.851400000000000091e+03 -1.485780499148759937e+01
4.034800000000000182e+03 -1.420553571055159559e+01
4.218199999999999818e+03 -1.344098904828810248e+01
4.401599999999999454e+03 -1.255942160645529349e+01
4.585000000000000000e+03 -1.090659725640236921e+01
4.768400000000000546e+03 -8.923978161993527891e+00
4.951800000000000182e+03 -6.732233192179474912e+00
5.135199999999999818e+03 -4.309275092230484105e+00
5.318599999999999454e+03 -1.179999340010761122e+00
5.502000000000000000e+03 2.204955006546319485e+00
5.685399999999999636e+03 5.860675866759618380e+00
5.868800000000000182e+03 9.816682285985733003e+00
6.052199999999999818e+03 1.430121968189069470e+01
6.235600000000000364e+03 1.954415341108105508e+01
6.419000000000000000e+03 2.532055565958075505e+01
6.602400000000000546e+03 3.170953474309435904e+01
6.785800000000000182e+03 3.890046929266031839e+01
6.969200000000001637e+03 4.703157490814399466e+01
6.972065625000000182e+03 4.718235396819866878e+01
6.974931250000000546e+03 4.737343135213843226e+01
6.977796875000000000e+03 4.761872507404702048e+01
6.980662500000000364e+03 4.786525516186198104e+01
6.983528124999999818e+03 4.811304108713776628e+01
6.986393750000000182e+03 4.836210288714491412e+01
6.989259374999999636e+03 4.861246118869593857e+01
6.992125000000000000e+03 4.886413723327405023e+01
6.994990624999999454e+03 4.911715290356774233e+01
6.997856249999999818e+03 4.937153075151348958e+01
7.000721874999998363e+03 4.962729402793512890e+01
7.003587499999999636e+03 4.988446671392307508e+01
7.006453124999998181e+03 5.014307355403400379e+01
7.009318749999999454e+03 5.040314009149889785e+01
7.012184374999997999e+03 5.066469270553540838e+01
7.015049999999998363e+03 5.092775865096577093e+01
7.017915624999997817e+03 5.119236610028078616e+01
7.020781249999998181e+03 5.145854418836918143e+01
7.023646874999997635e+03 5.172632306009811032e+01
7.026512499999997999e+03 5.199573392098118063e+01
7.029378124999997453e+03 5.226680909118268659e+01
7.032243749999997817e+03 5.253958206312930912e+01
7.035109374999996362e+03 5.281408756303558505e+01
7.037974999999997635e+03 5.311808197727879843e+01
7.040840624999996180e+03 5.343065840982508519e+01
7.043706249999997453e+03 5.374594822388915105e+01
7.046571874999995998e+03 5.406402775389344129e+01
7.049437499999996362e+03 5.438497717885516636e+01
7.052303124999995816e+03 5.470888080251194907e+01
7.055168749999996180e+03 5.503582736035280476e+01
7.058034374999995634e+03 5.536591035680837791e+01
7.060899999999995998e+03 5.569922843629817777e+01
7.063765624999995453e+03 5.603588579239423240e+01
7.066631249999995816e+03 5.637599262001579348e+01
7.069496874999994361e+03 5.671966561630655690e+01
7.072362499999995634e+03 5.706702853680953069e+01
7.075228124999994179e+03 5.741821281455580106e+01
7.078093749999995453e+03 5.777335825103524769e+01
7.080959374999993997e+03 5.813261378952901026e+01
7.083824999999994361e+03 5.849613838315338654e+01
7.086690624999993815e+03 5.886410197220326523e+01
7.089556249999994179e+03 5.925052151086999430e+01
7.092421874999993634e+03 5.970444231184536221e+01
7.095287499999993997e+03 6.016738638368799030e+01
7.098153124999993452e+03 6.063995099304665359e+01
7.101018749999993815e+03 6.112280398363528633e+01
7.103884374999993270e+03 6.161669609943747616e+01
7.106749999999993634e+03 6.212247622642320977e+01
7.109615624999992178e+03 6.264111044571368581e+01
7.112481249999993452e+03 6.317370613326859541e+01
7.115346874999991996e+03 6.372154284447915984e+01
7.118212499999993270e+03 6.428611247755779345e+01
7.121078124999991815e+03 6.486917237208164977e+01
7.123943749999992178e+03 6.547281683537865149e+01
7.126809374999991633e+03 6.614416573169255287e+01
7.129674999999991996e+03 6.688579451250983254e+01
7.132540624999991451e+03 6.767375543102876634e+01
7.135406249999991815e+03 6.851883295691708042e+01
7.138271874999991269e+03 6.943684473094873510e+01
7.141137499999991633e+03 7.045272195315716601e+01
7.144003124999990177e+03 7.161019270705057238e+01
7.146868749999991451e+03 7.300092447451291378e+01
7.149734374999989996e+03 7.490653004364079948e+01
7.151167187499990177e+03 7.653432364217641748e+01
7.151525390624989996e+03 7.737700881954032184e+01
7.151614941406240177e+03 7.817080665533336514e+01
7.151616340637197027e+03 7.812871652067789796e+01
7.151617040252676816e+03 7.808725772832698908e+01
7.151617127704610539e+03 7.807223934297326196e+01
7.151617133170356283e+03 7.807000825919023157e+01
7.151617135903230519e+03 7.806839987489854593e+01
7.151617137269666273e+03 7.806721478701062722e+01
7.151617137952884150e+03 7.806629297027654957e+01
