3.668000000000000000e+03 1.942974647270554200e+01
3.851400000000000091e+03 1.791309969526739465e+01
4.034800000000000182e+03 1.637635906054789103e+01
4.218199999999999818e+03 1.481843916287119534e+01
4.401599999999999454e+03 1.324110503005722883e+01
4.585000000000000000e+03 1.163854639681504466e+01
4.768400000000000546e+03 1.000625705340858751e+01
4.951800000000000182e+03 8.343900756306000588e+00
5.135199999999999818e+03 6.610822980132628146e+00
5.318599999999999454e+03 4.803826186509484231e+00
5.502000000000000000e+03 2.942916419237123993e+00
5.685399999999999636e+03 1.023354695961415040e+00
5.868800000000000182e+03 -9.607294120745456523e-01
6.052199999999999818e+03 -3.016753152591186815e+00
6.235600000000000364e+03 -5.206046676361444803e+00
6.419000000000000000e+03 -7.589530717674380256e+00
6.602400000000000546e+03 -1.012745972463583222e+01
6.785800000000000182e+03 -1.284514404394998621e+01
6.969200000000001637e+03 -1.578305051617000920e+01
6.972065625000000182e+03 -1.583152070726196747e+01
6.974931250000000546e+03 -1.589089305778742300e+01
6.977796875000000000e+03 -1.596497790628523461e+01
6.980662500000000364e+03 -1.603944495669929537e+01
6.983528124999999818e+03 -1.611430060611926152e+01
6.986393750000000182e+03 -1.618955143921507656e+01
6.989259374999999636e+03 -1.626520423613783350e+01
6.992125000000000000e+03 -1.634126598085066817e+01
6.994990624999999454e+03 -1.641774386992935675e+01
6.997856249999999818e+03 -1.649464532185492871e+01
7.000721874999998363e+03 -1.657197798684311607e+01
7.003587499999999636e+03 -1.664974975724100759e+01
7.006453124999998181e+03 -1.672796877853438957e+01
7.009318749999999454e+03 -1.680664346101231388e+01
7.012184374999997999e+03 -1.688578249213304261e+01
7.015049999999998363e+03 -1.696539484964917577e+01
7.017915624999997817e+03 -1.704548981554498610e+01
7.020781249999998181e+03 -1.712607699085071289e+01
7.023646874999997635e+03 -1.720716631140424724e+01
7.026512499999997999e+03 -1.728876806463136262e+01
7.029378124999997453e+03 -1.737089290742790482e+01
7.032243749999997817e+03 -1.745355188523706857e+01
7.035109374999996362e+03 -1.753675645241669301e+01
7.037974999999997635e+03 -1.762572055448468689e+01
7.040840624999996180e+03 -1.771656571361441124e+01
7.043706249999997453e+03 -1.780820263386845781e+01
7.046571874999995998e+03 -1.790065436206829830e+01
7.049437499999996362e+03 -1.799394511514129391e+01
7.052303124999995816e+03 -1.808810036559097512e+01
7.055168749999996180e+03 -1.818314693518646408e+01
7.058034374999995634e+03 -1.827911309785901395e+01
7.060899999999995998e+03 -1.837602869294065400e+01
7.063765624999995453e+03 -1.847392525004303465e+01
7.066631249999995816e+03 -1.857283612707951903e+01
7.069496874999994361e+03 -1.867279666315558373e+01
7.072362499999995634e+03 -1.877384434834796423e+01
7.075228124999994179e+03 -1.887601901270250337e+01
7.078093749999995453e+03 -1.897936303718606155e+01
7.080959374999993997e+03 -1.908392158979764375e+01
7.083824999999994361e+03 -1.918974289060793126e+01
7.086690624999993815e+03 -1.929687851018648104e+01
7.089556249999994179e+03 -1.940828864863794934e+01
7.092421874999993634e+03 -1.953437760876057183e+01
7.095287499999993997e+03 -1.966296056823136595e+01
7.098153124999993452e+03 -1.979420562980945419e+01
7.101018749999993815e+03 -1.992830087575246267e+01
7.103884374999993270e+03 -2.006545786511046714e+01
7.106749999999993634e+03 -2.020591596037368376e+01
7.109615624999992178e+03 -2.034994773741746599e+01
7.112481249999993452e+03 -2.049786583005262841e+01
7.115346874999991996e+03 -2.065003170369930174e+01
7.118212499999993270e+03 -2.080686706775334471e+01
7.121078124999991815e+03 -2.096886896708508630e+01
7.123943749999992178e+03 -2.113663011588773344e+01
7.126809374999991633e+03 -2.133726845172241582e+01
7.129674999999991996e+03 -2.156962193678669237e+01
7.132540624999991451e+03 -2.181707939423420939e+01
7.135406249999991815e+03 -2.208317586737125993e+01
7.138271874999991269e+03 -2.237309791259745495e+01
7.141137499999991633e+03 -2.269502296977968214e+01
7.144003124999990177e+03 -2.306329821210658437e+01
7.146868749999991451e+03 -2.350800849724215169e+01
7.149734374999989996e+03 -2.412160447476379588e+01
7.151167187499990177e+03 -2.464997730909330542e+01
7.151525390624989996e+03 -2.492515765405109462e+01
7.151614941406240177e+03 -2.518546093697954191e+01
7.151616340637197027e+03 -2.517163149034074010e+01
7.151617040252676816e+03 -2.515801249430318265e+01
7.151617127704610539e+03 -2.515307976978618143e+01
7.151617133170356283e+03 -2.515234701322634336e+01
7.151617135903230519e+03 -2.515181877569318658e+01
7.151617137269666273e+03 -2.515142956318354805e+01
7.151617137952884150e+03 -2.515112681719097054e+01
