3.668000000000000000e+03 1.506366963166430395e+01
3.851400000000000091e+03 1.348713023382368803e+01
4.034800000000000182e+03 1.189443771706694974e+01
4.218199999999999818e+03 1.028446979882694556e+01
4.401599999999999454e+03 8.656343876208513421e+00
4.585000000000000000e+03 7.006129297662439193e+00
4.768400000000000546e+03 5.332890856255587231e+00
4.951800000000000182e+03 3.636244699526828050e+00
5.135199999999999818e+03 1.906667720957561540e+00
5.318599999999999454e+03 1.154419668246464831e-01
5.502000000000000000e+03 -1.714289008576912465e+00
5.685399999999999636e+03 -3.586031803598187739e+00
5.868800000000000182e+03 -5.526966074328552025e+00
6.052199999999999818e+03 -7.560577866713505735e+00
6.235600000000000364e+03 -9.663667697290865277e+00
6.419000000000000000e+03 -1.185162230597986621e+01
6.602400000000000546e+03 -1.419563979755984384e+01
6.785800000000000182e+03 -1.668656964637626317e+01
6.969200000000001637e+03 -1.934845591533393616e+01
6.972065625000000182e+03 -1.939190523061450833e+01
6.974931250000000546e+03 -1.944425998816809198e+01
6.977796875000000000e+03 -1.950862560034412141e+01
6.980662500000000364e+03 -1.957328966517195568e+01
6.983528124999999818e+03 -1.963825709555297294e+01
6.986393750000000182e+03 -1.970353294679438605e+01
6.989259374999999636e+03 -1.976912242256677743e+01
6.992125000000000000e+03 -1.983503088118481728e+01
6.994990624999999454e+03 -1.990126384224010891e+01
6.997856249999999818e+03 -1.996782699360556634e+01
7.000721874999998363e+03 -2.003472619883848083e+01
7.003587499999999636e+03 -2.010196750501457430e+01
7.006453124999998181e+03 -2.016955715101581958e+01
7.009318749999999454e+03 -2.023750157631420876e+01
7.012184374999997999e+03 -2.030580743028002999e+01
7.015049999999998363e+03 -2.037448158206073856e+01
7.017915624999997817e+03 -2.044353113106737396e+01
7.020781249999998181e+03 -2.051296341812088997e+01
7.023646874999997635e+03 -2.058278603730605383e+01
7.026512499999997999e+03 -2.065300684859010261e+01
7.029378124999997453e+03 -2.072363399126771810e+01
7.032243749999997817e+03 -2.079467589829992846e+01
7.035109374999996362e+03 -2.086614131162145114e+01
7.037974999999997635e+03 -2.094876907916811604e+01
7.040840624999996180e+03 -2.103441009140792772e+01
7.043706249999997453e+03 -2.112077958225618701e+01
7.046571874999995998e+03 -2.120789837744621664e+01
7.049437499999996362e+03 -2.129578834610719085e+01
7.052303124999995816e+03 -2.138447247641178350e+01
7.055168749999996180e+03 -2.147397495846102800e+01
7.058034374999995634e+03 -2.156432127528278286e+01
7.060899999999995998e+03 -2.165553830293472970e+01
7.063765624999995453e+03 -2.174765442085585221e+01
7.066631249999995816e+03 -2.184069963378274437e+01
7.069496874999994361e+03 -2.193470570674738696e+01
7.072362499999995634e+03 -2.202970631492766529e+01
7.075228124999994179e+03 -2.212573721039462527e+01
7.078093749999995453e+03 -2.222283640815684791e+01
7.080959374999993997e+03 -2.232104439430936438e+01
7.083824999999994361e+03 -2.242040435959588152e+01
7.086690624999993815e+03 -2.252096246228564169e+01
7.089556249999994179e+03 -2.262813030179518492e+01
7.092421874999993634e+03 -2.276077960438933800e+01
7.095287499999993997e+03 -2.289612433135004821e+01
7.098153124999993452e+03 -2.303434212368221168e+01
7.101018749999993815e+03 -2.317563148334142298e+01
7.103884374999993270e+03 -2.332021540220762290e+01
7.106749999999993634e+03 -2.346834584851346861e+01
7.109615624999992178e+03 -2.362030937266132469e+01
7.112481249999993452e+03 -2.377643419461299601e+01
7.115346874999991996e+03 -2.393709928246351382e+01
7.118212499999993270e+03 -2.410274615307120882e+01
7.121078124999991815e+03 -2.427389446593740274e+01
7.123943749999992178e+03 -2.445116301901967759e+01
7.126809374999991633e+03 -2.464674258401738527e+01
7.129674999999991996e+03 -2.486164347200405089e+01
7.132540624999991451e+03 -2.509002336452057591e+01
7.135406249999991815e+03 -2.533499739414115481e+01
7.138271874999991269e+03 -2.560112978475542178e+01
7.141137499999991633e+03 -2.589560674309890942e+01
7.144003124999990177e+03 -2.623101835898182088e+01
7.146868749999991451e+03 -2.663372604138112365e+01
7.149734374999989996e+03 -2.718460876513699276e+01
7.151167187499990177e+03 -2.765385959735364096e+01
7.151525390624989996e+03 -2.789611635084599328e+01
7.151614941406240177e+03 -2.812379678465837785e+01
7.151616340637197027e+03 -2.811173843502587388e+01
7.151617040252676816e+03 -2.809985933975080385e+01
7.151617127704610539e+03 -2.809555576159242918e+01
7.151617133170356283e+03 -2.809491641784963889e+01
7.151617135903230519e+03 -2.809445551324178325e+01
7.151617137269666273e+03 -2.809411590850307761e+01
7.151617137952884150e+03 -2.809385174717259659e+01
