3.668000000000000000e+03 3.999999999999996003e+00
3.851400000000000091e+03 4.146720000000029493e+00
4.034800000000000182e+03 4.293440000000018131e+00
4.218199999999999818e+03 4.440159999999996110e+00
4.401599999999999454e+03 4.586879999999996294e+00
4.585000000000000000e+03 4.733600000000008023e+00
4.768400000000000546e+03 4.880320000000008207e+00
4.951800000000000182e+03 5.027039999999996844e+00
5.135199999999999818e+03 5.173759999999986370e+00
5.318599999999999454e+03 5.320479999999986553e+00
5.502000000000000000e+03 5.467199999999986737e+00
5.685399999999999636e+03 5.613919999999998467e+00
5.868800000000000182e+03 5.760640000000020855e+00
6.052199999999999818e+03 5.907359999999988176e+00
6.235600000000000364e+03 6.054079999999999018e+00
6.419000000000000000e+03 6.200799999999988543e+00
6.602400000000000546e+03 6.347520000000010931e+00
6.785800000000000182e+03 6.494239999999988910e+00
6.969200000000001637e+03 6.640959999999977548e+00
6.972065625000000182e+03 6.643252499999999117e+00
6.974931250000000546e+03 6.645544999999987823e+00
6.977796875000000000e+03 6.647837499999987187e+00
6.980662500000000364e+03 6.650129999999987440e+00
6.983528124999999818e+03 6.652422499999986805e+00
6.986393750000000182e+03 6.654714999999996827e+00
6.989259374999999636e+03 6.657007499999996192e+00
6.992125000000000000e+03 6.659299999999995556e+00
6.994990624999999454e+03 6.661592499999994921e+00
6.997856249999999818e+03 6.663884999999994285e+00
7.000721874999998363e+03 6.666177499999995426e+00
7.003587499999999636e+03 6.668470000000005449e+00
7.006453124999998181e+03 6.670762500000004813e+00
7.009318749999999454e+03 6.673054999999992631e+00
7.012184374999997999e+03 6.675347500000003542e+00
7.015049999999998363e+03 6.677639999999969156e+00
7.017915624999997817e+03 6.679932499999980067e+00
7.020781249999998181e+03 6.682224999999990089e+00
7.023646874999997635e+03 6.684517499999991230e+00
7.026512499999997999e+03 6.686809999999979048e+00
7.029378124999997453e+03 6.689102499999989959e+00
7.032243749999997817e+03 6.691394999999989324e+00
7.035109374999996362e+03 6.693687499999977142e+00
7.037974999999997635e+03 6.695979999999976506e+00
7.040840624999996180e+03 6.698272499999998075e+00
7.043706249999997453e+03 6.700564999999997440e+00
7.046571874999995998e+03 6.702857499999985258e+00
7.049437499999996362e+03 6.705149999999986399e+00
7.052303124999995816e+03 6.707442499999985763e+00
7.055168749999996180e+03 6.709734999999973581e+00
7.058034374999995634e+03 6.712027499999995150e+00
7.060899999999995998e+03 6.714319999999982969e+00
7.063765624999995453e+03 6.716612499999982333e+00
7.066631249999995816e+03 6.718904999999993244e+00
7.069496874999994361e+03 6.721197499999993497e+00
7.072362499999995634e+03 6.723490000000004407e+00
7.075228124999994179e+03 6.725782499999981567e+00
7.078093749999995453e+03 6.728075000000003136e+00
7.080959374999993997e+03 6.730367499999980296e+00
7.083824999999994361e+03 6.732659999999990319e+00
7.086690624999993815e+03 6.734952499999989683e+00
7.089556249999994179e+03 6.737244999999989048e+00
7.092421874999993634e+03 6.739537499999976866e+00
7.095287499999993997e+03 6.741829999999978007e+00
7.098153124999993452e+03 6.744122499999988030e+00
7.101018749999993815e+03 6.746414999999976736e+00
7.103884374999993270e+03 6.748707499999998305e+00
7.106749999999993634e+03 6.750999999999986123e+00
7.109615624999992178e+03 6.753292499999997034e+00
7.112481249999993452e+03 6.755584999999984852e+00
7.115346874999991996e+03 6.757877499999996651e+00
7.118212499999993270e+03 6.760169999999984469e+00
7.121078124999991815e+03 6.762462499999983834e+00
7.123943749999992178e+03 6.764754999999983198e+00
7.126809374999991633e+03 6.767047499999994109e+00
7.129674999999991996e+03 6.769340000000004132e+00
7.132540624999991451e+03 6.771632499999981292e+00
7.135406249999991815e+03 6.773924999999980656e+00
7.138271874999991269e+03 6.776217499999992455e+00
7.141137499999991633e+03 6.778509999999991820e+00
7.144003124999990177e+03 6.780802499999979638e+00
7.146868749999991451e+03 6.783094999999979002e+00
7.149734374999989996e+03 6.785387499999989913e+00
7.151167187499990177e+03 6.786533749999977161e+00
7.151525390624989996e+03 6.786820312499980190e+00
7.151614941406240177e+03 6.786891953124990273e+00
7.151616340637197027e+03 6.786893072509750269e+00
7.151617040252676816e+03 6.786893632202131599e+00
7.151617127704610539e+03 6.786893702163688147e+00
7.151617133170356283e+03 6.786893706536282878e+00
7.151617135903230519e+03 6.786893708722592677e+00
7.151617137269666273e+03 6.786893709815728926e+00
7.151617137952884150e+03 6.786893710362298826e+00
