3.668000000000000000e+03 9.687380030015553256e-01
3.851400000000000091e+03 9.683230793865297281e-01
4.034800000000000182e+03 9.678900903071854245e-01
4.218199999999999818e+03 9.674386557321836833e-01
4.401599999999999454e+03 9.669683592568457664e-01
4.585000000000000000e+03 9.664787694260303930e-01
4.768400000000000546e+03 9.659691267642890322e-01
4.951800000000000182e+03 9.654386071478834319e-01
5.135199999999999818e+03 9.648802990180836980e-01
5.318599999999999454e+03 9.642854680019378177e-01
5.502000000000000000e+03 9.636634346675136964e-01
5.685399999999999636e+03 9.630126625499465520e-01
5.868800000000000182e+03 9.615936752557497913e-01
6.052199999999999818e+03 9.590125248573161398e-01
6.235600000000000364e+03 9.562734395941506760e-01
6.419000000000000000e+03 9.533404066969174417e-01
6.602400000000000546e+03 9.501464503461601874e-01
6.785800000000000182e+03 9.466810528776212763e-01
6.969200000000001637e+03 9.429228872179318266e-01
6.972065625000000182e+03 9.428612301623339187e-01
6.974931250000000546e+03 9.427918012960077032e-01
6.977796875000000000e+03 9.427119117279199045e-01
6.980662500000000364e+03 9.426317273275121034e-01
6.983528124999999818e+03 9.425512437969743029e-01
6.986393750000000182e+03 9.424704567183698201e-01
6.989259374999999636e+03 9.423893615486825803e-01
6.992125000000000000e+03 9.423079536146050650e-01
6.994990624999999454e+03 9.422262281070280521e-01
6.997856249999999818e+03 9.421441800752319295e-01
7.000721874999998363e+03 9.420618044207451636e-01
7.003587499999999636e+03 9.419790958908487166e-01
7.006453124999998181e+03 9.418960490717069867e-01
7.009318749999999454e+03 9.418126583810917385e-01
7.012184374999997999e+03 9.417289180606738253e-01
7.015049999999998363e+03 9.416448221678433983e-01
7.017915624999997817e+03 9.415603645670344024e-01
7.020781249999998181e+03 9.414755389205048397e-01
7.023646874999997635e+03 9.413903386785337224e-01
7.026512499999997999e+03 9.413047570689934140e-01
7.029378124999997453e+03 9.412187870862415151e-01
7.032243749999997817e+03 9.411324214792754494e-01
7.035109374999996362e+03 9.410456527390995696e-01
7.037974999999997635e+03 9.409248059392938401e-01
7.040840624999996180e+03 9.407957545591468795e-01
7.043706249999997453e+03 9.406657316638974420e-01
7.046571874999995998e+03 9.405347110770712060e-01
7.049437499999996362e+03 9.404026653357606680e-01
7.052303124999995816e+03 9.402695655981806455e-01
7.055168749999996180e+03 9.401353815424073890e-01
7.058034374999995634e+03 9.400000812552666840e-01
7.060899999999995998e+03 9.398636311101443708e-01
7.063765624999995453e+03 9.397259956323530394e-01
7.066631249999995816e+03 9.395871373504421920e-01
7.069496874999994361e+03 9.394470166316312154e-01
7.072362499999995634e+03 9.393055914992060051e-01
7.075228124999994179e+03 9.391628174294125442e-01
7.078093749999995453e+03 9.390186471249432065e-01
7.080959374999993997e+03 9.388730302616067336e-01
7.083824999999994361e+03 9.387259132041956278e-01
7.086690624999993815e+03 9.385772386868167505e-01
7.089556249999994179e+03 9.383894662162520772e-01
7.092421874999993634e+03 9.380335556195698032e-01
7.095287499999993997e+03 9.376711654015136288e-01
7.098153124999993452e+03 9.373018804661215064e-01
7.101018749999993815e+03 9.369252374218288715e-01
7.103884374999993270e+03 9.365407162163001953e-01
7.106749999999993634e+03 9.361477297995858260e-01
7.109615624999992178e+03 9.357456112142186200e-01
7.112481249999993452e+03 9.353335972810197241e-01
7.115346874999991996e+03 9.349108077112516790e-01
7.118212499999993270e+03 9.344762179687319259e-01
7.121078124999991815e+03 9.340286234254798758e-01
7.123943749999992178e+03 9.335665911231925129e-01
7.126809374999991633e+03 9.330613267132491506e-01
7.129674999999991996e+03 9.325106741586427495e-01
7.132540624999991451e+03 9.319286374106837689e-01
7.135406249999991815e+03 9.313080564953790663e-01
7.138271874999991269e+03 9.306384518920920446e-01
7.141137499999991633e+03 9.299033415996943441e-01
7.144003124999990177e+03 9.290738807041835079e-01
7.146868749999991451e+03 9.280897398698886303e-01
7.149734374999989996e+03 9.267660423052095364e-01
7.151167187499990177e+03 9.256611756575778838e-01
7.151525390624989996e+03 9.250997374908999094e-01
7.151614941406240177e+03 9.245780726110984782e-01
7.151616340637197027e+03 9.246055496683426300e-01
7.151617040252676816e+03 9.246326350878071310e-01
7.151617127704610539e+03 9.246424517487566996e-01
7.151617133170356283e+03 9.246439103076853350e-01
7.151617135903230519e+03 9.246449618165782924e-01
7.151617137269666273e+03 9.246457366076705764e-01
7.151617137952884150e+03 9.246463392878223608e-01
