3.668000000000000000e+03 1.146016195944457650e+01
3.851400000000000091e+03 9.565313864760666362e+00
4.034800000000000182e+03 7.645903548489640045e+00
4.218199999999999818e+03 5.699872760247260750e+00
4.401599999999999454e+03 3.725510865662045923e+00
4.585000000000000000e+03 1.717300762377333090e+00
4.768400000000000546e+03 -3.265766494041324464e-01
4.951800000000000182e+03 -2.409831017508170525e+00
5.135199999999999818e+03 -4.552668080085907398e+00
5.318599999999999454e+03 -6.788278173992122078e+00
5.502000000000000000e+03 -9.088791592103154571e+00
5.685399999999999636e+03 -1.146083135084316140e+01
5.868800000000000182e+03 -1.392902808366445910e+01
6.052199999999999818e+03 -1.652218471247372733e+01
6.235600000000000364e+03 -1.923343378578826801e+01
6.419000000000000000e+03 -2.209177887324418421e+01
6.602400000000000546e+03 -2.523076588468971337e+01
6.785800000000000182e+03 -2.865340034063929764e+01
6.969200000000001637e+03 -3.240031113934638540e+01
6.972065625000000182e+03 -3.246244690711553460e+01
6.974931250000000546e+03 -3.253538087345656749e+01
6.977796875000000000e+03 -3.262287871684836915e+01
6.980662500000000364e+03 -3.271079934183276805e+01
6.983528124999999818e+03 -3.279914949655954359e+01
6.986393750000000182e+03 -3.288793612183491888e+01
6.989259374999999636e+03 -3.297716635912590988e+01
6.992125000000000000e+03 -3.306684755899626538e+01
6.994990624999999454e+03 -3.315698729001547207e+01
6.997856249999999818e+03 -3.324759334816243950e+01
7.000721874999998363e+03 -3.333867376676496974e+01
7.003587499999999636e+03 -3.343023682701540622e+01
7.006453124999998181e+03 -3.352229106909229728e+01
7.009318749999999454e+03 -3.361484530394677961e+01
7.012184374999997999e+03 -3.370790862578960656e+01
7.015049999999998363e+03 -3.380149042534200277e+01
7.017915624999997817e+03 -3.389560040389804385e+01
7.020781249999998181e+03 -3.399024858827039708e+01
7.023646874999997635e+03 -3.408544534668076409e+01
7.026512499999997999e+03 -3.418120140567378229e+01
7.029378124999997453e+03 -3.427752786813418595e+01
7.032243749999997817e+03 -3.437443623249931335e+01
7.035109374999996362e+03 -3.447193841326530617e+01
7.037974999999997635e+03 -3.458371898932771416e+01
7.040840624999996180e+03 -3.469941632079651583e+01
7.043706249999997453e+03 -3.481612289709219255e+01
7.046571874999995998e+03 -3.493386710199209233e+01
7.049437499999996362e+03 -3.505267873064174466e+01
7.052303124999995816e+03 -3.517258909150897495e+01
7.055168749999996180e+03 -3.529363111807214892e+01
7.058034374999995634e+03 -3.541583949142137300e+01
7.060899999999995998e+03 -3.553925077510069030e+01
7.063765624999995453e+03 -3.566390356373079129e+01
7.066631249999995816e+03 -3.578983864717805830e+01
7.069496874999994361e+03 -3.591709919230686410e+01
7.072362499999995634e+03 -3.604573094469441230e+01
7.075228124999994179e+03 -3.617578245305033136e+01
7.078093749999995453e+03 -3.630730531956494644e+01
7.080959374999993997e+03 -3.644035447995297972e+01
7.083824999999994361e+03 -3.657498851763525494e+01
7.086690624999993815e+03 -3.671127001729155381e+01
7.089556249999994179e+03 -3.685601043729660375e+01
7.092421874999993634e+03 -3.703298440638995714e+01
7.095287499999993997e+03 -3.721356494666210324e+01
7.098153124999993452e+03 -3.739798890948796384e+01
7.101018749999993815e+03 -3.758652091258347383e+01
7.103884374999993270e+03 -3.777945816585885552e+01
7.106749999999993634e+03 -3.797713643691545826e+01
7.109615624999992178e+03 -3.817993750419164911e+01
7.112481249999993452e+03 -3.838829857893995978e+01
7.115346874999991996e+03 -3.860272437302213433e+01
7.118212499999993270e+03 -3.882380278338175827e+01
7.121078124999991815e+03 -3.905222561602374753e+01
7.123943749999992178e+03 -3.928881648610590105e+01
7.126809374999991633e+03 -3.954936638217279921e+01
7.129674999999991996e+03 -3.983526717247487170e+01
7.132540624999991451e+03 -4.013904436162330569e+01
7.135406249999991815e+03 -4.046482003464681299e+01
7.138271874999991269e+03 -4.081863236326163502e+01
7.141137499999991633e+03 -4.120998595996487524e+01
7.144003124999990177e+03 -4.165552864353617935e+01
7.146868749999991451e+03 -4.219010917019584639e+01
7.149734374999989996e+03 -4.292061716081111911e+01
7.151167187499990177e+03 -4.354200363711763089e+01
7.151525390624989996e+03 -4.386242385145465761e+01
7.151614941406240177e+03 -4.416329487378361307e+01
7.151616340637197027e+03 -4.414736724015808988e+01
7.151617040252676816e+03 -4.413167558923164080e+01
7.151617127704610539e+03 -4.412599059928000145e+01
7.151617133170356283e+03 -4.412514602293247634e+01
7.151617135903230519e+03 -4.412453716419312855e+01
7.151617137269666273e+03 -4.412408854281844839e+01
7.151617137952884150e+03 -4.412373958252663186e+01
