3.668000000000000000e+03 -1.839999999999997158e+02
3.851400000000000091e+03 -1.908224799999996151e+02
4.034800000000000182e+03 -1.976449599999988322e+02
4.218199999999999818e+03 -2.044674399999994421e+02
4.401599999999999454e+03 -2.112899200000011319e+02
4.585000000000000000e+03 -2.181124000000003207e+02
4.768400000000000546e+03 -2.249348800000005610e+02
4.951800000000000182e+03 -2.317573600000001193e+02
5.135199999999999818e+03 -2.385798400000004165e+02
5.318599999999999454e+03 -2.454023200000003158e+02
5.502000000000000000e+03 -2.522247999999991350e+02
5.685399999999999636e+03 -2.590472800000001143e+02
5.868800000000000182e+03 -2.658697599999996442e+02
6.052199999999999818e+03 -2.726922399999991740e+02
6.235600000000000364e+03 -2.795147199999994996e+02
6.419000000000000000e+03 -2.863372000000004505e+02
6.602400000000000546e+03 -2.931596800000003213e+02
6.785800000000000182e+03 -2.999821599999995101e+02
6.969200000000001637e+03 -3.068046400000009157e+02
6.972065625000000182e+03 -3.069112412500003302e+02
6.974931250000000546e+03 -3.070178425000005973e+02
6.977796875000000000e+03 -3.071244437499989886e+02
6.980662500000000364e+03 -3.072310450000006199e+02
6.983528124999999818e+03 -3.073376462500000912e+02
6.986393750000000182e+03 -3.074442474999999604e+02
6.989259374999999636e+03 -3.075508487499994885e+02
6.992125000000000000e+03 -3.076574500000003809e+02
6.994990624999999454e+03 -3.077640512500001932e+02
6.997856249999999818e+03 -3.078706525000000624e+02
7.000721874999998363e+03 -3.079772537499999316e+02
7.003587499999999636e+03 -3.080838549999994029e+02
7.006453124999998181e+03 -3.081904562500006932e+02
7.009318749999999454e+03 -3.082970575000001645e+02
7.012184374999997999e+03 -3.084036587499999769e+02
7.015049999999998363e+03 -3.085102600000009261e+02
7.017915624999997817e+03 -3.086168612499993742e+02
7.020781249999998181e+03 -3.087234624999995845e+02
7.023646874999997635e+03 -3.088300637499997379e+02
7.026512499999997999e+03 -3.089366649999999481e+02
7.029378124999997453e+03 -3.090432662500001584e+02
7.032243749999997817e+03 -3.091498675000000276e+02
7.035109374999996362e+03 -3.092564687499998399e+02
7.037974999999997635e+03 -3.093630699999997091e+02
7.040840624999996180e+03 -3.094696712499995783e+02
7.043706249999997453e+03 -3.095762724999994475e+02
7.046571874999995998e+03 -3.096828737499996009e+02
7.049437499999996362e+03 -3.097894749999998112e+02
7.052303124999995816e+03 -3.098960762500000214e+02
7.055168749999996180e+03 -3.100026774999998906e+02
7.058034374999995634e+03 -3.101092787500004420e+02
7.060899999999995998e+03 -3.102158799999999133e+02
7.063765624999995453e+03 -3.103224812499997824e+02
7.066631249999995816e+03 -3.104290824999999359e+02
7.069496874999994361e+03 -3.105356837499994640e+02
7.072362499999995634e+03 -3.106422850000000153e+02
7.075228124999994179e+03 -3.107488862499998845e+02
7.078093749999995453e+03 -3.108554875000000948e+02
7.080959374999993997e+03 -3.109620887500003050e+02
7.083824999999994361e+03 -3.110686900000005153e+02
7.086690624999993815e+03 -3.111752912499996455e+02
7.089556249999994179e+03 -3.112818924999997989e+02
7.092421874999993634e+03 -3.113884937500004071e+02
7.095287499999993997e+03 -3.114950949999998784e+02
7.098153124999993452e+03 -3.116016962500000886e+02
7.101018749999993815e+03 -3.117082975000002989e+02
7.103884374999993270e+03 -3.118148987500001681e+02
7.106749999999993634e+03 -3.119215000000003783e+02
7.109615624999992178e+03 -3.120281012500009297e+02
7.112481249999993452e+03 -3.121347024999996620e+02
7.115346874999991996e+03 -3.122413037499998723e+02
7.118212499999993270e+03 -3.123479050000004804e+02
7.121078124999991815e+03 -3.124545062499992127e+02
7.123943749999992178e+03 -3.125611075000005030e+02
7.126809374999991633e+03 -3.126677087500000312e+02
7.129674999999991996e+03 -3.127743099999991614e+02
7.132540624999991451e+03 -3.128809112500003948e+02
7.135406249999991815e+03 -3.129875125000009461e+02
7.138271874999991269e+03 -3.130941137500001332e+02
7.141137499999991633e+03 -3.132007149999999456e+02
7.144003124999990177e+03 -3.133073162500001558e+02
7.146868749999991451e+03 -3.134139175000003661e+02
7.149734374999989996e+03 -3.135205187500009174e+02
7.151167187499990177e+03 -3.135738193749998004e+02
7.151525390624989996e+03 -3.135871445312499759e+02
7.151614941406240177e+03 -3.135904758203129177e+02
7.151616340637197027e+03 -3.135905278717049782e+02
7.151617040252676816e+03 -3.135905538973999569e+02
7.151617127704610539e+03 -3.135905571506117440e+02
7.151617133170356283e+03 -3.135905573539372426e+02
7.151617135903230519e+03 -3.135905574556008446e+02
7.151617137269666273e+03 -3.135905575064312529e+02
7.151617137952884150e+03 -3.135905575318473666e+02
