3.668000000000000000e+03 1.020633416826513207e+00
3.851400000000000091e+03 1.020246004431765829e+00
4.034800000000000182e+03 1.019857106221701226e+00
4.218199999999999818e+03 1.019466672038203070e+00
4.401599999999999454e+03 1.019074645936226764e+00
4.585000000000000000e+03 1.018680968620414573e+00
4.768400000000000546e+03 1.018285557604690084e+00
4.951800000000000182e+03 1.017888317832591039e+00
5.135199999999999818e+03 1.016737624783893734e+00
5.318599999999999454e+03 1.014085650243618852e+00
5.502000000000000000e+03 1.011284462205505941e+00
5.685399999999999636e+03 1.008321813321750415e+00
5.868800000000000182e+03 1.005150784647816042e+00
6.052199999999999818e+03 1.001723676720444711e+00
6.235600000000000364e+03 9.980555938626604062e-01
6.419000000000000000e+03 9.937633504015322972e-01
6.602400000000000546e+03 9.849710449366763099e-01
6.785800000000000182e+03 9.751992920257781527e-01
6.969200000000001637e+03 9.643066915065378053e-01
6.972065625000000182e+03 9.641250414925645051e-01
6.974931250000000546e+03 9.639017478225676561e-01
6.977796875000000000e+03 9.636224250843697936e-01
6.980662500000000364e+03 9.633417451597101611e-01
6.983528124999999818e+03 9.630596873086955112e-01
6.986393750000000182e+03 9.627762302061780852e-01
6.989259374999999636e+03 9.624913519175594123e-01
6.992125000000000000e+03 9.622050298732829354e-01
6.994990624999999454e+03 9.619172408419057740e-01
6.997856249999999818e+03 9.616279609016675778e-01
7.000721874999998363e+03 9.613371654104575503e-01
7.003587499999999636e+03 9.610448289740335381e-01
7.006453124999998181e+03 9.607509254124181330e-01
7.009318749999999454e+03 9.604554277242881577e-01
7.012184374999997999e+03 9.601583080492512856e-01
7.015049999999998363e+03 9.598595376278235003e-01
7.017915624999997817e+03 9.595590867589554041e-01
7.020781249999998181e+03 9.592569247548975442e-01
7.023646874999997635e+03 9.589530198932189053e-01
7.026512499999997999e+03 9.586473393657390929e-01
7.029378124999997453e+03 9.583398492241362865e-01
7.032243749999997817e+03 9.580305143219522979e-01
7.035109374999996362e+03 9.577192982527014120e-01
7.037974999999997635e+03 9.572558835600547544e-01
7.040840624999996180e+03 9.567557908776693765e-01
7.043706249999997453e+03 9.562513060972677170e-01
7.046571874999995998e+03 9.557423087115749505e-01
7.049437499999996362e+03 9.552286722629264037e-01
7.052303124999995816e+03 9.547102639147173608e-01
7.055168749999996180e+03 9.541869439820005461e-01
7.058034374999995634e+03 9.536585654162910153e-01
7.060899999999995998e+03 9.531249732390061347e-01
7.063765624999995453e+03 9.525860039170938043e-01
7.066631249999995816e+03 9.520414846734431835e-01
7.069496874999994361e+03 9.514912327235379719e-01
7.072362499999995634e+03 9.509350544283896589e-01
7.075228124999994179e+03 9.503727443522460572e-01
7.078093749999995453e+03 9.498040842115810234e-01
7.080959374999993997e+03 9.492288416995657840e-01
7.083824999999994361e+03 9.486467691674236313e-01
7.086690624999993815e+03 9.480576021407373100e-01
7.089556249999994179e+03 9.473777267773919597e-01
7.092421874999993634e+03 9.463187506195336329e-01
7.095287499999993997e+03 9.452388604818388051e-01
7.098153124999993452e+03 9.441367043192102626e-01
7.101018749999993815e+03 9.430107723641356632e-01
7.103884374999993270e+03 9.418593697757555727e-01
7.106749999999993634e+03 9.406805828380241374e-01
7.109615624999992178e+03 9.394722367386045825e-01
7.112481249999993452e+03 9.382318422074251707e-01
7.115346874999991996e+03 9.369565271869454426e-01
7.118212499999993270e+03 9.356429480455616954e-01
7.121078124999991815e+03 9.342871722914543042e-01
7.123943749999992178e+03 9.328845207114956350e-01
7.126809374999991633e+03 9.313420636942058017e-01
7.129674999999991996e+03 9.296525271789157774e-01
7.132540624999991451e+03 9.278607989400388112e-01
7.135406249999991815e+03 9.259434752847582883e-01
7.138271874999991269e+03 9.238662920793527800e-01
7.141137499999991633e+03 9.215753436438799406e-01
7.144003124999990177e+03 9.189762626952399094e-01
7.146868749999991451e+03 9.158716201359909936e-01
7.149734374999989996e+03 9.116562085090816892e-01
7.151167187499990177e+03 9.080982654896313511e-01
7.151525390624989996e+03 9.062747492524154680e-01
7.151614941406240177e+03 9.045700206223105111e-01
7.151616340637197027e+03 9.046600751762081671e-01
7.151617040252676816e+03 9.047488167944544024e-01
7.151617127704610539e+03 9.047809725485878030e-01
7.151617133170356283e+03 9.047857499237342838e-01
7.151617135903230519e+03 9.047891939919383564e-01
7.151617137269666273e+03 9.047917316822999823e-01
7.151617137952884150e+03 9.047937056375139342e-01
