3.668000000000000000e+03 4.847965280707828839e-01
3.851400000000000091e+03 5.254084276907646789e+00
4.034800000000000182e+03 8.999999999999477751e+00
4.218199999999999818e+03 9.000000000000110134e+00
4.401599999999999454e+03 9.000000000001030287e+00
4.585000000000000000e+03 9.000000000000925482e+00
4.768400000000000546e+03 9.000000000000964562e+00
4.951800000000000182e+03 9.000000000000781597e+00
5.135199999999999818e+03 8.999999999999426237e+00
5.318599999999999454e+03 9.000000000000602185e+00
5.502000000000000000e+03 9.000000000000301981e+00
5.685399999999999636e+03 8.999999999997692512e+00
5.868800000000000182e+03 8.999999999998333777e+00
6.052199999999999818e+03 8.999999999999641176e+00
6.235600000000000364e+03 8.999999999999610978e+00
6.419000000000000000e+03 9.000000000000159872e+00
6.602400000000000546e+03 8.999999999999513278e+00
6.785800000000000182e+03 9.000000000000857980e+00
6.969200000000001637e+03 8.999999999999108269e+00
6.972065625000000182e+03 9.000000000000657252e+00
6.974931250000000546e+03 9.000000000000031974e+00
6.977796875000000000e+03 9.000000000000508038e+00
6.980662500000000364e+03 8.999999999998985700e+00
6.983528124999999818e+03 8.999999999998246736e+00
6.986393750000000182e+03 9.000000000000600409e+00
6.989259374999999636e+03 8.999999999999323208e+00
6.992125000000000000e+03 8.999999999999962697e+00
6.994990624999999454e+03 9.000000000000126121e+00
6.997856249999999818e+03 8.999999999998102851e+00
7.000721874999998363e+03 8.999999999998804512e+00
7.003587499999999636e+03 9.000000000000365930e+00
7.006453124999998181e+03 9.000000000000969891e+00
7.009318749999999454e+03 8.999999999999555911e+00
7.012184374999997999e+03 8.999999999999348077e+00
7.015049999999998363e+03 9.000000000000639488e+00
7.017915624999997817e+03 9.000000000000243361e+00
7.020781249999998181e+03 8.999999999998561151e+00
7.023646874999997635e+03 9.000000000001094236e+00
7.026512499999997999e+03 9.000000000001957545e+00
7.029378124999997453e+03 9.000000000000580869e+00
7.032243749999997817e+03 9.000000000000868638e+00
7.035109374999996362e+03 9.000000000000158096e+00
7.037974999999997635e+03 9.000000000000797584e+00
7.040840624999996180e+03 8.999999999999419131e+00
7.043706249999997453e+03 8.999999999998978595e+00
7.046571874999995998e+03 9.000000000000111910e+00
7.049437499999996362e+03 8.999999999999197087e+00
7.052303124999995816e+03 8.999999999999346301e+00
7.055168749999996180e+03 8.999999999999296563e+00
7.058034374999995634e+03 8.999999999999795719e+00
7.060899999999995998e+03 8.999999999999356959e+00
7.063765624999995453e+03 9.000000000000081712e+00
7.066631249999995816e+03 8.999999999998872013e+00
7.069496874999994361e+03 9.000000000001017852e+00
7.072362499999995634e+03 8.999999999999975131e+00
7.075228124999994179e+03 8.999999999999843681e+00
7.078093749999995453e+03 9.000000000000476064e+00
7.080959374999993997e+03 9.000000000000468958e+00
7.083824999999994361e+03 8.999999999999280575e+00
7.086690624999993815e+03 8.999999999998930633e+00
7.089556249999994179e+03 9.000000000000728306e+00
7.092421874999993634e+03 8.999999999998522071e+00
7.095287499999993997e+03 9.000000000000374811e+00
7.098153124999993452e+03 9.000000000000873968e+00
7.101018749999993815e+03 9.000000000000049738e+00
7.103884374999993270e+03 9.000000000000511591e+00
7.106749999999993634e+03 8.999999999998955502e+00
7.109615624999992178e+03 8.999999999999744205e+00
7.112481249999993452e+03 9.000000000000081712e+00
7.115346874999991996e+03 9.000000000000460076e+00
7.118212499999993270e+03 9.000000000001026734e+00
7.121078124999991815e+03 9.000000000000737188e+00
7.123943749999992178e+03 9.000000000001385558e+00
7.126809374999991633e+03 8.999999999998520295e+00
7.129674999999991996e+03 9.000000000000623501e+00
7.132540624999991451e+03 8.999999999999239719e+00
7.135406249999991815e+03 8.999999999999143796e+00
7.138271874999991269e+03 9.000000000000827782e+00
7.141137499999991633e+03 9.000000000000486722e+00
7.144003124999990177e+03 8.999999999998969713e+00
7.146868749999991451e+03 8.999999999999674927e+00
7.149734374999989996e+03 8.999999999999650058e+00
7.151167187499990177e+03 9.000000000000071054e+00
7.151525390624989996e+03 8.999999999999340972e+00
7.151614941406240177e+03 8.999999999999527489e+00
7.151616340637197027e+03 9.000000000000348166e+00
7.151617040252676816e+03 8.999999999999271694e+00
7.151617127704610539e+03 8.999999999998960831e+00
7.151617133170356283e+03 8.999999999999250377e+00
7.151617135903230519e+03 8.999999999998530953e+00
7.151617137269666273e+03 9.000000000000758504e+00
7.151617137952884150e+03 9.000000000000481393e+00
