3.668000000000000000e+03 9.873739084633526009e-01
3.851400000000000091e+03 9.864446599270342286e-01
4.034800000000000182e+03 9.853642190881082286e-01
4.218199999999999818e+03 9.837658266268226592e-01
4.401599999999999454e+03 9.821510652820201193e-01
4.585000000000000000e+03 9.805197835370350612e-01
4.768400000000000546e+03 9.787738946831067155e-01
4.951800000000000182e+03 9.769192797114393256e-01
5.135199999999999818e+03 9.740884307412984722e-01
5.318599999999999454e+03 9.707906165665545206e-01
5.502000000000000000e+03 9.674100474847328046e-01
5.685399999999999636e+03 9.639410511644604940e-01
5.868800000000000182e+03 9.603769946831441917e-01
6.052199999999999818e+03 9.567101482346183072e-01
6.235600000000000364e+03 9.523395622584329701e-01
6.419000000000000000e+03 9.468832944602327828e-01
6.602400000000000546e+03 9.411305897663370112e-01
6.785800000000000182e+03 9.350303605961924891e-01
6.969200000000001637e+03 9.285001585071049890e-01
6.972065625000000182e+03 9.283921955544288673e-01
6.974931250000000546e+03 9.282587502263583978e-01
6.977796875000000000e+03 9.280909778034052149e-01
6.980662500000000364e+03 9.279224408983431927e-01
6.983528124999999818e+03 9.277531267646631497e-01
6.986393750000000182e+03 9.275830222802267100e-01
6.989259374999999636e+03 9.274121139313937778e-01
6.992125000000000000e+03 9.272403877962756003e-01
6.994990624999999454e+03 9.270678295270498026e-01
6.997856249999999818e+03 9.268944243312791098e-01
7.000721874999998363e+03 9.267201569521467119e-01
7.003587499999999636e+03 9.265450116475560938e-01
7.006453124999998181e+03 9.263689721679891909e-01
7.009318749999999454e+03 9.261920217330527061e-01
7.012184374999997999e+03 9.260141430066000101e-01
7.015049999999998363e+03 9.258353180703261520e-01
7.017915624999997817e+03 9.256555283957291769e-01
7.020781249999998181e+03 9.254747548142940872e-01
7.023646874999997635e+03 9.252929774857778789e-01
7.026512499999997999e+03 9.251101758644280082e-01
7.029378124999997453e+03 9.249263286629897385e-01
7.032243749999997817e+03 9.247414138142918683e-01
7.035109374999996362e+03 9.245554084302368691e-01
7.037974999999997635e+03 9.243560108526072128e-01
7.040840624999996180e+03 9.241524327042830445e-01
7.043706249999997453e+03 9.239472575364432450e-01
7.046571874999995998e+03 9.237404388796692789e-01
7.049437499999996362e+03 9.235319278978141311e-01
7.052303124999995816e+03 9.233216732147730976e-01
7.055168749999996180e+03 9.231096207245759189e-01
7.058034374999995634e+03 9.228957133827895287e-01
7.060899999999995998e+03 9.226798909769240442e-01
7.063765624999995453e+03 9.224620898732180940e-01
7.066631249999995816e+03 9.222422427367258368e-01
7.069496874999994361e+03 9.220202782212228998e-01
7.072362499999995634e+03 9.217961206248120876e-01
7.075228124999994179e+03 9.215696895064944272e-01
7.078093749999995453e+03 9.213408992581529899e-01
7.080959374999993997e+03 9.211096586254229335e-01
7.083824999999994361e+03 9.208758701697947746e-01
7.086690624999993815e+03 9.206394296628759299e-01
7.089556249999994179e+03 9.203939313558896496e-01
7.092421874999993634e+03 9.201169083744139554e-01
7.095287499999993997e+03 9.198348248997840759e-01
7.098153124999993452e+03 9.195473394090077912e-01
7.101018749999993815e+03 9.192540697235868086e-01
7.103884374999993270e+03 9.189545858863635841e-01
7.106749999999993634e+03 9.186484013481817090e-01
7.109615624999992178e+03 9.183349619466028013e-01
7.112481249999993452e+03 9.180136319603792172e-01
7.115346874999991996e+03 9.176836762312889917e-01
7.118212499999993270e+03 9.173442369063131707e-01
7.121078124999991815e+03 9.169943026781884887e-01
7.123943749999992178e+03 9.166326673359258548e-01
7.126809374999991633e+03 9.161323503735152585e-01
7.129674999999991996e+03 9.155071605235272081e-01
7.132540624999991451e+03 9.148429155645022570e-01
7.135406249999991815e+03 9.141304575372427577e-01
7.138271874999991269e+03 9.133563464420885181e-01
7.141137499999991633e+03 9.124993860740304719e-01
7.144003124999990177e+03 9.115223772784257772e-01
7.146868749999991451e+03 9.103472924679649747e-01
7.149734374999989996e+03 9.087342710953355551e-01
7.151167187499990177e+03 9.073528523156244585e-01
7.151525390624989996e+03 9.066361061966216051e-01
7.151614941406240177e+03 9.059597772960931161e-01
7.151616340637197027e+03 9.059956691716025690e-01
7.151617040252676816e+03 9.060310192490114156e-01
7.151617127704610539e+03 9.060438239255593773e-01
7.151617133170356283e+03 9.060457261099345017e-01
7.151617135903230519e+03 9.060470973851671994e-01
7.151617137269666273e+03 9.060481077633767422e-01
7.151617137952884150e+03 9.060488936808513971e-01
