3.668000000000000000e+03 9.729999999999999760e-01
3.851400000000000091e+03 9.729999999999999760e-01
4.034800000000000182e+03 9.729999999999999760e-01
4.218199999999999818e+03 9.729999999999999760e-01
4.401599999999999454e+03 9.729999999999999760e-01
4.585000000000000000e+03 9.729999999999999760e-01
4.768400000000000546e+03 9.729999999999999760e-01
4.951800000000000182e+03 9.722741519711231017e-01
5.135199999999999818e+03 9.708932261356839621e-01
5.318599999999999454e+03 9.688646849184608945e-01
5.502000000000000000e+03 9.667679110522980901e-01
5.685399999999999636e+03 9.645976331182037899e-01
5.868800000000000182e+03 9.623477983301536032e-01
6.052199999999999818e+03 9.600114083275887999e-01
6.235600000000000364e+03 9.574692053788168566e-01
6.419000000000000000e+03 9.546332826470964594e-01
6.602400000000000546e+03 9.516356294636437729e-01
6.785800000000000182e+03 9.484497681598765828e-01
6.969200000000001637e+03 9.450379717417072278e-01
6.972065625000000182e+03 9.449822386830331045e-01
6.974931250000000546e+03 9.449215287065123592e-01
6.977796875000000000e+03 9.448541193386900128e-01
6.980662500000000364e+03 9.447865054626383152e-01
6.983528124999999818e+03 9.447186841752656106e-01
6.986393750000000182e+03 9.446506524915907477e-01
6.989259374999999636e+03 9.445824073413365829e-01
6.992125000000000000e+03 9.445139455653337457e-01
6.994990624999999454e+03 9.444452639117271175e-01
6.997856249999999818e+03 9.443763590319702583e-01
7.000721874999998363e+03 9.443072274765856866e-01
7.003587499999999636e+03 9.442378656906890155e-01
7.006453124999998181e+03 9.441682700092410840e-01
7.009318749999999454e+03 9.440984366520299709e-01
7.012184374999997999e+03 9.440283617183417020e-01
7.015049999999998363e+03 9.439580411813094374e-01
7.017915624999997817e+03 9.438874708819183779e-01
7.020781249999998181e+03 9.438166465226265345e-01
7.023646874999997635e+03 9.437455636605854847e-01
7.026512499999997999e+03 9.436742177004234788e-01
7.029378124999997453e+03 9.436026038865532595e-01
7.032243749999997817e+03 9.435307172949728427e-01
7.035109374999996362e+03 9.434585528245069685e-01
7.037974999999997635e+03 9.433836714846637328e-01
7.040840624999996180e+03 9.433078952268540984e-01
7.043706249999997453e+03 9.432317350413814694e-01
7.046571874999995998e+03 9.431551808901512679e-01
7.049437499999996362e+03 9.430782222347204868e-01
7.052303124999995816e+03 9.430008479999375526e-01
7.055168749999996180e+03 9.429230465340888712e-01
7.058034374999995634e+03 9.428448055651410531e-01
7.060899999999995998e+03 9.427661121525885424e-01
7.063765624999995453e+03 9.426869526343683026e-01
7.066631249999995816e+03 9.426073125681909692e-01
7.069496874999994361e+03 9.425271766665683781e-01
7.072362499999995634e+03 9.424465287246742706e-01
7.075228124999994179e+03 9.423653515400535197e-01
7.078093749999995453e+03 9.422836268230212475e-01
7.080959374999993997e+03 9.422013350963902578e-01
7.083824999999994361e+03 9.421184555829352769e-01
7.086690624999993815e+03 9.420349660787001866e-01
7.089556249999994179e+03 9.419495840771757722e-01
7.092421874999993634e+03 9.418578087481090932e-01
7.095287499999993997e+03 9.417649259502247627e-01
7.098153124999993452e+03 9.416708644761183633e-01
7.101018749999993815e+03 9.415755447038126613e-01
7.103884374999993270e+03 9.414788771262795342e-01
7.106749999999993634e+03 9.413807605325333894e-01
7.109615624999992178e+03 9.412810797336369495e-01
7.112481249999993452e+03 9.411797026861139503e-01
7.115346874999991996e+03 9.410764768051250728e-01
7.118212499999993270e+03 9.409712241695135093e-01
7.121078124999991815e+03 9.408637351819225669e-01
7.123943749999992178e+03 9.407537600278035317e-01
7.126809374999991633e+03 9.405885218670275716e-01
7.129674999999991996e+03 9.403748556955217053e-01
7.132540624999991451e+03 9.401496062032745904e-01
7.135406249999991815e+03 9.399100850377520855e-01
7.138271874999991269e+03 9.396523493990702747e-01
7.141137499999991633e+03 9.393701851344408160e-01
7.144003124999990177e+03 9.390526935523739738e-01
7.146868749999991451e+03 9.386770290422263852e-01
7.149734374999989996e+03 9.381730122831279939e-01
7.151167187499990177e+03 9.377527847947199069e-01
7.151525390624989996e+03 9.375391494397979919e-01
7.151614941406240177e+03 9.373404414453702094e-01
7.151616340637197027e+03 9.373509147761078797e-01
7.151617040252676816e+03 9.373612379577739295e-01
7.151617127704610539e+03 9.373649792142242365e-01
7.151617133170356283e+03 9.373655350804868114e-01
7.151617135903230519e+03 9.373659358158374921e-01
7.151617137269666273e+03 9.373662310918294827e-01
7.151617137952884150e+03 9.373664607751803768e-01
