3.668000000000000000e+03 9.494381481868442441e-01
3.851400000000000091e+03 9.487024033827037295e-01
4.034800000000000182e+03 9.479465187845524943e-01
4.218199999999999818e+03 9.471697490876125336e-01
4.401599999999999454e+03 9.459626128004019474e-01
4.585000000000000000e+03 9.408628905106574125e-01
4.768400000000000546e+03 9.344695001744121043e-01
4.951800000000000182e+03 9.274068488940433452e-01
5.135199999999999818e+03 9.199894287127193815e-01
5.318599999999999454e+03 9.122516690665863903e-01
5.502000000000000000e+03 9.041918732171045914e-01
5.685399999999999636e+03 8.957777319784879788e-01
5.868800000000000182e+03 8.869620595130113250e-01
6.052199999999999818e+03 8.776866272934886748e-01
6.235600000000000364e+03 8.668858099134594264e-01
6.419000000000000000e+03 8.538017502360539801e-01
6.602400000000000546e+03 8.396270500463141051e-01
6.785800000000000182e+03 8.241304248319630821e-01
6.969200000000001637e+03 8.067479762447350433e-01
6.972065625000000182e+03 8.064255585467545728e-01
6.974931250000000546e+03 8.058996985349010655e-01
6.977796875000000000e+03 8.050995880815302597e-01
6.980662500000000364e+03 8.042937204610937085e-01
6.983528124999999818e+03 8.034819906542773893e-01
6.986393750000000182e+03 8.026642904611974716e-01
6.989259374999999636e+03 8.018405083653667997e-01
6.992125000000000000e+03 8.010105293901408352e-01
6.994990624999999454e+03 8.001742349470363225e-01
6.997856249999999818e+03 7.993315026754546082e-01
7.000721874999998363e+03 7.984822062731075087e-01
7.003587499999999636e+03 7.976262153165364355e-01
7.006453124999998181e+03 7.967633950710194535e-01
7.009318749999999454e+03 7.958936062890223928e-01
7.012184374999997999e+03 7.950167049964322885e-01
7.015049999999998363e+03 7.941325422655578503e-01
7.017915624999997817e+03 7.932409639739712581e-01
7.020781249999998181e+03 7.923418105480235507e-01
7.023646874999997635e+03 7.914349166898843047e-01
7.026512499999997999e+03 7.905201110867515757e-01
7.029378124999997453e+03 7.895972161008170120e-01
7.032243749999997817e+03 7.886660474383878627e-01
7.035109374999996362e+03 7.877264137964290480e-01
7.037974999999997635e+03 7.866848619949555754e-01
7.040840624999996180e+03 7.856111298845342983e-01
7.043706249999997453e+03 7.845247865964122269e-01
7.046571874999995998e+03 7.834254430064451213e-01
7.049437499999996362e+03 7.823126898559245035e-01
7.052303124999995816e+03 7.811860962675888365e-01
7.055168749999996180e+03 7.800452081182390751e-01
7.058034374999995634e+03 7.788895462505408540e-01
7.060899999999995998e+03 7.777186045042157048e-01
7.063765624999995453e+03 7.765318475438290902e-01
7.066631249999995816e+03 7.753287084568474263e-01
7.069496874999994361e+03 7.741085860916749883e-01
7.072362499999995634e+03 7.728708421002777884e-01
7.075228124999994179e+03 7.716147976445016932e-01
7.078093749999995453e+03 7.703397297180091252e-01
7.080959374999993997e+03 7.690448670276679444e-01
7.083824999999994361e+03 7.677293853680700053e-01
7.086690624999993815e+03 7.663924024109335376e-01
7.089556249999994179e+03 7.649828295144036616e-01
7.092421874999993634e+03 7.633212514650429270e-01
7.095287499999993997e+03 7.616181184868440202e-01
7.098153124999993452e+03 7.598705437278540087e-01
7.101018749999993815e+03 7.580752941906638842e-01
7.103884374999993270e+03 7.562287298879784014e-01
7.106749999999993634e+03 7.543267285340315986e-01
7.109615624999992178e+03 7.523645913357871473e-01
7.112481249999993452e+03 7.503369237451412710e-01
7.115346874999991996e+03 7.482374825282211983e-01
7.118212499999993270e+03 7.460589767447891596e-01
7.121078124999991815e+03 7.437928044396591165e-01
7.123943749999992178e+03 7.414286976954790331e-01
7.126809374999991633e+03 7.387018690533582177e-01
7.129674999999991996e+03 7.356039960059416183e-01
7.132540624999991451e+03 7.322761973204943153e-01
7.135406249999991815e+03 7.286638882999143529e-01
7.138271874999991269e+03 7.246868820689646995e-01
7.141137499999991633e+03 7.202185886726685249e-01
7.144003124999990177e+03 7.150366162182127949e-01
7.146868749999991451e+03 7.086739910964746647e-01
7.149734374999989996e+03 6.996935778389387073e-01
7.151167187499990177e+03 6.917586465897260783e-01
7.151525390624989996e+03 6.875467721142879407e-01
7.151614941406240177e+03 6.835098016481907512e-01
7.151616340637197027e+03 6.837256059766407823e-01
7.151617040252676816e+03 6.839379788907272717e-01
7.151617127704610539e+03 6.840148631582986249e-01
7.151617133170356283e+03 6.840262826891179149e-01
7.151617135903230519e+03 6.840345146630956163e-01
7.151617137269666273e+03 6.840405799517502716e-01
7.151617137952884150e+03 6.840452977081086239e-01
