3.668000000000000000e+03 1.108564650966883569e+01
3.851400000000000091e+03 9.067407351164737506e+00
4.034800000000000182e+03 7.023698137189656521e+00
4.218199999999999818e+03 4.952252027325185324e+00
4.401599999999999454e+03 2.851204284749983220e+00
4.585000000000000000e+03 7.143377437276549058e-01
4.768400000000000546e+03 -1.465714664215966856e+00
4.951800000000000182e+03 -3.697702077239055640e+00
5.135199999999999818e+03 -5.977887976962650285e+00
5.318599999999999454e+03 -8.349161282791829564e+00
5.502000000000000000e+03 -1.079030363521693481e+01
5.685399999999999636e+03 -1.330852595571132113e+01
5.868800000000000182e+03 -1.593098028495428942e+01
6.052199999999999818e+03 -1.869019325689133382e+01
6.235600000000000364e+03 -2.157884349023758475e+01
6.419000000000000000e+03 -2.462678877947902834e+01
6.602400000000000546e+03 -2.794813215048124277e+01
6.785800000000000182e+03 -3.156883311948081783e+01
6.969200000000001637e+03 -3.552510449506819157e+01
6.972065625000000182e+03 -3.559068840288453828e+01
6.974931250000000546e+03 -3.566700699259873630e+01
6.977796875000000000e+03 -3.575780445743324520e+01
6.980662500000000364e+03 -3.584902970151802748e+01
6.983528124999999818e+03 -3.594068954628665580e+01
6.986393750000000182e+03 -3.603279100819040792e+01
6.989259374999999636e+03 -3.612534130680929678e+01
6.992125000000000000e+03 -3.621834787340000616e+01
6.994990624999999454e+03 -3.631181835992434515e+01
6.997856249999999818e+03 -3.640576064857840777e+01
7.000721874999998363e+03 -3.650018286186551819e+01
7.003587499999999636e+03 -3.659509337325370382e+01
7.006453124999998181e+03 -3.669050081844694944e+01
7.009318749999999454e+03 -3.678641410733131067e+01
7.012184374999997999e+03 -3.688284243663090223e+01
7.015049999999998363e+03 -3.697979530333916642e+01
7.017915624999997817e+03 -3.707728251897259497e+01
7.020781249999998181e+03 -3.717531422472070091e+01
7.023646874999997635e+03 -3.727390090755404373e+01
7.026512499999997999e+03 -3.737305341737025799e+01
7.029378124999997453e+03 -3.747278298525904461e+01
7.032243749999997817e+03 -3.757310124297978859e+01
7.035109374999996362e+03 -3.767402024375127212e+01
7.037974999999997635e+03 -3.778847985783568930e+01
7.040840624999996180e+03 -3.790669126741978801e+01
7.043706249999997453e+03 -3.802590742842005511e+01
7.046571874999995998e+03 -3.814615660928488694e+01
7.049437499999996362e+03 -3.826746848602768125e+01
7.052303124999995816e+03 -3.838987424399294923e+01
7.055168749999996180e+03 -3.851340668934339106e+01
7.058034374999995634e+03 -3.863810037144610732e+01
7.060899999999995998e+03 -3.876399171748406047e+01
7.063765624999995453e+03 -3.889111918083160191e+01
7.066631249999995816e+03 -3.901952340495773086e+01
7.069496874999994361e+03 -3.914924740489226451e+01
7.072362499999995634e+03 -3.928033676863283574e+01
7.075228124999994179e+03 -3.941283988123165472e+01
7.078093749999995453e+03 -3.954680817478442378e+01
7.080959374999993997e+03 -3.968229640808440450e+01
7.083824999999994361e+03 -3.981936298038210964e+01
7.086690624999993815e+03 -3.995807028447897835e+01
7.089556249999994179e+03 -4.010476990222999660e+01
7.092421874999993634e+03 -4.028164510244423013e+01
7.095287499999993997e+03 -4.046204544636832168e+01
7.098153124999993452e+03 -4.064620276961078815e+01
7.101018749999993815e+03 -4.083437611669780409e+01
7.103884374999993270e+03 -4.102685647293480287e+01
7.106749999999993634e+03 -4.122397261412222491e+01
7.109615624999992178e+03 -4.142609841555700001e+01
7.112481249999993452e+03 -4.163366209243611138e+01
7.115346874999991996e+03 -4.184715803592418837e+01
7.118212499999993270e+03 -4.206716219754026298e+01
7.121078124999991815e+03 -4.229435241807873069e+01
7.123943749999992178e+03 -4.252953579780294291e+01
7.126809374999991633e+03 -4.278828917711236812e+01
7.129674999999991996e+03 -4.307196703950651795e+01
7.132540624999991451e+03 -4.337317547519274541e+01
7.135406249999991815e+03 -4.369596201247682643e+01
7.138271874999991269e+03 -4.404625654093900522e+01
7.141137499999991633e+03 -4.443339472501041598e+01
7.144003124999990177e+03 -4.487373115339109120e+01
7.146868749999991451e+03 -4.540150661123093556e+01
7.149734374999989996e+03 -4.612176537664553422e+01
7.151167187499990177e+03 -4.673361116510626090e+01
7.151525390624989996e+03 -4.704883159071354726e+01
7.151614941406240177e+03 -4.734465477136183864e+01
7.151616340637197027e+03 -4.732899826891837591e+01
7.151617040252676816e+03 -4.731357331049628101e+01
7.151617127704610539e+03 -4.730798483816410993e+01
7.151617133170356283e+03 -4.730715459601606199e+01
7.151617135903230519e+03 -4.730655607010856301e+01
7.151617137269666273e+03 -4.730611506180191128e+01
7.151617137952884150e+03 -4.730577202310031026e+01
