3.668000000000000000e+03 -1.000000000000003197e+01
3.851400000000000091e+03 -1.036680000000006707e+01
4.034800000000000182e+03 -1.073359999999988368e+01
4.218199999999999818e+03 -1.110040000000000404e+01
4.401599999999999454e+03 -1.146720000000003914e+01
4.585000000000000000e+03 -1.183399999999989838e+01
4.768400000000000546e+03 -1.220079999999993348e+01
4.951800000000000182e+03 -1.256760000000001298e+01
5.135199999999999818e+03 -1.293440000000004630e+01
5.318599999999999454e+03 -1.330120000000007963e+01
5.502000000000000000e+03 -1.366799999999998327e+01
5.685399999999999636e+03 -1.403479999999993133e+01
5.868800000000000182e+03 -1.440160000000009433e+01
6.052199999999999818e+03 -1.476839999999995356e+01
6.235600000000000364e+03 -1.513520000000007570e+01
6.419000000000000000e+03 -1.550199999999993494e+01
6.602400000000000546e+03 -1.586879999999997182e+01
6.785800000000000182e+03 -1.623560000000004777e+01
6.969200000000001637e+03 -1.660240000000003846e+01
6.972065625000000182e+03 -1.660813124999992496e+01
6.974931250000000546e+03 -1.661386250000002818e+01
6.977796875000000000e+03 -1.661959375000004613e+01
6.980662500000000364e+03 -1.662532500000006053e+01
6.983528124999999818e+03 -1.663105624999998966e+01
6.986393750000000182e+03 -1.663678750000000406e+01
6.989259374999999636e+03 -1.664251874999993674e+01
6.992125000000000000e+03 -1.664824999999999378e+01
6.994990624999999454e+03 -1.665398125000001173e+01
6.997856249999999818e+03 -1.665971249999998349e+01
7.000721874999998363e+03 -1.666544375000000144e+01
7.003587499999999636e+03 -1.667117500000001584e+01
7.006453124999998181e+03 -1.667690625000007643e+01
7.009318749999999454e+03 -1.668263749999991674e+01
7.012184374999997999e+03 -1.668836874999989206e+01
7.015049999999998363e+03 -1.669409999999999172e+01
7.017915624999997817e+03 -1.669983125000005231e+01
7.020781249999998181e+03 -1.670556250000006671e+01
7.023646874999997635e+03 -1.671129374999999584e+01
7.026512499999997999e+03 -1.671702500000005642e+01
7.029378124999997453e+03 -1.672275624999998556e+01
7.032243749999997817e+03 -1.672848750000009233e+01
7.035109374999996362e+03 -1.673421875000001791e+01
7.037974999999997635e+03 -1.673994999999999322e+01
7.040840624999996180e+03 -1.674568124999996499e+01
7.043706249999997453e+03 -1.675141250000002202e+01
7.046571874999995998e+03 -1.675714375000008260e+01
7.049437499999996362e+03 -1.676287500000010056e+01
7.052303124999995816e+03 -1.676860624999998706e+01
7.055168749999996180e+03 -1.677433749999995882e+01
7.058034374999995634e+03 -1.678006875000006204e+01
7.060899999999995998e+03 -1.678580000000003380e+01
7.063765624999995453e+03 -1.679153125000000912e+01
7.066631249999995816e+03 -1.679726250000002352e+01
7.069496874999994361e+03 -1.680299374999991002e+01
7.072362499999995634e+03 -1.680872500000001324e+01
7.075228124999994179e+03 -1.681445625000007027e+01
7.078093749999995453e+03 -1.682018750000004559e+01
7.080959374999993997e+03 -1.682591874999997472e+01
7.083824999999994361e+03 -1.683165000000003531e+01
7.086690624999993815e+03 -1.683738125000009234e+01
7.089556249999994179e+03 -1.684311250000015292e+01
7.092421874999993634e+03 -1.684884374999999324e+01
7.095287499999993997e+03 -1.685457500000005382e+01
7.098153124999993452e+03 -1.686030625000002559e+01
7.101018749999993815e+03 -1.686603750000004354e+01
7.103884374999993270e+03 -1.687176874999997267e+01
7.106749999999993634e+03 -1.687750000000011852e+01
7.109615624999992178e+03 -1.688323125000009028e+01
7.112481249999993452e+03 -1.688896250000010824e+01
7.115346874999991996e+03 -1.689469375000012619e+01
7.118212499999993270e+03 -1.690042499999996650e+01
7.121078124999991815e+03 -1.690615625000002709e+01
7.123943749999992178e+03 -1.691188750000004148e+01
7.126809374999991633e+03 -1.691761875000005588e+01
7.129674999999991996e+03 -1.692335000000003120e+01
7.132540624999991451e+03 -1.692908125000009179e+01
7.135406249999991815e+03 -1.693481250000002092e+01
7.138271874999991269e+03 -1.694054375000007795e+01
7.141137499999991633e+03 -1.694627500000000708e+01
7.144003124999990177e+03 -1.695200625000002503e+01
7.146868749999991451e+03 -1.695773749999999680e+01
7.149734374999989996e+03 -1.696346875000001475e+01
7.151167187499990177e+03 -1.696633437500002373e+01
7.151525390624989996e+03 -1.696705078124999133e+01
7.151614941406240177e+03 -1.696722988281250366e+01
7.151616340637197027e+03 -1.696723268127445650e+01
7.151617040252676816e+03 -1.696723408050532811e+01
7.151617127704610539e+03 -1.696723425540927366e+01
7.151617133170356283e+03 -1.696723426634076759e+01
7.151617135903230519e+03 -1.696723427180645416e+01
7.151617137269666273e+03 -1.696723427453937916e+01
7.151617137952884150e+03 -1.696723427590580258e+01
