3.668000000000000000e+03 -5.900000000000001421e+01
3.851400000000000091e+03 -6.118245999999997053e+01
4.034800000000000182e+03 -6.336491999999999791e+01
4.218199999999999818e+03 -6.554737999999996134e+01
4.401599999999999454e+03 -6.772984000000002425e+01
4.585000000000000000e+03 -6.991229999999998768e+01
4.768400000000000546e+03 -7.209475999999995111e+01
4.951800000000000182e+03 -7.427721999999998559e+01
5.135199999999999818e+03 -7.645968000000003428e+01
5.318599999999999454e+03 -7.864213999999998350e+01
5.502000000000000000e+03 -8.082459999999997535e+01
5.685399999999999636e+03 -8.300705999999993878e+01
5.868800000000000182e+03 -8.518952000000003011e+01
6.052199999999999818e+03 -8.737197999999987985e+01
6.235600000000000364e+03 -8.955443999999997118e+01
6.419000000000000000e+03 -9.173690000000001987e+01
6.602400000000000546e+03 -9.391935999999994067e+01
6.785800000000000182e+03 -9.610181999999993252e+01
6.969200000000001637e+03 -9.828428000000002385e+01
6.972065625000000182e+03 -9.831838093749998109e+01
6.974931250000000546e+03 -9.835248187499986727e+01
6.977796875000000000e+03 -9.838658281250002346e+01
6.980662500000000364e+03 -9.842068375000013702e+01
6.983528124999999818e+03 -9.845478468749995216e+01
6.986393750000000182e+03 -9.848888562499986676e+01
6.989259374999999636e+03 -9.852298656249988085e+01
6.992125000000000000e+03 -9.855708749999990914e+01
6.994990624999999454e+03 -9.859118843749989480e+01
6.997856249999999818e+03 -9.862528937500000836e+01
7.000721874999998363e+03 -9.865939031249996560e+01
7.003587499999999636e+03 -9.869349124999988021e+01
7.006453124999998181e+03 -9.872759218749989429e+01
7.009318749999999454e+03 -9.876169312500006470e+01
7.012184374999997999e+03 -9.879579406249999352e+01
7.015049999999998363e+03 -9.882989500000002181e+01
7.017915624999997817e+03 -9.886399593749986536e+01
7.020781249999998181e+03 -9.889809687499997892e+01
7.023646874999997635e+03 -9.893219781249985090e+01
7.026512499999997999e+03 -9.896629874999982235e+01
7.029378124999997453e+03 -9.900039968749992170e+01
7.032243749999997817e+03 -9.903450062499997841e+01
7.035109374999996362e+03 -9.906860156249987881e+01
7.037974999999997635e+03 -9.910270249999990710e+01
7.040840624999996180e+03 -9.913680343749989277e+01
7.043706249999997453e+03 -9.917090437500000633e+01
7.046571874999995998e+03 -9.920500531249967935e+01
7.049437499999996362e+03 -9.923910624999984975e+01
7.052303124999995816e+03 -9.927320718749997752e+01
7.055168749999996180e+03 -9.930730812499989213e+01
7.058034374999995634e+03 -9.934140906249990621e+01
7.060899999999995998e+03 -9.937551000000001977e+01
7.063765624999995453e+03 -9.940961093749986333e+01
7.066631249999995816e+03 -9.944371187499986320e+01
7.069496874999994361e+03 -9.947781281249996255e+01
7.072362499999995634e+03 -9.951191374999990558e+01
7.075228124999994179e+03 -9.954601468749993387e+01
7.078093749999995453e+03 -9.958011562499991953e+01
7.080959374999993997e+03 -9.961421656249989098e+01
7.083824999999994361e+03 -9.964831750000001875e+01
7.086690624999993815e+03 -9.968241843749976283e+01
7.089556249999994179e+03 -9.971651937499984797e+01
7.092421874999993634e+03 -9.975062031249980521e+01
7.095287499999993997e+03 -9.978472124999986193e+01
7.098153124999993452e+03 -9.981882218749984759e+01
7.101018749999993815e+03 -9.985292312499981904e+01
7.103884374999993270e+03 -9.988702406249983312e+01
7.106749999999993634e+03 -9.992112499999977615e+01
7.109615624999992178e+03 -9.995522593749990392e+01
7.112481249999993452e+03 -9.998932687499996064e+01
7.115346874999991996e+03 -1.000234278124999179e+02
7.118212499999993270e+03 -1.000575287499998325e+02
7.121078124999991815e+03 -1.000916296874996760e+02
7.123943749999992178e+03 -1.001257306249998464e+02
7.126809374999991633e+03 -1.001598315624997184e+02
7.129674999999991996e+03 -1.001939324999998888e+02
7.132540624999991451e+03 -1.002280334374999882e+02
7.135406249999991815e+03 -1.002621343749997891e+02
7.138271874999991269e+03 -1.002962353124999453e+02
7.141137499999991633e+03 -1.003303362499998599e+02
7.144003124999990177e+03 -1.003644371874999024e+02
7.146868749999991451e+03 -1.003985381249999023e+02
7.149734374999989996e+03 -1.004326390624998311e+02
7.151167187499990177e+03 -1.004496895312499589e+02
7.151525390624989996e+03 -1.004539521484375229e+02
7.151614941406240177e+03 -1.004550178027342895e+02
7.151616340637197027e+03 -1.004550344535826554e+02
7.151617040252676816e+03 -1.004550427790067175e+02
7.151617127704610539e+03 -1.004550438196848745e+02
7.151617133170356283e+03 -1.004550438847267202e+02
7.151617135903230519e+03 -1.004550439172482328e+02
7.151617137269666273e+03 -1.004550439335086764e+02
7.151617137952884150e+03 -1.004550439416386496e+02
