3.668000000000000000e+03 -2.842170943040400743e-14
3.851400000000000091e+03 -2.842170943040400743e-14
4.034800000000000182e+03 1.421085471520200372e-14
4.218199999999999818e+03 1.989519660128280520e-13
4.401599999999999454e+03 -1.421085471520200372e-14
4.585000000000000000e+03 -2.415845301584340632e-13
4.768400000000000546e+03 1.136868377216160297e-13
4.951800000000000182e+03 -2.842170943040400743e-14
5.135199999999999818e+03 -5.684341886080801487e-14
5.318599999999999454e+03 -1.847411112976260483e-13
5.502000000000000000e+03 -2.842170943040400743e-14
5.685399999999999636e+03 1.563194018672220409e-13
5.868800000000000182e+03 -1.563194018672220409e-13
6.052199999999999818e+03 -1.989519660128280520e-13
6.235600000000000364e+03 1.136868377216160297e-13
6.419000000000000000e+03 -2.842170943040400743e-14
6.602400000000000546e+03 1.989519660128280520e-13
6.785800000000000182e+03 0.000000000000000000e+00
6.969200000000001637e+03 2.842170943040400743e-14
6.972065625000000182e+03 -2.842170943040400743e-14
6.974931250000000546e+03 -8.526512829121202230e-14
6.977796875000000000e+03 5.684341886080801487e-14
6.980662500000000364e+03 5.684341886080801487e-14
6.983528124999999818e+03 -2.273736754432320595e-13
6.986393750000000182e+03 -1.989519660128280520e-13
6.989259374999999636e+03 -2.842170943040400743e-14
6.992125000000000000e+03 -8.526512829121202230e-14
6.994990624999999454e+03 2.273736754432320595e-13
6.997856249999999818e+03 1.136868377216160297e-13
7.000721874999998363e+03 -1.136868377216160297e-13
7.003587499999999636e+03 1.705302565824240446e-13
7.006453124999998181e+03 -8.526512829121202230e-14
7.009318749999999454e+03 2.842170943040400743e-14
7.012184374999997999e+03 1.136868377216160297e-13
7.015049999999998363e+03 -1.705302565824240446e-13
7.017915624999997817e+03 2.842170943040400743e-14
7.020781249999998181e+03 3.410605131648480892e-13
7.023646874999997635e+03 2.842170943040400743e-14
7.026512499999997999e+03 -5.684341886080801487e-14
7.029378124999997453e+03 5.684341886080801487e-14
7.032243749999997817e+03 -1.705302565824240446e-13
7.035109374999996362e+03 3.126388037344440818e-13
7.037974999999997635e+03 8.526512829121202230e-14
7.040840624999996180e+03 -1.421085471520200372e-13
7.043706249999997453e+03 -1.136868377216160297e-13
7.046571874999995998e+03 2.842170943040400743e-14
7.049437499999996362e+03 -2.842170943040400743e-14
7.052303124999995816e+03 5.684341886080801487e-14
7.055168749999996180e+03 2.842170943040400743e-14
7.058034374999995634e+03 -2.557953848736360669e-13
7.060899999999995998e+03 2.842170943040400743e-14
7.063765624999995453e+03 2.842170943040400743e-14
7.066631249999995816e+03 0.000000000000000000e+00
7.069496874999994361e+03 2.842170943040400743e-14
7.072362499999995634e+03 5.684341886080801487e-14
7.075228124999994179e+03 -5.684341886080801487e-14
7.078093749999995453e+03 8.526512829121202230e-14
7.080959374999993997e+03 1.421085471520200372e-13
7.083824999999994361e+03 -2.842170943040400743e-14
7.086690624999993815e+03 2.842170943040400743e-14
7.089556249999994179e+03 -5.684341886080801487e-14
7.092421874999993634e+03 2.842170943040400743e-14
7.095287499999993997e+03 8.526512829121202230e-14
7.098153124999993452e+03 1.136868377216160297e-13
7.101018749999993815e+03 -1.705302565824240446e-13
7.103884374999993270e+03 -5.684341886080801487e-14
7.106749999999993634e+03 1.136868377216160297e-13
7.109615624999992178e+03 -2.557953848736360669e-13
7.112481249999993452e+03 2.557953848736360669e-13
7.115346874999991996e+03 1.136868377216160297e-13
7.118212499999993270e+03 -2.273736754432320595e-13
7.121078124999991815e+03 -1.989519660128280520e-13
7.123943749999992178e+03 -1.136868377216160297e-13
7.126809374999991633e+03 1.705302565824240446e-13
7.129674999999991996e+03 1.421085471520200372e-13
7.132540624999991451e+03 -2.842170943040400743e-14
7.135406249999991815e+03 -8.526512829121202230e-14
7.138271874999991269e+03 5.684341886080801487e-14
7.141137499999991633e+03 -8.526512829121202230e-14
7.144003124999990177e+03 -8.526512829121202230e-14
7.146868749999991451e+03 -1.421085471520200372e-13
7.149734374999989996e+03 2.842170943040400743e-14
7.151167187499990177e+03 0.000000000000000000e+00
7.151525390624989996e+03 8.526512829121202230e-14
7.151614941406240177e+03 -2.273736754432320595e-13
7.151616340637197027e+03 -2.842170943040400743e-14
7.151617040252676816e+03 2.842170943040400743e-13
7.151617127704610539e+03 -1.421085471520200372e-13
7.151617133170356283e+03 8.526512829121202230e-14
7.151617135903230519e+03 -8.526512829121202230e-14
7.151617137269666273e+03 5.684341886080801487e-14
7.151617137952884150e+03 0.000000000000000000e+00
