3.668000000000000000e+03 3.234279163182152672e+01
3.851400000000000091e+03 3.142300174864137929e+01
4.034800000000000182e+03 3.049169203169898879e+01
4.218199999999999818e+03 2.955429528552670604e+01
4.401599999999999454e+03 2.860047284220913966e+01
4.585000000000000000e+03 2.762441046160512315e+01
4.768400000000000546e+03 2.662323312033438683e+01
4.951800000000000182e+03 2.560001121803905733e+01
5.135199999999999818e+03 2.457339294970837429e+01
5.318599999999999454e+03 2.351838298469036559e+01
5.502000000000000000e+03 2.243054387243951098e+01
5.685399999999999636e+03 2.130703351554421943e+01
5.868800000000000182e+03 2.014415530073375038e+01
6.052199999999999818e+03 1.893702223836269738e+01
6.235600000000000364e+03 1.765180586619699810e+01
6.419000000000000000e+03 1.625158303034098850e+01
6.602400000000000546e+03 1.475109754196242484e+01
6.785800000000000182e+03 1.313461112742499459e+01
6.969200000000001637e+03 1.137507406162884571e+01
6.972065625000000182e+03 1.134581194537747351e+01
6.974931250000000546e+03 1.130687382002289709e+01
6.977796875000000000e+03 1.125487390005775623e+01
6.980662500000000364e+03 1.120255240086974702e+01
6.983528124999999818e+03 1.114990373754053543e+01
6.986393750000000182e+03 1.109692215983155705e+01
6.989259374999999636e+03 1.104360174519876026e+01
6.992125000000000000e+03 1.098993639142642564e+01
6.994990624999999454e+03 1.093591980884533754e+01
6.997856249999999818e+03 1.088154551211479948e+01
7.000721874999998363e+03 1.082680681153012969e+01
7.003587499999999636e+03 1.077169680382678152e+01
7.006453124999998181e+03 1.071620836244473196e+01
7.009318749999999454e+03 1.066033412720985929e+01
7.012184374999997999e+03 1.060406649339463314e+01
7.015049999999998363e+03 1.054739760010641447e+01
7.017915624999997817e+03 1.049031931795610895e+01
7.020781249999998181e+03 1.043282323594971750e+01
7.023646874999997635e+03 1.037490064754147134e+01
7.026512499999997999e+03 1.031654253578400748e+01
7.029378124999997453e+03 1.025773955750191568e+01
7.032243749999997817e+03 1.019848202640759283e+01
7.035109374999996362e+03 1.013875989507290143e+01
7.037974999999997635e+03 1.007397097397593022e+01
7.040840624999996180e+03 1.000753791151397287e+01
7.043706249999997453e+03 9.940422136332216496e+00
7.046571874999995998e+03 9.872603311427038619e+00
7.049437499999996362e+03 9.804060062525438823e+00
7.052303124999995816e+03 9.734769902206160452e+00
7.055168749999996180e+03 9.664709146720422694e+00
7.058034374999995634e+03 9.593852824631433407e+00
7.060899999999995998e+03 9.522174576266740686e+00
7.063765624999995453e+03 9.449646542826974027e+00
7.066631249999995816e+03 9.376239243817288127e+00
7.069496874999994361e+03 9.301921441266781443e+00
7.072362499999995634e+03 9.226659988939998058e+00
7.075228124999994179e+03 9.150419664470961223e+00
7.078093749999995453e+03 9.073162981985149145e+00
7.080959374999993997e+03 8.994849982363756880e+00
7.083824999999994361e+03 8.915437997795647718e+00
7.086690624999993815e+03 8.834881386655730751e+00
7.089556249999994179e+03 8.750546526767728039e+00
7.092421874999993634e+03 8.653175881912954281e+00
7.095287499999993997e+03 8.553610944632303870e+00
7.098153124999993452e+03 8.451702319355108628e+00
7.101018749999993815e+03 8.347282826813438916e+00
7.103884374999993270e+03 8.240164389465039818e+00
7.106749999999993634e+03 8.130134178121171118e+00
7.109615624999992178e+03 8.016949793526780610e+00
7.112481249999993452e+03 7.900333169882832074e+00
7.115346874999991996e+03 7.779962759690038254e+00
7.118212499999993270e+03 7.655463367658508211e+00
7.121078124999991815e+03 7.526392706584462466e+00
7.123943749999992178e+03 7.392223282217081248e+00
7.126809374999991633e+03 7.238589699580618486e+00
7.129674999999991996e+03 7.065092697681711442e+00
7.132540624999991451e+03 6.879495319224031569e+00
7.135406249999991815e+03 6.678953670804058440e+00
7.138271874999991269e+03 6.459294198169351020e+00
7.141137499999991633e+03 6.213934995159572594e+00
7.144003124999990177e+03 5.931325385758448476e+00
7.146868749999991451e+03 5.587238560001388521e+00
7.149734374999989996e+03 5.107206355525300445e+00
7.151167187499990177e+03 4.688719843784539876e+00
7.151525390624989996e+03 4.468810401939142807e+00
7.151614941406240177e+03 4.259514626326020625e+00
7.151616340637197027e+03 4.270665831726369710e+00
7.151617040252676816e+03 4.281643841161281827e+00
7.151617127704610539e+03 4.285619158711226895e+00
7.151617133170356283e+03 4.286209653577655487e+00
7.151617135903230519e+03 4.286635329722829013e+00
7.151617137269666273e+03 4.286948970285595628e+00
7.151617137952884150e+03 4.287192931255185968e+00
