3.668000000000000000e+03 2.037283377064139600e+01
3.851400000000000091e+03 1.891271820432934092e+01
4.034800000000000182e+03 1.743136949530869373e+01
4.218199999999999818e+03 1.592875408560751183e+01
4.401599999999999454e+03 1.440711478506901244e+01
4.585000000000000000e+03 1.286064735423800443e+01
4.768400000000000546e+03 1.128494563655451621e+01
4.951800000000000182e+03 9.676697753641841260e+00
5.135199999999999818e+03 8.006527305547660234e+00
5.318599999999999454e+03 6.272092045779992908e+00
5.502000000000000000e+03 4.486147738865613910e+00
5.685399999999999636e+03 2.644164244993883361e+00
5.868800000000000182e+03 7.405111473389172083e-01
6.052199999999999818e+03 -1.231950857993423298e+00
6.235600000000000364e+03 -3.331995954349233013e+00
6.419000000000000000e+03 -5.618344454340966188e+00
6.602400000000000546e+03 -8.053476926226833754e+00
6.785800000000000182e+03 -1.066173619593168098e+01
6.969200000000001637e+03 -1.348224783145279915e+01
6.972065625000000182e+03 -1.352880281904158011e+01
6.974931250000000546e+03 -1.358614509729280506e+01
6.977796875000000000e+03 -1.365804530989855614e+01
6.980662500000000364e+03 -1.373032185315828357e+01
6.983528124999999818e+03 -1.380298104751772748e+01
6.986393750000000182e+03 -1.387602939890816245e+01
6.989259374999999636e+03 -1.394947360656097324e+01
6.992125000000000000e+03 -1.402332057124779752e+01
6.994990624999999454e+03 -1.409757740398515580e+01
6.997856249999999818e+03 -1.417225143522592923e+01
7.000721874999998363e+03 -1.424735022458173717e+01
7.003587499999999636e+03 -1.432288157110653870e+01
7.006453124999998181e+03 -1.439885352418432340e+01
7.009318749999999454e+03 -1.447527439506679059e+01
7.012184374999997999e+03 -1.455215276910507605e+01
7.015049999999998363e+03 -1.462949751873239812e+01
7.017915624999997817e+03 -1.470731781725000076e+01
7.020781249999998181e+03 -1.478562315348104583e+01
7.023646874999997635e+03 -1.486442334736122639e+01
7.026512499999997999e+03 -1.494372856653717463e+01
7.029378124999997453e+03 -1.502354934405525988e+01
7.032243749999997817e+03 -1.510389659723205646e+01
7.035109374999996362e+03 -1.518478164780158579e+01
7.037974999999997635e+03 -1.527136170577670349e+01
7.040840624999996180e+03 -1.535980055832373736e+01
7.043706249999997453e+03 -1.544902076405928071e+01
7.046571874999995998e+03 -1.553904511520091170e+01
7.049437499999996362e+03 -1.562989756159357491e+01
7.052303124999995816e+03 -1.572160329527842570e+01
7.055168749999996180e+03 -1.581418884319406892e+01
7.058034374999995634e+03 -1.590768216898878329e+01
7.060899999999995998e+03 -1.600211278506604273e+01
7.063765624999995453e+03 -1.609751187614828538e+01
7.066631249999995816e+03 -1.619391243584608375e+01
7.069496874999994361e+03 -1.629134941793993008e+01
7.072362499999995634e+03 -1.638985990437370788e+01
7.075228124999994179e+03 -1.648948329226544729e+01
7.078093749999995453e+03 -1.659026150264261901e+01
7.080959374999993997e+03 -1.669223921407284195e+01
7.083824999999994361e+03 -1.679546412492069862e+01
7.086690624999993815e+03 -1.689998724864254598e+01
7.089556249999994179e+03 -1.700873851096117662e+01
7.092421874999993634e+03 -1.713201589410084225e+01
7.095287499999993997e+03 -1.725775903280407775e+01
7.098153124999993452e+03 -1.738613427622225416e+01
7.101018749999993815e+03 -1.751732774703800288e+01
7.103884374999993270e+03 -1.765154880284387673e+01
7.106749999999993634e+03 -1.778903431837417770e+01
7.109615624999992178e+03 -1.793005403993367963e+01
7.112481249999993452e+03 -1.807491735973565383e+01
7.115346874999991996e+03 -1.822398199960685972e+01
7.118212499999993270e+03 -1.837766530636912776e+01
7.121078124999991815e+03 -1.853645918869490217e+01
7.123943749999992178e+03 -1.870095024266837669e+01
7.126809374999991633e+03 -1.889699627910998103e+01
7.129674999999991996e+03 -1.912359290784208810e+01
7.132540624999991451e+03 -1.936500571382109470e+01
7.135406249999991815e+03 -1.962470348637673467e+01
7.138271874999991269e+03 -1.990777566457623848e+01
7.141137499999991633e+03 -2.022224670634711785e+01
7.144003124999990177e+03 -2.058219562257524871e+01
7.146868749999991451e+03 -2.101714546358412861e+01
7.149734374999989996e+03 -2.161782207396737476e+01
7.151167187499990177e+03 -2.213560071185895595e+01
7.151525390624989996e+03 -2.240546570404715254e+01
7.151614941406240177e+03 -2.266087233224374486e+01
7.151616340637197027e+03 -2.264729977563764862e+01
7.151617040252676816e+03 -2.263393412040905872e+01
7.151617127704610539e+03 -2.262909324256995447e+01
7.151617133170356283e+03 -2.262837413383237006e+01
7.151617135903230519e+03 -2.262785573553045992e+01
7.151617137269666273e+03 -2.262747377304187424e+01
7.151617137952884150e+03 -2.262717666662444316e+01
