3.668000000000000000e+03 3.910000000000002842e+02
3.851400000000000091e+03 4.054886000000002468e+02
4.034800000000000182e+03 4.199772000000002663e+02
4.218199999999999818e+03 4.344658000000000015e+02
4.401599999999999454e+03 4.489543999999997936e+02
4.585000000000000000e+03 4.634430000000000973e+02
4.768400000000000546e+03 4.779315999999997189e+02
4.951800000000000182e+03 4.924202000000001362e+02
5.135199999999999818e+03 5.069088000000000420e+02
5.318599999999999454e+03 5.213973999999999478e+02
5.502000000000000000e+03 5.358860000000003083e+02
5.685399999999999636e+03 5.503746000000002141e+02
5.868800000000000182e+03 5.648632000000002336e+02
6.052199999999999818e+03 5.793517999999997983e+02
6.235600000000000364e+03 5.938403999999998177e+02
6.419000000000000000e+03 6.083290000000001783e+02
6.602400000000000546e+03 6.228176000000004251e+02
6.785800000000000182e+03 6.373062000000002172e+02
6.969200000000001637e+03 6.517948000000001230e+02
6.972065625000000182e+03 6.520211843749999616e+02
6.974931250000000546e+03 6.522475687499996866e+02
6.977796875000000000e+03 6.524739531250004347e+02
6.980662500000000364e+03 6.527003375000001597e+02
6.983528124999999818e+03 6.529267218749998847e+02
6.986393750000000182e+03 6.531531062500004055e+02
6.989259374999999636e+03 6.533794906250000167e+02
6.992125000000000000e+03 6.536058750000000828e+02
6.994990624999999454e+03 6.538322593750001488e+02
6.997856249999999818e+03 6.540586437499998738e+02
7.000721874999998363e+03 6.542850281250002809e+02
7.003587499999999636e+03 6.545114125000002332e+02
7.006453124999998181e+03 6.547377968749996171e+02
7.009318749999999454e+03 6.549641812499999105e+02
7.012184374999997999e+03 6.551905656249996355e+02
7.015049999999998363e+03 6.554169499999994741e+02
7.017915624999997817e+03 6.556433343749995402e+02
7.020781249999998181e+03 6.558697187499998336e+02
7.023646874999997635e+03 6.560961031250001270e+02
7.026512499999997999e+03 6.563224875000000793e+02
7.029378124999997453e+03 6.565488718749999180e+02
7.032243749999997817e+03 6.567752562499998703e+02
7.035109374999996362e+03 6.570016406250005048e+02
7.037974999999997635e+03 6.572280249999989792e+02
7.040840624999996180e+03 6.574544093749996136e+02
7.043706249999997453e+03 6.576807937500000207e+02
7.046571874999995998e+03 6.579071781249996320e+02
7.049437499999996362e+03 6.581335624999990159e+02
7.052303124999995816e+03 6.583599468749996504e+02
7.055168749999996180e+03 6.585863312499998301e+02
7.058034374999995634e+03 6.588127156249995551e+02
7.060899999999995998e+03 6.590390999999993937e+02
7.063765624999995453e+03 6.592654843749996871e+02
7.066631249999995816e+03 6.594918687499994121e+02
7.069496874999994361e+03 6.597182531250001603e+02
7.072362499999995634e+03 6.599446374999995442e+02
7.075228124999994179e+03 6.601710218749991554e+02
7.078093749999995453e+03 6.603974062499996762e+02
7.080959374999993997e+03 6.606237906249999696e+02
7.083824999999994361e+03 6.608501749999993535e+02
7.086690624999993815e+03 6.610765593749998743e+02
7.089556249999994179e+03 6.613029437499993719e+02
7.092421874999993634e+03 6.615293281250000064e+02
7.095287499999993997e+03 6.617557124999997313e+02
7.098153124999993452e+03 6.619820968749993426e+02
7.101018749999993815e+03 6.622084812499996360e+02
7.103884374999993270e+03 6.624348656249999294e+02
7.106749999999993634e+03 6.626612499999994270e+02
7.109615624999992178e+03 6.628876343750000615e+02
7.112481249999993452e+03 6.631140187500000138e+02
7.115346874999991996e+03 6.633404031249989430e+02
7.118212499999993270e+03 6.635667874999998048e+02
7.121078124999991815e+03 6.637931718749998709e+02
7.123943749999992178e+03 6.640195562499994821e+02
7.126809374999991633e+03 6.642459406249992071e+02
7.129674999999991996e+03 6.644723249999997279e+02
7.132540624999991451e+03 6.646987093749994528e+02
7.135406249999991815e+03 6.649250937499992915e+02
7.138271874999991269e+03 6.651514781249990165e+02
7.141137499999991633e+03 6.653778624999994236e+02
7.144003124999990177e+03 6.656042468749991485e+02
7.146868749999991451e+03 6.658306312499986461e+02
7.149734374999989996e+03 6.660570156249990532e+02
7.151167187499990177e+03 6.661702078124991431e+02
7.151525390624989996e+03 6.661985058593742224e+02
7.151614941406240177e+03 6.662055803710926511e+02
7.151616340637197027e+03 6.662056909103383759e+02
7.151617040252676816e+03 6.662057461799608973e+02
7.151617127704610539e+03 6.662057530886643235e+02
7.151617133170356283e+03 6.662057535204577334e+02
7.151617135903230519e+03 6.662057537363547226e+02
7.151617137269666273e+03 6.662057538443032172e+02
7.151617137952884150e+03 6.662057538982775213e+02
