3.668000000000000000e+03 2.645359629160450510e+01
3.851400000000000091e+03 2.572692956958448463e+01
4.034800000000000182e+03 2.499105970867203297e+01
4.218199999999999818e+03 2.424494982672427668e+01
4.401599999999999454e+03 2.348795676290583856e+01
4.585000000000000000e+03 2.271367745576656461e+01
4.768400000000000546e+03 2.194404067833317029e+01
4.951800000000000182e+03 2.116619432891585362e+01
5.135199999999999818e+03 2.036916959934863769e+01
5.318599999999999454e+03 1.954822310130736795e+01
5.502000000000000000e+03 1.870479726830367539e+01
5.685399999999999636e+03 1.783681313465830343e+01
5.868800000000000182e+03 1.694139840408829301e+01
6.052199999999999818e+03 1.601471200738537704e+01
6.235600000000000364e+03 1.505192857879330681e+01
6.419000000000000000e+03 1.404042215896844681e+01
6.602400000000000546e+03 1.296393337785883482e+01
6.785800000000000182e+03 1.181294349306549663e+01
6.969200000000001637e+03 1.057021980096373248e+01
6.972065625000000182e+03 1.054965081109855163e+01
6.974931250000000546e+03 1.052114960971397650e+01
6.977796875000000000e+03 1.048193927718888752e+01
6.980662500000000364e+03 1.044247522081299806e+01
6.983528124999999818e+03 1.040275294339449452e+01
6.986393750000000182e+03 1.036276781383937617e+01
6.989259374999999636e+03 1.032251506148157461e+01
6.992125000000000000e+03 1.028198977010265480e+01
6.994990624999999454e+03 1.024118687161449159e+01
6.997856249999999818e+03 1.020010113938672447e+01
7.000721874999998363e+03 1.015872718118924034e+01
7.003587499999999636e+03 1.011705943172517230e+01
7.006453124999998181e+03 1.007509214472516312e+01
7.009318749999999454e+03 1.003281938456805911e+01
7.012184374999997999e+03 9.990235017396754458e+00
7.015049999999998363e+03 9.947332701687587431e+00
7.017915624999997817e+03 9.904105878234890525e+00
7.020781249999998181e+03 9.860547759503292653e+00
7.023646874999997635e+03 9.816651318299197015e+00
7.026512499999997999e+03 9.772409275707431675e+00
7.029378124999997453e+03 9.727814088234175927e+00
7.032243749999997817e+03 9.682857934089883045e+00
7.035109374999996362e+03 9.637532698541985354e+00
7.037974999999997635e+03 9.588101460945797072e+00
7.040840624999996180e+03 9.537342889560001424e+00
7.043706249999997453e+03 9.486037620805459980e+00
7.046571874999995998e+03 9.434169150871838383e+00
7.049437499999996362e+03 9.381720131522959250e+00
7.052303124999995816e+03 9.328672308253738166e+00
7.055168749999996180e+03 9.275006452494961806e+00
7.058034374999995634e+03 9.220702287145025267e+00
7.060899999999995998e+03 9.165738404610168644e+00
7.063765624999995453e+03 9.110092176408437936e+00
7.066631249999995816e+03 9.053739653249992969e+00
7.069496874999994361e+03 8.996655454341167868e+00
7.072362499999995634e+03 8.938812644447915901e+00
7.075228124999994179e+03 8.880182597029154579e+00
7.078093749999995453e+03 8.820734841454466846e+00
7.080959374999993997e+03 8.760436891983788499e+00
7.083824999999994361e+03 8.699254055772239980e+00
7.086690624999993815e+03 8.637149216667836527e+00
7.089556249999994179e+03 8.571967736198336851e+00
7.092421874999993634e+03 8.496135066637672040e+00
7.095287499999993997e+03 8.418522091387075079e+00
7.098153124999993452e+03 8.339006834512504795e+00
7.101018749999993815e+03 8.257452782562141991e+00
7.103884374999993270e+03 8.173706337375005404e+00
7.106749999999993634e+03 8.087593664543483385e+00
7.109615624999992178e+03 7.998916752426039167e+00
7.112481249999993452e+03 7.907448425619794108e+00
7.115346874999991996e+03 7.812925952390190609e+00
7.118212499999993270e+03 7.715042728750558965e+00
7.121078124999991815e+03 7.613437280625914738e+00
7.123943749999992178e+03 7.507678444320013966e+00
7.126809374999991633e+03 7.387886649485074564e+00
7.129674999999991996e+03 7.253496959966956759e+00
7.132540624999991451e+03 7.109533096223764836e+00
7.135406249999991815e+03 6.953739389895798872e+00
7.138271874999991269e+03 6.782805018685547083e+00
7.141137499999991633e+03 6.591507839953008485e+00
7.144003124999990177e+03 6.370682035110917241e+00
7.146868749999991451e+03 6.101099913250790152e+00
7.149734374999989996e+03 5.723650012343807880e+00
7.151167187499990177e+03 5.393260959859131454e+00
7.151525390624989996e+03 5.219134270926046426e+00
7.151614941406240177e+03 5.053077701773987407e+00
7.151616340637197027e+03 5.061933431452276366e+00
7.151617040252676816e+03 5.070650701647575254e+00
7.151617127704610539e+03 5.073807144403270186e+00
7.151617133170356283e+03 5.074275993206232016e+00
7.151617135903230519e+03 5.074613975465669391e+00
7.151617137269666273e+03 5.074863001810098417e+00
7.151617137952884150e+03 5.075056702992264412e+00
