3.668000000000000000e+03 9.676918587237945957e-01
3.851400000000000091e+03 9.674008100455280257e-01
4.034800000000000182e+03 9.671037404572595531e-01
4.218199999999999818e+03 9.668006183444699531e-01
4.401599999999999454e+03 9.664914058439896261e-01
4.585000000000000000e+03 9.661760637896664727e-01
4.768400000000000546e+03 9.651821460035432398e-01
4.951800000000000182e+03 9.624507898154364138e-01
5.135199999999999818e+03 9.596447893410116059e-01
5.318599999999999454e+03 9.565257750885688415e-01
5.502000000000000000e+03 9.528948819915997737e-01
5.685399999999999636e+03 9.488935991730000907e-01
5.868800000000000182e+03 9.448032677607151042e-01
6.052199999999999818e+03 9.406112954518086600e-01
6.235600000000000364e+03 9.363214573691537312e-01
6.419000000000000000e+03 9.319252162249128668e-01
6.602400000000000546e+03 9.273643366349555439e-01
6.785800000000000182e+03 9.217778087233664541e-01
6.969200000000001637e+03 9.159590502812484658e-01
6.972065625000000182e+03 9.158660198186410195e-01
6.974931250000000546e+03 9.157718589591858915e-01
6.977796875000000000e+03 9.156761893484154369e-01
6.980662500000000364e+03 9.155804145624852897e-01
6.983528124999999818e+03 9.154845336146159029e-01
6.986393750000000182e+03 9.153885454930107413e-01
6.989259374999999636e+03 9.152924491598555257e-01
6.992125000000000000e+03 9.151962435502689619e-01
6.994990624999999454e+03 9.150999275711949599e-01
6.997856249999999818e+03 9.150035001002285728e-01
7.000721874999998363e+03 9.149069599843853151e-01
7.003587499999999636e+03 9.148103060387879903e-01
7.006453124999998181e+03 9.147135370452955661e-01
7.009318749999999454e+03 9.146166517510374572e-01
7.012184374999997999e+03 9.145196488668659862e-01
7.015049999999998363e+03 9.144225270657203586e-01
7.017915624999997817e+03 9.143252849808887195e-01
7.020781249999998181e+03 9.142279212041574121e-01
7.023646874999997635e+03 9.141304342838574293e-01
7.026512499999997999e+03 9.140328227227746405e-01
7.029378124999997453e+03 9.139350849759322326e-01
7.032243749999997817e+03 9.138372194482303756e-01
7.035109374999996362e+03 9.137392244919202433e-01
7.037974999999997635e+03 9.136374228342318826e-01
7.040840624999996180e+03 9.135346213014452488e-01
7.043706249999997453e+03 9.134316062952422266e-01
7.046571874999995998e+03 9.133283732491785933e-01
7.049437499999996362e+03 9.132249173804752873e-01
7.052303124999995816e+03 9.131212336746566960e-01
7.055168749999996180e+03 9.130173168687573115e-01
7.058034374999995634e+03 9.129131614328949151e-01
7.060899999999995998e+03 9.128087615500154461e-01
7.063765624999995453e+03 9.127041110935973922e-01
7.066631249999995816e+03 9.125992036030350363e-01
7.069496874999994361e+03 9.124940322564070172e-01
7.072362499999995634e+03 9.123885898402838146e-01
7.075228124999994179e+03 9.122828687161647077e-01
7.078093749999995453e+03 9.121768607830578190e-01
7.080959374999993997e+03 9.120705574356637868e-01
7.083824999999994361e+03 9.119639495174983734e-01
7.086690624999993815e+03 9.118570272681785216e-01
7.089556249999994179e+03 9.117482325324728354e-01
7.092421874999993634e+03 9.116321480234492736e-01
7.095287499999993997e+03 9.115153764699726047e-01
7.098153124999993452e+03 9.113978771577160298e-01
7.101018749999993815e+03 9.112796046824735985e-01
7.103884374999993270e+03 9.111605081411090490e-01
7.106749999999993634e+03 9.110405301322196392e-01
7.109615624999992178e+03 9.109196055085917454e-01
7.112481249999993452e+03 9.107976598013496350e-01
7.115346874999991996e+03 9.106746072031745021e-01
7.118212499999993270e+03 9.105503479491927621e-01
7.121078124999991815e+03 9.104247648590664266e-01
7.123943749999992178e+03 9.102977186854112057e-01
7.126809374999991633e+03 9.101666798640747347e-01
7.129674999999991996e+03 9.100314052786538932e-01
7.132540624999991451e+03 9.098930676066149248e-01
7.135406249999991815e+03 9.097509849834199969e-01
7.138271874999991269e+03 9.096041604633356981e-01
7.141137499999991633e+03 9.094510277190545056e-01
7.144003124999990177e+03 9.092888484477059663e-01
7.146868749999991451e+03 9.091119016427360311e-01
7.149734374999989996e+03 9.089026755970051052e-01
7.151167187499990177e+03 9.087560852278795398e-01
7.151525390624989996e+03 9.086924545344228221e-01
7.151614941406240177e+03 9.086404927973668055e-01
7.151616340637197027e+03 9.086430494662823820e-01
7.151617040252676816e+03 9.086455897359835276e-01
7.151617127704610539e+03 9.086465153124383409e-01
7.151617133170356283e+03 9.086466530564863975e-01
7.151617135903230519e+03 9.086467523949606218e-01
7.151617137269666273e+03 9.086468256103477081e-01
7.151617137952884150e+03 9.086468825729721033e-01
