3.668000000000000000e+03 3.384240089482356950e+01
3.851400000000000091e+03 3.297325920830259349e+01
4.034800000000000182e+03 3.209378952903382043e+01
4.218199999999999818e+03 3.121258235136488324e+01
4.401599999999999454e+03 3.031521116225866663e+01
4.585000000000000000e+03 2.939584946813045008e+01
4.768400000000000546e+03 2.845180344056843680e+01
4.951800000000000182e+03 2.748682705029370155e+01
5.135199999999999818e+03 2.651760061805015667e+01
5.318599999999999454e+03 2.551958395417819858e+01
5.502000000000000000e+03 2.448939307245479924e+01
5.685399999999999636e+03 2.342423275394660820e+01
5.868800000000000182e+03 2.232045740131079015e+01
6.052199999999999818e+03 2.117324048955789095e+01
6.235600000000000364e+03 1.994982971320256127e+01
6.419000000000000000e+03 1.861422632469379224e+01
6.602400000000000546e+03 1.718007163037383833e+01
6.785800000000000182e+03 1.563187606039366173e+01
6.969200000000001637e+03 1.394294758034590132e+01
6.972065625000000182e+03 1.391481270530983316e+01
6.974931250000000546e+03 1.387704200985229441e+01
6.977796875000000000e+03 1.382626358194089811e+01
6.980662500000000364e+03 1.377516538081803965e+01
6.983528124999999818e+03 1.372374184461032876e+01
6.986393750000000182e+03 1.367198724674916299e+01
6.989259374999999636e+03 1.361989568901101855e+01
6.992125000000000000e+03 1.356746109417821700e+01
6.994990624999999454e+03 1.351467719828551672e+01
6.997856249999999818e+03 1.346153754243215239e+01
7.000721874999998363e+03 1.340803546412103664e+01
7.003587499999999636e+03 1.335416408809642519e+01
7.006453124999998181e+03 1.329991631664372598e+01
7.009318749999999454e+03 1.324528481930846802e+01
7.012184374999997999e+03 1.319026202199673925e+01
7.015049999999998363e+03 1.313484009540574426e+01
7.017915624999997817e+03 1.307901094273716502e+01
7.020781249999998181e+03 1.302276618663631780e+01
7.023646874999997635e+03 1.296609715529579887e+01
7.026512499999997999e+03 1.290899486765953341e+01
7.029378124999997453e+03 1.285145001765353179e+01
7.032243749999997817e+03 1.279345295736284527e+01
7.035109374999996362e+03 1.273499367906839197e+01
7.037974999999997635e+03 1.267149061146990796e+01
7.040840624999996180e+03 1.260635097818618888e+01
7.043706249999997453e+03 1.254053187977041617e+01
7.046571874999995998e+03 1.247401305753509426e+01
7.049437499999996362e+03 1.240677321933334909e+01
7.052303124999995816e+03 1.233878996395402616e+01
7.055168749999996180e+03 1.227003969824255947e+01
7.058034374999995634e+03 1.220049754606985815e+01
7.060899999999995998e+03 1.213013724814691763e+01
7.063765624999995453e+03 1.205893105153273659e+01
7.066631249999995816e+03 1.198684958750668272e+01
7.069496874999994361e+03 1.191386173627601863e+01
7.072362499999995634e+03 1.183993447672896160e+01
7.075228124999994179e+03 1.176503271917132487e+01
7.078093749999995453e+03 1.168911911862043240e+01
7.080959374999993997e+03 1.161215386582118647e+01
7.083824999999994361e+03 1.153409445264116151e+01
7.086690624999993815e+03 1.145489540789781024e+01
7.089556249999994179e+03 1.137193398782984843e+01
7.092421874999993634e+03 1.127599078444639424e+01
7.095287499999993997e+03 1.117786226597751842e+01
7.098153124999993452e+03 1.107739958851679951e+01
7.101018749999993815e+03 1.097443618889789008e+01
7.103884374999993270e+03 1.086878468132039899e+01
7.106749999999993634e+03 1.076023301782744035e+01
7.109615624999992178e+03 1.064853968719122079e+01
7.112481249999993452e+03 1.053342764031430434e+01
7.115346874999991996e+03 1.041457650309928873e+01
7.118212499999993270e+03 1.029161244678768661e+01
7.121078124999991815e+03 1.016409479197638888e+01
7.123943749999992178e+03 1.003149795830132796e+01
7.126809374999991633e+03 9.879548212456684908e+00
7.129674999999991996e+03 9.707844054967422309e+00
7.132540624999991451e+03 9.524092859558656698e+00
7.135406249999991815e+03 9.325462771574613896e+00
7.138271874999991269e+03 9.107797857849551093e+00
7.141137499999991633e+03 8.864543928591604782e+00
7.144003124999990177e+03 8.584198819293774818e+00
7.146868749999991451e+03 8.242637197119757175e+00
7.149734374999989996e+03 7.765701931846011874e+00
7.151167187499990177e+03 7.349509489975902810e+00
7.151525390624989996e+03 7.130653567292461581e+00
7.151614941406240177e+03 6.922262899750885268e+00
7.151616340637197027e+03 6.933368285603028092e+00
7.151617040252676816e+03 6.944300922552494093e+00
7.151617127704610539e+03 6.948259745246144092e+00
7.151617133170356283e+03 6.948847787025885125e+00
7.151617135903230519e+03 6.949271694318058579e+00
7.151617137269666273e+03 6.949584031327558087e+00
7.151617137952884150e+03 6.949826978198172966e+00
