3.668000000000000000e+03 9.683027424639327752e-01
3.851400000000000091e+03 9.671626874095912152e-01
4.034800000000000182e+03 9.660169105645496357e-01
4.218199999999999818e+03 9.648653048657289677e-01
4.401599999999999454e+03 9.637078154940023067e-01
4.585000000000000000e+03 9.625443820058726674e-01
4.768400000000000546e+03 9.610571660289766172e-01
4.951800000000000182e+03 9.587129613735104749e-01
5.135199999999999818e+03 9.562191700330331390e-01
5.318599999999999454e+03 9.527159623508784092e-01
5.502000000000000000e+03 9.487600269405576103e-01
5.685399999999999636e+03 9.444670331073949932e-01
5.868800000000000182e+03 9.400544371782085795e-01
6.052199999999999818e+03 9.354944505645420572e-01
6.235600000000000364e+03 9.308028129127586814e-01
6.419000000000000000e+03 9.259635925778472165e-01
6.602400000000000546e+03 9.208731837496938466e-01
6.785800000000000182e+03 9.148950159749971167e-01
6.969200000000001637e+03 9.086150788029626613e-01
6.972065625000000182e+03 9.085141236897866790e-01
6.974931250000000546e+03 9.084111181737416496e-01
6.977796875000000000e+03 9.083053655685734418e-01
6.980662500000000364e+03 9.081994539697041402e-01
6.983528124999999818e+03 9.080933816343965681e-01
6.986393750000000182e+03 9.079871467747951952e-01
6.989259374999999636e+03 9.078807475561163631e-01
6.992125000000000000e+03 9.077741820947461404e-01
6.994990624999999454e+03 9.076674484562354817e-01
6.997856249999999818e+03 9.075605446531761489e-01
7.000721874999998363e+03 9.074534686429691632e-01
7.003587499999999636e+03 9.073462183254563662e-01
7.006453124999998181e+03 9.072387915404270808e-01
7.009318749999999454e+03 9.071311860649676762e-01
7.012184374999997999e+03 9.070233996106654706e-01
7.015049999999998363e+03 9.069154298206385523e-01
7.017915624999997817e+03 9.068072742663888519e-01
7.020781249999998181e+03 9.066989304444583730e-01
7.023646874999997635e+03 9.065903957728794760e-01
7.026512499999997999e+03 9.064816675873986762e-01
7.029378124999997453e+03 9.063727431374574151e-01
7.032243749999997817e+03 9.062636195819119278e-01
7.035109374999996362e+03 9.061542939844643429e-01
7.037974999999997635e+03 9.060379596780469003e-01
7.040840624999996180e+03 9.059198141364921408e-01
7.043706249999997453e+03 9.058013133808630046e-01
7.046571874999995998e+03 9.056824491510434560e-01
7.049437499999996362e+03 9.055632127930487441e-01
7.052303124999995816e+03 9.054435952310448954e-01
7.055168749999996180e+03 9.053235869367255439e-01
7.058034374999995634e+03 9.052031778957203567e-01
7.060899999999995998e+03 9.050823575706773427e-01
7.063765624999995453e+03 9.049611148606052646e-01
7.066631249999995816e+03 9.048394380559992012e-01
7.069496874999994361e+03 9.047173147891912626e-01
7.072362499999995634e+03 9.045947319792967400e-01
7.075228124999994179e+03 9.044716757710112853e-01
7.078093749999995453e+03 9.043481314663814885e-01
7.080959374999993997e+03 9.042240834485475443e-01
7.083824999999994361e+03 9.040995150962518601e-01
7.086690624999993815e+03 9.039744086877079532e-01
7.089556249999994179e+03 9.038458595528500172e-01
7.092421874999993634e+03 9.037037721911692634e-01
7.095287499999993997e+03 9.035604614721852723e-01
7.098153124999993452e+03 9.034158528009704758e-01
7.101018749999993815e+03 9.032698629774001953e-01
7.103884374999993270e+03 9.031223987111003382e-01
7.106749999999993634e+03 9.029733547870670840e-01
7.109615624999992178e+03 9.028226117755780988e-01
7.112481249999993452e+03 9.026700331393401333e-01
7.115346874999991996e+03 9.025154615310807538e-01
7.118212499999993270e+03 9.023587139851955152e-01
7.121078124999991815e+03 9.021995755692642227e-01
7.123943749999992178e+03 9.020377908437524628e-01
7.126809374999991633e+03 9.018687074076913168e-01
7.129674999999991996e+03 9.016918804563656131e-01
7.132540624999991451e+03 9.015094692283982525e-01
7.135406249999991815e+03 9.013202216706046599e-01
7.138271874999991269e+03 9.011223069897119631e-01
7.141137499999991633e+03 9.009128485022047661e-01
7.144003124999990177e+03 9.006868166287930189e-01
7.146868749999991451e+03 9.004337023422984698e-01
7.149734374999989996e+03 9.001213350214319897e-01
7.151167187499990177e+03 8.998880484162474769e-01
7.151525390624989996e+03 8.997801526528651506e-01
7.151614941406240177e+03 8.996869349595814080e-01
7.151616340637197027e+03 8.996916676980656336e-01
7.151617040252676816e+03 8.996963526903160036e-01
7.151617127704610539e+03 8.996980555047574546e-01
7.151617133170356283e+03 8.996983087270986612e-01
7.151617135903230519e+03 8.996984913159570274e-01
7.151617137269666273e+03 8.996986258730240715e-01
7.151617137952884150e+03 8.996987305507934130e-01
