3.668000000000000000e+03 9.811141649365702211e-01
3.851400000000000091e+03 9.791599637233597830e-01
4.034800000000000182e+03 9.771328724590157000e-01
4.218199999999999818e+03 9.748834837077798854e-01
4.401599999999999454e+03 9.726144023628670032e-01
4.585000000000000000e+03 9.703252348684202611e-01
4.768400000000000546e+03 9.677794550736255053e-01
4.951800000000000182e+03 9.650019278654042854e-01
5.135199999999999818e+03 9.610793304105806900e-01
5.318599999999999454e+03 9.566425547889394476e-01
5.502000000000000000e+03 9.520993739706621328e-01
5.685399999999999636e+03 9.474420521962015895e-01
5.868800000000000182e+03 9.426614111800551976e-01
6.052199999999999818e+03 9.377467122186405879e-01
6.235600000000000364e+03 9.315578274976148432e-01
6.419000000000000000e+03 9.233801834744006509e-01
6.602400000000000546e+03 9.147298449977226964e-01
6.785800000000000182e+03 9.055219197515139706e-01
6.969200000000001637e+03 8.956152908613651542e-01
6.972065625000000182e+03 8.954502194870821441e-01
6.974931250000000546e+03 8.952360633393091627e-01
6.977796875000000000e+03 8.949557800809180286e-01
6.980662500000000364e+03 8.946740723302634146e-01
6.983528124999999818e+03 8.943909158523616343e-01
6.986393750000000182e+03 8.941062856948150950e-01
6.989259374999999636e+03 8.938201561574498077e-01
6.992125000000000000e+03 8.935325007602807901e-01
6.994990624999999454e+03 8.932432922096777972e-01
6.997856249999999818e+03 8.929525023626261326e-01
7.000721874999998363e+03 8.926601021889173371e-01
7.003587499999999636e+03 8.923660617311568455e-01
7.006453124999998181e+03 8.920703500624045379e-01
7.009318749999999454e+03 8.917729352412955279e-01
7.012184374999997999e+03 8.914737842644377963e-01
7.015049999999998363e+03 8.911728630158864961e-01
7.017915624999997817e+03 8.908701362134877622e-01
7.020781249999998181e+03 8.905655673518215742e-01
7.023646874999997635e+03 8.902591186415057534e-01
7.026512499999997999e+03 8.899507509445496733e-01
7.029378124999997453e+03 8.896404237054597042e-01
7.032243749999997817e+03 8.893280948777247952e-01
7.035109374999996362e+03 8.890137208453189333e-01
7.037974999999997635e+03 8.886736768104706030e-01
7.040840624999996180e+03 8.883256556477365784e-01
7.043706249999997453e+03 8.879746196327951147e-01
7.046571874999995998e+03 8.876204799738673934e-01
7.049437499999996362e+03 8.872631433470529183e-01
7.052303124999995816e+03 8.869025115643576207e-01
7.055168749999996180e+03 8.865384812097570899e-01
7.058034374999995634e+03 8.861709432394236918e-01
7.060899999999995998e+03 8.857997825417097681e-01
7.063765624999995453e+03 8.854248774518292953e-01
7.066631249999995816e+03 8.850460992153741380e-01
7.069496874999994361e+03 8.846633113939464943e-01
7.072362499999995634e+03 8.842763692050359392e-01
7.075228124999994179e+03 8.838851187870550019e-01
7.078093749999995453e+03 8.834893963788730264e-01
7.080959374999993997e+03 8.830890274013566410e-01
7.083824999999994361e+03 8.826838254262090455e-01
7.086690624999993815e+03 8.822735910147332383e-01
7.089556249999994179e+03 8.818460230833115032e-01
7.092421874999993634e+03 8.813579790315467788e-01
7.095287499999993997e+03 8.808602847119733070e-01
7.098153124999993452e+03 8.803522855239404032e-01
7.101018749999993815e+03 8.798332488825326703e-01
7.103884374999993270e+03 8.793023505513257732e-01
7.106749999999993634e+03 8.787586577316771619e-01
7.109615624999992178e+03 8.782011079149025790e-01
7.112481249999993452e+03 8.776284821225875943e-01
7.115346874999991996e+03 8.770393705997096001e-01
7.118212499999993270e+03 8.764321281833131749e-01
7.121078124999991815e+03 8.758048152740416370e-01
7.123943749999992178e+03 8.751551182908605675e-01
7.126809374999991633e+03 8.743027842680347606e-01
7.129674999999991996e+03 8.732644907496807107e-01
7.132540624999991451e+03 8.721591074982332215e-01
7.135406249999991815e+03 8.709708770204964701e-01
7.138271874999991269e+03 8.696766716126601571e-01
7.141137499999991633e+03 8.682400128424481167e-01
7.144003124999990177e+03 8.665968747530443661e-01
7.146868749999991451e+03 8.646129447244682575e-01
7.149734374999989996e+03 8.618752932544002654e-01
7.151167187499990177e+03 8.595167493537527736e-01
7.151525390624989996e+03 8.582876687845292230e-01
7.151614941406240177e+03 8.571244012813605817e-01
7.151616340637197027e+03 8.571862213526386665e-01
7.151617040252676816e+03 8.572470986114788527e-01
7.151617127704610539e+03 8.572691475149976092e-01
7.151617133170356283e+03 8.572724228584996942e-01
7.151617135903230519e+03 8.572747840201910829e-01
7.151617137269666273e+03 8.572765237538996219e-01
7.151617137952884150e+03 8.572778769914044528e-01
