3.668000000000000000e+03 2.448773489307982487e+01
3.851400000000000091e+03 2.325027362331054093e+01
4.034800000000000182e+03 2.199605026084177339e+01
4.218199999999999818e+03 2.072257053551914652e+01
4.401599999999999454e+03 1.943109424690090492e+01
4.585000000000000000e+03 1.811584796787154872e+01
4.768400000000000546e+03 1.677375594452445995e+01
4.951800000000000182e+03 1.540682569001853430e+01
5.135199999999999818e+03 1.400652060770945440e+01
5.318599999999999454e+03 1.256266237102389738e+01
5.502000000000000000e+03 1.107621588500154530e+01
5.685399999999999636e+03 9.543469905573049417e+00
5.868800000000000182e+03 7.959737491390783681e+00
6.052199999999999818e+03 6.318974878437955134e+00
6.235600000000000364e+03 4.572317068612270496e+00
6.419000000000000000e+03 2.669900736727149226e+00
6.602400000000000546e+03 6.409215903554419391e-01
6.785800000000000182e+03 -1.534987715913153528e+00
6.969200000000001637e+03 -3.891422302133235256e+00
6.972065625000000182e+03 -3.930402252174921340e+00
6.974931250000000546e+03 -3.979708135441933692e+00
6.977796875000000000e+03 -4.042950927280447360e+00
6.980662500000000364e+03 -4.106546131463901794e+00
6.983528124999999818e+03 -4.170499752248144176e+00
6.986393750000000182e+03 -4.234817970744381377e+00
6.989259374999999636e+03 -4.299507152379168140e+00
6.992125000000000000e+03 -4.364573854761000682e+00
6.994990624999999454e+03 -4.430024835990358234e+00
6.997856249999999818e+03 -4.495867063435111000e+00
7.000721874999998363e+03 -4.562107723012584160e+00
7.003587499999999636e+03 -4.628754229008231746e+00
7.006453124999998181e+03 -4.695814234470806703e+00
7.009318749999999454e+03 -4.763295642228962734e+00
7.012184374999997999e+03 -4.831206616570500323e+00
7.015049999999998363e+03 -4.899555595639022876e+00
7.017915624999997817e+03 -4.968351304598134455e+00
7.020781249999998181e+03 -5.037602769624699661e+00
7.023646874999997635e+03 -5.107319332796881994e+00
7.026512499999997999e+03 -5.177510667945183442e+00
7.029378124999997453e+03 -5.248186797545181470e+00
7.032243749999997817e+03 -5.319358110739079493e+00
7.035109374999996362e+03 -5.391035382577206825e+00
7.037974999999997635e+03 -5.468147053852387529e+00
7.040840624999996180e+03 -5.547027216137588645e+00
7.043706249999997453e+03 -5.626646197922508641e+00
7.046571874999995998e+03 -5.707025745472505740e+00
7.049437499999996362e+03 -5.788188711497919137e+00
7.052303124999995816e+03 -5.870159136028266111e+00
7.055168749999996180e+03 -5.952962335065145716e+00
7.058034374999995634e+03 -6.036624997950782223e+00
7.060899999999995998e+03 -6.121175294525127875e+00
7.063765624999995453e+03 -6.206642993301766609e+00
7.066631249999995816e+03 -6.293059592084606635e+00
7.069496874999994361e+03 -6.380458462659166052e+00
7.072362499999995634e+03 -6.468875011471137526e+00
7.075228124999994179e+03 -6.558346858497576370e+00
7.078093749999995453e+03 -6.648914036901868663e+00
7.080959374999993997e+03 -6.740619216505265854e+00
7.083824999999994361e+03 -6.833507954645516413e+00
7.086690624999993815e+03 -6.927628978643264546e+00
7.089556249999994179e+03 -7.025789681392674346e+00
7.092421874999993634e+03 -7.137857634319087374e+00
7.095287499999993997e+03 -7.252275883080641528e+00
7.098153124999993452e+03 -7.369203605314320171e+00
7.101018749999993815e+03 -7.488818910624978287e+00
7.103884374999993270e+03 -7.611322155276910806e+00
7.106749999999993634e+03 -7.736940043027927594e+00
7.109615624999992178e+03 -7.865930752835246231e+00
7.112481249999993452e+03 -7.998590426465685077e+00
7.115346874999991996e+03 -8.135261484808218313e+00
7.118212499999993270e+03 -8.276343445562671874e+00
7.121078124999991815e+03 -8.422307228656430667e+00
7.123943749999992178e+03 -8.573714431363336885e+00
7.126809374999991633e+03 -8.751307020258936475e+00
7.129674999999991996e+03 -8.954714305221800785e+00
7.132540624999991451e+03 -9.171757922120514550e+00
7.135406249999991815e+03 -9.405635237968937190e+00
7.138271874999991269e+03 -9.661037870558141449e+00
7.141137499999991633e+03 -9.945363680465595380e+00
7.144003124999990177e+03 -1.027159342527520813e+01
7.146868749999991451e+03 -1.066694952238516514e+01
7.149734374999989996e+03 -1.121509542798357550e+01
7.151167187499990177e+03 -1.168967978391648366e+01
7.151525390624989996e+03 -1.193782812607019217e+01
7.151614941406240177e+03 -1.217319935571538458e+01
7.151616340637197027e+03 -1.216067864059220938e+01
7.151617040252676816e+03 -1.214835021262827830e+01
7.151617127704610539e+03 -1.214388535320360596e+01
7.151617133170356283e+03 -1.214322211746331881e+01
7.151617135903230519e+03 -1.214274399997292164e+01
7.151617137269666273e+03 -1.214239171825472141e+01
7.151617137952884150e+03 -1.214211769957767473e+01
