3.668000000000000000e+03 1.898052390522272859e+01
3.851400000000000091e+03 1.743934447726065784e+01
4.034800000000000182e+03 1.587997984160537612e+01
4.218199999999999818e+03 1.429994632275379551e+01
4.401599999999999454e+03 1.270038860914486811e+01
4.585000000000000000e+03 1.107549422577742604e+01
4.768400000000000546e+03 9.420807674425089928e+00
4.951800000000000182e+03 7.737221306992922543e+00
5.135199999999999818e+03 5.977961655751979464e+00
5.318599999999999454e+03 4.136714868957299451e+00
5.502000000000000000e+03 2.240586933805340131e+00
5.685399999999999636e+03 2.847573919426653055e-01
5.868800000000000182e+03 -1.736737613125900248e+00
6.052199999999999818e+03 -3.831423274951691660e+00
6.235600000000000364e+03 -6.061675416631329583e+00
6.419000000000000000e+03 -8.489301013485148317e+00
6.602400000000000546e+03 -1.107361435302438224e+01
6.785800000000000182e+03 -1.384029965209997748e+01
6.969200000000001637e+03 -1.683034211094769006e+01
6.972065625000000182e+03 -1.687965879403509462e+01
6.974931250000000546e+03 -1.693992423117023804e+01
6.977796875000000000e+03 -1.701496486181265411e+01
6.980662500000000364e+03 -1.709039002592385970e+01
6.983528124999999818e+03 -1.716620615111644810e+01
6.986393750000000182e+03 -1.724241985342053596e+01
6.989259374999999636e+03 -1.731903794521911166e+01
6.992125000000000000e+03 -1.739606744361526580e+01
6.994990624999999454e+03 -1.747351557927121846e+01
6.997856249999999818e+03 -1.755138980574138330e+01
7.000721874999998363e+03 -1.762969780934473363e+01
7.003587499999999636e+03 -1.770844751960665064e+01
7.006453124999998181e+03 -1.778764712031425432e+01
7.009318749999999454e+03 -1.786730506123167928e+01
7.012184374999997999e+03 -1.794743007051983241e+01
7.015049999999998363e+03 -1.802803116791857363e+01
7.017915624999997817e+03 -1.810911767874457112e+01
7.020781249999998181e+03 -1.819069924876998101e+01
7.023646874999997635e+03 -1.827278586005255079e+01
7.026512499999997999e+03 -1.835538784778861299e+01
7.029378124999997453e+03 -1.843851591827286285e+01
7.032243749999997817e+03 -1.852218116805833148e+01
7.035109374999996362e+03 -1.860639510441191646e+01
7.037974999999997635e+03 -1.869639465591377103e+01
7.040840624999996180e+03 -1.878828421696215045e+01
7.043706249999997453e+03 -1.888096968758966554e+01
7.046571874999995998e+03 -1.897447421651671107e+01
7.049437499999996362e+03 -1.906882212757404460e+01
7.052303124999995816e+03 -1.916403900553484974e+01
7.055168749999996180e+03 -1.926015179020071955e+01
7.058034374999995634e+03 -1.935718887973349212e+01
7.060899999999995998e+03 -1.945518024437272686e+01
7.063765624999995453e+03 -1.955415755184244375e+01
7.066631249999995816e+03 -1.965415430595639990e+01
7.069496874999994361e+03 -1.975520600015425288e+01
7.072362499999995634e+03 -1.985735028799754787e+01
7.075228124999994179e+03 -1.996062717296519651e+01
7.078093749999995453e+03 -2.006507922029535962e+01
7.080959374999993997e+03 -2.017075179409232533e+01
7.083824999999994361e+03 -2.027769332348326969e+01
7.086690624999993815e+03 -2.038595560230308479e+01
7.089556249999994179e+03 -2.049851106927566136e+01
7.092421874999993634e+03 -2.062580700371032805e+01
7.095287499999993997e+03 -2.075560825189004177e+01
7.098153124999993452e+03 -2.088808362111464945e+01
7.101018749999993815e+03 -2.102342198099557891e+01
7.103884374999993270e+03 -2.116183577519409553e+01
7.106749999999993634e+03 -2.130356536593252770e+01
7.109615624999992178e+03 -2.144888446626776002e+01
7.112481249999993452e+03 -2.159810701288164481e+01
7.115346874999991996e+03 -2.175159597594213423e+01
7.118212499999993270e+03 -2.190977481852452158e+01
7.121078124999991815e+03 -2.207314265031410372e+01
7.123943749999992178e+03 -2.224229464523852684e+01
7.126809374999991633e+03 -2.244485729351918835e+01
7.129674999999991996e+03 -2.267960457937552476e+01
7.132540624999991451e+03 -2.292957129568448238e+01
7.135406249999991815e+03 -2.319831908534922960e+01
7.138271874999991269e+03 -2.349107349784706500e+01
7.141137499999991633e+03 -2.381607339994969763e+01
7.144003124999990177e+03 -2.418777364707774424e+01
7.146868749999991451e+03 -2.463648470882515440e+01
7.149734374999989996e+03 -2.525534993412217233e+01
7.151167187499990177e+03 -2.578801785615457831e+01
7.151525390624989996e+03 -2.606534307273091500e+01
7.151614941406240177e+03 -2.632761559867607204e+01
7.151616340637197027e+03 -2.631368300965789331e+01
7.151617040252676816e+03 -2.629996227746623205e+01
7.151617127704610539e+03 -2.629499266472862118e+01
7.151617133170356283e+03 -2.629425442660964407e+01
7.151617135903230519e+03 -2.629372223717979651e+01
7.151617137269666273e+03 -2.629333011270381704e+01
7.151617137952884150e+03 -2.629302510156896133e+01
