3.668000000000000000e+03 1.400666025021960870e+01
3.851400000000000091e+03 1.193190788956672677e+01
4.034800000000000182e+03 9.830041475776051030e+00
4.218199999999999818e+03 7.698905382842060163e+00
4.401599999999999454e+03 5.536434090474677383e+00
4.585000000000000000e+03 3.335048558977609101e+00
4.768400000000000546e+03 1.091759581279974745e+00
4.951800000000000182e+03 -1.197633237833799269e+00
5.135199999999999818e+03 -3.554114255865034266e+00
5.318599999999999454e+03 -6.000990520680734797e+00
5.502000000000000000e+03 -8.519322208175649891e+00
5.685399999999999636e+03 -1.111649682082994595e+01
5.868800000000000182e+03 -1.381853647972505961e+01
6.052199999999999818e+03 -1.665742111809229797e+01
6.235600000000000364e+03 -1.962978764233174189e+01
6.419000000000000000e+03 -2.276399779244409771e+01
6.602400000000000546e+03 -2.615574960359779055e+01
6.785800000000000182e+03 -2.984413150231257816e+01
6.969200000000001637e+03 -3.386241646851018317e+01
6.972065625000000182e+03 -3.392905526413956352e+01
6.974931250000000546e+03 -3.400678304723160750e+01
6.977796875000000000e+03 -3.409947072318625061e+01
6.980662500000000364e+03 -3.419259692523444016e+01
6.983528124999999818e+03 -3.428616873322339842e+01
6.986393750000000182e+03 -3.438019343082154222e+01
6.989259374999999636e+03 -3.447467851402450378e+01
6.992125000000000000e+03 -3.456963170012045339e+01
6.994990624999999454e+03 -3.466506093716002823e+01
6.997856249999999818e+03 -3.476097441395265264e+01
7.000721874999998363e+03 -3.485738057063424833e+01
7.003587499999999636e+03 -3.495428810984896728e+01
7.006453124999998181e+03 -3.505170600857644558e+01
7.009318749999999454e+03 -3.514964353066804392e+01
7.012184374999997999e+03 -3.524811024012960559e+01
7.015049999999998363e+03 -3.534711601521890856e+01
7.017915624999997817e+03 -3.544667106340776286e+01
7.020781249999998181e+03 -3.554678593728684177e+01
7.023646874999997635e+03 -3.564747155147743740e+01
7.026512499999997999e+03 -3.574873920063462407e+01
7.029378124999997453e+03 -3.585060057862763472e+01
7.032243749999997817e+03 -3.595306779899507887e+01
7.035109374999996362e+03 -3.605615341678014829e+01
7.037974999999997635e+03 -3.617183809125087635e+01
7.040840624999996180e+03 -3.629107406720821416e+01
7.043706249999997453e+03 -3.641132188111771484e+01
7.046571874999995998e+03 -3.653261026001270295e+01
7.049437499999996362e+03 -3.665496936801207539e+01
7.052303124999995816e+03 -3.677843091046147350e+01
7.055168749999996180e+03 -3.690302824803542592e+01
7.058034374999995634e+03 -3.702879652200828531e+01
7.060899999999995998e+03 -3.715577279205476202e+01
7.063765624999995453e+03 -3.728399618815696215e+01
7.066631249999995816e+03 -3.741350807842903947e+01
7.069496874999994361e+03 -3.754435225494493267e+01
7.072362499999995634e+03 -3.767657514001070496e+01
7.075228124999994179e+03 -3.781022601568999164e+01
7.078093749999995453e+03 -3.794535727988906615e+01
7.080959374999993997e+03 -3.808202473286430489e+01
7.083824999999994361e+03 -3.822028789870584831e+01
7.086690624999993815e+03 -3.836021038716591391e+01
7.089556249999994179e+03 -3.850769312047484760e+01
7.092421874999993634e+03 -3.868336519635870729e+01
7.095287499999993997e+03 -3.886252891458568115e+01
7.098153124999993452e+03 -3.904541529237302910e+01
7.101018749999993815e+03 -3.923228253159591361e+01
7.103884374999993270e+03 -3.942342075257824519e+01
7.106749999999993634e+03 -3.961915784703098353e+01
7.109615624999992178e+03 -3.981986679212849367e+01
7.112481249999993452e+03 -4.002597489865994618e+01
7.115346874999991996e+03 -4.023797565872894211e+01
7.118212499999993270e+03 -4.045644414748804962e+01
7.121078124999991815e+03 -4.068205737793454801e+01
7.123943749999992178e+03 -4.091562170992656888e+01
7.126809374999991633e+03 -4.117286363404098637e+01
7.129674999999991996e+03 -4.145512299697693948e+01
7.132540624999991451e+03 -4.175490355022374445e+01
7.135406249999991815e+03 -4.207626422694019652e+01
7.138271874999991269e+03 -4.242515356587237108e+01
7.141137499999991633e+03 -4.281093968888595924e+01
7.144003124999990177e+03 -4.325003956896191681e+01
7.146868749999991451e+03 -4.377683650830329043e+01
7.149734374999989996e+03 -4.449685130450446024e+01
7.151167187499990177e+03 -4.510972301113672955e+01
7.151525390624989996e+03 -4.542600590376425629e+01
7.151614941406240177e+03 -4.572320598429477911e+01
7.151616340637197027e+03 -4.570746674157336997e+01
7.151617040252676816e+03 -4.569196137838264349e+01
7.151617127704610539e+03 -4.568634404653481340e+01
7.151617133170356283e+03 -4.568550952919552799e+01
7.151617135903230519e+03 -4.568490792324852379e+01
7.151617137269666273e+03 -4.568446464654949324e+01
7.151617137952884150e+03 -4.568411984399559600e+01
