3.668000000000000000e+03 1.005000000000000115e+00
3.851400000000000091e+03 1.005000000000000115e+00
4.034800000000000182e+03 1.005000000000000115e+00
4.218199999999999818e+03 1.005000000000000115e+00
4.401599999999999454e+03 1.005000000000000115e+00
4.585000000000000000e+03 1.005000000000000115e+00
4.768400000000000546e+03 1.005000000000000115e+00
4.951800000000000182e+03 1.005000000000000115e+00
5.135199999999999818e+03 1.005000000000000115e+00
5.318599999999999454e+03 1.005000000000000115e+00
5.502000000000000000e+03 1.005000000000000115e+00
5.685399999999999636e+03 1.005000000000000115e+00
5.868800000000000182e+03 1.004304668833323255e+00
6.052199999999999818e+03 1.002353422176749609e+00
6.235600000000000364e+03 1.000155987371713184e+00
6.419000000000000000e+03 9.976395209274178111e-01
6.602400000000000546e+03 9.947850708004816189e-01
6.785800000000000182e+03 9.915113928645322705e-01
6.969200000000001637e+03 9.878162266405846603e-01
6.972065625000000182e+03 9.877539501063355987e-01
6.974931250000000546e+03 9.876745243492096593e-01
6.977796875000000000e+03 9.875720152415031761e-01
6.980662500000000364e+03 9.874689521042107065e-01
6.983528124999999818e+03 9.873653262560927457e-01
6.986393750000000182e+03 9.872611287678969560e-01
6.989259374999999636e+03 9.871563504520426413e-01
6.992125000000000000e+03 9.870509818517475553e-01
6.994990624999999454e+03 9.869450132295434219e-01
6.997856249999999818e+03 9.868384345551537429e-01
7.000721874999998363e+03 9.867312354926820461e-01
7.003587499999999636e+03 9.866234053870539533e-01
7.006453124999998181e+03 9.865149332496797596e-01
7.009318749999999454e+03 9.864058077432578120e-01
7.012184374999997999e+03 9.862960171656742769e-01
7.015049999999998363e+03 9.861855494329171412e-01
7.017915624999997817e+03 9.860743920609442714e-01
7.020781249999998181e+03 9.859625321464097203e-01
7.023646874999997635e+03 9.858499563461703419e-01
7.026512499999997999e+03 9.857366508554752382e-01
7.029378124999997453e+03 9.856226013847273482e-01
7.032243749999997817e+03 9.855077931347033804e-01
7.035109374999996362e+03 9.853922107701049704e-01
7.037974999999997635e+03 9.851982748212791963e-01
7.040840624999996180e+03 9.849856994366134044e-01
7.043706249999997453e+03 9.847711640301322067e-01
7.046571874999995998e+03 9.845546142042892468e-01
7.049437499999996362e+03 9.843359928604753506e-01
7.052303124999995816e+03 9.841152400039469006e-01
7.055168749999996180e+03 9.838922925301318845e-01
7.058034374999995634e+03 9.836670839900621965e-01
7.060899999999995998e+03 9.834395443323784569e-01
7.063765624999995453e+03 9.832095996189761378e-01
7.066631249999995816e+03 9.829771717109038187e-01
7.069496874999994361e+03 9.827421779206221286e-01
7.072362499999995634e+03 9.825045306260697942e-01
7.075228124999994179e+03 9.822641368412882157e-01
7.078093749999995453e+03 9.820208977374418335e-01
7.080959374999993997e+03 9.817747081070182791e-01
7.083824999999994361e+03 9.815254557627181020e-01
7.086690624999993815e+03 9.812730208610132010e-01
7.089556249999994179e+03 9.809953459115650087e-01
7.092421874999993634e+03 9.806160538787349612e-01
7.095287499999993997e+03 9.802289953641737386e-01
7.098153124999993452e+03 9.798336640587214097e-01
7.101018749999993815e+03 9.794294943729180414e-01
7.103884374999993270e+03 9.790158511384274842e-01
7.106749999999993634e+03 9.785920168779321804e-01
7.109615624999992178e+03 9.781571759010659894e-01
7.112481249999993452e+03 9.777103941998976921e-01
7.115346874999991996e+03 9.772505936997658571e-01
7.118212499999993270e+03 9.767765187944477123e-01
7.121078124999991815e+03 9.762866921305186629e-01
7.123943749999992178e+03 9.757793550832931651e-01
7.126809374999991633e+03 9.752161665809588875e-01
7.129674999999991996e+03 9.745948872955922937e-01
7.132540624999991451e+03 9.739348270516754447e-01
7.135406249999991815e+03 9.732270608552299196e-01
7.138271874999991269e+03 9.724585159094227826e-01
7.141137499999991633e+03 9.716086157209451457e-01
7.144003124999990177e+03 9.706413215082732027e-01
7.146868749999991451e+03 9.694811974220541861e-01
7.149734374999989996e+03 9.678968743978257905e-01
7.151167187499990177e+03 9.665502741625049410e-01
7.151525390624989996e+03 9.658563254298742073e-01
7.151614941406240177e+03 9.652050046969966601e-01
7.151616340637197027e+03 9.652394772884019813e-01
7.151617040252676816e+03 9.652734399464396597e-01
7.151617127704610539e+03 9.652857446094350591e-01
7.151617133170356283e+03 9.652875726299644521e-01
7.151617135903230519e+03 9.652888904593035502e-01
7.151617137269666273e+03 9.652898614675883282e-01
7.151617137952884150e+03 9.652906167671709836e-01
