3.668000000000000000e+03 1.005000000000000115e+00
3.851400000000000091e+03 1.005000000000000115e+00
4.034800000000000182e+03 1.005000000000000115e+00
4.218199999999999818e+03 1.005000000000000115e+00
4.401599999999999454e+03 1.005000000000000115e+00
4.585000000000000000e+03 1.005000000000000115e+00
4.768400000000000546e+03 1.005000000000000115e+00
4.951800000000000182e+03 1.005000000000000115e+00
5.135199999999999818e+03 1.005000000000000115e+00
5.318599999999999454e+03 1.005000000000000115e+00
5.502000000000000000e+03 1.005000000000000115e+00
5.685399999999999636e+03 1.005000000000000115e+00
5.868800000000000182e+03 1.005000000000000115e+00
6.052199999999999818e+03 1.005000000000000115e+00
6.235600000000000364e+03 1.005000000000000115e+00
6.419000000000000000e+03 1.004076404222444818e+00
6.602400000000000546e+03 9.921188242990194306e-01
6.785800000000000182e+03 9.788278109449751740e-01
6.969200000000001637e+03 9.640354562741864086e-01
6.972065625000000182e+03 9.637889259282784726e-01
6.974931250000000546e+03 9.634873391962712752e-01
6.977796875000000000e+03 9.631116786829874155e-01
6.980662500000000364e+03 9.627342152649482898e-01
6.983528124999999818e+03 9.623549214108524374e-01
6.986393750000000182e+03 9.619737688126583919e-01
6.989259374999999636e+03 9.615907283534705918e-01
6.992125000000000000e+03 9.612057700736887922e-01
6.994990624999999454e+03 9.608188631352674314e-01
6.997856249999999818e+03 9.604299757839862561e-01
7.000721874999998363e+03 9.600390753095882079e-01
7.003587499999999636e+03 9.596461280036024943e-01
7.006453124999998181e+03 9.592510991147461530e-01
7.009318749999999454e+03 9.588539528016626345e-01
7.012184374999997999e+03 9.584546520828565175e-01
7.015049999999998363e+03 9.580531587835768859e-01
7.017915624999997817e+03 9.576494334794466434e-01
7.020781249999998181e+03 9.572434354365603193e-01
7.023646874999997635e+03 9.568351225478053390e-01
7.026512499999997999e+03 9.564244512650847962e-01
7.029378124999997453e+03 9.560113765271289754e-01
7.032243749999997817e+03 9.555958516825256988e-01
7.035109374999996362e+03 9.551778284075790326e-01
7.037974999999997635e+03 9.546076043099672725e-01
7.040840624999996180e+03 9.540000095571375960e-01
7.043706249999997453e+03 9.533871535160916011e-01
7.046571874999995998e+03 9.527688918778531857e-01
7.049437499999996362e+03 9.521450732072928025e-01
7.052303124999995816e+03 9.515155384298611407e-01
7.055168749999996180e+03 9.508801202693898391e-01
7.058034374999995634e+03 9.502386426310458489e-01
7.060899999999995998e+03 9.495909199227647868e-01
7.063765624999995453e+03 9.489367563074343481e-01
7.066631249999995816e+03 9.482759448769678690e-01
7.069496874999994361e+03 9.476082667380314462e-01
7.072362499999995634e+03 9.469334899974912734e-01
7.075228124999994179e+03 9.462513686338054342e-01
7.078093749999995453e+03 9.455616412381901981e-01
7.080959374999993997e+03 9.448640296066441735e-01
7.083824999999994361e+03 9.441582371605423685e-01
7.086690624999993815e+03 9.434439471695398316e-01
7.089556249999994179e+03 9.426387202999816362e-01
7.092421874999993634e+03 9.414578251894160088e-01
7.095287499999993997e+03 9.402536601330981902e-01
7.098153124999993452e+03 9.390247193714904572e-01
7.101018749999993815e+03 9.377693214167606151e-01
7.103884374999993270e+03 9.364855785731116544e-01
7.106749999999993634e+03 9.351713592674059106e-01
7.109615624999992178e+03 9.338242409961455825e-01
7.112481249999993452e+03 9.324414508558037662e-01
7.115346874999991996e+03 9.310197893897260712e-01
7.118212499999993270e+03 9.295555316336855389e-01
7.121078124999991815e+03 9.280442963950895630e-01
7.123943749999992178e+03 9.264808703054712158e-01
7.126809374999991633e+03 9.247616282830521950e-01
7.129674999999991996e+03 9.228784661454002558e-01
7.132540624999991451e+03 9.208814487290941653e-01
7.135406249999991815e+03 9.187444871728717155e-01
7.138271874999991269e+03 9.164293841207024061e-01
7.141137499999991633e+03 9.138760427880303627e-01
7.144003124999990177e+03 9.109792520225928891e-01
7.146868749999991451e+03 9.075188835404554011e-01
7.149734374999989996e+03 9.028201060018082869e-01
7.151167187499990177e+03 8.988536364893764397e-01
7.151525390624989996e+03 8.968204636032849342e-01
7.151614941406240177e+03 8.949195192123897691e-01
7.151616340637197027e+03 8.950199449686245812e-01
7.151617040252676816e+03 8.951189059148741967e-01
7.151617127704610539e+03 8.951547645060131675e-01
7.151617133170356283e+03 8.951600920036880682e-01
7.151617135903230519e+03 8.951639326607752079e-01
7.151617137269666273e+03 8.951667625688130014e-01
7.151617137952884150e+03 8.951689638266457916e-01
