3.668000000000000000e+03 2.676902103772807351e+01
3.851400000000000091e+03 3.065015815652171938e+01
4.034800000000000182e+03 3.457003759330919479e+01
4.218199999999999818e+03 3.852936297994308745e+01
4.401599999999999454e+03 4.252901141627512516e+01
4.585000000000000000e+03 4.656947533836785880e+01
4.768400000000000546e+03 5.095317430941329206e+01
4.951800000000000182e+03 5.594290632718892908e+01
5.135199999999999818e+03 6.311277611815756927e+01
5.318599999999999454e+03 7.285896803827294832e+01
5.502000000000000000e+03 8.299669273101770273e+01
5.685399999999999636e+03 9.354097827596132220e+01
5.868800000000000182e+03 1.046828687142148340e+02
6.052199999999999818e+03 1.166336962178769454e+02
6.235600000000000364e+03 1.291944652450797548e+02
6.419000000000000000e+03 1.425206748837019006e+02
6.602400000000000546e+03 1.574852748792123975e+02
6.785800000000000182e+03 1.744223937554365307e+02
6.969200000000001637e+03 1.928725981801795797e+02
6.972065625000000182e+03 1.931761251706232656e+02
6.974931250000000546e+03 1.934977078227239247e+02
6.977796875000000000e+03 1.938435771581284541e+02
6.980662500000000364e+03 1.941905149497860066e+02
6.983528124999999818e+03 1.945385354504807651e+02
6.986393750000000182e+03 1.948876532953626395e+02
6.989259374999999636e+03 1.952378835174084770e+02
6.992125000000000000e+03 1.955892415637178487e+02
6.994990624999999454e+03 1.959417433127023003e+02
6.997856249999999818e+03 1.962954050922364786e+02
7.000721874999998363e+03 1.966502436987848910e+02
7.003587499999999636e+03 1.970062764176923622e+02
7.006453124999998181e+03 1.973635210445590928e+02
7.009318749999999454e+03 1.977219959079300224e+02
7.012184374999997999e+03 1.980817198932751637e+02
7.015049999999998363e+03 1.984427124684651176e+02
7.017915624999997817e+03 1.988049937107417691e+02
7.020781249999998181e+03 1.991685843353994869e+02
7.023646874999997635e+03 1.995335057262373084e+02
7.026512499999997999e+03 1.998997799679649745e+02
7.029378124999997453e+03 2.002674298806856825e+02
7.032243749999997817e+03 2.006364790566562988e+02
7.035109374999996362e+03 2.010069518994798159e+02
7.037974999999997635e+03 2.014358469888755394e+02
7.040840624999996180e+03 2.018796255144297334e+02
7.043706249999997453e+03 2.023260930615561222e+02
7.046571874999995998e+03 2.027753185551947297e+02
7.049437499999996362e+03 2.032273742492028248e+02
7.052303124999995816e+03 2.036823359637459703e+02
7.055168749999996180e+03 2.041402833451642209e+02
7.058034374999995634e+03 2.046013001510791014e+02
7.060899999999995998e+03 2.050654745637575331e+02
7.063765624999995453e+03 2.055328995353057451e+02
7.066631249999995816e+03 2.060036731687241911e+02
7.069496874999994361e+03 2.064778991395308765e+02
7.072362499999995634e+03 2.069556871633965898e+02
7.075228124999994179e+03 2.074371535161143356e+02
7.078093749999995453e+03 2.079224216132770664e+02
7.080959374999993997e+03 2.084116226583287528e+02
7.083824999999994361e+03 2.089048963691875826e+02
7.086690624999993815e+03 2.094023917953994385e+02
7.089556249999994179e+03 2.099290729765457968e+02
7.092421874999993634e+03 2.105716749294306851e+02
7.095287499999993997e+03 2.112243105790331299e+02
7.098153124999993452e+03 2.118876129328261868e+02
7.101018749999993815e+03 2.125622882990471112e+02
7.103884374999993270e+03 2.132491289536266947e+02
7.106749999999993634e+03 2.139490287887630871e+02
7.109615624999992178e+03 2.146630028517047890e+02
7.112481249999993452e+03 2.153922120294768661e+02
7.115346874999991996e+03 2.161379946457232961e+02
7.118212499999993270e+03 2.169019075012475355e+02
7.121078124999991815e+03 2.176857800671272969e+02
7.123943749999992178e+03 2.184917873974890767e+02
7.126809374999991633e+03 2.193599523502776947e+02
7.129674999999991996e+03 2.202940268534769075e+02
7.132540624999991451e+03 2.212753536141646293e+02
7.135406249999991815e+03 2.223146325339799034e+02
7.138271874999991269e+03 2.234275145787239296e+02
7.141137499999991633e+03 2.246385998549570786e+02
7.144003124999990177e+03 2.259909131126362922e+02
7.146868749999991451e+03 2.275743815694235082e+02
7.149734374999989996e+03 2.296643877161022829e+02
7.151167187499990177e+03 2.313692795101020465e+02
7.151525390624989996e+03 2.322200073537195522e+02
7.151614941406240177e+03 2.330000301551230564e+02
7.151616340637197027e+03 2.329592093915160831e+02
7.151617040252676816e+03 2.329189409625747942e+02
7.151617127704610539e+03 2.329043391335743536e+02
7.151617133170356283e+03 2.329021692682320577e+02
7.151617135903230519e+03 2.329006049097197035e+02
7.151617137269666273e+03 2.328994522037842785e+02
7.151617137952884150e+03 2.328985555417646083e+02
