3.668000000000000000e+03 2.104987053422171783e+01
3.851400000000000091e+03 1.919002378807406117e+01
4.034800000000000182e+03 1.730266419641840159e+01
4.218199999999999818e+03 1.538561648846768648e+01
4.401599999999999454e+03 1.343686593254626516e+01
4.585000000000000000e+03 1.144904706176103204e+01
4.768400000000000546e+03 9.419837132479578656e+00
4.951800000000000182e+03 7.345682186426668814e+00
5.135199999999999818e+03 5.205897740755072611e+00
5.318599999999999454e+03 2.971230734620429192e+00
5.502000000000000000e+03 6.684555185934837329e-01
5.685399999999999636e+03 -1.710488456587688999e+00
5.868800000000000182e+03 -4.193285976266187376e+00
6.052199999999999818e+03 -6.811370180363288895e+00
6.235600000000000364e+03 -9.560376208149728328e+00
6.419000000000000000e+03 -1.246883495849001022e+01
6.602400000000000546e+03 -1.563028767627966253e+01
6.785800000000000182e+03 -1.904585643554792895e+01
6.969200000000001637e+03 -2.278344270863211207e+01
6.972065625000000182e+03 -2.284560003134926021e+01
6.974931250000000546e+03 -2.291870640711426432e+01
6.977796875000000000e+03 -2.300658401516004758e+01
6.980662500000000364e+03 -2.309489309827501913e+01
6.983528124999999818e+03 -2.318364063197380176e+01
6.986393750000000182e+03 -2.327283379260149587e+01
6.989259374999999636e+03 -2.336247996571463403e+01
6.992125000000000000e+03 -2.345258675491430012e+01
6.994990624999999454e+03 -2.354316199117687702e+01
6.997856249999999818e+03 -2.363421374270282271e+01
7.000721874999998363e+03 -2.372575032532902384e+01
7.003587499999999636e+03 -2.381778031354557257e+01
7.006453124999998181e+03 -2.391031255214885931e+01
7.009318749999999454e+03 -2.400335616859304366e+01
7.012184374999997999e+03 -2.409692058607697973e+01
7.015049999999998363e+03 -2.419101553743399435e+01
7.017915624999997817e+03 -2.428565107987319394e+01
7.020781249999998181e+03 -2.438083761064979527e+01
7.023646874999997635e+03 -2.447658588372764044e+01
7.026512499999997999e+03 -2.457290702751648581e+01
7.029378124999997453e+03 -2.466981256376955756e+01
7.032243749999997817e+03 -2.476731442773692748e+01
7.035109374999996362e+03 -2.486542498967844139e+01
7.037974999999997635e+03 -2.497596218263332091e+01
7.040840624999996180e+03 -2.509000118210463270e+01
7.043706249999997453e+03 -2.520503700296546512e+01
7.046571874999995998e+03 -2.532109796414497183e+01
7.049437499999996362e+03 -2.543821380121678288e+01
7.052303124999995816e+03 -2.555641576905495072e+01
7.055168749999996180e+03 -2.567573675430793756e+01
7.058034374999995634e+03 -2.579621139888197945e+01
7.060899999999995998e+03 -2.591787623577491573e+01
7.063765624999995453e+03 -2.604076983881451568e+01
7.066631249999995816e+03 -2.616493298808709156e+01
7.069496874999994361e+03 -2.629040885311123787e+01
7.072362499999995634e+03 -2.641724319616406547e+01
7.075228124999994179e+03 -2.654548459852749787e+01
7.078093749999995453e+03 -2.667518471291394633e+01
7.080959374999993997e+03 -2.680639854587924020e+01
7.083824999999994361e+03 -2.693918477471066808e+01
7.086690624999993815e+03 -2.707360610408183632e+01
7.089556249999994179e+03 -2.721548110369263540e+01
7.092421874999993634e+03 -2.738515121371266758e+01
7.095287499999993997e+03 -2.755826345279829681e+01
7.098153124999993452e+03 -2.773504560400025909e+01
7.101018749999993815e+03 -2.791575225367195401e+01
7.103884374999993270e+03 -2.810066945874740796e+01
7.106749999999993634e+03 -2.829012051742516221e+01
7.109615624999992178e+03 -2.848447318043570320e+01
7.112481249999993452e+03 -2.868414876917112011e+01
7.115346874999991996e+03 -2.888963385678144746e+01
7.118212499999993270e+03 -2.910149545328317444e+01
7.121078124999991815e+03 -2.932040107400376883e+01
7.123943749999992178e+03 -2.954714576292507999e+01
7.126809374999991633e+03 -2.979723243351653039e+01
7.129674999999991996e+03 -3.007198252415380324e+01
7.132540624999991451e+03 -3.036400697864655740e+01
7.135406249999991815e+03 -3.067730755349434446e+01
7.138271874999991269e+03 -3.101774895471440630e+01
7.141137499999991633e+03 -3.139456721678867268e+01
7.144003124999990177e+03 -3.182394772372301261e+01
7.146868749999991451e+03 -3.233978848675780426e+01
7.149734374999989996e+03 -3.304612008831088588e+01
7.151167187499990177e+03 -3.364857841984696307e+01
7.151525390624989996e+03 -3.395995339328661800e+01
7.151614941406240177e+03 -3.425284298419052931e+01
7.151616340637197027e+03 -3.423732453679248522e+01
7.151617040252676816e+03 -3.422203751437965735e+01
7.151617127704610539e+03 -3.421649948582984990e+01
7.151617133170356283e+03 -3.421567675904416461e+01
7.151617135903230519e+03 -3.421508365441124511e+01
7.151617137269666273e+03 -3.421464664245831955e+01
7.151617137952884150e+03 -3.421430671339625462e+01
