3.668000000000000000e+03 1.179309746323829522e+01
3.851400000000000091e+03 9.604424085625328900e+00
4.034800000000000182e+03 7.387819409184618102e+00
4.218199999999999818e+03 5.141539404278705483e+00
4.401599999999999454e+03 2.863508728237367684e+00
4.585000000000000000e+03 5.461798141363618520e-01
4.768400000000000546e+03 -1.815710902798154835e+00
4.951800000000000182e+03 -4.230185222260979927e+00
5.135199999999999818e+03 -6.711635511685590139e+00
5.318599999999999454e+03 -9.266593109445357968e+00
5.502000000000000000e+03 -1.189580354330073142e+01
5.685399999999999636e+03 -1.460676490357737123e+01
5.868800000000000182e+03 -1.742576386227501573e+01
6.052199999999999818e+03 -2.038527105124872918e+01
6.235600000000000364e+03 -2.348167476594969472e+01
6.419000000000000000e+03 -2.674416806883606768e+01
6.602400000000000546e+03 -3.027151650260321247e+01
6.785800000000000182e+03 -3.410769496440413207e+01
6.969200000000001637e+03 -3.828243701499750529e+01
6.972065625000000182e+03 -3.835159678230715485e+01
6.974931250000000546e+03 -3.843188171096746686e+01
6.977796875000000000e+03 -3.852717465414271913e+01
6.980662500000000364e+03 -3.862290995909123126e+01
6.983528124999999818e+03 -3.871909474015495789e+01
6.986393750000000182e+03 -3.881573631627385623e+01
6.989259374999999636e+03 -3.891284221952094668e+01
6.992125000000000000e+03 -3.901042020409829547e+01
6.994990624999999454e+03 -3.910847825583896054e+01
6.997856249999999818e+03 -3.920702460223732544e+01
7.000721874999998363e+03 -3.930606772305247176e+01
7.003587499999999636e+03 -3.940561636152757075e+01
7.006453124999998181e+03 -3.950567953625691331e+01
7.009318749999999454e+03 -3.960626655376412941e+01
7.012184374999997999e+03 -3.970738702182926261e+01
7.015049999999998363e+03 -3.980905086363333822e+01
7.017915624999997817e+03 -3.991126833277000685e+01
7.020781249999998181e+03 -4.001405002920313336e+01
7.023646874999997635e+03 -4.011740691623435850e+01
7.026512499999997999e+03 -4.022135033856566366e+01
7.029378124999997453e+03 -4.032589204154260898e+01
7.032243749999997817e+03 -4.043104419167661945e+01
7.035109374999996362e+03 -4.053681939855150773e+01
7.037974999999997635e+03 -4.065538645753390767e+01
7.040840624999996180e+03 -4.077755385515357744e+01
7.043706249999997453e+03 -4.090074183071384795e+01
7.046571874999995998e+03 -4.102497929455929437e+01
7.049437499999996362e+03 -4.115029660243381215e+01
7.052303124999995816e+03 -4.127672566019886347e+01
7.055168749999996180e+03 -4.140430003856637597e+01
7.058034374999995634e+03 -4.153305509906094528e+01
7.060899999999995998e+03 -4.166302813257907900e+01
7.063765624999995453e+03 -4.179425851213106569e+01
7.066631249999995816e+03 -4.192678786158581516e+01
7.069496874999994361e+03 -4.206066024251570212e+01
7.072362499999995634e+03 -4.219592236159537890e+01
7.075228124999994179e+03 -4.233262380137818326e+01
7.078093749999995453e+03 -4.247081727777418081e+01
7.080959374999993997e+03 -4.261055892811272372e+01
7.083824999999994361e+03 -4.275190863436770172e+01
7.086690624999993815e+03 -4.289493038694178750e+01
7.089556249999994179e+03 -4.304561148571106344e+01
7.092421874999993634e+03 -4.322488091356232331e+01
7.095287499999993997e+03 -4.340767328466299801e+01
7.098153124999993452e+03 -4.359422143893294077e+01
7.101018749999993815e+03 -4.378478560754369653e+01
7.103884374999993270e+03 -4.397965818206932909e+01
7.106749999999993634e+03 -4.417916961106303120e+01
7.109615624999992178e+03 -4.438369576856395327e+01
7.112481249999993452e+03 -4.459366727094314342e+01
7.115346874999991996e+03 -4.480958141244215653e+01
7.118212499999993270e+03 -4.503201768088106149e+01
7.121078124999991815e+03 -4.526165826279647320e+01
7.123943749999992178e+03 -4.549931565452040871e+01
7.126809374999991633e+03 -4.576082022715030462e+01
7.129674999999991996e+03 -4.604752321625736755e+01
7.132540624999991451e+03 -4.635188178116150937e+01
7.135406249999991815e+03 -4.667798423103170080e+01
7.138271874999991269e+03 -4.703182196618347177e+01
7.141137499999991633e+03 -4.742283030819012879e+01
7.144003124999990177e+03 -4.786754345963371549e+01
7.146868749999991451e+03 -4.840058910576380669e+01
7.149734374999989996e+03 -4.912823431517350059e+01
7.151167187499990177e+03 -4.974670979929997827e+01
7.151525390624989996e+03 -5.006554039302179149e+01
7.151614941406240177e+03 -5.036490817508736484e+01
7.151616340637197027e+03 -5.034905979906591256e+01
7.151617040252676816e+03 -5.033344629623481126e+01
7.151617127704610539e+03 -5.032778963369913328e+01
7.151617133170356283e+03 -5.032694926638897215e+01
7.151617135903230519e+03 -5.032634344206495314e+01
7.151617137269666273e+03 -5.032589705657323265e+01
7.151617137952884150e+03 -5.032554983549554350e+01
