3.668000000000000000e+03 -7.009790494934016181e+00
3.851400000000000091e+03 -1.965627693655580543e+00
4.034800000000000182e+03 3.155501701992690755e+00
4.218199999999999818e+03 8.537771997463543983e+00
4.401599999999999454e+03 1.419058455024850574e+01
4.585000000000000000e+03 2.012732302235526305e+01
4.768400000000000546e+03 2.400000000000095213e+01
4.951800000000000182e+03 2.400000000000249401e+01
5.135199999999999818e+03 2.400000000000165556e+01
5.318599999999999454e+03 2.400000000000321165e+01
5.502000000000000000e+03 2.399999999999992895e+01
5.685399999999999636e+03 2.400000000000108358e+01
5.868800000000000182e+03 2.399999999999920064e+01
6.052199999999999818e+03 2.400000000000140687e+01
6.235600000000000364e+03 2.399999999999918643e+01
6.419000000000000000e+03 2.400000000000106226e+01
6.602400000000000546e+03 2.400000000000196465e+01
6.785800000000000182e+03 2.400000000000268230e+01
6.969200000000001637e+03 2.399999999999954881e+01
6.972065625000000182e+03 2.400000000000244782e+01
6.974931250000000546e+03 2.399999999999629097e+01
6.977796875000000000e+03 2.400000000000290612e+01
6.980662500000000364e+03 2.400000000000207834e+01
6.983528124999999818e+03 2.400000000000061817e+01
6.986393750000000182e+03 2.399999999999926459e+01
6.989259374999999636e+03 2.400000000000147082e+01
6.992125000000000000e+03 2.399999999999884182e+01
6.994990624999999454e+03 2.400000000000039435e+01
6.997856249999999818e+03 2.399999999999815259e+01
7.000721874999998363e+03 2.400000000000054357e+01
7.003587499999999636e+03 2.400000000000007816e+01
7.006453124999998181e+03 2.400000000000019185e+01
7.009318749999999454e+03 2.399999999999985789e+01
7.012184374999997999e+03 2.400000000000201439e+01
7.015049999999998363e+03 2.399999999999913669e+01
7.017915624999997817e+03 2.400000000000048672e+01
7.020781249999998181e+03 2.399999999999974420e+01
7.023646874999997635e+03 2.399999999999909406e+01
7.026512499999997999e+03 2.399999999999898392e+01
7.029378124999997453e+03 2.400000000000130740e+01
7.032243749999997817e+03 2.400000000000032330e+01
7.035109374999996362e+03 2.400000000000139977e+01
7.037974999999997635e+03 2.400000000000050093e+01
7.040840624999996180e+03 2.399999999999939604e+01
7.043706249999997453e+03 2.399999999999652545e+01
7.046571874999995998e+03 2.399999999999825917e+01
7.049437499999996362e+03 2.399999999999933920e+01
7.052303124999995816e+03 2.400000000000015632e+01
7.055168749999996180e+03 2.400000000000003197e+01
7.058034374999995634e+03 2.399999999999893063e+01
7.060899999999995998e+03 2.400000000000032330e+01
7.063765624999995453e+03 2.399999999999932854e+01
7.066631249999995816e+03 2.400000000000000711e+01
7.069496874999994361e+03 2.399999999999996447e+01
7.072362499999995634e+03 2.400000000000004974e+01
7.075228124999994179e+03 2.399999999999808153e+01
7.078093749999995453e+03 2.399999999999939249e+01
7.080959374999993997e+03 2.399999999999797140e+01
7.083824999999994361e+03 2.399999999999912959e+01
7.086690624999993815e+03 2.400000000000034106e+01
7.089556249999994179e+03 2.399999999999695177e+01
7.092421874999993634e+03 2.400000000000005684e+01
7.095287499999993997e+03 2.399999999999879563e+01
7.098153124999993452e+03 2.400000000000101252e+01
7.101018749999993815e+03 2.399999999999842260e+01
7.103884374999993270e+03 2.400000000000251177e+01
7.106749999999993634e+03 2.400000000000245137e+01
7.109615624999992178e+03 2.399999999999841904e+01
7.112481249999993452e+03 2.399999999999726441e+01
7.115346874999991996e+03 2.400000000000140332e+01
7.118212499999993270e+03 2.400000000000076028e+01
7.121078124999991815e+03 2.400000000000052580e+01
7.123943749999992178e+03 2.399999999999871747e+01
7.126809374999991633e+03 2.400000000000238032e+01
7.129674999999991996e+03 2.400000000000110134e+01
7.132540624999991451e+03 2.400000000000029132e+01
7.135406249999991815e+03 2.400000000000145661e+01
7.138271874999991269e+03 2.399999999999585043e+01
7.141137499999991633e+03 2.400000000000198241e+01
7.144003124999990177e+03 2.399999999999906564e+01
7.146868749999991451e+03 2.399999999999970512e+01
7.149734374999989996e+03 2.400000000000122213e+01
7.151167187499990177e+03 2.400000000000102673e+01
7.151525390624989996e+03 2.400000000000061817e+01
7.151614941406240177e+03 2.399999999999963762e+01
7.151616340637197027e+03 2.400000000000143885e+01
7.151617040252676816e+03 2.399999999999974776e+01
7.151617127704610539e+03 2.400000000000121503e+01
7.151617133170356283e+03 2.399999999999876366e+01
7.151617135903230519e+03 2.400000000000004974e+01
7.151617137269666273e+03 2.399999999999898037e+01
7.151617137952884150e+03 2.400000000000048317e+01
