3.668000000000000000e+03 1.558440399617882122e+01
3.851400000000000091e+03 1.346321652584059692e+01
4.034800000000000182e+03 1.131410925690010139e+01
4.218199999999999818e+03 9.134828719873283376e+00
4.401599999999999454e+03 6.923340374833703237e+00
4.585000000000000000e+03 4.672244133591042292e+00
4.768400000000000546e+03 2.377997778261725426e+00
4.951800000000000182e+03 3.502409245500722607e-02
5.135199999999999818e+03 -2.376383284881860014e+00
5.318599999999999454e+03 -4.890702319664809394e+00
5.502000000000000000e+03 -7.478403017734848390e+00
5.685399999999999636e+03 -1.014675541897211097e+01
5.868800000000000182e+03 -1.292169450458654367e+01
6.052199999999999818e+03 -1.583513253153844680e+01
6.235600000000000364e+03 -1.888272907645017185e+01
6.419000000000000000e+03 -2.209330733646116229e+01
6.602400000000000546e+03 -2.556346460559682043e+01
6.785800000000000182e+03 -2.935212882579464377e+01
6.969200000000001637e+03 -3.347631572531710731e+01
6.972065625000000182e+03 -3.354463922021948719e+01
6.974931250000000546e+03 -3.362398208597053895e+01
6.977796875000000000e+03 -3.371819013231025508e+01
6.980662500000000364e+03 -3.381283601943720640e+01
6.983528124999999818e+03 -3.390792678518109682e+01
6.986393750000000182e+03 -3.400346966978011665e+01
6.989259374999999636e+03 -3.409947212432510355e+01
6.992125000000000000e+03 -3.419594181965893398e+01
6.994990624999999454e+03 -3.429288665577745832e+01
6.997856249999999818e+03 -3.439031477175216622e+01
7.000721874999998363e+03 -3.448823455622049039e+01
7.003587499999999636e+03 -3.458665465848524434e+01
7.006453124999998181e+03 -3.468558400025470689e+01
7.009318749999999454e+03 -3.478503178808657026e+01
7.012184374999997999e+03 -3.488500752657242998e+01
7.015049999999998363e+03 -3.498552103233128463e+01
7.017915624999997817e+03 -3.508658244886050426e+01
7.020781249999998181e+03 -3.518820226232296022e+01
7.023646874999997635e+03 -3.529039131833341969e+01
7.026512499999997999e+03 -3.539316083982753014e+01
7.029378124999997453e+03 -3.549652244609966090e+01
7.032243749999997817e+03 -3.560048817310570968e+01
7.035109374999996362e+03 -3.570507049513538078e+01
7.037974999999997635e+03 -3.582228864605884411e+01
7.040840624999996180e+03 -3.594306440522287005e+01
7.043706249999997453e+03 -3.606484978870964397e+01
7.046571874999995998e+03 -3.618767339197706434e+01
7.049437499999996362e+03 -3.631156524020460097e+01
7.052303124999995816e+03 -3.643655689187735192e+01
7.055168749999996180e+03 -3.656268155227552086e+01
7.058034374999995634e+03 -3.668997419807192273e+01
7.060899999999995998e+03 -3.681847171439014232e+01
7.063765624999995453e+03 -3.694821304589112287e+01
7.066631249999995816e+03 -3.707923936369010676e+01
7.069496874999994361e+03 -3.721159425017660993e+01
7.072362499999995634e+03 -3.734532390416658387e+01
7.075228124999994179e+03 -3.748047736917820316e+01
7.078093749999995453e+03 -3.761710678812001873e+01
7.080959374999993997e+03 -3.775526768823272050e+01
7.083824999999994361e+03 -3.789501930081205217e+01
7.086690624999993815e+03 -3.803642492105136341e+01
7.089556249999994179e+03 -3.818539150022194661e+01
7.092421874999993634e+03 -3.836256798274519753e+01
7.095287499999993997e+03 -3.854322733826266756e+01
7.098153124999993452e+03 -3.872759976356675793e+01
7.101018749999993815e+03 -3.891594253665367376e+01
7.103884374999993270e+03 -3.910854473194506653e+01
7.106749999999993634e+03 -3.930573305019246533e+01
7.109615624999992178e+03 -3.950787910367570532e+01
7.112481249999993452e+03 -3.971540862772103964e+01
7.115346874999991996e+03 -3.992881328131873886e+01
7.118212499999993270e+03 -4.014866598745238946e+01
7.121078124999991815e+03 -4.037564120647955690e+01
7.123943749999992178e+03 -4.061054223516148909e+01
7.126809374999991633e+03 -4.086902198210162851e+01
7.129674999999991996e+03 -4.115241632894958457e+01
7.132540624999991451e+03 -4.145326668892885635e+01
7.135406249999991815e+03 -4.177561525308286861e+01
7.138271874999991269e+03 -4.212538584821520260e+01
7.141137499999991633e+03 -4.251190739870037305e+01
7.144003124999990177e+03 -4.295152768925994735e+01
7.146868749999991451e+03 -4.347848404622461516e+01
7.149734374999989996e+03 -4.419784574923135523e+01
7.151167187499990177e+03 -4.480930906714594641e+01
7.151525390624989996e+03 -4.512453592558864557e+01
7.151614941406240177e+03 -4.542052728002032325e+01
7.151616340637197027e+03 -4.540485746705969916e+01
7.151617040252676816e+03 -4.538941990129765003e+01
7.151617127704610539e+03 -4.538382698449412089e+01
7.151617133170356283e+03 -4.538299608762742565e+01
7.151617135903230519e+03 -4.538239709062203531e+01
7.151617137269666273e+03 -4.538195573567724495e+01
7.151617137952884150e+03 -4.538161242762321734e+01
