3.668000000000000000e+03 1.904060699994978734e+01
3.851400000000000091e+03 1.721615798361009553e+01
4.034800000000000182e+03 1.536559827058307448e+01
4.218199999999999818e+03 1.348689466910341039e+01
4.401599999999999454e+03 1.157806998778946905e+01
4.585000000000000000e+03 9.631823569190375522e+00
4.768400000000000546e+03 7.646279355388138299e+00
4.951800000000000182e+03 5.618598719337459357e+00
5.135199999999999818e+03 3.531704928033608581e+00
5.318599999999999454e+03 1.366172846893939141e+00
5.502000000000000000e+03 -8.647440422046421826e-01
5.685399999999999636e+03 -3.168317111643005557e+00
5.868800000000000182e+03 -5.570366625468420096e+00
6.052199999999999818e+03 -8.101202359894401184e+00
6.235600000000000364e+03 -1.075657212017689268e+01
6.419000000000000000e+03 -1.356430100400296190e+01
6.602400000000000546e+03 -1.661509281870258903e+01
6.785800000000000182e+03 -1.992984553146725446e+01
6.969200000000001637e+03 -2.355492623541316277e+01
6.972065625000000182e+03 -2.361521238319806315e+01
6.974931250000000546e+03 -2.368636824829627585e+01
6.977796875000000000e+03 -2.377218902601122252e+01
6.980662500000000364e+03 -2.385843497983006856e+01
6.983528124999999818e+03 -2.394511301488532240e+01
6.986393750000000182e+03 -2.403223023533058722e+01
6.989259374999999636e+03 -2.411979395264889448e+01
6.992125000000000000e+03 -2.420781169440970260e+01
6.994990624999999454e+03 -2.429629121351889509e+01
6.997856249999999818e+03 -2.438524049798282078e+01
7.000721874999998363e+03 -2.447466778123087749e+01
7.003587499999999636e+03 -2.456458155303739943e+01
7.006453124999998181e+03 -2.465499057107471259e+01
7.009318749999999454e+03 -2.474590387315836892e+01
7.012184374999997999e+03 -2.483733079022190893e+01
7.015049999999998363e+03 -2.492928096008735039e+01
7.017915624999997817e+03 -2.502176434208049827e+01
7.020781249999998181e+03 -2.511479123256702550e+01
7.023646874999997635e+03 -2.520837228147244957e+01
7.026512499999997999e+03 -2.530251850986816109e+01
7.029378124999997453e+03 -2.539724132870760087e+01
7.032243749999997817e+03 -2.549255255880779458e+01
7.035109374999996362e+03 -2.558846445217908538e+01
7.037974999999997635e+03 -2.569658312261241662e+01
7.040840624999996180e+03 -2.580814497834311538e+01
7.043706249999997453e+03 -2.592069024444025160e+01
7.046571874999995998e+03 -2.603424692996556900e+01
7.049437499999996362e+03 -2.614884444591403678e+01
7.052303124999995816e+03 -2.626451370682503139e+01
7.055168749999996180e+03 -2.638128724211319209e+01
7.058034374999995634e+03 -2.649919931829765574e+01
7.060899999999995998e+03 -2.661828607345757192e+01
7.063765624999995453e+03 -2.673858566545264992e+01
7.066631249999995816e+03 -2.686013843567613080e+01
7.069496874999994361e+03 -2.698298709037527132e+01
7.072362499999995634e+03 -2.710717690192178608e+01
7.075228124999994179e+03 -2.723275593277304552e+01
7.078093749999995453e+03 -2.735977528535058667e+01
7.080959374999993997e+03 -2.748828938160550095e+01
7.083824999999994361e+03 -2.761835627671444016e+01
7.086690624999993815e+03 -2.775003801214523591e+01
7.089556249999994179e+03 -2.788905684870874779e+01
7.092421874999993634e+03 -2.805541898276360868e+01
7.095287499999993997e+03 -2.822517874741116728e+01
7.098153124999993452e+03 -2.839856122971613317e+01
7.101018749999993815e+03 -2.857581800938735839e+01
7.103884374999993270e+03 -2.875723177244825379e+01
7.106749999999993634e+03 -2.894312201570312126e+01
7.109615624999992178e+03 -2.913385217533598848e+01
7.112481249999993452e+03 -2.932983864061217005e+01
7.115346874999991996e+03 -2.953156230132120896e+01
7.118212499999993270e+03 -2.973958355930671260e+01
7.121078124999991815e+03 -2.995456216773155589e+01
7.123943749999992178e+03 -3.017728394611416931e+01
7.126809374999991633e+03 -3.042308497066943573e+01
7.129674999999991996e+03 -3.069327039755922470e+01
7.132540624999991451e+03 -3.098052828227412903e+01
7.135406249999991815e+03 -3.128881518972874787e+01
7.138271874999991269e+03 -3.162392974524954070e+01
7.141137499999991633e+03 -3.199500415111187124e+01
7.144003124999990177e+03 -3.241804224772919696e+01
7.146868749999991451e+03 -3.292656270857300171e+01
7.149734374999989996e+03 -3.362343481740045092e+01
7.151167187499990177e+03 -3.421837992882686308e+01
7.151525390624989996e+03 -3.452608691531993657e+01
7.151614941406240177e+03 -3.481566799247114119e+01
7.151616340637197027e+03 -3.480032129376743200e+01
7.151617040252676816e+03 -3.478520385235227508e+01
7.151617127704610539e+03 -3.477972735410338601e+01
7.151617133170356283e+03 -3.477891377258923455e+01
7.151617135903230519e+03 -3.477832726149195253e+01
7.151617137269666273e+03 -3.477789510816952401e+01
7.151617137952884150e+03 -3.477755895860551050e+01
