3.668000000000000000e+03 1.006000000000000005e+00
3.851400000000000091e+03 1.006000000000000005e+00
4.034800000000000182e+03 1.006000000000000005e+00
4.218199999999999818e+03 1.006000000000000005e+00
4.401599999999999454e+03 1.006000000000000005e+00
4.585000000000000000e+03 1.006000000000000005e+00
4.768400000000000546e+03 1.004178407342682267e+00
4.951800000000000182e+03 1.001462487389307210e+00
5.135199999999999818e+03 9.984933946471670208e-01
5.318599999999999454e+03 9.953871291341300775e-01
5.502000000000000000e+03 9.921663480563027715e-01
5.685399999999999636e+03 9.888206445729529337e-01
5.868800000000000182e+03 9.853357559620842254e-01
6.052199999999999818e+03 9.816942320021420088e-01
6.235600000000000364e+03 9.761323837727577946e-01
6.419000000000000000e+03 9.675713314276523924e-01
6.602400000000000546e+03 9.583669542886550374e-01
6.785800000000000182e+03 9.483940558700574286e-01
6.969200000000001637e+03 9.374115010538971449e-01
6.972065625000000182e+03 9.372206820871892274e-01
6.974931250000000546e+03 9.369092717731385411e-01
6.977796875000000000e+03 9.364354298838412083e-01
6.980662500000000364e+03 9.359584454651392882e-01
6.983528124999999818e+03 9.354782627119671012e-01
6.986393750000000182e+03 9.349948241477090694e-01
6.989259374999999636e+03 9.345080705531143561e-01
6.992125000000000000e+03 9.340179408913030779e-01
6.994990624999999454e+03 9.335243722285363477e-01
6.997856249999999818e+03 9.330272996505178940e-01
7.000721874999998363e+03 9.325266561738511095e-01
7.003587499999999636e+03 9.320223726523410024e-01
7.006453124999998181e+03 9.315143776777784490e-01
7.009318749999999454e+03 9.310025974747628830e-01
7.012184374999997999e+03 9.304869557891698451e-01
7.015049999999998363e+03 9.299673737697332632e-01
7.017915624999997817e+03 9.294437698422738370e-01
7.020781249999998181e+03 9.289160595759493599e-01
7.023646874999997635e+03 9.283841555409475532e-01
7.026512499999997999e+03 9.278479671569058729e-01
7.029378124999997453e+03 9.273074005313389767e-01
7.032243749999997817e+03 9.267623582872240862e-01
7.035109374999996362e+03 9.262127393788678331e-01
7.037974999999997635e+03 9.256034112388624724e-01
7.040840624999996180e+03 9.249756570092225738e-01
7.043706249999997453e+03 9.243410565677192547e-01
7.046571874999995998e+03 9.236994027344918035e-01
7.049437499999996362e+03 9.230504776876142792e-01
7.052303124999995816e+03 9.223940521816350602e-01
7.055168749999996180e+03 9.217298846907875376e-01
7.058034374999995634e+03 9.210577204677140584e-01
7.060899999999995998e+03 9.203772905073215327e-01
7.063765624999995453e+03 9.196883104038225953e-01
7.066631249999995816e+03 9.189904790871409324e-01
7.069496874999994361e+03 9.182834774228108010e-01
7.072362499999995634e+03 9.175669666568063709e-01
7.075228124999994179e+03 9.168405866838696960e-01
7.078093749999995453e+03 9.161039541141287046e-01
7.080959374999993997e+03 9.153566601085855181e-01
7.083824999999994361e+03 9.145982679487016931e-01
7.086690624999993815e+03 9.138283102990990558e-01
7.089556249999994179e+03 9.130176392148893205e-01
7.092421874999993634e+03 9.120640298267572721e-01
7.095287499999993997e+03 9.110879584486726301e-01
7.098153124999993452e+03 9.100878822441745841e-01
7.101018749999993815e+03 9.090620741090641443e-01
7.103884374999993270e+03 9.080085903441079687e-01
7.106749999999993634e+03 9.069252306515751538e-01
7.109615624999992178e+03 9.058094881031633072e-01
7.112481249999993452e+03 9.046584858243646998e-01
7.115346874999991996e+03 9.034688958127449210e-01
7.118212499999993270e+03 9.022368333136013829e-01
7.121078124999991815e+03 9.009577171082253644e-01
7.123943749999992178e+03 8.996260812214210700e-01
7.126809374999991633e+03 8.980427671795415678e-01
7.129674999999991996e+03 8.962123613974329883e-01
7.132540624999991451e+03 8.942520646819949182e-01
7.135406249999991815e+03 8.921312139584826051e-01
7.138271874999991269e+03 8.898047880985122671e-01
7.141137499999991633e+03 8.872017515226813256e-01
7.144003124999990177e+03 8.841973793486241906e-01
7.146868749999991451e+03 8.805299289847565714e-01
7.149734374999989996e+03 8.753943834817033975e-01
7.151167187499990177e+03 8.708971502870470616e-01
7.151525390624989996e+03 8.685256706782035208e-01
7.151614941406240177e+03 8.662629875708762750e-01
7.151616340637197027e+03 8.663836867604571834e-01
7.151617040252676816e+03 8.665024951877032811e-01
7.151617127704610539e+03 8.665455137372122252e-01
7.151617133170356283e+03 8.665519035473434606e-01
7.151617135903230519e+03 8.665565098073227945e-01
7.151617137269666273e+03 8.665599037101040514e-01
7.151617137952884150e+03 8.665625436014124938e-01
