CASO;pATIVA;pREATIVA;dATIVA;dREATIVA
1;84966.0;-13274.1;80893.0;17762.4
2;83506.3;-15385.6;79587.8;17434.6
3;83342.2;-17033.7;79628.6;17443.0
4;83207.1;-15719.1;79308.4;17365.9
5;84313.9;-15314.3;80452.9;17649.2
6;82304.2;-17808.6;78594.1;17180.7
7;85108.3;-12712.4;80976.0;17784.8
8;83277.2;-16541.0;79490.8;17411.0
9;84021.7;-15269.4;80129.9;17571.3
10;83662.3;-15712.3;79797.4;17482.7
11;84896.3;-13065.3;80792.3;17741.5
12;82555.5;-16735.4;78732.7;17215.6
13;83692.8;-15070.0;79748.1;17469.1
14;83549.1;-16040.5;79719.2;17462.1
15;84683.3;-13421.7;80606.4;17692.4
16;83123.5;-16312.2;79295.1;17363.1
17;83801.7;-14925.7;79846.9;17494.5
18;83331.0;-15532.7;79418.4;17394.4
19;83882.7;-15282.7;79979.6;17527.0
20;84304.0;-14109.4;80284.5;17609.6
21;83094.8;-16550.0;79295.1;17363.1
22;84666.7;-13599.4;80610.9;17693.1
23;84530.8;-13686.6;80474.4;17653.4
24;84150.0;-15024.8;80236.0;17596.7
25;84494.5;-13996.2;80474.4;17653.4
26;83440.0;-15587.8;79542.4;17424.0
27;83785.2;-15339.0;79882.2;17499.7
28;83167.3;-16654.4;79386.7;17382.7
29;83598.6;-16157.3;79788.6;17478.5
30;84256.1;-14261.5;80252.2;17600.4
31;83429.7;-15625.0;79536.1;17423.5
32;83664.3;-15007.9;79709.7;17460.3
33;83216.0;-17411.1;79541.3;17423.8
34;83349.0;-15558.9;79440.9;17399.6
35;83474.8;-15335.6;79548.0;17426.8
36;83906.8;-14645.3;79925.2;17515.5
37;83178.2;-15790.5;79286.3;17360.2
38;83988.9;-15159.9;80080.2;17559.0
39;85025.5;-12922.9;80913.5;17769.6
40;84424.6;-13845.3;80380.5;17631.5
41;83767.6;-15128.6;79836.0;17491.3
42;83327.1;-15546.5;79416.0;17393.8
43;83222.0;-17016.6;79495.5;17411.9
44;85078.9;-12728.6;80946.8;17780.5
45;83971.1;-14550.9;79981.0;17527.5
46;83468.9;-15594.8;79574.6;17432.0
47;84049.3;-14437.8;80052.2;17553.3
48;85338.8;-12370.5;81183.6;17833.6
49;83912.0;-15275.3;80011.1;17538.9
50;84331.0;-14041.4;80305.1;17615.8
51;84127.2;-14270.7;80118.1;17569.1
52;83642.6;-15373.8;79732.7;17465.1
53;83120.1;-16162.7;79271.2;17353.5
54;83672.9;-15134.8;79734.8;17466.3
55;83787.4;-14859.6;79823.2;17489.2
56;84320.7;-13992.6;80287.7;17609.9
57;84422.3;-14338.0;80440.7;17646.5
58;84543.7;-13653.2;80484.7;17659.2
59;84115.0;-14326.7;80111.5;17564.2
60;84319.8;-15345.8;80463.7;17652.4
61;83367.3;-15814.7;79492.1;17411.4
62;84735.5;-13473.0;80669.5;17708.7
63;84252.4;-14215.7;80242.5;17599.3
64;83716.9;-14964.7;79761.2;17474.6
65;84030.3;-15945.8;80228.4;17593.8
66;83868.0;-14801.0;79902.3;17506.6
67;84606.7;-14059.9;80605.3;17692.3
68;84779.0;-14312.9;80826.7;17751.0
69;85403.7;-12163.9;81230.1;17848.7
70;82984.9;-16073.1;79114.3;17314.1
71;82886.5;-16711.0;79091.1;17309.0
72;83595.9;-15137.4;79652.7;17445.5
73;83989.2;-14833.9;80037.9;17546.4
74;84507.0;-13767.1;80459.3;17650.8
75;84014.8;-15311.5;80127.8;17571.1
76;82588.5;-16696.1;78763.5;17221.1
77;83438.3;-17225.1;79758.8;17473.0
78;84467.4;-13888.7;80432.2;17644.9
79;84078.0;-14388.1;80077.0;17558.7
80;84213.8;-15643.4;80388.4;17634.8
81;83759.7;-15059.7;79818.6;17488.4
82;83780.3;-14972.2;79829.6;17489.7
83;84050.1;-14426.9;80052.0;17553.0
84;84199.8;-14182.7;80182.0;17584.0
85;84012.5;-14803.2;80059.6;17556.8
86;83853.2;-15751.3;80011.0;17538.8
87;83478.5;-15303.9;79548.0;17426.9
88;84183.3;-14210.5;80167.5;17578.0
89;83955.5;-14927.9;80013.2;17539.0
90;84677.7;-13436.3;80602.2;17692.1
91;84727.2;-13352.3;80645.2;17701.4
92;84047.4;-14444.1;80051.0;17552.9
93;83673.5;-15049.3;79724.6;17463.6
94;83504.1;-15264.6;79570.5;17431.9
95;84019.6;-15726.8;80188.6;17584.8
96;83984.3;-14541.4;79994.2;17532.2
97;83688.6;-15009.6;79736.1;17466.6
98;83938.8;-14809.6;79979.7;17527.1
99;83519.2;-15246.9;79584.4;17434.1
100;84146.8;-15935.4;80354.6;17624.8
101;83633.0;-15072.4;79684.3;17454.1
102;84737.3;-13337.6;80654.3;17704.0
103;84069.8;-15215.1;80177.7;17582.6
104;84323.5;-14013.2;80293.0;17611.3
105;83157.4;-16058.4;79298.4;17363.4
106;84040.6;-14410.3;80039.3;17547.0
107;84427.8;-13808.2;80379.5;17631.5
108;83281.1;-15632.1;79376.9;17381.5
109;83670.2;-15578.1;79788.6;17478.6
110;83898.8;-15116.3;79976.2;17526.4
111;82969.0;-16348.7;79132.4;17317.6
112;84072.6;-14824.8;80126.8;17571.0
113;84399.4;-14562.6;80445.0;17647.0
114;83275.6;-16076.2;79428.3;17395.6
115;84130.2;-14517.6;80151.3;17574.3
116;82997.6;-16441.9;79175.3;17326.5
117;83822.8;-15322.3;79921.0;17512.9
118;82755.4;-17108.7;79001.0;17283.9
119;84676.3;-13385.6;80594.9;17691.6
120;84035.8;-15531.4;80179.9;17582.9
121;83791.0;-15607.3;79923.6;17514.8
122;83398.0;-15454.1;79480.2;17409.1
123;84736.5;-13582.6;80684.4;17713.0
124;85257.9;-12444.8;81105.1;17813.4
125;82683.4;-16543.2;78848.4;17246.0
126;84750.3;-13293.9;80662.8;17705.7
127;85019.0;-12852.2;80897.1;17762.6
128;84042.7;-15201.1;80142.8;17572.5
129;83124.3;-15861.6;79236.5;17340.8
130;84316.9;-15281.0;80451.8;17649.1
131;83791.4;-14972.4;79841.5;17493.0
132;83471.4;-15705.4;79591.1;17435.1
133;82996.0;-16832.7;79225.1;17336.8
134;84296.9;-14051.5;80269.1;17603.6
135;84437.8;-13987.0;80412.7;17639.7
136;83517.2;-15254.3;79583.2;17433.9
137;84108.4;-15427.5;80244.8;17599.8
138;83162.7;-15804.6;79271.1;17353.4
139;84463.7;-13784.2;80415.1;17641.2
140;83962.7;-14616.2;79980.8;17527.3
141;83656.5;-16073.2;79840.3;17491.6
142;83838.8;-14992.8;79895.1;17504.0
143;84341.3;-15113.0;80455.0;17649.4
144;84203.6;-15685.2;80382.9;17632.1
145;84285.7;-14010.4;80252.2;17600.3
146;84013.5;-14489.1;80019.9;17542.0
147;83986.9;-14516.3;79994.2;17532.2
148;84293.0;-14384.2;80307.1;17616.9
149;84081.5;-14383.5;80080.1;17558.9
150;84382.3;-13906.7;80342.9;17623.9
151;83710.7;-14965.9;79754.6;17472.8
152;82289.1;-17295.9;78511.6;17156.8
153;84596.4;-13765.8;80556.4;17681.9
154;85176.1;-14107.8;81232.1;17849.8
155;84219.8;-14169.0;80201.3;17587.9
156;83869.1;-14739.5;79895.2;17504.1
157;83846.3;-14754.1;79872.5;17498.8
158;83826.0;-15026.0;79885.3;17499.9
159;83960.5;-14566.3;79971.5;17525.5
160;83124.9;-16191.8;79280.1;17356.9
161;83446.4;-16285.5;79641.1;17444.7
162;83259.1;-15653.1;79355.9;17375.7
163;84044.0;-14793.4;80091.8;17560.9
164;83586.0;-16074.1;79764.3;17474.7
165;84252.7;-14155.1;80234.7;17594.2
166;83815.1;-14799.9;79845.8;17494.4
167;84586.1;-13594.6;80523.1;17669.6
168;84064.7;-14416.5;80066.2;17557.7
169;85420.3;-12045.1;81234.3;17850.0
170;82661.9;-16576.0;78829.6;17243.4
171;83497.3;-15271.9;79564.1;17429.4
172;84316.4;-15455.1;80474.4;17653.4
173;85626.9;-11739.8;81422.0;17902.2
174;83760.6;-14881.9;79797.4;17482.7
175;83926.5;-14913.9;79979.7;17527.1
176;83686.5;-15664.8;79817.4;17488.1
177;84811.4;-13211.5;80718.9;17722.7
178;83702.8;-15228.3;79778.7;17475.3
179;84313.0;-14472.1;80340.8;17623.7
180;83706.9;-14955.6;79749.2;17470.2
181;83082.9;-15925.5;79200.1;17330.1
182;84132.9;-14315.0;80126.7;17570.9
183;84210.8;-14518.3;80236.1;17596.7
184;84782.8;-13253.1;80693.2;17716.2
185;83867.2;-14728.5;79891.7;17502.4
186;83518.5;-15261.9;79585.5;17434.3
187;84143.3;-15354.0;80272.7;17605.4
188;84049.7;-14696.4;80085.4;17560.4
189;84114.2;-14317.0;80109.2;17562.9
190;83879.7;-14713.7;79903.4;17506.8
191;84697.8;-13385.4;80617.5;17694.1
192;84177.2;-14228.2;80163.2;17577.5
193;85091.5;-13594.0;81071.6;17808.6
194;84585.4;-14120.6;80590.5;17691.2
195;84230.9;-15058.3;80328.9;17622.4
196;82844.9;-16266.0;78988.4;17281.1
197;84327.0;-14026.0;80298.4;17612.9
198;84203.3;-14197.3;80187.4;17584.6
199;84472.1;-13755.0;80420.5;17641.8
200;84590.4;-13828.1;80557.6;17683.2
201;83529.5;-16086.4;79704.5;17460.0
202;84432.6;-14159.5;80429.1;17644.6
203;83531.4;-15388.3;79615.0;17438.8
204;85254.9;-12414.3;81098.6;17812.7
205;83035.6;-16003.7;79159.3;17324.1
206;82634.8;-17422.7;78909.1;17260.4
207;82829.1;-16314.6;78977.3;17275.6
208;83325.8;-15548.6;79414.8;17393.6
209;83063.9;-16731.5;79285.2;17360.0
210;85233.3;-12624.2;81099.7;17812.7
211;83506.3;-16585.4;79745.9;17468.8
212;83022.3;-16043.4;79149.8;17322.5
213;84631.4;-13757.5;80592.6;17691.2
214;83392.6;-16423.7;79600.9;17436.3
215;83030.1;-16532.2;79221.8;17336.4
216;84512.9;-13716.0;80459.3;17650.8
217;84278.7;-14502.5;80307.3;17617.2
218;83632.3;-15098.4;79686.9;17455.8
219;84865.0;-13117.1;80765.0;17735.1
220;83918.0;-15274.5;80017.5;17540.4
221;84973.7;-13190.6;80890.7;17761.9
222;84264.1;-14066.8;80236.0;17596.7
223;84954.9;-12999.7;80847.3;17754.4
224;83904.7;-15303.2;80006.6;17536.2
225;83104.0;-15976.6;79228.6;17338.5
226;85420.7;-13159.8;81374.8;17890.5
227;83560.6;-15182.1;79620.8;17440.9
228;83794.7;-14849.2;79829.7;17489.9
229;83459.3;-15339.2;79531.7;17421.9
230;83792.2;-14835.3;79825.5;17489.5
231;84088.4;-14384.4;80087.5;17560.5
232;84059.1;-14410.8;80059.7;17557.0
233;84362.3;-13964.8;80329.0;17622.5
234;85060.7;-13307.2;80999.9;17789.7
235;83746.2;-15675.5;79884.3;17499.8
236;83060.2;-16292.8;79223.0;17336.6
237;82879.0;-17967.9;79249.3;17346.9
238;83485.6;-15285.2;79553.2;17428.2
239;82629.8;-17849.7;78959.2;17272.0
240;84464.6;-13887.6;80429.1;17644.7
241;83453.8;-16316.1;79653.0;17445.9
242;83495.5;-16736.4;79754.6;17472.7
243;83890.8;-14795.8;79926.7;17516.4
244;82949.3;-16371.8;79114.3;17314.1
245;83317.5;-15719.2;79427.2;17395.5
246;84376.3;-13922.9;80338.6;17623.4
247;84271.2;-14557.5;80307.1;17616.9
248;83629.8;-15100.0;79684.5;17455.3
249;85153.2;-12633.0;81014.7;17790.8
250;83018.0;-16284.7;79176.6;17327.9
251;83654.9;-15289.4;79735.0;17466.6
252;83776.9;-14869.9;79813.2;17485.8
253;82057.2;-17678.2;78306.1;17107.9
254;85237.5;-12508.3;81090.9;17811.6
255;83922.3;-16302.3;80160.0;17577.2
256;83209.7;-15801.8;79321.7;17369.7
257;85313.1;-12342.2;81152.6;17824.6
258;84298.2;-14184.7;80287.7;17609.8
259;84206.4;-14198.0;80190.8;17586.2
260;83528.8;-15217.6;79591.0;17435.0
261;83987.5;-14591.3;80004.5;17536.0
262;82914.9;-16183.4;79053.2;17298.8
263;84369.2;-14572.0;80413.8;17639.8
264;83584.8;-15790.5;79724.7;17463.7
265;83960.3;-14928.6;80018.7;17541.7
266;84617.1;-14295.6;80647.3;17701.6
267;84104.0;-14425.5;80111.4;17564.2
268;83995.9;-15232.5;80096.4;17561.8
269;84091.3;-14537.5;80109.0;17562.6
270;83274.9;-16651.5;79504.1;17413.8
271;84312.0;-15223.4;80438.6;17646.4
272;84874.4;-13616.1;80838.7;17752.4
273;84315.4;-14823.1;80388.3;17634.6
274;84445.9;-14318.3;80463.7;17652.4
275;83261.8;-16108.3;79418.5;17394.5
276;83299.5;-15866.1;79425.9;17395.1
277;82961.3;-16105.9;79093.2;17309.2
278;84748.0;-13295.8;80660.6;17705.5
279;83760.3;-14882.5;79797.2;17482.4
280;84818.6;-13475.4;80759.7;17733.7
281;83397.5;-15423.8;79475.9;17407.6
282;83470.1;-16443.2;79686.8;17455.7
283;83771.9;-16319.5;79999.0;17535.3
284;84536.4;-13674.9;80479.3;17656.6
285;83955.9;-14692.9;79982.4;17529.2
286;84044.0;-14588.9;80065.1;17557.6
287;83946.3;-14689.6;79971.5;17525.4
288;83865.5;-15906.5;80045.6;17549.4
289;83057.2;-16797.9;79287.4;17360.2
290;83987.6;-14524.5;79996.3;17533.4
291;83809.3;-14806.5;79840.3;17491.6
292;83808.8;-15361.1;79911.1;17511.8
293;84258.6;-14079.6;80231.6;17594.0
294;83354.5;-16297.6;79543.6;17425.2
295;83811.8;-15243.4;79898.9;17506.1
296;83719.0;-14963.3;79763.2;17474.6
297;84072.0;-15267.2;80186.3;17584.5
298;84403.2;-14238.8;80407.4;17637.2
299;83259.5;-15812.0;79376.8;17381.4
300;84272.9;-14403.8;80287.7;17609.8
301;85330.3;-12290.7;81165.2;17827.5
302;82947.7;-16136.5;79082.8;17306.2
303;83244.0;-16479.6;79447.6;17401.5
304;83253.4;-16169.4;79417.3;17394.3
305;83741.9;-14945.6;79785.0;17476.8
306;84997.4;-13003.4;80892.9;17762.3
307;83869.1;-15323.3;79970.3;17525.2
308;83457.7;-15362.5;79532.9;17423.3
309;84342.0;-13962.9;80307.3;17617.1
310;83456.7;-15829.5;79592.3;17435.4
311;84674.2;-13423.1;80597.0;17691.8
312;83956.1;-15744.6;80122.3;17569.4
313;84669.6;-14609.6;80747.2;17731.0
314;83484.8;-15318.6;79556.5;17428.5
315;85883.8;-11990.6;81726.1;17968.9
316;84369.6;-14685.4;80429.1;17644.6
317;84323.6;-14227.7;80320.7;17622.1
318;83819.0;-15308.4;79915.4;17512.1
319;83429.0;-15408.1;79507.5;17414.3
320;83183.0;-16809.7;79425.9;17395.1
321;83803.7;-15112.4;79872.5;17498.8
322;83388.4;-15408.5;79464.2;17404.7
323;84109.9;-14356.6;80109.3;17563.0
324;83162.1;-17149.9;79448.8;17401.8
325;84340.9;-13973.1;80307.2;17617.0
326;84563.5;-13618.5;80501.8;17663.8
327;83452.7;-15344.1;79525.4;17421.6
328;84719.9;-13388.9;80641.9;17701.0
329;83698.4;-15489.8;79807.9;17485.4
330;84696.8;-13375.5;80615.3;17693.8
331;84217.9;-14167.5;80199.2;17587.7
332;84476.8;-15052.6;80595.9;17691.7
333;83258.9;-15654.9;79355.9;17375.7
334;83837.9;-14982.9;79892.9;17502.7
335;84891.8;-13052.2;80785.9;17740.9
336;83476.1;-15609.1;79584.5;17434.3
337;82574.2;-16731.0;78752.8;17220.1
338;82626.2;-16671.1;78802.4;17236.4
339;82253.3;-17280.9;78471.1;17149.1
340;82493.3;-16964.4;78694.1;17209.0
341;83601.0;-15447.8;79698.0;17459.3
342;84768.7;-13331.8;80687.6;17713.3
343;83631.2;-15088.0;79684.6;17455.4
344;84141.9;-14299.2;80134.1;17571.5
345;83869.5;-14703.0;79891.7;17502.4
346;83954.5;-14601.9;79970.1;17524.9
347;83822.6;-14795.1;79853.1;17494.8
348;83818.5;-14776.9;79845.8;17494.4
349;84223.1;-14218.7;80211.2;17591.1
350;83142.3;-15847.9;79254.6;17347.4
351;84534.4;-14122.4;80535.2;17673.1
352;84527.2;-13752.7;80479.2;17655.5
353;83802.5;-14804.8;79832.9;17491.1
354;84468.8;-13782.5;80420.3;17641.5
355;83460.1;-15331.5;79531.6;17421.9
356;83448.2;-16149.2;79625.2;17442.4
357;83880.6;-15719.3;80036.7;17546.1
358;83803.8;-14837.4;79838.1;17491.4
359;83480.9;-16308.0;79681.3;17453.9
360;83481.0;-15273.6;79546.9;17426.8
361;83556.8;-15187.2;79617.2;17440.1
362;84411.3;-14788.8;80489.1;17660.7
363;82608.0;-16829.2;78802.4;17236.3
364;84101.2;-14762.5;80152.4;17574.4
365;83772.5;-14880.8;79810.0;17485.5
366;84400.0;-13987.0;80371.9;17629.7
367;84269.3;-14081.5;80243.6;17599.4
368;82079.4;-17546.6;78314.6;17109.6
369;84288.9;-14256.5;80286.6;17609.8
370;84014.5;-15369.3;80134.2;17571.6
371;83956.7;-14600.7;79971.7;17525.7
372;83590.7;-15308.2;79668.3;17449.8
373;84503.5;-13701.5;80447.3;17648.4
374;83624.9;-15249.9;79697.9;17459.2
375;85170.0;-12588.1;81027.7;17795.4
376;84300.0;-14053.5;80272.7;17605.5
377;85345.4;-12468.9;81202.1;17839.9
378;83343.6;-15855.3;79472.7;17406.4
379;82753.1;-16432.7;78910.3;17262.7
380;84411.0;-13822.3;80363.3;17628.9
381;84502.6;-13710.2;80447.3;17648.4
382;83944.1;-14748.5;79977.3;17526.6
383;82898.5;-16205.8;79038.6;17294.9
384;83623.0;-15143.1;79682.3;17454.0
385;84201.4;-15140.2;80307.1;17616.8
386;83807.6;-14831.6;79841.4;17491.8
387;83864.4;-14718.9;79887.5;17500.1
388;83778.5;-15112.7;79845.8;17494.3
389;83173.6;-16612.9;79387.8;17382.8
390;83564.4;-15194.8;79626.4;17442.7
391;82967.8;-16080.6;79096.9;17311.1
392;85120.8;-12672.1;80984.9;17787.2
393;83609.2;-15114.5;79664.0;17448.3
394;84251.2;-14082.7;80223.9;17592.1
395;83242.6;-15666.2;79339.7;17372.1
396;84463.4;-13777.7;80413.8;17639.8
397;82647.3;-16783.1;78839.7;17245.0
398;84533.3;-13699.5;80479.3;17655.6
399;83882.6;-14823.5;79921.1;17513.2
400;85357.9;-12237.3;81189.0;17836.2
401;82960.3;-16764.8;79176.5;17327.9
402;83986.2;-14519.8;79994.1;17532.1
403;84168.1;-14282.8;80160.1;17577.3
404;84699.6;-13714.6;80660.6;17705.5
405;83640.0;-15066.5;79691.4;17458.6
406;83765.5;-16360.8;79997.6;17534.8
407;82403.7;-17622.3;78680.7;17205.1
408;83290.2;-16098.1;79447.6;17401.5
409;84228.3;-14149.7;80207.8;17588.5
410;84608.7;-13901.9;80587.2;17688.8
411;83744.8;-14894.8;79781.9;17475.6
412;85272.7;-12770.9;81160.8;17825.9
413;85113.9;-12699.6;80980.6;17785.7
414;83806.3;-15358.0;79908.0;17510.6
415;82314.2;-17160.9;78522.7;17161.2
416;82712.4;-16719.3;78902.3;17256.3
417;83397.2;-15451.9;79479.1;17408.9
418;84614.3;-13896.2;80592.7;17691.3
419;84013.3;-15306.4;80125.6;17569.7
420;82490.3;-17077.6;78705.1;17210.3
421;83780.6;-14845.1;79814.3;17486.9
422;84894.5;-13842.6;80889.5;17761.7
423;83514.0;-16373.3;79724.7;17463.7
424;83377.8;-15715.5;79492.4;17411.8
425;85320.4;-12310.4;81156.7;17824.8
426;83852.3;-15542.8;79981.1;17528.7
427;83543.6;-15645.7;79660.9;17448.1
428;84159.0;-14292.5;80151.3;17574.3
429;83920.5;-14901.8;79971.5;17525.5
430;83636.0;-15093.2;79690.2;17456.2
431;84736.5;-13314.8;80650.6;17703.0
432;84657.1;-13532.2;80592.6;17691.3
433;84479.5;-13861.4;80441.8;17646.7
434;83871.1;-14721.2;79895.1;17503.9
435;84675.9;-13535.6;80613.0;17693.2
436;83787.7;-15570.4;79915.5;17512.2
437;84125.6;-15077.7;80216.4;17591.4
438;84497.6;-14546.0;80551.2;17681.6
439;84474.7;-13733.0;80420.4;17641.7
440;85117.8;-12794.0;80996.8;17789.5
441;84226.9;-14159.8;80207.8;17588.4
442;82805.0;-16347.7;78955.7;17271.4
443;83055.2;-16660.1;79266.3;17351.4
444;84826.3;-13175.9;80730.6;17725.8
445;83636.7;-15503.6;79743.6;17468.4
446;83961.0;-16075.9;80171.9;17580.5
447;83322.7;-15745.4;79436.7;17396.1
448;84478.6;-14557.7;80531.7;17672.5
449;83633.2;-15348.8;79719.2;17462.0
450;84894.1;-13075.4;80791.1;17741.2
451;83570.4;-15143.3;79626.4;17442.7
452;84616.6;-13894.0;80594.8;17691.4
453;84354.3;-14110.9;80338.6;17623.4
454;83440.4;-15392.2;79517.6;17416.5
455;84655.4;-13488.1;80584.9;17687.5
456;83292.7;-15753.8;79405.3;17389.9
457;83253.0;-16453.7;79454.0;17402.0
458;84303.0;-14768.5;80367.6;17629.3
459;83492.5;-15465.7;79583.1;17433.8
460;83404.6;-16275.9;79594.6;17435.8
461;83617.1;-15616.6;79736.1;17466.6
462;83121.7;-16772.3;79353.8;17374.5
463;84630.1;-13486.5;80557.6;17683.2
464;84172.0;-15335.0;80301.7;17615.2
465;83885.2;-14670.2;79904.6;17508.0
466;83804.1;-15261.8;79892.8;17502.6
467;84110.4;-15136.4;80207.7;17588.5
468;84984.3;-13801.3;80981.8;17787.1
469;84512.5;-13695.1;80456.1;17649.5
470;83590.5;-15141.1;79647.5;17445.2
471;84352.7;-14596.9;80399.1;17635.8
472;83857.5;-14762.3;79885.3;17499.9
473;83774.5;-15022.6;79829.7;17489.8
474;85156.9;-12841.9;81045.0;17803.2
475;83636.9;-15111.1;79693.6;17458.8
476;83605.0;-15124.0;79660.8;17448.1
477;82425.2;-18353.6;78798.9;17234.8
478;82751.1;-17991.6;79113.0;17313.7
479;84224.1;-14182.0;80207.8;17588.4
480;83443.4;-15482.8;79532.9;17423.3
481;84268.6;-14087.7;80243.6;17599.4
482;83002.7;-17243.4;79287.4;17360.3
483;83299.8;-16316.3;79486.5;17409.6
484;84380.0;-13890.0;80338.6;17623.4
485;84751.3;-14279.9;80792.2;17741.4
486;84323.2;-14015.5;80293.0;17611.3
487;84637.9;-14098.4;80644.1;17701.4
488;85036.1;-13148.5;80953.3;17781.3
489;84476.1;-14762.5;80556.4;17682.0
490;83310.8;-15566.3;79400.5;17386.8
491;83664.9;-16407.0;79893.9;17503.8
492;84209.3;-15073.0;80307.6;17617.6
493;83548.2;-15873.7;79696.8;17459.1
494;84229.4;-14139.7;80207.8;17588.5
495;82877.3;-16256.9;79021.7;17286.3
496;83362.8;-15495.1;79447.7;17401.6
497;84264.0;-14194.3;80252.2;17600.3
498;82426.4;-17002.7;78625.2;17188.8
499;83183.5;-15781.1;79290.8;17361.6
500;83906.4;-14638.6;79923.9;17515.2
501;82782.2;-16400.0;78938.0;17268.1
502;83810.9;-15874.0;79981.3;17528.9
503;83381.9;-15455.1;79463.0;17404.5
504;83721.3;-14996.8;79769.5;17475.0
505;83636.8;-15896.9;79795.0;17479.0
506;84026.3;-14636.3;80052.2;17553.2
507;83445.5;-16096.3;79615.0;17438.7
508;83992.8;-14500.4;79998.7;17535.0
509;83487.8;-15567.3;79591.2;17435.4
510;84083.8;-15822.3;80271.4;17604.9
511;85075.0;-12772.4;80947.9;17780.6
512;83966.3;-15177.6;80058.5;17556.7
513;84037.9;-14439.0;80040.3;17548.0
514;83147.8;-15868.2;79263.2;17350.2
515;84199.4;-15476.4;80350.4;17624.5
516;83357.8;-15870.3;79491.0;17411.2
517;83257.7;-16450.3;79458.6;17402.9
518;84214.4;-14763.8;80271.4;17605.0
519;83972.2;-15048.9;80047.8;17549.7
520;84444.5;-15257.1;80588.3;17689.0
521;84884.5;-13103.1;80784.5;17739.4
522;83467.4;-15984.6;79624.1;17442.2
523;83912.2;-15321.7;80017.5;17540.4
524;85115.5;-12684.3;80980.6;17785.7
525;84579.0;-13562.0;80511.2;17664.4
526;84334.1;-14476.5;80363.3;17627.8
527;84793.6;-13203.6;80698.8;17718.0
528;83306.7;-17042.8;79591.1;17435.1
529;84344.6;-13970.6;80310.9;17618.0
530;84800.4;-13667.0;80765.1;17735.3
531;84995.8;-13008.4;80891.8;17762.2
532;83268.6;-16362.4;79458.7;17403.1
533;83694.2;-15437.6;79797.3;17482.5
534;84149.7;-14537.0;80171.8;17578.3
535;83693.0;-15253.9;79771.6;17475.2
536;83664.2;-15050.3;79714.9;17461.6
537;84387.5;-13862.2;80343.0;17624.0
538;83614.9;-15598.8;79731.6;17465.0
539;82712.6;-16650.3;78893.8;17254.6
540;83982.5;-15792.2;80156.8;17575.0
541;83375.6;-17231.6;79691.4;17457.5
542;83429.2;-15379.2;79504.2;17413.9
543;82744.2;-17398.4;79026.4;17289.2
544;84522.6;-14250.2;80539.3;17675.4
545;82423.2;-17066.2;78629.7;17189.5
546;82795.3;-16361.3;78947.0;17269.4
547;83745.3;-14930.1;79786.2;17478.0
548;84745.9;-13288.0;80657.5;17705.3
549;84768.2;-13439.4;80700.9;17718.2
550;82969.2;-17370.2;79268.6;17351.7
551;83805.9;-14854.6;79842.7;17494.2
552;82922.4;-16213.4;79064.9;17301.7
553;84511.6;-14314.3;80535.2;17673.2
554;82910.9;-16437.7;79081.5;17305.9
555;83776.6;-15316.8;79870.2;17497.4
556;84624.2;-13484.8;80551.1;17681.5
557;83715.6;-15422.5;79818.6;17488.4
558;84746.2;-14339.7;80794.6;17743.0
559;83333.4;-15555.8;79423.8;17394.9
560;83980.0;-15852.1;80162.2;17577.4
561;84500.2;-13729.8;80447.3;17648.4
562;83841.8;-14783.9;79871.4;17498.6
563;84751.4;-13935.7;80747.2;17730.9
564;84231.4;-14575.5;80266.0;17603.5
565;82770.4;-16848.8;78983.0;17276.4
566;86630.1;-9580.0;82265.7;18111.8
567;84350.5;-13963.9;80316.4;17621.7
568;83863.6;-15618.7;80004.5;17536.1
569;82851.1;-17176.6;79114.2;17313.9
570;83969.8;-14683.7;79996.4;17533.5
571;83605.3;-15227.3;79673.7;17451.3
572;84264.2;-14678.1;80315.3;17619.5
573;84174.7;-14250.2;80163.3;17577.6
574;85156.6;-12800.8;81039.4;17800.4
575;84018.0;-14475.9;80023.1;17543.3
576;84266.1;-14101.3;80242.5;17599.3
577;84160.9;-14376.3;80164.3;17577.6
578;83828.9;-14821.7;79863.0;17497.0
579;83713.4;-15621.0;79841.4;17491.8
580;84661.7;-13443.3;80586.0;17687.6
581;84449.8;-13811.5;80403.2;17635.9
582;83468.9;-15652.4;79581.9;17432.5
583;83175.9;-15832.7;79288.5;17360.4
584;83821.8;-15206.7;79904.7;17508.2
585;84702.2;-13347.1;80617.6;17694.1
586;83854.2;-15072.1;79922.5;17514.6
587;85108.4;-12711.9;80976.1;17784.9
588;83397.8;-15455.8;79480.2;17409.1
589;83928.1;-15227.8;80023.0;17543.2
590;82237.1;-17376.7;78465.7;17147.4
591;83491.9;-15550.9;79593.5;17435.7
592;83710.1;-14979.8;79755.7;17472.9
593;84263.7;-14114.2;80241.4;17598.2
594;85087.5;-12733.6;80956.6;17782.7
595;83964.6;-14576.8;79977.3;17526.5
596;84844.8;-13464.4;80787.0;17741.0
597;84308.3;-14423.9;80329.0;17622.6
598;84521.5;-14137.9;80523.1;17669.6
599;83520.3;-15897.4;79669.4;17449.9
600;84655.4;-14719.2;80746.1;17730.8
601;83203.7;-15747.2;79308.4;17365.9
602;84242.1;-14243.8;80234.7;17594.2
603;83256.4;-15838.7;79377.0;17381.6
604;83406.1;-16610.7;79641.1;17444.6
605;82792.4;-17428.6;79084.2;17306.9
606;83321.3;-17305.6;79642.1;17444.7
607;84145.0;-14416.8;80151.4;17574.3
608;83881.4;-14707.2;79904.6;17508.1
609;83021.9;-16038.5;79148.6;17322.1
610;84883.7;-13192.3;80794.7;17743.0
611;84034.1;-15267.9;80142.8;17572.4
612;84588.0;-13671.0;80535.1;17673.0
613;84444.8;-13886.2;80407.4;17637.2
614;83483.5;-15311.2;79554.2;17428.2
615;82630.5;-16633.4;78802.3;17235.2
616;83276.4;-15861.1;79400.7;17387.0
617;84724.0;-13450.2;80654.3;17704.0
618;83214.5;-15726.0;79317.3;17368.1
619;84472.3;-13771.6;80422.7;17642.1
620;83498.6;-15449.9;79587.7;17434.6
621;83954.6;-16137.4;80173.2;17581.9
622;82641.3;-17108.8;78875.1;17251.2
623;84702.8;-13377.4;80621.9;17694.6
624;83895.1;-14719.5;79920.9;17512.9
625;84521.6;-13677.0;80463.8;17652.4
626;84011.7;-14755.0;80052.2;17553.2
627;84455.1;-13848.6;80413.9;17641.0
628;83871.2;-14720.8;79895.1;17504.0
629;84425.7;-13836.1;80380.6;17631.6
630;82927.6;-16175.8;79066.0;17301.7
631;83200.8;-15737.6;79304.0;17365.3
632;84416.1;-13840.0;80370.8;17629.5
633;83902.6;-14649.7;79920.9;17512.9
634;83602.6;-16322.7;79814.3;17486.9
635;83758.0;-15251.0;79841.6;17493.1
636;84222.1;-14426.2;80236.0;17596.6
637;83488.8;-15582.4;79594.6;17435.8
638;84088.7;-15520.7;80239.4;17597.1
639;83311.0;-15565.9;79400.7;17387.0
640;83539.3;-15966.1;79699.2;17459.6
641;84580.3;-13634.3;80522.1;17669.6
642;84390.5;-15609.4;80575.8;17684.8
643;83136.9;-16218.1;79297.3;17363.3
644;84461.2;-14012.1;80440.7;17646.5
645;83121.8;-16554.0;79324.9;17371.0
646;84418.8;-13843.8;80374.1;17630.0
647;82665.1;-16541.4;78828.5;17243.3
648;83085.0;-16564.4;79286.3;17360.2
649;83494.2;-15935.9;79646.5;17445.2
650;83827.1;-14770.9;79854.2;17495.0
651;84876.2;-13098.0;80774.7;17736.2
652;84497.5;-13980.9;80475.6;17653.6
653;84826.7;-14127.1;80854.0;17757.4
654;84735.2;-13325.2;80650.5;17702.9
655;83739.0;-14944.8;79781.9;17475.5
656;83752.8;-14878.9;79788.6;17478.6
657;84547.3;-14291.9;80571.7;17684.6
658;83942.7;-14769.8;79978.5;17526.9
659;83793.3;-15091.1;79858.6;17495.5
660;83006.4;-16236.2;79158.2;17324.1
661;83869.2;-14720.6;79892.9;17502.7
662;82070.2;-17573.0;78308.2;17109.1
663;83551.1;-15698.1;79675.9;17451.6
664;83251.6;-15785.1;79364.7;17378.8
665;84360.5;-14152.3;80350.4;17624.5
666;83605.3;-15122.1;79660.9;17448.1
667;83676.0;-15179.4;79743.8;17468.6
668;84701.3;-14226.8;80730.5;17725.6
669;83179.4;-16037.6;79319.5;17368.4
670;84122.0;-14398.4;80127.8;17571.1
671;82662.2;-16574.3;78829.7;17243.5
672;83990.4;-14518.9;79998.7;17535.0
673;84199.8;-14182.7;80182.0;17584.0
674;84503.8;-13725.0;80450.6;17648.8
675;83259.9;-16035.8;79406.5;17392.1
676;84137.9;-14298.8;80130.0;17571.3
677;84113.7;-14477.2;80128.9;17571.2
678;83833.5;-15250.4;79923.8;17515.1
679;84021.7;-14492.7;80029.4;17544.7
680;84233.6;-14154.1;80214.3;17591.2
681;84190.3;-14203.9;80174.4;17582.2
682;83162.1;-16460.2;79356.0;17375.8
683;82951.7;-17298.6;79238.7;17341.1
684;85612.7;-11761.3;81409.1;17898.9
685;85117.0;-13439.9;81079.2;17810.5
686;82986.4;-16069.3;79115.5;17314.4
687;84106.9;-15139.5;80207.7;17588.5
688;84275.0;-14528.4;80307.5;17617.4
689;84231.9;-15455.0;80382.9;17632.1
690;84020.4;-14453.4;80023.0;17542.1
691;83250.8;-16020.3;79393.1;17383.2
692;83792.9;-14959.5;79841.4;17491.9
693;83535.7;-15651.0;79653.3;17447.4
694;83979.3;-14770.0;80018.7;17541.8
695;83750.6;-14897.5;79788.5;17478.5
696;83838.7;-14825.8;79873.8;17499.1
697;84600.0;-13648.9;80545.5;17677.7
698;84745.4;-13301.2;80658.5;17705.4
699;82992.6;-17038.6;79249.4;17347.0
700;83620.8;-15092.3;79673.7;17451.3
701;83387.9;-15438.7;79467.5;17405.1
702;84584.8;-14611.1;80654.2;17703.9
703;83886.4;-14715.7;79911.0;17510.7
704;84744.4;-14287.1;80785.7;17739.7
705;83383.0;-16976.9;79663.9;17448.2
706;83863.8;-15385.9;79972.9;17526.0
707;83021.6;-16040.2;79148.5;17322.1
708;84789.4;-13230.9;80697.6;17717.8
709;83635.7;-15388.7;79727.2;17464.5
710;82845.9;-16923.7;79075.1;17305.3
711;83480.8;-15650.5;79594.6;17435.9
712;82312.6;-17735.8;78593.9;17180.4
713;83829.2;-15275.5;79922.3;17514.4
714;83745.1;-16609.7;80008.8;17536.4
715;84087.2;-14602.1;80113.6;17565.4
716;84902.6;-13192.5;80814.8;17746.7
717;83722.7;-14915.6;79761.1;17473.4
718;84470.8;-13765.2;80420.4;17641.6
719;84112.2;-14465.2;80125.6;17570.9
720;83790.4;-14919.9;79833.9;17491.2
721;82539.9;-16808.1;78724.9;17214.5
722;84477.6;-14315.5;80497.4;17662.2
723;83372.6;-16977.3;79652.7;17445.5
724;83873.4;-15292.6;79971.5;17525.5
725;83050.2;-16201.1;79200.2;17331.2
726;84108.7;-14367.8;80109.3;17563.0
727;83911.6;-15232.9;80004.5;17536.1
728;83854.8;-15455.0;79973.0;17526.2
729;83811.4;-15055.7;79873.6;17498.9
730;84617.3;-13596.4;80557.8;17683.4
731;84574.2;-13603.4;80511.2;17664.4
732;84380.6;-14144.9;80370.8;17629.6
733;86186.1;-10620.7;81897.3;18016.7
734;83415.5;-16170.4;79592.3;17435.4
735;83672.7;-15021.6;79720.4;17462.4
736;83230.0;-15814.7;79345.1;17373.5
737;84068.4;-15386.4;80199.1;17587.6
738;83432.1;-15622.0;79538.3;17423.8
739;82130.7;-17536.4;78368.8;17120.2
740;82999.8;-16846.2;79230.9;17338.9
741;83978.5;-14557.7;79989.9;17531.9
742;84563.0;-13888.2;80535.1;17673.1
743;82888.1;-16235.4;79030.8;17289.8
744;83410.7;-16175.3;79587.7;17434.6
746;83428.3;-15396.1;79505.4;17414.1
747;84228.2;-14504.8;80252.3;17600.4
748;83923.5;-14831.4;79965.9;17524.6
749;84077.1;-14845.0;80134.1;17571.4
750;83428.9;-15409.0;79507.5;17414.3
751;84935.7;-13070.3;80835.4;17752.0
752;83905.8;-14665.9;79926.7;17516.4
753;84767.2;-13386.5;80693.2;17716.3
754;83492.6;-16234.6;79684.7;17455.6
755;84178.1;-15208.0;80291.9;17611.1
756;83422.3;-15760.4;79544.6;17425.3
757;83281.3;-15631.7;79377.0;17381.7
758;83460.8;-15317.2;79530.5;17421.7
759;83898.3;-14667.8;79918.6;17512.5
760;83713.7;-15448.1;79818.8;17488.6
761;84721.6;-14848.0;80835.5;17752.1
762;83158.4;-15822.6;79268.9;17353.1
763;83183.6;-15872.9;79302.6;17363.7
764;84943.5;-13912.6;80952.1;17781.0
765;84335.7;-13973.4;80301.7;17615.3
766;82655.2;-16687.1;78836.3;17244.4
767;84210.3;-14520.5;80234.8;17594.3
768;83875.7;-16118.3;80084.3;17559.2
769;82492.5;-16866.6;78680.6;17204.0
770;83666.5;-15111.3;79724.9;17464.0
771;83870.6;-14945.7;79923.9;17515.2
772;84308.7;-14770.3;80374.1;17629.9
773;84519.0;-13999.6;80501.7;17663.7
774;83990.6;-14517.8;79999.0;17535.3
775;84620.0;-13522.3;80551.2;17681.6
776;83842.1;-14746.5;79867.1;17497.2
777;83346.4;-15515.3;79432.4;17395.8
778;83293.0;-15618.2;79387.8;17382.8
779;84292.1;-14048.6;80263.8;17602.1
780;82617.6;-16693.7;78795.6;17233.4
781;84219.2;-15237.8;80339.7;17623.6
782;83118.1;-16331.9;79291.8;17362.7
783;83680.7;-15024.3;79729.4;17464.7
784;84155.4;-14991.8;80237.2;17596.8
785;84675.8;-13833.9;80651.0;17703.6
786;82497.5;-17775.6;78803.5;17236.5
787;83378.3;-15452.3;79458.7;17403.1
788;83824.3;-15763.8;79980.9;17527.4
789;83413.4;-16194.7;79593.5;17435.7
790;84407.1;-14548.6;80451.7;17648.9
791;82522.8;-16811.5;78707.4;17211.8
792;84170.9;-14232.6;80156.8;17575.0
793;84144.0;-14714.0;80189.7;17585.9
794;83967.3;-14583.2;79980.9;17527.4
795;84562.2;-14287.6;80587.1;17687.7
796;83095.8;-16009.9;79225.1;17336.9
797;84671.3;-13392.8;80590.3;17689.1
798;83457.2;-15347.5;79530.5;17421.8
799;84398.9;-13986.8;80370.8;17629.5
800;83559.5;-16161.5;79747.0;17468.9
801;84435.7;-14076.9;80421.7;17642.0
802;84305.7;-15012.6;80403.2;17635.9
803;82720.6;-18032.4;79084.1;17306.7
805;83873.6;-14727.5;79898.5;17505.6
806;83767.8;-14904.5;79807.9;17485.4
807;83414.2;-15410.5;79492.1;17411.3
808;84996.3;-14121.3;81037.4;17800.3
809;84066.8;-14387.1;80065.0;17557.4
810;84836.0;-13984.3;80845.2;17754.2
811;83548.3;-15225.1;79612.7;17438.4
812;83206.0;-15747.0;79310.9;17367.6
813;84012.9;-14485.1;80018.6;17541.6
814;83556.2;-15175.0;79615.0;17438.7
815;85541.0;-11907.8;81348.4;17881.9
816;84048.9;-14743.3;80090.7;17560.7
817;84570.8;-14433.9;80615.2;17693.6
818;83781.5;-14871.8;79818.5;17488.3
819;83609.4;-15754.7;79745.9;17468.8
820;83755.0;-15882.4;79922.3;17514.4
821;84139.9;-14472.3;80153.6;17574.6
822;84501.7;-13715.7;80447.2;17648.2
823;83820.1;-15050.6;79882.2;17499.7
824;83356.9;-16278.6;79543.6;17425.2
825;83199.5;-15786.0;79308.6;17366.2
826;83742.7;-15837.9;79902.2;17506.5
827;84142.8;-15390.4;80277.1;17607.0
828;84230.5;-14130.4;80208.1;17590.8
829;83900.9;-14692.2;79923.9;17515.2
830;83530.3;-15215.3;79592.3;17435.4
831;83861.2;-15807.6;80027.3;17543.5
832;84306.6;-14020.4;80276.1;17606.9
833;83877.3;-14868.2;79921.1;17513.1
834;84005.8;-14467.9;80008.7;17536.4
835;83806.3;-15013.5;79862.9;17496.9
836;84488.2;-14075.0;80478.0;17655.3
837;83632.5;-15095.3;79686.7;17455.7
838;84044.4;-14468.6;80051.0;17553.0
839;84138.6;-14634.8;80173.3;17582.0
840;84415.2;-13848.5;80370.8;17629.5
841;84923.6;-13012.0;80814.7;17744.6
842;84378.1;-13905.8;80338.6;17623.5
843;84328.3;-14004.8;80297.3;17612.7
844;82871.8;-16771.6;79082.8;17306.3
845;84256.4;-14639.5;80301.6;17615.1
846;85477.8;-12024.6;81293.5;17863.1
847;83260.5;-16344.3;79447.6;17401.5
848;83244.0;-15662.1;79340.8;17373.2
849;83773.2;-14946.6;79819.0;17488.8
850;84525.1;-14276.8;80545.6;17677.8
851;84273.5;-14072.5;80247.0;17600.0
852;83594.0;-15246.1;79663.9;17448.2
853;83902.1;-14654.2;79921.1;17513.1
854;84621.2;-13537.2;80554.3;17681.8
855;84379.1;-13888.6;80337.5;17623.3
856;85509.2;-12324.4;81362.0;17887.2
857;84364.6;-15510.5;80535.0;17672.8
858;84001.0;-15610.6;80152.5;17574.5
859;84161.3;-15435.4;80304.0;17615.6
860;83687.9;-15004.9;79734.8;17466.3
861;83271.8;-15616.7;79364.8;17379.0
862;84015.7;-14668.1;80044.4;17549.1
863;84106.2;-15323.0;80228.5;17593.9
864;82984.5;-16077.7;79114.4;17314.2
865;83578.4;-15174.8;79638.9;17444.4
866;83633.6;-15388.6;79724.9;17464.0
867;84103.4;-14331.3;80099.6;17562.0
868;83743.8;-14992.8;79792.9;17478.9
869;84097.3;-15185.0;80203.5;17588.1
870;83991.2;-14536.4;80001.1;17535.5
871;84581.1;-13963.0;80565.3;17684.1
872;82686.3;-17242.7;78942.4;17268.6
873;85004.2;-13098.8;80912.4;17768.4
874;84876.2;-13072.0;80771.5;17735.8
875;83972.2;-14535.7;79981.0;17527.5
876;84355.6;-13928.1;80317.5;17621.8
877;84280.7;-14444.6;80301.6;17615.1
878;83313.1;-16323.9;79501.9;17413.5
879;84032.0;-14474.0;80038.1;17546.6
880;84424.1;-13996.4;80399.1;17635.8
881;84128.4;-14314.6;80124.5;17569.7
882;84503.1;-14551.2;80557.9;17683.6
883;83891.9;-15348.9;79999.0;17535.3
884;83867.4;-15533.0;79996.3;17533.4
885;83407.2;-15425.4;79486.5;17409.6
886;83681.4;-14999.9;79727.1;17464.3
887;83543.8;-15738.2;79673.8;17451.4
888;85082.5;-12751.8;80953.4;17781.4
889;84087.3;-14376.6;80085.4;17560.4
890;83175.0;-16344.9;79354.8;17374.5
891;84179.6;-14306.8;80175.5;17582.3
892;83802.8;-14820.8;79835.0;17491.3
893;81797.2;-18811.4;78162.3;17069.4
894;84247.8;-14111.5;80224.0;17592.2
895;82865.8;-16434.8;79032.0;17291.0
896;84300.5;-14106.8;80280.4;17608.4
897;83244.4;-15895.9;79370.6;17381.0
898;82795.4;-17414.2;79085.4;17307.1
899;84253.2;-14125.7;80231.7;17594.1
900;82921.0;-16267.0;79070.7;17303.7
901;83585.6;-15471.2;79684.3;17455.1
902;84031.0;-14656.9;80060.8;17557.1
903;84335.9;-13989.6;80303.8;17615.5
904;84404.2;-14020.0;80380.6;17631.7
905;83841.6;-15165.6;79921.1;17513.1
906;83354.5;-15565.6;79447.6;17401.5
907;85239.4;-12460.2;81087.3;17810.7
908;83514.1;-15344.4;79591.0;17435.0
909;85057.8;-13410.3;81010.4;17790.4
910;83627.0;-15089.9;79680.1;17453.8
911;84660.9;-13704.5;80617.6;17694.1
912;84646.0;-13480.3;80573.7;17684.7
913;83198.3;-15899.9;79321.6;17369.6
914;84060.3;-15139.2;80153.6;17574.6
915;84289.6;-15005.1;80384.1;17632.4
916;84298.7;-14721.5;80356.7;17626.0
917;83766.1;-15091.2;79829.7;17489.8
918;83889.0;-16272.8;80120.2;17569.2
919;83659.5;-15056.9;79710.8;17461.4
920;83145.0;-15825.3;79254.8;17348.6
921;84555.8;-13844.8;80522.0;17669.5
922;83433.0;-16198.4;79615.2;17440.0
923;84661.2;-14663.0;80744.9;17730.5
924;84327.8;-14018.4;80298.4;17612.9
925;83319.2;-15571.3;79410.7;17393.5
926;83817.7;-14875.1;79857.4;17495.2
927;83740.0;-14918.0;79779.7;17475.3
928;83262.2;-16148.3;79423.8;17394.9
929;84227.4;-14379.7;80236.0;17596.6
930;83602.5;-15146.6;79660.9;17448.1
931;84989.5;-13113.1;80898.3;17764.9
932;84505.7;-13716.9;80451.7;17648.9
933;83327.0;-15558.0;79417.3;17394.3
934;83870.2;-14948.4;79923.9;17515.1
935;83676.5;-15738.9;79817.4;17488.1
936;82806.5;-16889.6;79026.4;17289.3
937;84546.4;-13629.4;80484.7;17659.2
938;84427.2;-14729.8;80498.5;17663.4
939;84529.9;-13738.3;80480.5;17657.9
940;83512.8;-16008.6;79675.9;17451.5
941;84649.6;-13431.2;80571.7;17684.6
942;83718.7;-15435.7;79823.2;17489.2
943;84547.1;-13641.2;80486.9;17659.5
944;85043.0;-13566.6;81014.8;17790.9
945;84022.3;-14430.3;80022.0;17542.1
946;82828.7;-17260.4;79101.2;17311.6
947;83703.6;-14985.6;79749.3;17470.4
948;84208.6;-15119.0;80312.1;17619.3
949;84738.2;-13320.0;80653.1;17703.7
950;83031.8;-16909.3;79274.6;17356.1
951;83757.9;-15227.2;79838.1;17491.4
952;83910.1;-15802.3;80080.1;17559.0
953;84167.2;-14565.4;80195.1;17586.5
954;84525.5;-13755.7;80477.8;17655.0
955;83286.8;-15593.9;79378.2;17381.9
956;83399.1;-17047.2;79691.4;17458.6
957;84601.5;-13556.9;80535.1;17673.0
958;84177.0;-14311.3;80173.2;17581.9
959;84158.7;-14732.1;80207.6;17588.4
960;84648.9;-13656.7;80599.1;17691.9
961;83993.3;-14546.2;80004.4;17535.8
962;84262.2;-14201.9;80251.1;17600.2
963;83691.9;-15095.8;79750.4;17470.6
964;82939.2;-16719.1;79148.7;17322.3
965;83017.4;-16339.6;79183.1;17328.6
966;83980.8;-14562.7;79993.0;17532.0
967;83697.4;-15663.5;79829.7;17489.8
968;83433.2;-15773.0;79559.8;17428.9
969;84130.3;-14334.1;80128.9;17571.2
970;83323.5;-15568.7;79414.9;17393.7
971;83997.0;-14540.8;80007.7;17536.3
972;83878.2;-14881.8;79923.8;17515.1
973;83141.1;-17263.3;79441.2;17399.9
974;82394.4;-17031.4;78594.2;17182.9
975;84895.9;-13051.0;80790.1;17741.2
976;84137.9;-14280.9;80127.8;17571.1
977;82158.5;-17450.7;78388.4;17124.5
978;83638.9;-15067.7;79690.3;17457.4
979;84152.2;-14525.1;80173.3;17582.0
980;83661.5;-15861.1;79817.4;17488.0
981;84287.3;-14218.7;80280.4;17608.5
982;83239.0;-15915.4;79367.0;17379.2
983;84042.9;-14440.6;80045.5;17549.3
984;83892.0;-14678.5;79913.3;17512.0
985;83752.8;-15292.8;79841.4;17491.9
986;83736.7;-15253.1;79818.7;17488.5
987;84043.0;-14548.2;80059.6;17556.9
988;84536.4;-13723.6;80485.8;17659.3
989;83569.0;-15163.9;79627.5;17442.9
990;83593.9;-15514.4;79699.2;17459.6
991;84035.2;-14444.3;80037.9;17546.4
992;83708.6;-15989.4;79885.3;17499.8
993;84110.4;-14832.5;80171.9;17580.5
994;84412.3;-13837.5;80366.5;17629.1
995;84780.9;-13260.6;80692.1;17716.1
996;83854.2;-14803.9;79887.4;17500.1
997;82403.2;-17027.6;78603.2;17184.3
998;83851.3;-14959.4;79904.6;17508.0
999;84153.2;-14351.4;80152.5;17574.5
1000;83803.2;-14852.6;79839.2;17491.6
