CASO;pATIVA;pREATIVA;dATIVA;dREATIVA
1;19100.3;-4004.1;18340.2;-449.6
2;15399.3;-2396.6;14609.8;-656.7
3;15532.5;-2560.4;14748.0;-643.7
4;14663.0;-1257.1;13839.1;-695.1
5;17824.7;-4080.7;17077.1;-519.6
6;12797.1;4299.8;11792.3;-803.8
7;19305.3;-3942.1;18541.4;-441.6
8;15161.8;-2070.1;14362.6;-667.7
9;16917.8;-3755.9;16165.3;-568.7
10;15985.1;-3052.3;15214.4;-620.7
11;18827.3;-4076.4;18072.0;-467.6
12;13149.8;2848.2;12193.6;-785.4
13;15865.2;-2934.8;15091.3;-627.7
14;15766.2;-2828.3;14989.2;-633.7
15;18269.9;-4122.1;17520.5;-495.6
16;14624.0;-1184.1;13798.1;-694.1
17;16108.0;-3170.4;15340.5;-614.7
18;14975.4;-1782.1;14167.4;-676.8
19;16462.3;-3470.2;15702.8;-598.7
20;17348.6;-3940.5;16599.7;-539.6
21;14622.2;-1180.1;13796.1;-694.1
22;18291.1;-4122.3;17541.5;-493.6
23;17881.8;-4090.4;17134.1;-516.6
24;17217.2;-3900.2;16467.5;-554.7
25;17880.8;-4090.3;17133.1;-516.6
26;15283.1;-2228.7;14488.7;-655.7
27;16193.9;-3247.7;15428.6;-609.7
28;14879.8;-1630.3;14067.3;-680.9
29;15955.8;-3021.9;15184.4;-619.7
30;17265.0;-3916.9;16515.6;-550.7
31;15270.6;-2214.0;14475.7;-657.7
32;15746.7;-2807.9;14969.2;-633.7
33;15277.3;-2225.0;14482.7;-658.7
34;15024.0;-1858.8;14218.5;-672.7
35;15305.2;-2260.1;14511.8;-653.7
36;16371.3;-3380.9;15609.8;-589.7
37;14598.5;-1138.7;13771.1;-697.1
38;16777.5;-3681.7;16023.1;-581.7
39;19162.2;-3994.0;18401.3;-449.6
40;17616.0;-4019.4;16867.9;-530.6
41;16079.8;-3136.9;15311.5;-611.7
42;14958.9;-1759.1;14150.4;-677.8
43;15182.1;-2097.0;14383.6;-666.7
44;19219.2;-3976.6;18457.3;-446.6
45;16475.1;-3480.1;15715.8;-598.7
46;15361.7;-2342.5;14570.8;-653.7
47;16705.6;-3629.6;15950.1;-580.7
48;19915.8;-3647.8;19136.0;-412.6
49;16590.3;-3556.1;15833.0;-587.7
50;17407.1;-3969.4;16658.7;-540.6
51;16885.2;-3735.8;16132.2;-569.7
52;15818.7;-2884.8;15043.2;-630.7
53;14554.9;-1057.2;13725.0;-700.2
54;15822.5;-2889.2;15047.2;-629.7
55;16050.4;-3110.6;15281.5;-612.7
56;17357.6;-3944.6;16608.7;-539.6
57;17776.7;-4071.5;17029.0;-522.6
58;17932.1;-4096.9;17184.2;-514.6
59;16861.6;-3722.1;16108.2;-571.7
60;17858.7;-4090.8;17111.1;-519.6
61;15167.6;-2077.9;14368.6;-667.7
62;18471.8;-4118.2;17720.7;-484.6
63;17239.0;-3905.7;16489.6;-549.7
64;15908.0;-2979.7;15135.3;-626.7
65;17192.6;-3888.0;16442.5;-556.7
66;16267.5;-3303.3;15503.7;-601.7
67;18267.9;-4120.7;17518.5;-494.6
68;18926.8;-4058.0;18170.1;-462.6
69;20062.6;-3549.5;19278.1;-402.6
70;14154.1;-212.5;13297.6;-722.5
71;14083.5;-46.9;13221.6;-728.6
72;15571.4;-2605.9;14788.0;-643.7
73;16650.4;-3596.0;15894.0;-585.7
74;17837.7;-4083.8;17090.1;-519.6
75;16913.9;-3751.5;16161.3;-567.7
76;13205.2;2620.7;12256.7;-781.4
77;15893.5;-2965.8;15120.3;-628.7
78;17760.1;-4050.8;17012.0;-521.6
79;16771.6;-3678.1;16017.1;-581.7
80;17649.9;-4027.6;16901.9;-528.6
81;16032.8;-3093.8;15263.4;-613.7
82;16066.2;-3125.4;15297.5;-613.7
83;16696.7;-3621.9;15941.1;-579.7
84;17067.4;-3829.9;16316.4;-560.7
85;16714.6;-3630.2;15959.1;-577.7
86;16589.2;-3555.8;15832.0;-587.7
87;15305.2;-2260.1;14511.8;-653.7
88;17010.9;-3801.7;16259.3;-562.7
89;16593.2;-3559.0;15836.0;-587.7
90;18263.9;-4117.6;17514.5;-492.6
91;18383.8;-4123.3;17633.6;-489.6
92;16694.9;-3619.7;15939.1;-579.7
93;15784.7;-2850.4;15008.2;-633.7
94;15359.9;-2338.8;14568.8;-653.7
95;17087.3;-3836.0;16336.4;-556.7
96;16514.5;-3504.1;15755.9;-593.7
97;15833.3;-2894.7;15058.2;-625.7
98;16464.3;-3471.2;15704.8;-598.7
99;15389.8;-2379.8;14599.8;-654.7
100;17545.8;-4013.0;16797.8;-534.6
101;15665.4;-2714.4;14885.1;-637.7
102;18425.3;-4120.8;17674.6;-487.6
103;17052.5;-3823.0;16301.4;-560.7
104;17367.4;-3952.9;16618.7;-541.6
105;14629.8;-1192.9;13804.1;-693.1
106;16673.0;-3606.7;15917.0;-580.7
107;17615.0;-4018.4;16866.9;-529.6
108;14853.2;-1583.4;14039.3;-681.9
109;15958.7;-3026.7;15187.4;-620.7
110;16448.6;-3458.0;15688.8;-598.7
111;14191.5;-299.8;13337.7;-722.5
112;16913.9;-3751.5;16161.3;-567.7
113;17788.7;-4070.0;17041.1;-519.6
114;15002.0;-1826.3;14195.5;-674.8
115;16967.4;-3778.4;16215.3;-565.7
116;14290.6;-520.4;13443.8;-716.4
117;16325.1;-3351.3;15562.7;-597.7
118;13816.9;640.7;12933.3;-740.8
119;18252.8;-4120.0;17503.5;-495.6
120;17067.4;-3829.9;16316.4;-560.7
121;16352.7;-3372.2;15590.7;-595.7
122;15137.1;-2030.6;14336.6;-668.7
123;18505.9;-4116.4;17754.7;-481.6
124;19687.0;-3768.9;18913.8;-419.6
125;13450.2;1761.5;12529.9;-763.1
126;18439.6;-4115.3;17688.7;-483.6
127;19102.3;-4000.7;18342.2;-447.6
128;16948.5;-3772.7;16196.3;-568.7
129;14462.7;-872.5;13626.9;-704.2
130;17821.7;-4082.1;17074.1;-521.6
131;16094.3;-3155.5;15326.5;-613.7
132;15411.1;-2406.1;14621.9;-653.7
133;14415.4;-782.7;13576.9;-708.3
134;17299.7;-3927.7;16550.6;-545.7
135;17702.8;-4043.3;16955.0;-526.6
136;15383.0;-2370.3;14592.8;-653.7
137;17251.1;-3914.2;16501.6;-552.7
138;14551.1;-1050.6;13721.0;-700.2
139;17717.0;-4046.6;16969.0;-527.6
140;16466.2;-3472.6;15706.8;-597.7
141;16086.5;-3146.6;15318.5;-612.7
142;16223.3;-3273.5;15458.6;-608.7
143;17824.7;-4080.8;17077.1;-519.6
144;17630.9;-4021.5;16882.9;-527.6
145;17262.9;-3919.8;16513.6;-552.7
146;16618.1;-3564.5;15861.0;-581.7
147;16516.5;-3506.7;15757.9;-594.7
148;17408.1;-3972.5;16659.7;-542.6
149;16773.6;-3676.0;16019.1;-579.7
150;17517.8;-4006.3;16769.8;-536.6
151;15886.8;-2953.4;15113.3;-625.7
152;12599.4;5208.5;11567.1;-814.9
153;18115.6;-4121.2;17367.3;-504.6
154;20064.7;-3547.2;19280.1;-401.6
155;17118.2;-3849.6;16367.4;-556.7
156;16226.2;-3276.2;15461.6;-607.7
157;16167.5;-3223.1;15401.6;-609.7
158;16200.9;-3252.5;15435.6;-609.7
159;16420.1;-3444.2;15659.8;-605.7
160;14588.1;-1118.0;13760.1;-697.1
161;15549.1;-2580.2;14765.0;-644.7
162;14784.5;-1473.4;13967.3;-689.0
163;16797.4;-3685.0;16043.1;-575.7
164;15909.9;-2983.9;15137.3;-627.7
165;17209.2;-3896.1;16459.5;-553.7
166;16104.1;-3166.7;15336.5;-614.7
167;18025.5;-4107.4;17277.3;-508.6
168;16741.1;-3651.4;15986.1;-578.7
169;20071.7;-3546.3;19287.1;-402.6
170;13392.1;1949.1;12465.9;-768.2
171;15346.4;-2320.4;14554.8;-653.7
172;17881.8;-4090.4;17134.1;-516.6
173;20657.3;-3091.0;19850.6;-374.5
174;15987.0;-3054.8;15216.4;-620.7
175;16464.3;-3471.2;15704.8;-598.7
176;16025.0;-3087.0;15255.4;-614.7
177;18605.2;-4112.2;17852.8;-480.6
178;15922.8;-2993.0;15150.3;-625.7
179;17512.8;-4004.0;16764.8;-536.6
180;15871.2;-2941.0;15097.3;-628.7
181;14350.7;-645.6;13507.8;-712.3
182;16910.0;-3749.4;16157.2;-568.7
183;17217.2;-3900.2;16467.5;-554.7
184;18538.4;-4116.1;17786.7;-482.6
185;16209.6;-3259.0;15444.6;-607.7
186;15391.8;-2381.8;14601.8;-654.7
187;17317.7;-3937.2;16568.6;-546.6
188;16782.4;-3684.9;16028.1;-581.7
189;16854.6;-3719.8;16101.2;-571.7
190;16269.5;-3305.2;15505.7;-601.7
191;18314.4;-4121.4;17564.5;-493.6
192;17001.1;-3795.1;16249.3;-562.7
193;19578.8;-3831.5;18808.7;-430.6
194;18234.6;-4126.3;17485.5;-500.6
195;17479.1;-4001.2;16730.8;-545.6
196;13802.3;677.2;12917.3;-744.8
197;17383.2;-3963.7;16634.7;-543.6
198;17082.2;-3836.3;16331.4;-558.7
199;17729.9;-4047.9;16982.0;-524.6
200;18122.8;-4124.0;17374.4;-507.6
201;15740.9;-2800.3;14963.2;-632.7
202;17754.0;-4051.9;17006.0;-522.6
203;15477.7;-2489.9;14690.9;-649.7
204;19662.4;-3781.3;18889.7;-421.6
205;14257.1;-440.4;13407.7;-716.4
206;13597.2;1273.6;12693.1;-758.0
207;13763.7;783.0;12875.3;-747.9
208;14953.2;-1750.5;14144.4;-678.8
209;14594.8;-1130.9;13767.1;-697.1
210;19666.7;-3772.3;18893.7;-417.6
211;15859.4;-2926.3;15085.3;-626.7
212;14242.0;-406.5;13391.7;-715.4
213;18240.6;-4126.8;17491.5;-499.6
214;15441.1;-2445.7;14652.9;-654.7
215;14405.4;-755.6;13565.9;-708.3
216;17837.7;-4083.8;17090.1;-519.6
217;17419.2;-3975.1;16670.7;-542.6
218;15681.0;-2729.9;14901.1;-636.7
219;18735.1;-4088.1;17980.9;-469.6
220;16602.1;-3559.1;15845.0;-583.7
221;19089.0;-4009.1;18329.2;-451.6
222;17217.2;-3900.2;16467.5;-554.7
223;18992.9;-4047.9;18235.1;-463.6
224;16576.3;-3551.1;15818.9;-590.7
225;14432.4;-813.9;13594.9;-706.3
226;20520.6;-3205.1;19719.5;-377.6
227;15507.6;-2531.1;14721.9;-648.7
228;16068.2;-3128.3;15299.5;-614.7
229;15259.8;-2200.8;14464.7;-657.7
230;16060.4;-3118.7;15291.5;-613.7
231;16786.5;-3686.3;16032.1;-581.7
232;16716.6;-3629.8;15961.1;-576.7
233;17480.1;-4001.3;16731.8;-545.6
234;19385.3;-3910.0;18619.5;-438.6
235;16195.8;-3249.3;15430.6;-609.7
236;14410.9;-770.7;13571.9;-709.3
237;14487.2;-920.0;13653.0;-702.2
238;15313.7;-2272.8;14520.8;-653.7
239;13727.3;896.0;12835.2;-747.9
240;17755.1;-4047.5;17007.0;-520.6
241;15581.1;-2619.5;14798.0;-644.7
242;15885.8;-2952.5;15112.3;-625.7
243;16387.0;-3393.2;15625.8;-588.7
244;14153.2;-209.5;13296.6;-722.5
245;15001.1;-1822.7;14194.5;-673.8
246;17503.8;-4007.2;16755.8;-541.6
247;17408.1;-3972.5;16659.7;-542.6
248;15669.2;-2718.2;14889.1;-636.7
249;19419.1;-3892.7;18652.5;-433.6
250;14298.1;-538.0;13451.8;-717.4
251;15831.3;-2891.3;15056.2;-624.7
252;16014.3;-3077.8;15244.4;-615.7
253;12101.9;8374.2;10973.5;-846.8
254;19635.6;-3802.8;18863.7;-429.6
255;16994.1;-3788.8;16242.3;-560.7
256;14708.6;-1334.1;13887.2;-689.0
257;19836.0;-3693.2;19058.9;-412.6
258;17355.6;-3944.1;16606.7;-539.6
259;17097.3;-3843.4;16346.4;-559.7
260;15408.1;-2404.5;14618.8;-654.7
261;16567.5;-3542.1;15809.9;-589.7
262;13952.3;272.2;13080.5;-734.7
263;17704.9;-4041.2;16957.0;-524.6
264;15785.7;-2852.0;15009.2;-634.7
265;16611.1;-3561.9;15854.0;-582.7
266;18389.9;-4125.4;17639.6;-491.6
267;16859.6;-3721.5;16106.2;-571.7
268;16819.1;-3699.7;16065.2;-575.7
269;16845.6;-3715.4;16092.2;-572.7
270;15202.3;-2120.5;14404.7;-661.7
271;17773.8;-4069.3;17026.0;-522.6
272;18962.5;-4051.9;18205.1;-463.6
273;17648.9;-4027.6;16900.9;-528.6
274;17857.7;-4089.7;17110.1;-519.6
275;14975.4;-1782.1;14167.4;-676.8
276;14990.3;-1813.0;14183.5;-677.8
277;14086.1;-55.2;13224.6;-728.6
278;18434.3;-4117.0;17683.6;-483.6
279;15975.4;-3040.2;15204.4;-619.7
280;18721.7;-4092.7;17967.9;-470.6
281;15127.2;-2020.1;14326.6;-668.7
282;15678.0;-2727.5;14898.1;-636.7
283;16545.2;-3519.1;15786.9;-588.7
284;17915.0;-4093.9;17167.2;-514.6
285;16490.0;-3486.6;15730.9;-595.7
286;16737.2;-3648.7;15982.1;-579.7
287;16417.1;-3442.8;15656.8;-605.7
288;16681.9;-3616.5;15926.0;-582.7
289;14599.5;-1142.1;13772.1;-698.1
290;16525.4;-3514.7;15766.9;-595.7
291;16086.5;-3146.6;15318.5;-612.7
292;16298.7;-3335.0;15535.7;-602.7
293;17200.4;-3891.6;16450.5;-555.7
294;15287.8;-2238.1;14493.7;-656.7
295;16251.7;-3291.3;15487.6;-601.7
296;15908.0;-2980.7;15135.3;-627.7
297;17078.4;-3832.8;16327.4;-558.7
298;17690.9;-4040.6;16943.0;-527.6
299;14849.5;-1575.0;14035.3;-681.9
300;17355.6;-3944.1;16606.7;-539.6
301;19853.9;-3671.7;19075.9;-406.6
302;14040.7;60.2;13175.5;-728.6
303;15049.7;-1904.5;14245.5;-673.7
304;14971.4;-1778.1;14163.4;-677.8
305;15938.3;-3007.8;15166.3;-623.7
306;19097.2;-4006.2;18337.2;-450.6
307;16411.2;-3437.9;15650.8;-605.7
308;15267.6;-2212.1;14472.7;-658.7
309;17416.1;-3976.8;16667.7;-543.6
310;15415.9;-2411.7;14626.9;-652.7
311;18253.8;-4122.2;17504.5;-496.6
312;16892.3;-3732.9;16139.2;-565.7
313;18702.4;-4098.2;17948.9;-473.6
314;15322.3;-2283.3;14529.8;-650.7
315;21539.0;-2100.7;20686.4;-326.5
316;17755.1;-4047.6;17007.0;-520.6
317;17469.0;-3997.1;16720.8;-544.6
318;16307.5;-3337.9;15544.7;-599.7
319;15214.7;-2135.4;14417.7;-658.7
320;14990.3;-1813.0;14183.5;-677.8
321;16169.4;-3225.4;15403.6;-609.7
322;15102.4;-1982.0;14300.6;-669.7
323;16855.6;-3719.7;16102.2;-571.7
324;15056.3;-1916.8;14252.5;-674.7
325;17415.1;-3975.2;16666.7;-542.6
326;17973.2;-4105.5;17225.2;-514.6
327;15244.5;-2181.5;14448.7;-659.7
328;18370.7;-4123.5;17620.6;-490.6
329;16003.6;-3065.1;15233.4;-614.7
330;18304.3;-4120.0;17554.5;-492.6
331;17111.1;-3848.4;16360.4;-557.7
332;18252.8;-4121.5;17503.5;-496.6
333;14784.5;-1473.4;13967.3;-689.0
334;16213.6;-3262.8;15448.6;-607.7
335;18806.2;-4076.7;18051.0;-466.6
336;15391.8;-2381.8;14601.8;-654.7
337;13184.9;2702.8;12233.7;-781.4
338;13322.0;2196.0;12387.8;-768.3
339;12496.4;5739.1;11448.0;-820.8
340;13071.1;3153.4;12104.6;-788.5
341;15722.4;-2783.7;14944.1;-636.7
342;18517.0;-4119.2;17765.7;-483.6
343;15670.2;-2719.0;14890.1;-636.7
344;16922.8;-3756.5;16170.3;-567.7
345;16209.6;-3259.0;15444.6;-607.7
346;16404.4;-3433.6;15643.8;-607.7
347;16117.6;-3181.1;15350.5;-614.7
348;16104.1;-3166.7;15336.5;-614.7
349;17150.8;-3867.5;16400.5;-556.7
350;14503.1;-953.6;13670.0;-701.2
351;18064.5;-4112.8;17316.3;-506.6
352;17913.0;-4093.8;17165.2;-514.6
353;16072.9;-3134.4;15304.5;-614.7
354;17720.9;-4047.1;16973.0;-525.6
355;15258.9;-2198.8;14463.7;-657.7
356;15520.2;-2544.2;14735.0;-645.7
357;16646.5;-3592.7;15890.0;-585.7
358;16081.7;-3140.3;15313.5;-612.7
359;15662.4;-2710.4;14882.1;-636.7
360;15300.3;-2254.2;14506.7;-653.7
361;15488.2;-2505.7;14701.9;-649.7
362;17947.2;-4098.4;17199.2;-513.6
363;13320.4;2203.1;12385.8;-769.3
364;16969.4;-3779.0;16217.3;-564.7
365;16005.6;-3064.6;15235.4;-613.7
366;17592.9;-4022.3;16844.9;-537.6
367;17243.1;-3906.8;16493.6;-549.7
368;12111.4;8289.8;10985.5;-848.8
369;17351.6;-3940.3;16602.7;-538.6
370;16924.8;-3758.1;16172.3;-567.7
371;16429.8;-3451.9;15669.8;-604.7
372;15633.1;-2680.1;14852.1;-638.7
373;17801.9;-4069.4;17054.1;-517.6
374;15719.6;-2780.8;14941.1;-637.7
375;19461.0;-3875.7;18693.6;-430.6
376;17318.7;-3938.4;16569.6;-547.7
377;19979.7;-3610.4;19198.0;-409.6
378;15120.6;-2007.3;14319.6;-667.7
379;13603.8;1252.1;12700.1;-760.0
380;17573.0;-4009.9;16824.9;-533.6
381;17798.8;-4068.4;17051.1;-516.6
382;16451.5;-3462.6;15691.8;-599.7
383;13935.6;313.8;13062.4;-736.7
384;15665.4;-2712.8;14885.1;-636.7
385;17407.1;-3972.0;16658.7;-542.6
386;16087.5;-3147.2;15319.5;-612.7
387;16204.6;-3259.6;15439.6;-609.7
388;16103.2;-3162.2;15335.5;-612.7
389;14882.6;-1636.1;14070.4;-680.9
390;15526.8;-2554.0;14742.0;-645.7
391;14111.2;-114.3;13251.6;-726.6
392;19344.2;-3924.6;18579.5;-437.6
393;15621.6;-2668.3;14840.0;-641.7
394;17177.6;-3880.9;16427.5;-556.7
395;14745.5;-1404.4;13926.2;-691.0
396;17704.8;-4044.6;16957.0;-526.6
397;13426.7;1843.5;12503.9;-762.2
398;17914.0;-4093.7;17166.2;-514.6
399;16332.0;-3356.1;15569.7;-596.7
400;19931.4;-3632.9;19151.0;-408.6
401;14298.1;-540.4;13451.8;-718.4
402;16513.6;-3503.2;15754.9;-593.7
403;16997.1;-3791.6;16245.3;-561.7
404;18435.4;-4116.7;17684.6;-483.6
405;15704.2;-2758.5;14925.1;-636.7
406;16532.2;-3517.0;15773.9;-592.7
407;13028.4;3312.7;12056.5;-793.5
408;15049.7;-1904.5;14245.5;-673.7
409;17134.9;-3863.5;16384.5;-558.7
410;18222.5;-4126.8;17473.4;-501.6
411;15932.5;-3002.6;15160.3;-624.7
412;19840.4;-3684.8;19062.9;-409.6
413;19332.9;-3929.7;18568.4;-438.6
414;16292.8;-3327.3;15529.7;-600.7
415;12631.9;5054.3;11604.1;-812.9
416;13572.9;1357.9;12666.1;-756.0
417;15132.1;-2023.2;14331.6;-667.7
418;18243.7;-4125.2;17494.5;-498.6
419;16903.1;-3745.0;16150.2;-568.7
420;13100.0;3041.1;12137.6;-782.5
421;16021.2;-3083.3;15251.4;-615.7
422;19081.6;-4017.8;18322.2;-453.6
423;15785.7;-2852.0;15009.2;-634.7
424;15176.1;-2092.7;14377.6;-668.7
425;19838.2;-3691.9;19060.9;-412.6
426;16480.2;-3480.5;15720.9;-596.7
427;15611.0;-2655.1;14829.0;-641.7
428;16966.4;-3780.6;16214.3;-567.7
429;16419.1;-3443.8;15658.8;-605.7
430;15692.6;-2742.2;14913.1;-634.7
431;18397.9;-4125.5;17647.6;-490.6
432;18243.7;-4125.2;17494.5;-498.6
433;17782.8;-4072.0;17035.0;-522.6
434;16223.3;-3275.0;15458.6;-609.7
435;18291.1;-4121.7;17541.5;-493.6
436;16310.5;-3339.8;15547.7;-599.7
437;17159.8;-3872.0;16409.5;-557.7
438;18104.7;-4117.1;17356.3;-504.6
439;17723.9;-4047.3;16976.0;-525.6
440;19379.1;-3909.3;18613.5;-436.6
441;17133.8;-3863.1;16383.5;-558.7
442;13713.6;935.1;12820.2;-749.9
443;14524.9;-997.7;13693.0;-702.2
444;18637.6;-4103.8;17884.8;-475.6
445;15852.7;-2916.3;15078.3;-624.7
446;17028.7;-3809.4;16277.4;-560.7
447;15016.4;-1846.3;14210.5;-673.8
448;18049.4;-4114.6;17301.3;-508.6
449;15765.2;-2828.5;14988.2;-634.7
450;18822.3;-4073.5;18067.0;-464.6
451;15527.8;-2554.9;14743.0;-645.7
452;18247.7;-4125.4;17498.5;-498.6
453;17501.9;-4005.9;16753.8;-541.6
454;15220.6;-2142.5;14423.7;-658.7
455;18213.5;-4122.4;17464.4;-499.6
456;14932.3;-1714.4;14122.4;-678.8
457;15060.1;-1922.9;14256.5;-674.7
458;17581.9;-4016.6;16833.9;-536.6
459;15381.1;-2362.1;14590.8;-649.7
460;15424.7;-2422.6;14635.9;-652.7
461;15832.3;-2893.9;15057.2;-625.7
462;14779.0;-1459.2;13961.3;-688.0
463;18123.8;-4124.0;17375.4;-507.6
464;17396.3;-3965.8;16647.7;-542.6
465;16278.1;-3314.5;15514.7;-600.7
466;16211.6;-3260.7;15446.6;-607.7
467;17132.8;-3864.3;16382.5;-559.7
468;19339.0;-3927.5;18574.5;-437.6
469;17827.8;-4079.6;17080.1;-518.6
470;15564.6;-2600.4;14781.0;-645.7
471;17679.0;-4033.8;16931.0;-526.6
472;16200.9;-3252.5;15435.6;-609.7
473;16068.2;-3128.3;15299.5;-614.7
474;19514.3;-3855.3;18745.6;-430.6
475;15710.8;-2767.2;14932.1;-635.7
476;15611.0;-2655.1;14829.0;-641.7
477;13307.6;2241.3;12371.8;-772.3
478;14146.6;-199.5;13289.6;-725.5
479;17132.8;-3862.9;16382.5;-558.7
480;15267.6;-2212.1;14472.7;-658.7
481;17244.1;-3907.8;16494.6;-549.7
482;14600.4;-1143.9;13773.1;-698.1
483;15153.2;-2057.3;14353.6;-668.7
484;17502.9;-4006.2;16754.8;-541.6
485;18824.3;-4077.8;18069.0;-468.6
486;17365.5;-3951.2;16616.7;-541.6
487;18380.8;-4122.8;17630.6;-489.6
488;19238.8;-3968.6;18476.4;-446.6
489;18118.7;-4120.9;17370.4;-504.6
490;14911.1;-1682.9;14100.4;-678.8
491;16219.4;-3269.0;15454.6;-607.7
492;17430.1;-3982.4;16681.7;-544.6
493;15716.6;-2777.0;14938.1;-637.7
494;17134.9;-3863.5;16384.5;-558.7
495;13872.9;486.1;12994.4;-735.8
496;15052.5;-1909.0;14248.5;-673.7
497;17262.9;-3919.8;16513.6;-552.7
498;12887.2;3903.3;11895.4;-799.7
499;14608.1;-1153.3;13781.1;-695.1
500;16363.4;-3375.6;15601.7;-590.7
501;13657.6;1099.6;12759.2;-751.0
502;16486.0;-3481.7;15726.9;-593.7
503;15100.6;-1977.5;14298.6;-669.7
504;15914.0;-2985.1;15141.3;-626.7
505;15971.5;-3036.8;15200.4;-619.7
506;16703.6;-3627.9;15948.1;-580.7
507;15476.8;-2487.9;14689.9;-648.7
508;16535.3;-3517.2;15776.9;-591.7
509;15415.9;-2412.1;14626.9;-652.7
510;17305.8;-3930.5;16556.6;-545.6
511;19221.2;-3977.2;18459.3;-447.6
512;16713.7;-3628.9;15958.1;-577.7
513;16673.0;-3606.7;15917.0;-580.7
514;14517.2;-987.5;13685.0;-704.2
515;17536.7;-4011.4;16788.8;-534.6
516;15164.7;-2075.1;14365.6;-668.7
517;15083.0;-1955.2;14280.5;-670.7
518;17307.8;-3930.7;16558.6;-545.6
519;16689.8;-3619.0;15934.0;-580.7
520;18228.4;-4128.1;17479.5;-500.6
521;18794.9;-4081.6;18040.0;-468.6
522;15515.4;-2538.5;14730.0;-646.7
523;16600.1;-3558.3;15843.0;-583.7
524;19332.9;-3929.7;18568.4;-438.6
525;17990.2;-4107.3;17242.2;-511.6
526;17569.0;-4006.7;16820.9;-532.6
527;18562.8;-4110.3;17810.8;-479.6
528;15411.1;-2406.1;14621.9;-653.7
529;17443.0;-3983.6;16694.7;-541.6
530;18737.2;-4083.8;17982.9;-467.6
531;19094.1;-4006.0;18334.2;-450.6
532;15086.1;-1956.2;14283.5;-669.7
533;15979.2;-3047.7;15208.4;-620.7
534;17018.8;-3804.3;16267.4;-560.7
535;15918.9;-2991.4;15146.3;-627.7
536;15754.6;-2815.5;14977.2;-633.7
537;17522.8;-4008.5;16774.8;-537.6
538;15816.6;-2884.5;15041.2;-631.7
539;13553.7;1414.7;12645.1;-758.1
540;16985.3;-3784.3;16233.3;-561.7
541;15700.4;-2751.8;14921.1;-635.7
542;15203.3;-2120.0;14405.7;-660.7
543;13894.0;425.3;13017.4;-736.7
544;18070.4;-4115.5;17322.3;-506.6
545;12904.1;3832.9;11914.4;-800.7
546;13691.3;997.7;12796.2;-749.9
547;15944.1;-3014.4;15172.4;-622.7
548;18430.3;-4119.8;17679.6;-486.6
549;18567.9;-4111.5;17815.8;-480.6
550;14536.1;-1023.7;13705.0;-703.2
551;16099.3;-3158.4;15331.5;-612.7
552;13981.0;200.2;13111.5;-732.7
553;18067.5;-4114.0;17319.3;-506.6
554;14032.2;77.4;13166.5;-729.6
555;16160.8;-3212.9;15394.6;-607.7
556;18102.7;-4114.4;17354.3;-502.6
557;16032.8;-3093.8;15263.4;-613.7
558;18839.5;-4074.4;18084.0;-466.6
559;14988.4;-1809.9;14181.4;-677.8
560;17001.1;-3795.1;16249.3;-562.7
561;17801.9;-4069.4;17054.1;-517.6
562;16164.6;-3220.6;15398.6;-610.7
563;18696.4;-4098.7;17942.9;-474.6
564;17294.8;-3926.6;16545.6;-546.7
565;13779.8;731.7;12893.3;-747.8
566;23231.8;1029.6;22235.6;-247.5
567;17462.1;-3991.6;16713.8;-542.6
568;16570.5;-3544.2;15812.9;-589.7
569;14151.1;-211.4;13294.6;-724.5
570;16528.3;-3518.0;15769.9;-595.7
571;15644.1;-2690.6;14863.1;-639.7
572;17455.1;-3991.4;16706.8;-544.6
573;17006.0;-3795.7;16254.3;-560.7
574;19493.7;-3866.3;18725.6;-431.6
575;16625.0;-3575.4;15868.0;-585.7
576;17242.1;-3906.7;16492.6;-549.7
577;17007.0;-3796.4;16255.3;-560.7
578;16153.0;-3208.4;15386.5;-610.7
579;16089.4;-3149.0;15321.5;-612.7
580;18217.4;-4125.3;17468.4;-500.6
581;17681.9;-4035.6;16934.0;-526.6
582;15372.5;-2351.1;14581.8;-650.7
583;14602.3;-1144.6;13775.1;-696.1
584;16279.1;-3314.0;15515.7;-599.7
585;18316.5;-4118.6;17566.5;-491.6
586;16346.7;-3369.7;15584.7;-596.7
587;19310.4;-3939.1;18546.4;-440.6
588;15137.1;-2030.6;14336.6;-668.7
589;16623.0;-3572.9;15866.0;-584.7
590;12485.5;5806.5;11434.9;-819.8
591;15423.6;-2421.1;14634.9;-651.7
592;15889.7;-2957.5;15116.3;-626.7
593;17233.1;-3903.8;16483.5;-550.7
594;19252.2;-3963.3;18489.4;-446.6
595;16451.5;-3462.6;15691.8;-599.7
596;18812.3;-4073.1;18057.0;-464.6
597;17482.1;-4001.6;16733.8;-545.6
598;18025.5;-4107.4;17277.3;-508.6
599;15637.0;-2685.8;14856.1;-639.7
600;18694.4;-4098.5;17940.9;-474.6
601;14663.0;-1257.1;13839.1;-695.1
602;17209.2;-3896.1;16459.5;-553.7
603;14855.0;-1587.1;14041.3;-681.9
604;15549.1;-2579.0;14765.0;-643.7
605;14060.1;9.6;13196.5;-727.6
606;15551.1;-2584.3;14767.0;-646.7
607;16969.4;-3779.0;16217.3;-564.7
608;16278.1;-3316.1;15514.7;-601.7
609;14234.3;-399.0;13383.7;-720.4
610;18839.5;-4074.4;18084.0;-466.6
611;16947.5;-3772.4;16195.3;-568.7
612;18061.6;-4112.3;17313.3;-506.6
613;17692.8;-4042.1;16945.0;-527.6
614;15318.4;-2281.6;14525.8;-653.7
615;13319.5;2204.5;12384.8;-770.3
616;14916.8;-1693.5;14106.4;-679.8
617;18427.3;-4121.5;17676.6;-488.6
618;14694.5;-1307.8;13872.2;-690.0
619;17740.0;-4049.6;16992.0;-524.6
620;15399.4;-2395.4;14609.8;-655.7
621;17040.6;-3815.8;16289.4;-560.7
622;13502.1;1580.6;12588.0;-764.1
623;18326.5;-4121.7;17576.5;-492.6
624;16325.1;-3352.5;15562.7;-598.7
625;17858.7;-4090.8;17111.1;-519.6
626;16703.6;-3627.9;15948.1;-580.7
627;17709.0;-4040.9;16961.0;-524.6
628;16223.3;-3275.0;15458.6;-609.7
629;17619.9;-4021.2;16871.9;-529.6
630;13982.0;198.4;13112.5;-732.7
631;14655.5;-1240.1;13831.1;-694.1
632;17587.9;-4021.4;16839.9;-538.6
633;16325.1;-3352.5;15562.7;-598.7
634;16021.2;-3083.3;15251.4;-615.7
635;16097.3;-3158.1;15329.5;-613.7
636;17216.2;-3899.7;16466.5;-554.7
637;15428.6;-2427.4;14639.9;-652.7
638;17232.1;-3905.0;16482.5;-551.7
639;14916.8;-1693.5;14106.4;-679.8
640;15730.4;-2787.7;14952.2;-634.7
641;18020.4;-4107.5;17272.3;-508.6
642;18165.1;-4120.0;17416.4;-501.6
643;14628.9;-1190.6;13803.1;-693.1
644;17776.7;-4071.5;17029.0;-522.6
645;14718.0;-1356.5;13897.2;-693.0
646;17602.9;-4024.0;16854.9;-536.6
647;13388.5;1961.1;12461.9;-768.2
648;14598.5;-1138.7;13771.1;-697.1
649;15562.7;-2600.0;14779.0;-646.7
650;16120.6;-3182.0;15353.5;-613.7
651;18763.4;-4087.2;18008.9;-470.6
652;17884.9;-4090.4;17137.1;-516.6
653;19020.6;-4032.2;18262.2;-457.6
654;18396.8;-4130.2;17646.6;-493.6
655;15930.6;-2998.0;15158.3;-623.7
656;15957.7;-3025.4;15186.4;-620.7
657;18161.1;-4126.9;17412.4;-506.6
658;16458.4;-3465.8;15698.8;-597.7
659;16135.3;-3191.8;15368.5;-610.7
660;14252.3;-433.8;13402.7;-718.4
661;16215.5;-3265.1;15450.6;-607.7
662;12102.6;8365.0;10974.5;-847.8
663;15652.8;-2699.0;14872.1;-637.7
664;14812.9;-1525.6;13997.3;-688.9
665;17535.7;-4012.0;16787.8;-535.6
666;15611.0;-2655.1;14829.0;-641.7
667;15856.5;-2923.7;15082.3;-626.7
668;18630.4;-4106.1;17877.8;-476.6
669;14702.8;-1325.5;13881.2;-689.0
670;16914.8;-3752.5;16162.3;-567.7
671;13393.2;1950.3;12466.9;-766.2
672;16535.3;-3517.2;15776.9;-591.7
673;17068.4;-3830.9;16317.4;-560.7
674;17812.8;-4076.8;17065.1;-520.6
675;14937.1;-1723.4;14127.4;-679.8
676;16918.8;-3753.4;16166.3;-566.7
677;16916.8;-3755.2;16164.3;-568.7
678;16361.4;-3377.4;15599.7;-592.7
679;16635.7;-3583.0;15879.0;-584.7
680;17152.8;-3870.0;16402.5;-558.7
681;17048.6;-3819.0;16297.4;-559.7
682;14784.5;-1473.4;13967.3;-689.0
683;14470.2;-887.0;13635.0;-703.2
684;20611.7;-3121.7;19806.6;-372.6
685;19607.8;-3812.2;18836.7;-426.6
686;14163.5;-233.0;13307.7;-721.5
687;17132.8;-3864.3;16382.5;-559.7
688;17425.2;-3980.9;16676.7;-545.6
689;17632.9;-4021.9;16884.9;-527.6
690;16619.0;-3567.6;15862.0;-582.7
691;14896.8;-1661.5;14085.4;-680.9
692;16093.3;-3154.9;15325.5;-613.7
693;15592.7;-2634.9;14810.0;-644.7
694;16611.1;-3561.9;15854.0;-582.7
695;15953.8;-3020.1;15182.4;-619.7
696;16178.2;-3236.1;15412.6;-610.7
697;18079.4;-4119.7;17331.3;-507.6
698;18431.4;-4116.8;17680.6;-484.6
699;14490.1;-924.5;13656.0;-702.2
700;15644.1;-2690.6;14863.1;-639.7
701;15114.8;-2001.4;14313.6;-669.7
702;18425.2;-4120.3;17674.6;-486.6
703;16295.7;-3330.1;15532.7;-600.7
704;18802.1;-4077.7;18047.0;-466.6
705;15612.0;-2654.7;14830.0;-640.7
706;16436.0;-3451.3;15675.8;-602.7
707;14232.4;-394.2;13381.7;-720.4
708;18556.7;-4109.9;17804.8;-479.6
709;15803.9;-2875.4;15028.2;-634.7
710;14019.0;103.3;13152.5;-732.6
711;15429.5;-2429.0;14640.9;-652.7
712;12790.8;4325.8;11785.3;-803.8
713;16340.9;-3364.9;15578.7;-597.7
714;16577.4;-3549.1;15819.9;-588.7
715;16865.6;-3724.0;16112.2;-571.7
716;18885.3;-4067.2;18129.0;-467.6
717;15900.3;-2969.7;15127.3;-625.7
718;17722.0;-4044.8;16974.0;-524.6
719;16908.1;-3746.3;16155.2;-567.7
720;16074.9;-3135.5;15306.5;-613.7
721;13126.7;2934.6;12167.6;-786.5
722;17960.2;-4102.0;17212.2;-513.6
723;15572.4;-2607.5;14789.0;-643.7
724;16420.1;-3444.2;15659.8;-605.7
725;14353.3;-656.8;13510.8;-713.3
726;16855.6;-3719.7;16102.2;-571.7
727;16572.4;-3546.1;15814.9;-589.7
728;16440.9;-3452.3;15680.8;-600.7
729;16173.3;-3231.1;15407.6;-610.7
730;18131.7;-4126.4;17383.4;-507.6
731;17990.2;-4107.3;17242.2;-511.6
732;17591.0;-4019.6;16842.9;-537.6
733;22061.2;-1335.2;21173.8;-297.5
734;15415.9;-2410.7;14626.9;-651.7
735;15772.9;-2836.5;14996.2;-632.7
736;14756.9;-1429.1;13938.2;-693.0
737;17107.2;-3845.8;16356.4;-557.7
738;15277.3;-2225.0;14482.7;-658.7
739;12224.5;7420.7;11124.7;-841.8
740;14443.8;-836.0;13606.9;-706.3
741;16509.6;-3498.9;15750.9;-592.7
742;18062.6;-4110.2;17314.3;-505.6
743;13909.9;388.6;13034.4;-734.7
744;15399.4;-2395.4;14609.8;-655.7
745;16164.6;-3220.6;15398.6;-610.7
746;15207.9;-2129.2;14410.7;-660.7
747;17266.9;-3917.2;16517.6;-549.7
748;16397.5;-3427.9;15636.8;-607.7
749;16920.8;-3755.8;16168.3;-567.7
750;15215.7;-2136.5;14418.7;-658.7
751;18950.4;-4049.4;18193.1;-461.6
752;16388.9;-3395.3;15627.8;-588.7
753;18538.4;-4116.1;17786.7;-482.6
754;15674.1;-2723.4;14894.1;-636.7
755;17363.5;-3949.8;16614.7;-540.6
756;15290.7;-2243.0;14496.7;-657.7
757;14856.0;-1589.6;14042.3;-682.9
758;15251.3;-2188.8;14455.7;-658.7
759;16319.3;-3347.1;15556.7;-598.7
760;16034.8;-3096.2;15265.4;-613.7
761;18957.4;-4048.9;18200.1;-460.6
762;14545.4;-1042.0;13715.0;-702.2
763;14633.7;-1200.4;13808.1;-694.1
764;19231.4;-3975.5;18469.4;-448.6
765;17397.3;-3966.3;16648.7;-542.6
766;13415.9;1880.0;12491.9;-762.2
767;17210.2;-3896.2;16460.5;-553.7
768;16779.4;-3683.3;16025.1;-581.7
769;13024.0;3332.6;12051.5;-792.5
770;15787.7;-2855.6;15011.2;-635.7
771;16363.4;-3375.6;15601.7;-590.7
772;17599.9;-4025.2;16851.9;-537.6
773;17971.1;-4105.8;17223.2;-514.6
774;16545.2;-3519.1;15786.9;-588.7
775;18103.7;-4117.4;17355.3;-504.6
776;16154.0;-3206.7;15387.5;-608.7
777;15003.8;-1830.4;14197.5;-674.8
778;14882.6;-1636.1;14070.3;-680.9
779;17284.0;-3924.0;16534.6;-549.7
780;13300.3;2263.1;12363.8;-774.3
781;17510.8;-4006.5;16762.8;-538.6
782;14610.0;-1156.2;13783.1;-695.1
783;15810.8;-2881.3;15035.2;-633.7
784;17224.0;-3906.2;16474.5;-554.7
785;18413.0;-4127.1;17662.6;-490.6
786;13325.6;2181.7;12391.8;-769.3
787;15086.1;-1956.2;14283.5;-669.7
788;16472.3;-3477.2;15712.8;-598.7
789;15423.6;-2421.1;14634.9;-651.7
790;17818.7;-4080.9;17071.1;-521.6
791;13112.5;2992.6;12151.6;-782.5
792;16985.3;-3784.3;16233.3;-561.7
793;17092.2;-3842.8;16341.4;-559.7
794;16472.3;-3477.2;15712.8;-598.7
795;18218.4;-4127.0;17469.4;-501.6
796;14417.2;-787.3;13578.9;-708.3
797;18231.6;-4127.6;17482.5;-501.6
798;15256.1;-2193.5;14460.7;-657.7
799;17587.9;-4021.4;16839.9;-538.6
800;15862.4;-2930.0;15088.3;-627.7
801;17736.0;-4047.3;16988.0;-523.6
802;17681.9;-4035.6;16934.0;-526.6
803;14054.4;20.8;13190.5;-728.6
804;16140.3;-3196.4;15373.5;-611.7
805;16237.1;-3282.3;15472.6;-605.7
806;16003.6;-3065.1;15233.4;-614.7
807;15165.7;-2078.9;14366.6;-670.7
808;19489.8;-3861.6;18721.6;-428.6
809;16735.3;-3648.5;15980.1;-580.7
810;18983.6;-4052.3;18226.1;-464.6
811;15466.3;-2472.9;14678.9;-649.7
812;14682.2;-1284.5;13859.2;-691.0
813;16607.2;-3559.7;15850.0;-583.7
814;15476.7;-2489.1;14689.9;-649.7
815;20414.5;-3290.9;19617.4;-383.6
816;16794.3;-3688.1;16040.1;-578.7
817;18303.3;-4119.9;17553.5;-492.6
818;16030.9;-3091.9;15261.4;-613.7
819;15859.4;-2926.3;15085.3;-626.7
820;16342.9;-3366.4;15580.7;-597.7
821;16975.2;-3782.4;16223.3;-563.7
822;17793.7;-4070.2;17046.1;-518.6
823;16193.9;-3247.7;15428.6;-609.7
824;15287.8;-2238.1;14493.7;-656.7
825;14668.9;-1260.3;13845.1;-691.1
826;16266.6;-3302.3;15502.7;-601.7
827;17335.7;-3942.3;16586.6;-544.6
828;17143.8;-3864.2;16393.5;-556.7
829;16363.4;-3375.6;15601.7;-590.7
830;15415.9;-2410.7;14626.9;-651.7
831;16629.9;-3578.3;15873.0;-584.7
832;17334.8;-3940.7;16585.6;-544.6
833;16329.2;-3352.4;15566.7;-596.7
834;16577.4;-3549.1;15819.9;-588.7
835;16147.1;-3203.2;15380.5;-610.7
836;17907.9;-4095.5;17160.2;-515.6
837;15678.0;-2727.5;14898.1;-636.7
838;16694.9;-3619.7;15939.1;-579.7
839;17043.7;-3815.9;16292.4;-560.7
840;17587.9;-4021.4;16839.9;-538.6
841;18881.2;-4067.9;18125.0;-467.6
842;17507.7;-4011.2;16759.8;-542.6
843;17379.4;-3959.6;16630.7;-542.6
844;14041.6;57.1;13176.5;-728.6
845;17393.3;-3963.5;16644.7;-541.6
846;20247.0;-3422.0;19456.3;-392.6
847;15049.7;-1904.5;14245.5;-673.7
848;14747.5;-1406.7;13928.2;-690.0
849;16037.7;-3096.9;15268.4;-611.7
850;18083.4;-4119.8;17335.3;-506.6
851;17259.9;-3917.9;16510.6;-551.7
852;15613.0;-2655.6;14831.0;-640.7
853;16330.1;-3353.9;15567.7;-596.7
854;18113.6;-4121.1;17365.3;-504.6
855;17497.0;-4003.5;16748.8;-542.6
856;20484.9;-3247.1;19685.5;-385.6
857;18056.5;-4112.0;17308.3;-506.6
858;16970.4;-3778.5;16218.3;-563.7
859;17405.1;-3970.6;16656.7;-541.6
860;15823.4;-2889.9;15048.2;-629.7
861;14814.8;-1527.2;13999.3;-687.9
862;16677.9;-3610.0;15922.0;-579.7
863;17194.6;-3887.2;16444.5;-555.7
864;14158.0;-220.3;13301.7;-722.5
865;15544.3;-2573.6;14760.0;-644.7
866;15787.7;-2853.6;15011.2;-634.7
867;16831.0;-3707.2;16077.2;-575.7
868;15968.5;-3035.0;15197.4;-619.7
869;17126.0;-3854.9;16375.4;-556.7
870;16549.2;-3521.2;15790.9;-588.7
871;18150.0;-4124.9;17401.4;-506.6
872;13671.2;1057.9;12774.2;-749.9
873;19157.2;-3993.9;18396.3;-449.6
874;18750.2;-4086.5;17995.9;-469.6
875;16473.2;-3478.2;15713.8;-598.7
876;17466.0;-3993.7;16717.8;-542.6
877;17393.3;-3963.5;16644.7;-541.6
878;15198.5;-2115.2;14400.7;-662.7
879;16661.1;-3603.5;15905.0;-583.7
880;17681.0;-4034.1;16933.0;-526.6
881;16902.1;-3743.2;16149.2;-567.7
882;18132.8;-4126.7;17384.4;-508.6
883;16545.2;-3519.1;15786.9;-588.7
884;16525.4;-3514.7;15766.9;-595.7
885;15152.2;-2056.4;14352.6;-668.7
886;15799.1;-2870.0;15023.2;-634.7
887;15644.1;-2690.6;14863.1;-639.7
888;19240.9;-3967.4;18478.4;-446.6
889;16782.4;-3684.9;16028.1;-581.7
890;14779.9;-1461.2;13962.3;-688.0
891;17048.6;-3819.0;16297.4;-559.7
892;16077.7;-3139.2;15309.5;-613.7
894;17178.8;-3876.8;16428.5;-554.7
895;13917.1;363.5;13042.4;-736.7
896;17342.7;-3939.5;16593.7;-540.6
897;14840.6;-1569.8;14026.3;-685.9
898;14063.9;-2.2;13200.6;-730.6
899;17205.4;-3892.1;16455.5;-553.7
900;14006.1;138.7;13138.5;-731.6
901;15665.4;-2715.6;14885.1;-638.7
902;16724.4;-3638.3;15969.1;-577.7
903;17403.2;-3969.9;16654.7;-542.6
904;17621.9;-4021.2;16873.9;-529.6
905;16330.1;-3353.9;15567.7;-596.7
906;15044.9;-1897.1;14240.5;-673.7
907;19613.8;-3815.2;18842.7;-429.6
908;15410.1;-2405.0;14620.8;-653.7
909;19406.8;-3897.7;18640.5;-434.6
910;15654.8;-2699.9;14874.1;-636.7
911;18316.5;-4118.6;17566.5;-491.6
912;18162.2;-4119.9;17413.4;-502.6
913;14708.6;-1335.4;13887.2;-690.0
914;16974.2;-3782.2;16222.3;-563.7
915;17640.9;-4022.5;16892.9;-526.6
916;17546.8;-4015.7;16798.8;-536.6
917;16068.2;-3128.3;15299.5;-614.7
918;16887.3;-3731.3;16134.2;-566.7
919;15750.6;-2812.7;14973.2;-633.7
920;14507.9;-963.9;13675.0;-702.2
921;18018.5;-4103.7;17270.3;-507.6
922;15484.3;-2501.6;14697.9;-649.7
923;18688.3;-4098.9;17934.9;-474.6
924;17383.2;-3963.7;16634.7;-543.6
925;14948.5;-1740.9;14139.4;-677.8
926;16132.5;-3186.7;15365.5;-609.7
927;15924.7;-2994.6;15152.3;-624.7
928;14987.4;-1808.8;14180.4;-677.8
929;17215.2;-3899.2;16465.5;-554.7
930;15611.0;-2655.1;14829.0;-641.7
931;19112.5;-3997.7;18352.3;-446.6
932;17816.7;-4080.8;17069.1;-521.6
933;14971.4;-1778.1;14163.4;-677.8
934;16361.4;-3377.4;15599.7;-592.7
935;16024.0;-3086.3;15254.4;-614.7
936;13897.7;416.1;13021.4;-735.7
937;17932.1;-4096.9;17184.2;-514.6
938;17965.2;-4101.1;17217.2;-512.6
939;17919.0;-4092.5;17171.2;-513.6
940;15650.9;-2697.9;14870.1;-638.7
941;18161.1;-4126.9;17412.4;-506.6
942;16050.4;-3110.6;15281.5;-612.7
943;17938.1;-4096.2;17190.2;-513.6
944;19419.1;-3890.2;18652.5;-432.6
945;16619.0;-3567.6;15862.0;-582.7
946;14122.4;-140.9;13263.6;-725.5
947;15875.1;-2942.9;15101.3;-626.7
948;17450.1;-3983.0;16701.7;-539.6
949;18416.1;-4123.6;17665.6;-488.6
950;14571.2;-1084.5;13742.0;-698.1
951;16080.7;-3139.8;15312.5;-612.7
952;16775.6;-3679.3;16021.1;-581.7
953;17105.3;-3844.4;16354.4;-557.7
954;17901.8;-4093.7;17154.2;-514.6
955;14859.9;-1595.5;14046.3;-682.9
956;15700.4;-2752.8;14921.1;-636.7
957;18061.6;-4112.3;17313.3;-506.6
958;17039.6;-3815.6;16288.4;-560.7
959;17130.9;-3861.5;16380.5;-558.7
960;18257.9;-4119.3;17508.5;-494.6
961;16565.7;-3537.7;15807.9;-588.7
962;17261.9;-3920.7;16512.6;-553.7
963;15879.8;-2951.8;15106.3;-627.7
964;14237.1;-403.3;13386.7;-718.4
965;14315.0;-569.2;13469.8;-713.4
966;16513.5;-3502.1;15754.9;-592.7
967;16066.2;-3126.4;15297.5;-614.7
968;15331.1;-2294.0;14538.8;-650.7
969;16916.8;-3755.2;16164.3;-568.7
970;14955.1;-1754.6;14146.4;-678.8
971;16576.3;-3551.1;15818.9;-590.7
972;16359.5;-3373.7;15597.7;-591.7
973;15035.3;-1877.7;14230.5;-670.7
974;12802.6;4282.8;11798.3;-801.8
975;18817.2;-4072.7;18062.0;-463.6
976;16914.8;-3752.5;16162.3;-567.7
977;12273.7;7068.7;11184.7;-839.8
978;15697.5;-2747.2;14918.1;-634.7
979;17041.6;-3817.3;16290.4;-561.7
980;16021.2;-3083.3;15251.4;-615.7
981;17346.6;-3940.9;16597.7;-539.6
982;14822.3;-1540.2;14007.3;-685.9
983;16680.8;-3616.2;15925.0;-582.7
984;16305.5;-3335.8;15542.7;-598.7
985;16092.3;-3153.7;15324.5;-613.7
986;16033.8;-3095.0;15264.4;-613.7
987;16714.6;-3629.0;15959.1;-576.7
988;17933.1;-4096.5;17185.2;-514.6
989;15532.5;-2563.2;14748.0;-645.7
990;15730.4;-2787.7;14952.2;-634.7
991;16650.4;-3597.5;15894.0;-586.7
992;16195.8;-3249.3;15430.6;-609.7
993;17025.7;-3808.2;16274.4;-560.7
994;17576.9;-4013.2;16828.9;-534.6
995;18536.4;-4114.7;17784.7;-481.6
996;16202.8;-3255.2;15437.6;-609.7
997;12830.7;4154.5;11830.3;-803.7
998;16278.1;-3314.5;15514.7;-600.7
999;16970.4;-3778.5;16218.3;-563.7
1000;16086.5;-3146.6;15318.5;-612.7
