2.590000000000000000e+02 -4.144787017493112735e+00
2.615899999999999750e+02 -4.190008859416318288e+00
2.641800000000000068e+02 -4.235236051630137055e+00
2.654749999999999659e+02 -4.257851662295127682e+00
2.667699999999999818e+02 -4.280468620379711098e+00
2.680649999999999977e+02 -4.303086929174591901e+00
2.693600000000000136e+02 -4.325706591974509685e+00
2.706549999999999727e+02 -4.348327612078279003e+00
2.719499999999999886e+02 -4.370949992788820460e+00
2.732450000000000045e+02 -4.393573737413110969e+00
2.745400000000000205e+02 -4.416198849262284121e+00
2.758349999999999795e+02 -4.438825331651596429e+00
2.771299999999999955e+02 -4.461453187900440653e+00
2.784250000000000114e+02 -4.484082421332402646e+00
2.797200000000000273e+02 -4.506713035275223156e+00
2.810149999999999864e+02 -4.529345033060871550e+00
2.823100000000000023e+02 -4.551978418025520057e+00
2.836050000000000182e+02 -4.574613193509585507e+00
2.849000000000000341e+02 -4.597249362857716015e+00
2.861949999999999932e+02 -4.619886929418858479e+00
2.874900000000000091e+02 -4.642525896546234598e+00
2.887850000000000250e+02 -4.665166267597355976e+00
2.900800000000000409e+02 -4.687808045934088064e+00
2.913750000000000000e+02 -4.710451234922602204e+00
2.926700000000000159e+02 -4.733095837933455563e+00
2.939649999999999750e+02 -4.755741858341549388e+00
2.952600000000000477e+02 -4.778389299526216050e+00
2.965550000000000068e+02 -4.801038164871164859e+00
2.978500000000000227e+02 -4.823688457764549575e+00
2.991449999999999818e+02 -4.846340181598971064e+00
3.004400000000000546e+02 -4.868993339771489737e+00
3.017350000000000136e+02 -4.891647935683653081e+00
3.030300000000000296e+02 -4.914303972741508986e+00
3.043249999999999886e+02 -4.936961454355619949e+00
3.056200000000000614e+02 -4.959620383941095056e+00
3.069150000000000205e+02 -4.982280764917611293e+00
3.082100000000000364e+02 -5.004942600709373579e+00
3.095049999999999955e+02 -5.027605894745258652e+00
3.108000000000000682e+02 -5.050270650458681843e+00
3.120950000000000273e+02 -5.072936871287734739e+00
3.133900000000000432e+02 -5.095604560675151440e+00
3.146850000000000023e+02 -5.118273722068320097e+00
3.153324999999999818e+02 -5.129608855845667392e+00
3.159800000000000750e+02 -5.140944358919348645e+00
3.166275000000000546e+02 -5.152280231721629633e+00
3.172750000000000341e+02 -5.163616474685027491e+00
3.179225000000000136e+02 -5.174953088242411958e+00
3.185700000000000500e+02 -5.186290072826903241e+00
3.192175000000000296e+02 -5.197627428871933297e+00
3.198650000000000091e+02 -5.208965156811241393e+00
3.205124999999999886e+02 -5.220303257078842130e+00
3.211600000000000819e+02 -5.231641730109078736e+00
3.218075000000000614e+02 -5.242980576336570664e+00
3.224550000000000409e+02 -5.254319796196265102e+00
3.231025000000000205e+02 -5.265659390123371253e+00
3.237500000000000000e+02 -5.276999358553436714e+00
3.243975000000000364e+02 -5.288339701922294189e+00
3.250450000000000159e+02 -5.299680420666065039e+00
3.256924999999999955e+02 -5.311021515221215239e+00
3.263400000000000318e+02 -5.322362986024473663e+00
3.269875000000000682e+02 -5.333704833512890708e+00
3.276350000000000477e+02 -5.345047058123828521e+00
3.282825000000000273e+02 -5.356389660294947674e+00
3.289300000000000068e+02 -5.367732640464216054e+00
3.295775000000000432e+02 -5.379075999069917735e+00
3.302250000000000227e+02 -5.390419736550622787e+00
3.308725000000000023e+02 -5.401763853345229904e+00
3.315200000000000387e+02 -5.413108349892944204e+00
3.321675000000000750e+02 -5.424453226633266567e+00
3.328150000000000546e+02 -5.435798484006040709e+00
3.334625000000000341e+02 -5.447144122451383019e+00
3.341100000000000136e+02 -5.458490142409749168e+00
3.347575000000000500e+02 -5.469836544321890592e+00
3.354050000000000296e+02 -5.481183328628882023e+00
3.360525000000000091e+02 -5.492530495772113497e+00
3.367000000000000455e+02 -5.503878046193272588e+00
3.373475000000000819e+02 -5.515225980334394151e+00
3.379950000000000614e+02 -5.526574298637790150e+00
3.386425000000000409e+02 -5.537923001546117163e+00
3.392900000000000205e+02 -5.549272089502343519e+00
3.399375000000000568e+02 -5.560621562949742192e+00
3.405850000000000364e+02 -5.571971422331920110e+00
3.412325000000000159e+02 -5.583321668092805723e+00
3.418800000000000523e+02 -5.594672300676628574e+00
3.425275000000000318e+02 -5.606023320527947718e+00
3.431750000000000682e+02 -5.617374728091658831e+00
3.438225000000000477e+02 -5.628726523812943583e+00
3.444700000000000273e+02 -5.640078708137356678e+00
3.451175000000000637e+02 -5.651431281510724602e+00
3.457650000000000432e+02 -5.662784244379224674e+00
3.464125000000000227e+02 -5.674137597189357507e+00
3.470600000000000591e+02 -5.685491340387947901e+00
3.477075000000000387e+02 -5.696845474422151945e+00
3.483550000000000750e+02 -5.708199999739435704e+00
3.490025000000000546e+02 -5.719554916787607191e+00
3.496500000000000341e+02 -5.730910226014788833e+00
3.502975000000000705e+02 -5.742265927869460107e+00
3.509450000000000500e+02 -5.753622022800387370e+00
3.515925000000000296e+02 -5.764978511256696692e+00
3.522400000000000659e+02 -5.776335393687852537e+00
3.528875000000000455e+02 -5.787692670543621354e+00
3.535350000000000819e+02 -5.799050342274118641e+00
3.541825000000000614e+02 -5.810408409329795631e+00
3.548300000000000409e+02 -5.821766872161430406e+00
3.554775000000000773e+02 -5.833125731220143884e+00
3.561250000000000568e+02 -5.844484986957377615e+00
3.567725000000000364e+02 -5.855844639824922204e+00
3.574200000000000728e+02 -5.867204690274895107e+00
3.580675000000000523e+02 -5.878565138759757502e+00
3.587150000000000318e+02 -5.889925985732306302e+00
3.593625000000000682e+02 -5.901287231645672371e+00
3.600100000000000477e+02 -5.912648876953343624e+00
3.606575000000000841e+02 -5.924010922109126831e+00
3.613050000000000637e+02 -5.935373367567180480e+00
3.619525000000000432e+02 -5.946736213781994351e+00
3.626000000000000796e+02 -5.958099461208412606e+00
3.632475000000000591e+02 -5.969463110301621356e+00
3.638950000000000387e+02 -5.980827161517131785e+00
3.645425000000000750e+02 -5.992191615310834329e+00
3.651900000000000546e+02 -6.003556472138937394e+00
3.658375000000000909e+02 -6.014921732457994885e+00
3.664850000000000705e+02 -6.026287396724920420e+00
3.671325000000000500e+02 -6.037653465396978447e+00
3.677800000000000864e+02 -6.049019938931755824e+00
3.684275000000000659e+02 -6.060386817787212443e+00
3.690750000000000455e+02 -6.071754102421647481e+00
3.697225000000000819e+02 -6.083121793293718049e+00
3.703700000000000614e+02 -6.094489890862431203e+00
3.710175000000000978e+02 -6.105858395587136833e+00
3.716650000000000773e+02 -6.117227307927532109e+00
3.723125000000000568e+02 -6.128596628343696118e+00
3.729600000000000932e+02 -6.139966357296044563e+00
3.736075000000000728e+02 -6.151336495245328884e+00
3.742550000000000523e+02 -6.162707042652690426e+00
3.749025000000000318e+02 -6.174077999979608045e+00
3.755500000000000682e+02 -6.185449367687918532e+00
3.761975000000001046e+02 -6.196821146239822831e+00
3.768450000000000841e+02 -6.208193336097872717e+00
3.774925000000000637e+02 -6.219565937724996552e+00
3.781400000000001000e+02 -6.230938951584446883e+00
3.787875000000000796e+02 -6.242312378139883933e+00
3.794350000000000591e+02 -6.253686217855299212e+00
3.800825000000000387e+02 -6.265060471195047498e+00
3.807300000000000750e+02 -6.276435138623858379e+00
3.813775000000001114e+02 -6.287810220606826483e+00
3.820250000000000909e+02 -6.299185717609391943e+00
3.826725000000000705e+02 -6.310561630097385688e+00
3.833200000000001069e+02 -6.321937958536998359e+00
3.839675000000000864e+02 -6.333314703394763434e+00
3.846150000000000659e+02 -6.344691865137630060e+00
3.852625000000000455e+02 -6.356069444232868015e+00
3.859100000000000819e+02 -6.367447441148145870e+00
3.865575000000001182e+02 -6.378825856351495460e+00
3.872050000000000978e+02 -6.390204690311321656e+00
3.878525000000000773e+02 -6.401583943496383711e+00
3.885000000000001137e+02 -6.412963616375850329e+00
3.891475000000000932e+02 -6.424343709419233051e+00
3.897950000000000728e+02 -6.435724223096432439e+00
3.901187500000000341e+02 -6.441414637819649514e+00
3.904425000000000523e+02 -6.447105157877710546e+00
3.907662500000000136e+02 -6.452795783329440482e+00
3.910900000000000318e+02 -6.458486514233718445e+00
3.914137499999999932e+02 -6.464177350649429776e+00
3.917375000000000682e+02 -6.469868292635489126e+00
3.920612499999999727e+02 -6.475559340250830687e+00
3.923850000000000477e+02 -6.481250493554417957e+00
3.927087499999999523e+02 -6.486941752605228650e+00
3.930325000000000273e+02 -6.492633117462283110e+00
3.933562499999999318e+02 -6.498324588184610562e+00
3.936800000000000068e+02 -6.504016164831255331e+00
3.940037499999999682e+02 -6.509707847461314145e+00
3.943274999999999864e+02 -6.515399636133875738e+00
3.946512499999999477e+02 -6.521091530908073253e+00
3.949749999999999659e+02 -6.526783531843057595e+00
3.952987499999999272e+02 -6.532475638998009870e+00
3.956224999999999454e+02 -6.538167852432115623e+00
3.959462499999999068e+02 -6.543860172204604808e+00
3.962699999999999250e+02 -6.549552598374726031e+00
3.965937499999998863e+02 -6.555245131001749215e+00
3.969174999999999613e+02 -6.560937770144974479e+00
3.972412499999998658e+02 -6.566630515863709938e+00
3.975649999999999409e+02 -6.572323368217303674e+00
3.978887499999998454e+02 -6.578016327265124197e+00
3.982124999999999204e+02 -6.583709393066558668e+00
3.985362499999998249e+02 -6.589402565681028001e+00
3.988599999999999000e+02 -6.595095845167973536e+00
3.991837499999998045e+02 -6.600789231586853489e+00
3.995074999999998795e+02 -6.606482724997158940e+00
3.998312499999998408e+02 -6.612176325458403170e+00
4.001549999999998590e+02 -6.617870033030111010e+00
4.004787499999998204e+02 -6.623563847771861468e+00
4.008024999999998386e+02 -6.629257769743226447e+00
4.011262499999997999e+02 -6.634951799003830253e+00
4.014499999999998181e+02 -6.640645935613296302e+00
4.017737499999997794e+02 -6.646340179631287981e+00
4.020974999999997976e+02 -6.652034531117481109e+00
4.024212499999997590e+02 -6.657728990131583480e+00
4.027449999999998340e+02 -6.663423556733348185e+00
4.030687499999997385e+02 -6.669118230982500783e+00
4.033924999999998136e+02 -6.674813012938843215e+00
4.037162499999997181e+02 -6.680507902662170316e+00
4.040399999999997931e+02 -6.686202900212319555e+00
4.043637499999996976e+02 -6.691898005649144388e+00
4.046874999999997726e+02 -6.697593219032522249e+00
4.050112499999996771e+02 -6.703288540422370545e+00
4.053349999999997522e+02 -6.708983969878600462e+00
4.056587499999997135e+02 -6.714679507461175589e+00
4.059824999999997317e+02 -6.720375153230072840e+00
4.061443749999996840e+02 -6.723223016703132160e+00
4.063062499999996930e+02 -6.726070907245288666e+00
4.064681249999997021e+02 -6.728918824864030590e+00
4.066299999999997112e+02 -6.731766769566863928e+00
4.067918749999997203e+02 -6.734614741361295565e+00
4.069537499999996726e+02 -6.737462740254841265e+00
4.071156249999996817e+02 -6.740310766255011465e+00
4.072774999999996908e+02 -6.743158819369313939e+00
4.074393749999996999e+02 -6.746006899605259122e+00
4.076012499999996521e+02 -6.748855006970368997e+00
4.077631249999996612e+02 -6.751703141472157554e+00
4.079249999999997272e+02 -6.754551303118144112e+00
4.080868749999996794e+02 -6.757399491915843548e+00
4.082487499999996317e+02 -6.760247707872784062e+00
4.084106249999996407e+02 -6.763095950996485861e+00
4.085724999999997067e+02 -6.765944221294474481e+00
4.087343749999996589e+02 -6.768792518774273681e+00
4.088962499999996112e+02 -6.771640843443416991e+00
4.090581249999996203e+02 -6.774489195309428169e+00
4.092199999999996862e+02 -6.777337574379838969e+00
4.093818749999996385e+02 -6.780185980662184697e+00
4.095437499999995907e+02 -6.783034414163997106e+00
4.097056249999996567e+02 -6.785882874892809724e+00
4.098674999999996658e+02 -6.788731362856160523e+00
4.100293749999996180e+02 -6.791579878061587472e+00
4.101912499999995703e+02 -6.794428420516635647e+00
4.103531249999996362e+02 -6.797276990228850124e+00
4.105149999999996453e+02 -6.800125587205760880e+00
4.105959374999996498e+02 -6.801549895920842914e+00
4.106768749999995975e+02 -6.802974211454927200e+00
4.107578124999996589e+02 -6.804398533808956984e+00
4.108387499999997203e+02 -6.805822862983884391e+00
4.109196874999996680e+02 -6.807247198980642899e+00
4.110006249999996726e+02 -6.808671541800183746e+00
4.110815624999996771e+02 -6.810095891443446625e+00
4.111624999999997385e+02 -6.811520247911386328e+00
4.112434374999997431e+02 -6.812944611204922118e+00
4.113243749999996908e+02 -6.814368981325023000e+00
4.114053124999997522e+02 -6.815793358272618896e+00
4.114862499999998136e+02 -6.817217742048663709e+00
4.115671874999997613e+02 -6.818642132654091803e+00
4.116481249999997658e+02 -6.820066530089849977e+00
4.117290624999998272e+02 -6.821490934356893021e+00
4.118099999999998317e+02 -6.822915345456149083e+00
4.118909374999998363e+02 -6.824339763388577396e+00
4.119718749999998408e+02 -6.825764188155119427e+00
4.120528124999998454e+02 -6.827188619756709542e+00
4.121337499999999068e+02 -6.828613058194307861e+00
4.122146874999998545e+02 -6.830037503468850524e+00
4.122956249999998590e+02 -6.831461955581281664e+00
4.123765624999999204e+02 -6.832886414532550745e+00
4.124574999999999250e+02 -6.834310880323611670e+00
4.125384374999999295e+02 -6.835735352955397026e+00
4.126193749999999341e+02 -6.837159832428848283e+00
4.127003124999999386e+02 -6.838584318744920232e+00
4.127812500000000000e+02 -6.840008811904563224e+00
4.128621875000000045e+02 -6.841433311908716952e+00
4.129431249999999523e+02 -6.842857818758326438e+00
4.130240625000000136e+02 -6.844282332454334927e+00
4.131050000000000750e+02 -6.845706852997697212e+00
4.131859375000000227e+02 -6.847131380389360089e+00
4.132668750000000273e+02 -6.848555914630261476e+00
4.133478125000000318e+02 -6.849980455721350836e+00
4.134287500000000932e+02 -6.851405003663574078e+00
4.135096875000000978e+02 -6.852829558457884218e+00
4.135906250000000455e+02 -6.854254120105222725e+00
4.136715625000001069e+02 -6.855678688606539062e+00
4.137525000000001683e+02 -6.857103263962778250e+00
4.138334375000001160e+02 -6.858527846174885312e+00
4.139143750000001205e+02 -6.859952435243807933e+00
4.139953125000001819e+02 -6.861377031170500018e+00
4.140762500000001864e+02 -6.862801633955906588e+00
4.141571875000001910e+02 -6.864226243600965560e+00
4.142381250000001955e+02 -6.865650860106636166e+00
4.143190625000002001e+02 -6.867075483473866093e+00
4.144000000000002615e+02 -6.868500113703595922e+00
4.144809375000002092e+02 -6.869924750796776003e+00
4.145618750000002137e+02 -6.871349394754354911e+00
4.146428125000002751e+02 -6.872774045577285662e+00
4.147237500000002797e+02 -6.874198703266503507e+00
4.148046875000002842e+02 -6.875623367822973897e+00
4.148856250000002888e+02 -6.877048039247628530e+00
4.149665625000002933e+02 -6.878472717541429304e+00
4.150475000000003547e+02 -6.879897402705323017e+00
4.151284375000003593e+02 -6.881322094740252915e+00
4.152093750000003070e+02 -6.882746793647162242e+00
4.152903125000003683e+02 -6.884171499427020002e+00
4.153712500000004297e+02 -6.885596212080756118e+00
4.154521875000003774e+02 -6.887020931609329821e+00
4.155331250000003820e+02 -6.888445658013678141e+00
4.155735937500003843e+02 -6.889158023794569985e+00
4.156140625000003865e+02 -6.889870391294768304e+00
4.156545312500003888e+02 -6.890582760514378791e+00
4.156950000000003342e+02 -6.891295131453535561e+00
4.157354687500003365e+02 -6.892007504112346972e+00
4.157759375000003956e+02 -6.892719878490938257e+00
4.158164062500003411e+02 -6.893432254589420438e+00
4.158568750000002865e+02 -6.894144632407920525e+00
4.158973437500003456e+02 -6.894857011946550429e+00
4.159378125000003479e+02 -6.895569393205433606e+00
4.159782812500002933e+02 -6.896281776184689072e+00
4.160187500000002956e+02 -6.896994160884430514e+00
4.160592187500002979e+02 -6.897706547304773395e+00
4.160996875000003001e+02 -6.898418935445859823e+00
4.161401562500003024e+02 -6.899131325307773288e+00
4.161806250000002478e+02 -6.899843716890659451e+00
4.162210937500002501e+02 -6.900556110194626669e+00
4.162615625000003092e+02 -6.901268505219803728e+00
4.163020312500002547e+02 -6.901980901966289217e+00
4.163425000000002001e+02 -6.902693300434213697e+00
4.163829687500002592e+02 -6.903405700623702401e+00
4.164234375000002615e+02 -6.904118102534870793e+00
4.164639062500002069e+02 -6.904830506167823678e+00
4.165043750000001523e+02 -6.905542911522700500e+00
4.165448437500002115e+02 -6.906255318599611392e+00
4.165853125000002137e+02 -6.906967727398669155e+00
4.166257812500001592e+02 -6.907680137919996355e+00
4.166662500000001614e+02 -6.908392550163714674e+00
4.167067187500001637e+02 -6.909104964129946680e+00
4.167471875000001660e+02 -6.909817379818803396e+00
4.167876562500001683e+02 -6.910529797230404725e+00
4.168281250000001137e+02 -6.911242216364873237e+00
4.168685937500001160e+02 -6.911954637222323505e+00
4.169090625000001751e+02 -6.912667059802874547e+00
4.169495312500001205e+02 -6.913379484106650708e+00
4.169697656250000932e+02 -6.913735696904788952e+00
4.169900000000001228e+02 -6.914091910133771002e+00
4.170102343750001523e+02 -6.914448123793621725e+00
4.170304687500001819e+02 -6.914804337884342011e+00
4.170507031250001546e+02 -6.915160552405966499e+00
4.170709375000001842e+02 -6.915516767358498740e+00
4.170911718750002137e+02 -6.915872982741954722e+00
4.171114062500001864e+02 -6.916229198556352209e+00
4.171316406250001592e+02 -6.916585414801699194e+00
4.171518750000002456e+02 -6.916941631478023211e+00
4.171721093750002751e+02 -6.917297848585326037e+00
4.171923437500002478e+02 -6.917654066123620993e+00
4.172024609375002342e+02 -6.917832175054403621e+00
4.172125781250002206e+02 -6.918010284092938278e+00
4.172226953125002069e+02 -6.918188393239224965e+00
4.172328125000001933e+02 -6.918366502493283221e+00
4.172429296875001796e+02 -6.918544611855088178e+00
4.172530468750001660e+02 -6.918722721324668257e+00
4.172631640625001523e+02 -6.918900830901998589e+00
4.172732812500001955e+02 -6.919078940587109372e+00
4.172833984375001819e+02 -6.919257050379984619e+00
4.172935156250001683e+02 -6.919435160280630548e+00
4.173036328125001546e+02 -6.919613270289041829e+00
4.173137500000001410e+02 -6.919791380405238002e+00
4.173238671875001273e+02 -6.919969490629200415e+00
4.173339843750001137e+02 -6.920147600960943279e+00
4.173441015625001000e+02 -6.920325711400457713e+00
4.173542187500000864e+02 -6.920503821947768586e+00
4.173643359375000728e+02 -6.920681932602847475e+00
4.173744531250000591e+02 -6.920860043365721026e+00
4.173845703125000455e+02 -6.921038154236380358e+00
4.173946875000000318e+02 -6.921216265214826358e+00
4.174048046875000750e+02 -6.921394376301059914e+00
4.174149218750000614e+02 -6.921572487495092574e+00
4.174250390625000477e+02 -6.921750598796918119e+00
4.174351562500000341e+02 -6.921928710206543656e+00
4.174452734375000205e+02 -6.922106821723959413e+00
4.174553906250000068e+02 -6.922284933349181379e+00
4.174655078124999932e+02 -6.922463045082196231e+00
4.174705664062499864e+02 -6.922552100989131318e+00
4.174756249999999795e+02 -6.922641156923025285e+00
4.174806835937499727e+02 -6.922730212883859480e+00
4.174857421874999659e+02 -6.922819268871649001e+00
4.174908007812499591e+02 -6.922908324886390297e+00
4.174958593749999523e+02 -6.922997380928083366e+00
4.175009179687499454e+02 -6.923086436996730875e+00
4.175059765624999386e+02 -6.923175493092330157e+00
4.175110351562499318e+02 -6.923264549214881214e+00
4.175160937499999250e+02 -6.923353605364385821e+00
4.175211523437499181e+02 -6.923442661540840426e+00
4.175262109374999682e+02 -6.923531717744257463e+00
4.175312695312499613e+02 -6.923620773974617393e+00
4.175363281249999545e+02 -6.923709830231937090e+00
4.175413867187499477e+02 -6.923798886516210338e+00
4.175464453124999409e+02 -6.923887942827438025e+00
4.175515039062499341e+02 -6.923976999165617485e+00
4.175565624999999272e+02 -6.924066055530760266e+00
4.175616210937499204e+02 -6.924155111922850381e+00
4.175666796874999136e+02 -6.924244168341894934e+00
4.175717382812499068e+02 -6.924333224787899255e+00
4.175767968749999000e+02 -6.924422281260860679e+00
4.175818554687498931e+02 -6.924511337760772101e+00
4.175869140624998863e+02 -6.924600394287643290e+00
4.175894433593748545e+02 -6.924644922561189908e+00
4.175919726562498795e+02 -6.924689450841468918e+00
4.175945019531249045e+02 -6.924733979128486538e+00
4.175970312499998727e+02 -6.924778507422256091e+00
4.175995605468748977e+02 -6.924823035722753595e+00
4.176020898437498658e+02 -6.924867564029989708e+00
4.176046191406248909e+02 -6.924912092343975090e+00
4.176071484374998590e+02 -6.924956620664694640e+00
4.176096777343748840e+02 -6.925001148992151911e+00
4.176122070312498522e+02 -6.925045677326349569e+00
4.176147363281248772e+02 -6.925090205667284060e+00
4.176172656249998454e+02 -6.925134734014962490e+00
4.176197949218748704e+02 -6.925179262369374200e+00
4.176223242187498386e+02 -6.925223790730531626e+00
4.176248535156248636e+02 -6.925268319098424108e+00
4.176273828124998317e+02 -6.925312847473055200e+00
4.176299121093748568e+02 -6.925357375854432895e+00
4.176324414062498249e+02 -6.925401904242553641e+00
4.176349707031248499e+02 -6.925446432637405003e+00
4.176374999999998181e+02 -6.925490961038995863e+00
4.176400292968748431e+02 -6.925535489447327997e+00
4.176425585937498113e+02 -6.925580017862401405e+00
4.176450878906248363e+02 -6.925624546284213423e+00
4.176476171874998045e+02 -6.925669074712769380e+00
4.176501464843748295e+02 -6.925713603148052400e+00
4.176526757812497976e+02 -6.925758131590082023e+00
4.176552050781248226e+02 -6.925802660038857361e+00
4.176577343749998477e+02 -6.925847188494367757e+00
4.176602636718748158e+02 -6.925891716956621202e+00
4.176627929687498408e+02 -6.925936245425610593e+00
4.176640576171873249e+02 -6.925958509662634377e+00
4.176653222656248090e+02 -6.925980773901335041e+00
4.176665869140622931e+02 -6.926003038141739232e+00
4.176678515624998340e+02 -6.926025302383811422e+00
4.176691162109373181e+02 -6.926047566627574703e+00
4.176703808593748022e+02 -6.926069830873025523e+00
4.176716455078122863e+02 -6.926092095120159442e+00
4.176729101562498272e+02 -6.926114359368970241e+00
4.176741748046873113e+02 -6.926136623619481902e+00
4.176754394531247954e+02 -6.926158887871666003e+00
4.176767041015622794e+02 -6.926181152125542972e+00
4.176779687499998204e+02 -6.926203416381098599e+00
4.176792333984373045e+02 -6.926225680638340876e+00
4.176804980468747885e+02 -6.926247944897268027e+00
4.176817626953122726e+02 -6.926270209157880942e+00
4.176823950195310431e+02 -6.926281341288824223e+00
4.176830273437498136e+02 -6.926292473420184059e+00
4.176836596679685840e+02 -6.926303605551964893e+00
4.176842919921872976e+02 -6.926314737684162282e+00
4.176849243164060681e+02 -6.926325869816789549e+00
4.176855566406248386e+02 -6.926337001949836036e+00
4.176861889648436090e+02 -6.926348134083298191e+00
4.176868212890623795e+02 -6.926359266217188448e+00
4.176874536132811500e+02 -6.926370398351491708e+00
4.176880859374999204e+02 -6.926381530486222182e+00
4.176887182617186909e+02 -6.926392662621376317e+00
4.176893505859374613e+02 -6.926403794756952337e+00
4.176899829101561750e+02 -6.926414926892944024e+00
4.176906152343749454e+02 -6.926426059029356708e+00
4.176912475585937159e+02 -6.926437191166193941e+00
4.176918798828124864e+02 -6.926448323303460164e+00
4.176925122070312568e+02 -6.926459455441137614e+00
4.176931445312500273e+02 -6.926470587579235172e+00
4.176937768554687977e+02 -6.926481719717756391e+00
4.176944091796875682e+02 -6.926492851856698607e+00
4.176950415039062818e+02 -6.926503983996060931e+00
4.176956738281250523e+02 -6.926515116135851358e+00
4.176963061523438228e+02 -6.926526248276061892e+00
4.176969384765625932e+02 -6.926537380416686318e+00
4.176975708007813637e+02 -6.926548512557730852e+00
4.176982031250001342e+02 -6.926559644699201712e+00
4.176988354492189046e+02 -6.926570776841098898e+00
4.176994677734376751e+02 -6.926581908983409086e+00
4.177001000976564455e+02 -6.926593041126142936e+00
4.177007324218751592e+02 -6.926604173269301334e+00
4.177013647460939296e+02 -6.926615305412872736e+00
4.177019970703127001e+02 -6.926626437556875793e+00
4.177026293945314706e+02 -6.926637569701291852e+00
4.177032617187502410e+02 -6.926648701846136902e+00
4.177038940429690115e+02 -6.926659833991395843e+00
4.177045263671877819e+02 -6.926670966137076668e+00
4.177051586914065524e+02 -6.926682098283185596e+00
4.177057910156253229e+02 -6.926693230429706638e+00
4.177064233398440365e+02 -6.926704362576655782e+00
4.177067395019535070e+02 -6.926709928650288894e+00
4.177070556640628070e+02 -6.926715494724025035e+00
4.177073718261722775e+02 -6.926721060797868645e+00
4.177076879882815774e+02 -6.926726626871814396e+00
4.177080041503910479e+02 -6.926732192945866728e+00
4.177083203125003479e+02 -6.926737759020029195e+00
4.177086364746097615e+02 -6.926743325094292025e+00
4.177089526367191183e+02 -6.926748891168658773e+00
4.177092687988285320e+02 -6.926754457243137431e+00
4.177095849609378888e+02 -6.926760023317708459e+00
4.177099011230473025e+02 -6.926765589392397615e+00
4.177102172851566593e+02 -6.926771155467183583e+00
4.177105334472660729e+02 -6.926776721542085014e+00
4.177108496093754297e+02 -6.926782287617079703e+00
4.177111657714848434e+02 -6.926787853692196073e+00
4.177114819335941434e+02 -6.926793419767394155e+00
4.177117980957036139e+02 -6.926798985842721024e+00
4.177121142578129138e+02 -6.926804551918139374e+00
4.177124304199223843e+02 -6.926810117993667859e+00
4.177127465820316843e+02 -6.926815684069301149e+00
4.177129046630864195e+02 -6.926818467107151100e+00
4.177130627441411548e+02 -6.926821250145034803e+00
4.177132208251957763e+02 -6.926824033182944262e+00
4.177133789062504547e+02 -6.926826816220880367e+00
4.177135369873051900e+02 -6.926829599258842229e+00
4.177136950683599252e+02 -6.926832382296825408e+00
4.177138531494145468e+02 -6.926835165334848554e+00
4.177140112304692252e+02 -6.926837948372885023e+00
4.177141693115239605e+02 -6.926840731410952579e+00
4.177143273925786389e+02 -6.926843514449042338e+00
4.177144854736333173e+02 -6.926846297487164072e+00
4.177146435546879957e+02 -6.926849080525308011e+00
4.177148016357427309e+02 -6.926851863563475042e+00
4.177149597167974093e+02 -6.926854646601680265e+00
4.177151177978520877e+02 -6.926857429639905028e+00
4.177151968383794269e+02 -6.926858821159023627e+00
4.177152363586430965e+02 -6.926859516918587367e+00
4.177152758789067661e+02 -6.926860212678145778e+00
4.177153153991704357e+02 -6.926860908437720177e+00
4.177153549194341622e+02 -6.926861604197284805e+00
4.177153944396978318e+02 -6.926862299956857427e+00
4.177154339599614445e+02 -6.926862995716431826e+00
4.177154734802251710e+02 -6.926863691475998230e+00
4.177155130004888974e+02 -6.926864387235577958e+00
4.177155525207525670e+02 -6.926865082995148803e+00
4.177155920410161798e+02 -6.926865778754730307e+00
4.177156315612799062e+02 -6.926866474514311811e+00
4.177156710815436327e+02 -6.926867170273901309e+00
4.177157106018072454e+02 -6.926867866033475707e+00
4.177157501220709150e+02 -6.926868561793060763e+00
4.177157896423346415e+02 -6.926869257552655590e+00
4.177158291625983111e+02 -6.926869953312243311e+00
4.177158686828619807e+02 -6.926870649071829256e+00
4.177159082031256503e+02 -6.926871344831424970e+00
4.177159477233893199e+02 -6.926872040591013580e+00
4.177159872436530463e+02 -6.926872736350610182e+00
4.177160267639167159e+02 -6.926873432110210338e+00
4.177160662841803287e+02 -6.926874127869803388e+00
4.177161058044440551e+02 -6.926874823629401767e+00
4.177161453247077816e+02 -6.926875519389005476e+00
4.177161848449713943e+02 -6.926876215148608296e+00
4.177162243652350639e+02 -6.926876910908212892e+00
4.177162638854987904e+02 -6.926877606667819265e+00
4.177163034057624600e+02 -6.926878302427428302e+00
4.177163429260261296e+02 -6.926878998187035563e+00
4.177163824462897992e+02 -6.926879693946649041e+00
4.177164219665535256e+02 -6.926880389706263408e+00
4.177164614868171952e+02 -6.926881085465875998e+00
4.177165010070808648e+02 -6.926881781225495693e+00
4.177165405273445344e+02 -6.926882476985118053e+00
4.177165800476082040e+02 -6.926883172744726203e+00
4.177166195678719305e+02 -6.926883868504350339e+00
4.177166590881356001e+02 -6.926884564263974475e+00
4.177166986083992128e+02 -6.926885260023599500e+00
4.177167381286629393e+02 -6.926885955783225413e+00
4.177167776489266657e+02 -6.926886651542850437e+00
4.177168171691902785e+02 -6.926887347302485232e+00
4.177168369293220849e+02 -6.926887695182296412e+00
4.177168566894539481e+02 -6.926888043062115585e+00
4.177168764495858113e+02 -6.926888390941928542e+00
4.177168962097176177e+02 -6.926888738821742386e+00
4.177169159698494241e+02 -6.926889086701555343e+00
4.177169357299812305e+02 -6.926889434581376292e+00
4.177169554901130937e+02 -6.926889782461199019e+00
4.177169752502449001e+02 -6.926890130341016416e+00
4.177169950103767064e+02 -6.926890478220835590e+00
4.177170147705085697e+02 -6.926890826100654763e+00
4.177170345306404329e+02 -6.926891173980476601e+00
4.177170542907721824e+02 -6.926891521860286893e+00
4.177170740509039888e+02 -6.926891869740106955e+00
4.177170938110358520e+02 -6.926892217619927017e+00
4.177171135711677152e+02 -6.926892565499750631e+00
4.177171333312995216e+02 -6.926892913379572470e+00
4.177171530914313280e+02 -6.926893261259394308e+00
4.177171728515631344e+02 -6.926893609139217034e+00
4.177171926116949976e+02 -6.926893957019037984e+00
4.177172123718268040e+02 -6.926894304898860710e+00
4.177172321319586104e+02 -6.926894652778685213e+00
4.177172518920904736e+02 -6.926895000658508827e+00
4.177172716522223368e+02 -6.926895348538335995e+00
4.177172914123540863e+02 -6.926895696418155168e+00
4.177173111724858927e+02 -6.926896044297983224e+00
4.177173309326177559e+02 -6.926896392177806838e+00
4.177173506927496192e+02 -6.926896740057635782e+00
4.177173704528814255e+02 -6.926897087937458508e+00
4.177173902130132319e+02 -6.926897435817289228e+00
4.177174099731450383e+02 -6.926897783697117283e+00
4.177174297332769015e+02 -6.926898131576943562e+00
4.177174494934087079e+02 -6.926898479456769842e+00
4.177174692535405143e+02 -6.926898827336595232e+00
4.177174890136723775e+02 -6.926899175216432170e+00
4.177175087738042407e+02 -6.926899523096254896e+00
4.177175285339359903e+02 -6.926899870976089169e+00
4.177175482940677966e+02 -6.926900218855915448e+00
4.177175680541996599e+02 -6.926900566735747056e+00
4.177175878143315231e+02 -6.926900914615577776e+00
4.177176075744633295e+02 -6.926901262495405831e+00
4.177176273345951358e+02 -6.926901610375232110e+00
4.177176470947269991e+02 -6.926901958255067271e+00
4.177176668548588054e+02 -6.926902306134905984e+00
4.177176866149906118e+02 -6.926902654014737593e+00
4.177177063751224182e+02 -6.926903001894568312e+00
4.177177261352542814e+02 -6.926903349774402585e+00
4.177177458953861446e+02 -6.926903697654239522e+00
4.177177656555179510e+02 -6.926904045534073795e+00
4.177177854156497006e+02 -6.926904393413904515e+00
4.177178051757815638e+02 -6.926904741293744117e+00
4.177178249359134270e+02 -6.926905089173576613e+00
4.177178446960452334e+02 -6.926905437053410886e+00
4.177178644561770398e+02 -6.926905784933246935e+00
4.177178842163089030e+02 -6.926906132813090089e+00
4.177179039764407094e+02 -6.926906480692925250e+00
4.177179237365725157e+02 -6.926906828572761299e+00
4.177179434967043221e+02 -6.926907176452597348e+00
4.177179632568361853e+02 -6.926907524332443167e+00
4.177179830169680486e+02 -6.926907872212282768e+00
4.177180027770998549e+02 -6.926908220092114377e+00
4.177180225372316045e+02 -6.926908567971952202e+00
4.177180422973634677e+02 -6.926908915851798021e+00
4.177180521774293993e+02 -6.926909089791714713e+00
4.177180620574953309e+02 -6.926909263731638511e+00
4.177180719375612625e+02 -6.926909437671557868e+00
4.177180818176271941e+02 -6.926909611611479001e+00
4.177180916976931258e+02 -6.926909785551400134e+00
4.177181015777590574e+02 -6.926909959491323932e+00
4.177181114578249890e+02 -6.926910133431245953e+00
4.177181213378909206e+02 -6.926910307371164421e+00
4.177181312179568522e+02 -6.926910481311079337e+00
4.177181410980227838e+02 -6.926910655251005799e+00
4.177181509780886586e+02 -6.926910829190925156e+00
4.177181608581545902e+02 -6.926911003130850730e+00
4.177181707382205218e+02 -6.926911177070773640e+00
4.177181806182864534e+02 -6.926911351010694773e+00
4.177181904983523850e+02 -6.926911524950615906e+00
4.177182003784183166e+02 -6.926911698890542368e+00
4.177182102584842482e+02 -6.926911872830461725e+00
4.177182201385501799e+02 -6.926912046770384634e+00
4.177182300186161115e+02 -6.926912220710297774e+00
4.177182398986820431e+02 -6.926912394650229565e+00
4.177182497787479747e+02 -6.926912568590150698e+00
4.177182596588139063e+02 -6.926912742530066502e+00
4.177182695388797811e+02 -6.926912916469994741e+00
4.177182794189457127e+02 -6.926913090409913210e+00
4.177182892990116443e+02 -6.926913264349838784e+00
4.177182991790775759e+02 -6.926913438289764358e+00
4.177183090591435075e+02 -6.926913612229681938e+00
4.177183189392094391e+02 -6.926913786169608400e+00
4.177183288192753707e+02 -6.926913960109531310e+00
4.177183386993413023e+02 -6.926914134049455107e+00
4.177183485794072340e+02 -6.926914307989384234e+00
4.177183584594731656e+02 -6.926914481929302703e+00
4.177183683395390972e+02 -6.926914655869227389e+00
4.177183782196050288e+02 -6.926914829809151186e+00
4.177183880996709604e+02 -6.926915003749074984e+00
4.177183979797368352e+02 -6.926915177689000558e+00
4.177184078598027668e+02 -6.926915351628923467e+00
4.177184177398686984e+02 -6.926915525568847265e+00
4.177184276199346300e+02 -6.926915699508772839e+00
4.177184375000005616e+02 -6.926915873448696637e+00
4.177184473800664932e+02 -6.926916047388625763e+00
4.177184572601324248e+02 -6.926916221328546897e+00
4.177184671401983564e+02 -6.926916395268471582e+00
4.177184770202642881e+02 -6.926916569208396268e+00
4.177184869003302197e+02 -6.926916743148324507e+00
4.177184967803961513e+02 -6.926916917088253633e+00
4.177185066604620829e+02 -6.926917091028170326e+00
4.177185165405280145e+02 -6.926917264968094123e+00
4.177185214805609235e+02 -6.926917351938055134e+00
4.177185264205938893e+02 -6.926917438908024138e+00
4.177185313606268551e+02 -6.926917525877981596e+00
4.177185363006598209e+02 -6.926917612847947048e+00
4.177185412406927867e+02 -6.926917699817910723e+00
4.177185461807257525e+02 -6.926917786787869957e+00
4.177185511207587183e+02 -6.926917873757837185e+00
4.177185560607916841e+02 -6.926917960727797308e+00
4.177185610008246499e+02 -6.926918047697765424e+00
4.177185659408576157e+02 -6.926918134667725546e+00
4.177185708808905815e+02 -6.926918221637685669e+00
4.177185758209235473e+02 -6.926918308607648456e+00
4.177185807609565131e+02 -6.926918395577617460e+00
4.177185857009894789e+02 -6.926918482547580247e+00
4.177185906410224447e+02 -6.926918569517539481e+00
4.177185955810554105e+02 -6.926918656487502268e+00
4.177186005210883764e+02 -6.926918743457465943e+00
4.177186054611213422e+02 -6.926918830427426954e+00
4.177186104011543080e+02 -6.926918917397390629e+00
4.177186153411872738e+02 -6.926919004367356081e+00
4.177186202812202396e+02 -6.926919091337317980e+00
4.177186252212532054e+02 -6.926919178307278990e+00
4.177186301612861712e+02 -6.926919265277247995e+00
4.177186351013191370e+02 -6.926919352247206341e+00
4.177186400413521028e+02 -6.926919439217173569e+00
4.177186449813850686e+02 -6.926919526187136356e+00
4.177186499214179776e+02 -6.926919613157098254e+00
4.177186548614509434e+02 -6.926919700127060153e+00
4.177186598014839092e+02 -6.926919787097024717e+00
4.177186647415168750e+02 -6.926919874066991056e+00
4.177186696815498408e+02 -6.926919961036954732e+00
4.177186746215828066e+02 -6.926920048006913966e+00
4.177186795616157724e+02 -6.926920134976883858e+00
4.177186845016487382e+02 -6.926920221946846645e+00
4.177186894416817040e+02 -6.926920308916804103e+00
4.177186943817146698e+02 -6.926920395886774884e+00
4.177186993217476356e+02 -6.926920482856731454e+00
4.177187042617806014e+02 -6.926920569826694241e+00
4.177187092018135672e+02 -6.926920656796656139e+00
4.177187141418465330e+02 -6.926920743766623367e+00
4.177187190818794988e+02 -6.926920830736589707e+00
4.177187240219124647e+02 -6.926920917706554270e+00
4.177187289619454305e+02 -6.926921004676517946e+00
4.177187339019783963e+02 -6.926921091646486062e+00
4.177187388420113621e+02 -6.926921178616441743e+00
4.177187437820443279e+02 -6.926921265586405418e+00
4.177187487220772937e+02 -6.926921352556376199e+00
4.177187536621102595e+02 -6.926921439526338098e+00
4.177187586021432253e+02 -6.926921526496297332e+00
4.177187635421761911e+02 -6.926921613466263672e+00
4.177187684822091569e+02 -6.926921700436224683e+00
4.177187734222420659e+02 -6.926921787406192799e+00
4.177187783622750317e+02 -6.926921874376159138e+00
4.177187833023079975e+02 -6.926921961346123702e+00
4.177187882423409633e+02 -6.926922048316084712e+00
4.177187931823739291e+02 -6.926922135286048388e+00
4.177187981224068949e+02 -6.926922222256012063e+00
4.177188030624398607e+02 -6.926922309225980179e+00
4.177188080024728265e+02 -6.926922396195938525e+00
4.177188129425057923e+02 -6.926922483165901312e+00
4.177188178825387581e+02 -6.926922570135871204e+00
4.177188228225717239e+02 -6.926922657105831327e+00
4.177188277626046897e+02 -6.926922744075795002e+00
4.177188327026376555e+02 -6.926922831045761342e+00
4.177188376426706213e+02 -6.926922918015728570e+00
4.177188425827035871e+02 -6.926923004985687804e+00
4.177188475227365529e+02 -6.926923091955654144e+00
4.177188499927530074e+02 -6.926923135440632429e+00
4.177188524627695188e+02 -6.926923227059050170e+00
4.177188549327859732e+02 -6.926923270544030231e+00
4.177188574028024846e+02 -6.926923314029015621e+00
4.177188598728189390e+02 -6.926923357514001012e+00
4.177188623428354504e+02 -6.926923400998981073e+00
4.177188648128519048e+02 -6.926923444483970016e+00
4.177188672828684162e+02 -6.926923487968944748e+00
4.177188697528848706e+02 -6.926923531453928362e+00
4.177188722229013820e+02 -6.926923574938908423e+00
4.177188746929178365e+02 -6.926923618423888485e+00
4.177188771629343478e+02 -6.926923661908873875e+00
4.177188796329508023e+02 -6.926923705393859265e+00
4.177188821029673136e+02 -6.926923748878839326e+00
4.177188845729837681e+02 -6.926923792363816723e+00
4.177188870430002794e+02 -6.926923835848804778e+00
4.177188895130167339e+02 -6.926923879333784839e+00
4.177188895154288844e+02 -6.926923831289824918e+00
4.177188919878574893e+02 -6.926923874864270303e+00
4.177188944626981879e+02 -6.926923918528200552e+00
4.177188969423631875e+02 -6.926923962371067667e+00
4.177188994316766752e+02 -6.926924006571819170e+00
4.177189019402871963e+02 -6.926924049984171106e+00
4.177189044874916704e+02 -6.926924094828061484e+00
4.177189071118841639e+02 -6.926924141030855964e+00
4.177189098906526965e+02 -6.926924189951464861e+00
