2.590000000000000000e+02 -1.479526455155057540e+01
2.615899999999999750e+02 -1.496250111032991725e+01
2.641800000000000068e+02 -1.512993880764534360e+01
2.667699999999999818e+02 -1.529757907707707965e+01
2.693600000000000136e+02 -1.546542336347837754e+01
2.719499999999999886e+02 -1.563347312311565851e+01
2.745400000000000205e+02 -1.580172982381097491e+01
2.771299999999999955e+02 -1.597019494508641912e+01
2.797200000000000273e+02 -1.613955886378398219e+01
2.823100000000000023e+02 -1.631031104870665871e+01
2.849000000000000341e+02 -1.648138942191928891e+01
2.874899999999999523e+02 -1.665279731956479026e+01
2.900799999999999841e+02 -1.682453811981292446e+01
2.926699999999999591e+02 -1.699661524366960563e+01
2.952599999999999909e+02 -1.716903215580549258e+01
2.978499999999999659e+02 -1.734179236540510161e+01
3.004399999999999977e+02 -1.751489942703654989e+01
3.030299999999999727e+02 -1.768835694154264004e+01
3.056200000000000045e+02 -1.786216855695412775e+01
3.082099999999999795e+02 -1.803994915010106936e+01
3.108000000000000114e+02 -1.821860512680217070e+01
3.133899999999999864e+02 -1.840611033909876326e+01
3.159800000000000182e+02 -1.859499515616405674e+01
3.185699999999999932e+02 -1.878518146610179684e+01
3.211600000000000250e+02 -1.898710937416287692e+01
3.237500000000000000e+02 -1.919098590580404107e+01
3.263399999999999750e+02 -1.939687111723856106e+01
3.289300000000000068e+02 -1.960482808136276134e+01
3.315199999999999818e+02 -1.981492310319006478e+01
3.341100000000000136e+02 -2.002722595542190831e+01
3.366999999999999886e+02 -2.024181013650337491e+01
3.392900000000000205e+02 -2.045875315383873172e+01
3.418799999999999955e+02 -2.067813683522975410e+01
3.444700000000000273e+02 -2.090004767204677449e+01
3.470600000000000023e+02 -2.112457719817236779e+01
3.496500000000000341e+02 -2.135182240937857046e+01
3.522400000000000091e+02 -2.158188622853378646e+01
3.548300000000000409e+02 -2.181487802290529388e+01
3.574200000000000159e+02 -2.205091418086581356e+01
3.600100000000000477e+02 -2.229011875654878594e+01
3.626000000000000227e+02 -2.253262419249597315e+01
3.651900000000000546e+02 -2.277857213213499676e+01
3.677800000000000296e+02 -2.302811433611448422e+01
3.703700000000000614e+02 -2.328141371918363589e+01
3.729600000000000364e+02 -2.353864552756773776e+01
3.755500000000000682e+02 -2.379999868081473480e+01
3.781400000000000432e+02 -2.406567730707320862e+01
3.807300000000000750e+02 -2.433590250699361235e+01
3.833200000000000500e+02 -2.461091438926002795e+01
3.859100000000000819e+02 -2.489097443066732041e+01
3.885000000000000568e+02 -2.517636822628017512e+01
3.910900000000000318e+02 -2.546740871144998408e+01
3.936800000000000637e+02 -2.576443995852542912e+01
3.962700000000000387e+02 -2.606784167867609625e+01
3.988600000000000705e+02 -2.637803459573089526e+01
4.014500000000000455e+02 -2.669548690772727895e+01
4.040400000000000773e+02 -2.702072211790262912e+01
4.066300000000000523e+02 -2.735432860737488170e+01
4.092200000000000841e+02 -2.769697144759411245e+01
4.118100000000000591e+02 -2.804940712827065141e+01
4.144000000000000909e+02 -2.841250213147794668e+01
4.169900000000000659e+02 -2.878725665555436564e+01
4.195800000000000978e+02 -2.917483534920708621e+01
4.221700000000000728e+02 -2.957660776688268456e+01
4.247600000000001046e+02 -2.999420259027787594e+01
4.273500000000000796e+02 -3.042958181458661215e+01
4.299400000000001114e+02 -3.088514469464951162e+01
4.325300000000000864e+02 -3.136387749002684089e+01
4.351200000000001182e+02 -3.186957639173204981e+01
4.377100000000000932e+02 -3.240719276506490587e+01
4.403000000000001251e+02 -3.298339436479481890e+01
4.428900000000001000e+02 -3.360753497214601992e+01
4.454800000000001319e+02 -3.429346791524559279e+01
4.480700000000001069e+02 -3.506332454621784933e+01
4.506600000000001387e+02 -3.595672834351385205e+01
4.532500000000001137e+02 -3.705987487475403697e+01
4.558400000000001455e+02 -3.866586871660192060e+01
4.564875000000001251e+02 -3.930508526299900751e+01
4.564976171875001114e+02 -3.931711902965327710e+01
4.565077343750000978e+02 -3.932924468841484611e+01
4.565178515625000841e+02 -3.934146436299806027e+01
4.565279687500000705e+02 -3.935378026023525422e+01
4.565380859375000568e+02 -3.936619467469297007e+01
4.565482031250000432e+02 -3.937870999364093905e+01
4.565583203125000296e+02 -3.939132870237851591e+01
4.565684375000000159e+02 -3.940405338996779960e+01
4.565785546875000023e+02 -3.941688675540317632e+01
4.565886718749999886e+02 -3.942983161425506466e+01
4.565987890624999750e+02 -3.944289090584934598e+01
4.566089062500000182e+02 -3.945606770101726113e+01
4.566190234375000045e+02 -3.946936521048349533e+01
4.566291406249999909e+02 -3.948278679395701118e+01
4.566392578124999773e+02 -3.949633596999082386e+01
4.566493749999999636e+02 -3.951001642670204461e+01
4.566594921874999500e+02 -3.952383203343905649e+01
4.566696093749999363e+02 -3.953778685349774236e+01
4.566797265624999227e+02 -3.955188515801376070e+01
4.566898437499999091e+02 -3.956613144116112579e+01
4.566999609374998954e+02 -3.958053043680275351e+01
4.567100781249998818e+02 -3.959508713678592073e+01
4.567201953124998681e+02 -3.960980681106212842e+01
4.567303124999998545e+02 -3.962469502987563885e+01
4.567404296874998977e+02 -3.963975768828632340e+01
4.567505468749998840e+02 -3.965500103331798698e+01
4.567606640624998704e+02 -3.967043169410702319e+01
4.567707812499998568e+02 -3.968605671544352020e+01
4.567808984374998431e+02 -3.970188359521011989e+01
4.567910156249998295e+02 -3.971792032625510416e+01
4.568011328124998158e+02 -3.973417544339020679e+01
4.568112499999998022e+02 -3.975065807627932912e+01
4.568213671874997885e+02 -3.976737800915343257e+01
4.568314843749997749e+02 -3.978434574846766481e+01
4.568416015624997613e+02 -3.980157259982155438e+01
4.568517187499997476e+02 -3.981907075573836607e+01
4.568618359374997908e+02 -3.983685339625247224e+01
4.568719531249997772e+02 -3.985493480466028871e+01
4.568820703124997635e+02 -3.987333050130692413e+01
4.568921874999997499e+02 -3.989205739900366154e+01
4.569023046874997362e+02 -3.991113398447812699e+01
4.569124218749997226e+02 -3.993058053140700991e+01
4.569225390624997090e+02 -3.995041935202863925e+01
4.569326562499996953e+02 -3.997067509621555104e+01
4.569427734374996817e+02 -3.999137510945914187e+01
4.569528906249996680e+02 -4.001254986456446261e+01
4.569630078124996544e+02 -4.003423348653890201e+01
4.569731249999996407e+02 -4.005646439648370460e+01
4.569832421874996271e+02 -4.007928610924227542e+01
4.569933593749996703e+02 -4.010274823220689910e+01
4.570034765624996567e+02 -4.012690773100056418e+01
4.570135937499996430e+02 -4.015183055473094953e+01
4.570237109374996294e+02 -4.017759375415953826e+01
4.570338281249996157e+02 -4.020428828884794115e+01
4.570439453124996021e+02 -4.023202281872275421e+01
4.570540624999995885e+02 -4.026092893807984296e+01
4.570641796874995748e+02 -4.029116858546414903e+01
4.570742968749995612e+02 -4.032294484902953258e+01
4.570844140624995475e+02 -4.035651828811426611e+01
4.570945312499995339e+02 -4.039223266120201572e+01
4.571046484374995202e+02 -4.043055767938005829e+01
4.571147656249995066e+02 -4.047216498892247216e+01
4.571248828124995498e+02 -4.051807574253254529e+01
4.571349999999995362e+02 -4.056998491800803208e+01
4.571451171874995225e+02 -4.063112056257092775e+01
4.571552343749995089e+02 -4.070940904163914809e+01
4.571558666992182793e+02 -4.071529948704879587e+01
4.571564990234370498e+02 -4.072136551998137577e+01
4.571571313476557634e+02 -4.072762383639206263e+01
4.571577636718745339e+02 -4.073409395887848916e+01
4.571583959960933043e+02 -4.074079895582127619e+01
4.571590283203120748e+02 -4.074776641435187940e+01
4.571596606445308453e+02 -4.075502978612521332e+01
4.571602929687496157e+02 -4.076263029699607898e+01
4.571609252929683862e+02 -4.077061973927151683e+01
4.571615576171871567e+02 -4.077906470330766808e+01
4.571621899414058703e+02 -4.078805327450746177e+01
4.571628222656246407e+02 -4.079770621792744123e+01
4.571634545898434112e+02 -4.080819698512994620e+01
4.571640869140621817e+02 -4.081979091372554791e+01
4.571647192382809521e+02 -4.083293247379000945e+01
4.571653515624997226e+02 -4.084848115986468287e+01
4.571659838867184931e+02 -4.086861649039425259e+01
4.571659937667844247e+02 -4.086899534646919108e+01
4.571660036468503563e+02 -4.086937709249368567e+01
4.571660135269162879e+02 -4.086976179564229739e+01
4.571660234069821627e+02 -4.087014952568004134e+01
4.571660332870480943e+02 -4.087054035523625117e+01
4.571660431671140259e+02 -4.087093435980683864e+01
4.571660530471799575e+02 -4.087133161804794668e+01
4.571660629272458891e+02 -4.087173221190047911e+01
4.571660728073118207e+02 -4.087213622682977388e+01
4.571660826873777523e+02 -4.087254375199574952e+01
4.571660925674436839e+02 -4.087295488053394621e+01
4.571661024475096156e+02 -4.087336970967623273e+01
4.571661123275755472e+02 -4.087378834122631588e+01
4.571661222076414788e+02 -4.087421088166687611e+01
4.571661320877074104e+02 -4.087463744258520393e+01
4.571661419677733420e+02 -4.087506814097005758e+01
4.571661518478392168e+02 -4.087550309956561989e+01
4.571661617279051484e+02 -4.087594244733665505e+01
4.571661716079710800e+02 -4.087638631988090054e+01
4.571661814880370116e+02 -4.087683485998653055e+01
4.571661913681029432e+02 -4.087728821796054746e+01
4.571662012481688748e+02 -4.087774655255024214e+01
4.571662111282348064e+02 -4.087821003121646868e+01
4.571662210083007380e+02 -4.087867883122336110e+01
4.571662308883666697e+02 -4.087915314007753409e+01
4.571662407684326013e+02 -4.087963315673123788e+01
4.571662506484985329e+02 -4.088011909229406626e+01
4.571662605285644645e+02 -4.088061117118041210e+01
4.571662704086303961e+02 -4.088110963250701957e+01
4.571662802886962709e+02 -4.088161473119635758e+01
4.571662901687622025e+02 -4.088212673964809341e+01
4.571663000488281341e+02 -4.088264594945136565e+01
4.571663099288940657e+02 -4.088317267321082227e+01
4.571663198089599973e+02 -4.088370724687402458e+01
4.571663296890259289e+02 -4.088425003224852361e+01
4.571663395690918605e+02 -4.088480141978104854e+01
4.571663494491577922e+02 -4.088536183181504668e+01
4.571663593292237238e+02 -4.088593172648991469e+01
4.571663692092896554e+02 -4.088651160204336321e+01
4.571663790893555870e+02 -4.088710200194916666e+01
4.571663889694215186e+02 -4.088770352093956006e+01
4.571663988494874502e+02 -4.088831681181566324e+01
4.571664087295533250e+02 -4.088894259404577269e+01
4.571664186096192566e+02 -4.088958166334869304e+01
4.571664284896851882e+02 -4.089023490373475767e+01
4.571664383697511198e+02 -4.089090330198307299e+01
4.571664482498170514e+02 -4.089158796462165668e+01
4.571664581298829830e+02 -4.089229014027869624e+01
4.571664630699159488e+02 -4.089264823182788433e+01
4.571664680099489146e+02 -4.089301124678802779e+01
4.571664729499818804e+02 -4.089337939507793607e+01
4.571664778900148463e+02 -4.089375290075115998e+01
4.571664828300478121e+02 -4.089413200475241439e+01
4.571664877700807779e+02 -4.089451696661362234e+01
4.571664927101137437e+02 -4.089490806656421285e+01
4.571664976501467095e+02 -4.089530560790829128e+01
4.571665025901796753e+02 -4.089570991981286596e+01
4.571665075302126411e+02 -4.089612136029611378e+01
4.571665124702456069e+02 -4.089654032037690712e+01
4.571665174102785727e+02 -4.089696722807489238e+01
4.571665223503115385e+02 -4.089740255347937392e+01
4.571665272903444475e+02 -4.089784681499680374e+01
4.571665322303774133e+02 -4.089830058674083801e+01
4.571665371704103791e+02 -4.089876450689519771e+01
4.571665421104433449e+02 -4.089923928825793809e+01
4.571665470504763107e+02 -4.089972573146620505e+01
4.571665519905092765e+02 -4.090022474042192613e+01
4.571665569305422423e+02 -4.090073734232126412e+01
4.571665618705752081e+02 -4.090126471247557305e+01
4.571665668106081739e+02 -4.090180820568068043e+01
4.571665717506411397e+02 -4.090236939804718475e+01
