2.590000000000000000e+02 1.032260719072436883e+00
2.615899999999999750e+02 1.032185983909579496e+00
2.641800000000000068e+02 1.032111017133072295e+00
2.654749999999999659e+02 1.032073446737834521e+00
2.667699999999999818e+02 1.032035818256520354e+00
2.680649999999999977e+02 1.031998131627796189e+00
2.693600000000000136e+02 1.031960386790114148e+00
2.706549999999999727e+02 1.031922583681709416e+00
2.719499999999999886e+02 1.031884722240600905e+00
2.732450000000000045e+02 1.031846802404588814e+00
2.745400000000000205e+02 1.031808824111255518e+00
2.758349999999999795e+02 1.031770787297962677e+00
2.771299999999999955e+02 1.031732691901852128e+00
2.784250000000000114e+02 1.031694537859843441e+00
2.797200000000000273e+02 1.031656325108633698e+00
2.810149999999999864e+02 1.031618053584696826e+00
2.823100000000000023e+02 1.031579723224281597e+00
2.836050000000000182e+02 1.031541333963412521e+00
2.849000000000000341e+02 1.031502885737886066e+00
2.861949999999999932e+02 1.031464378483272881e+00
2.874900000000000091e+02 1.031425812134913800e+00
2.887850000000000250e+02 1.031387186627922725e+00
2.900800000000000409e+02 1.031348501897180192e+00
2.913750000000000000e+02 1.031309757877337807e+00
2.926700000000000159e+02 1.031270954502813142e+00
2.939649999999999750e+02 1.031232091707791954e+00
2.952600000000000477e+02 1.031193169426223966e+00
2.965550000000000068e+02 1.031154187591825755e+00
2.978500000000000227e+02 1.031115146138076311e+00
2.991449999999999818e+02 1.031076044998216812e+00
3.004400000000000546e+02 1.031036884105249962e+00
3.017350000000000136e+02 1.030997663391939989e+00
3.030300000000000296e+02 1.030958382790810424e+00
3.043249999999999886e+02 1.030919042234142546e+00
3.056200000000000614e+02 1.030879641653975165e+00
3.069150000000000205e+02 1.030840180982103282e+00
3.082100000000000364e+02 1.030800660150078318e+00
3.095049999999999955e+02 1.030761079089203447e+00
3.108000000000000682e+02 1.030721437730537593e+00
3.120950000000000273e+02 1.030681736004889437e+00
3.133900000000000432e+02 1.030641973842819414e+00
3.146850000000000023e+02 1.030602151174638825e+00
3.153324999999999818e+02 1.030582217128909406e+00
3.159800000000000750e+02 1.030562267930404508e+00
3.166275000000000546e+02 1.030542303570342044e+00
3.172750000000000341e+02 1.030522324039924165e+00
3.179225000000000136e+02 1.030502329330336586e+00
3.185700000000000500e+02 1.030482319432749705e+00
3.192175000000000296e+02 1.030462294338318596e+00
3.198650000000000091e+02 1.030442254038179906e+00
3.205124999999999886e+02 1.030422198523456956e+00
3.211600000000000819e+02 1.030402127785255972e+00
3.218075000000000614e+02 1.030382041814666971e+00
3.224550000000000409e+02 1.030361940602763537e+00
3.231025000000000205e+02 1.030341824140603491e+00
3.237500000000000000e+02 1.030321692419227997e+00
3.243975000000000364e+02 1.030301545429663346e+00
3.250450000000000159e+02 1.030281383162918285e+00
3.256924999999999955e+02 1.030261205609984687e+00
3.263400000000000318e+02 1.030241012761839769e+00
3.269875000000000682e+02 1.030220804609443652e+00
3.276350000000000477e+02 1.030200581143739136e+00
3.282825000000000273e+02 1.030180342355653034e+00
3.289300000000000068e+02 1.030160088236097504e+00
3.295775000000000432e+02 1.030139818775964722e+00
3.302250000000000227e+02 1.030119533966132650e+00
3.308725000000000023e+02 1.030099233797462599e+00
3.315200000000000387e+02 1.030078918260798559e+00
3.321675000000000750e+02 1.030058587346968091e+00
3.328150000000000546e+02 1.030038241046781211e+00
3.334625000000000341e+02 1.030017879351032173e+00
3.341100000000000136e+02 1.029997502250498131e+00
3.347575000000000500e+02 1.029977109735939811e+00
3.354050000000000296e+02 1.029956701798100394e+00
3.360525000000000091e+02 1.029936278427705965e+00
3.367000000000000455e+02 1.029915839615467066e+00
3.373475000000000819e+02 1.029895385352074699e+00
3.379950000000000614e+02 1.029874915628205878e+00
3.386425000000000409e+02 1.029854430434518298e+00
3.392900000000000205e+02 1.029833929761653000e+00
3.399375000000000568e+02 1.029813413600234151e+00
3.405850000000000364e+02 1.029792881940869043e+00
3.412325000000000159e+02 1.029772334774146980e+00
3.418800000000000523e+02 1.029751772090640616e+00
3.425275000000000318e+02 1.029731193880905726e+00
3.431750000000000682e+02 1.029710600135478771e+00
3.438225000000000477e+02 1.029689990844881109e+00
3.444700000000000273e+02 1.029669365999614561e+00
3.451175000000000637e+02 1.029648725590165625e+00
3.457650000000000432e+02 1.029628069607001706e+00
3.464125000000000227e+02 1.029607398040573774e+00
3.470600000000000591e+02 1.029586710881313927e+00
3.477075000000000387e+02 1.029566008119636944e+00
3.483550000000000750e+02 1.029545289745940950e+00
3.490025000000000546e+02 1.029524555750605641e+00
3.496500000000000341e+02 1.029503806123992504e+00
3.502975000000000705e+02 1.029483040856445930e+00
3.509450000000000500e+02 1.029462259938292767e+00
3.515925000000000296e+02 1.029441463359840769e+00
3.522400000000000659e+02 1.029420651111380369e+00
3.528875000000000455e+02 1.029399823183184681e+00
3.535350000000000819e+02 1.029378979565507723e+00
3.541825000000000614e+02 1.029358120248585973e+00
3.548300000000000409e+02 1.029337245222637920e+00
3.554775000000000773e+02 1.029316354477863626e+00
3.561250000000000568e+02 1.029295448004445168e+00
3.567725000000000364e+02 1.029274525792546191e+00
3.574200000000000728e+02 1.029253587832313022e+00
3.580675000000000523e+02 1.029232634113872003e+00
3.587150000000000318e+02 1.029211664627332601e+00
3.593625000000000682e+02 1.029190679362784300e+00
3.600100000000000477e+02 1.029169678310300151e+00
3.606575000000000841e+02 1.029148661459933667e+00
3.613050000000000637e+02 1.029127628801719485e+00
3.619525000000000432e+02 1.029106580325674036e+00
3.626000000000000796e+02 1.029085516021795321e+00
3.632475000000000591e+02 1.029064435880062467e+00
3.638950000000000387e+02 1.029043339890436393e+00
3.645425000000000750e+02 1.029022228042857812e+00
3.651900000000000546e+02 1.029001100327250340e+00
3.658375000000000909e+02 1.028979956733518053e+00
3.664850000000000705e+02 1.028958797251546153e+00
3.671325000000000500e+02 1.028937621871200747e+00
3.677800000000000864e+02 1.028916430582329289e+00
3.684275000000000659e+02 1.028895223374760137e+00
3.690750000000000455e+02 1.028874000238302555e+00
3.697225000000000819e+02 1.028852761162746710e+00
3.703700000000000614e+02 1.028831506137862783e+00
3.710175000000000978e+02 1.028810235153403863e+00
3.716650000000000773e+02 1.028788948199101716e+00
3.723125000000000568e+02 1.028767645264669461e+00
3.729600000000000932e+02 1.028746326339801564e+00
3.736075000000000728e+02 1.028724991414171619e+00
3.742550000000000523e+02 1.028703640477436343e+00
3.749025000000000318e+02 1.028682273519229806e+00
3.755500000000000682e+02 1.028660890529168315e+00
3.761975000000001046e+02 1.028639491496849079e+00
3.768450000000000841e+02 1.028618076411848659e+00
3.774925000000000637e+02 1.028596645263723852e+00
3.781400000000001000e+02 1.028575198042013472e+00
3.787875000000000796e+02 1.028553734736233682e+00
3.794350000000000591e+02 1.028532255335883328e+00
3.800825000000000387e+02 1.028510759830440602e+00
3.807300000000000750e+02 1.028489248209363494e+00
3.813775000000001114e+02 1.028467720462090007e+00
3.820250000000000909e+02 1.028446176578038829e+00
3.826725000000000705e+02 1.028424616546607995e+00
3.833200000000001069e+02 1.028403040357174891e+00
3.839675000000000864e+02 1.028381447999098919e+00
3.846150000000000659e+02 1.028359839461716163e+00
3.852625000000000455e+02 1.028338214734346279e+00
3.859100000000000819e+02 1.028316573806284273e+00
3.865575000000001182e+02 1.028294916666808279e+00
3.872050000000000978e+02 1.028273243305174445e+00
3.878525000000000773e+02 1.028251553710619159e+00
3.885000000000001137e+02 1.028229847872357050e+00
3.891475000000000932e+02 1.028208125779584092e+00
3.897950000000000728e+02 1.028186387421474057e+00
3.901187500000000341e+02 1.028175512139529513e+00
3.904425000000000523e+02 1.028164632787181176e+00
3.907662500000000136e+02 1.028153749363071023e+00
3.910900000000000318e+02 1.028142861865838587e+00
3.914137499999999932e+02 1.028131970294122288e+00
3.917375000000000682e+02 1.028121074646558109e+00
3.920612499999999727e+02 1.028110174921783360e+00
3.923850000000000477e+02 1.028099271118431579e+00
3.927087499999999523e+02 1.028088363235136526e+00
3.930325000000000273e+02 1.028077451270529963e+00
3.933562499999999318e+02 1.028066535223242095e+00
3.936800000000000068e+02 1.028055615091902464e+00
3.940037499999999682e+02 1.028044690875138834e+00
3.943274999999999864e+02 1.028033762571578080e+00
3.946512499999999477e+02 1.028022830179845304e+00
3.949749999999999659e+02 1.028011893698564938e+00
3.952987499999999272e+02 1.028000953126358752e+00
3.956224999999999454e+02 1.027990008461849181e+00
3.959462499999999068e+02 1.027979059703655995e+00
3.962699999999999250e+02 1.027968106850397412e+00
3.965937499999998863e+02 1.027957149900691203e+00
3.969174999999999613e+02 1.027946188853153808e+00
3.972412499999998658e+02 1.027935223706398560e+00
3.975649999999999409e+02 1.027924254459041231e+00
3.978887499999998454e+02 1.027913281109691601e+00
3.982124999999999204e+02 1.027902303656961891e+00
3.985362499999998249e+02 1.027891322099460991e+00
3.988599999999999000e+02 1.027880336435796904e+00
3.991837499999998045e+02 1.027869346664576522e+00
3.995074999999998795e+02 1.027858352784405183e+00
3.998312499999998408e+02 1.027847354793887336e+00
4.001549999999998590e+02 1.027836352691625432e+00
4.004787499999998204e+02 1.027825346476220592e+00
4.008024999999998386e+02 1.027814336146273266e+00
4.011262499999997999e+02 1.027803321700381911e+00
4.014499999999998181e+02 1.027792303137143426e+00
4.017737499999997794e+02 1.027781280455154933e+00
4.020974999999997976e+02 1.027770253653010224e+00
4.024212499999997590e+02 1.027759222729302868e+00
4.027449999999998340e+02 1.027748187682625103e+00
4.030687499999997385e+02 1.027737148511566723e+00
4.033924999999998136e+02 1.027726105214717300e+00
4.037162499999997181e+02 1.027715057790665076e+00
4.040399999999997931e+02 1.027704006237996293e+00
4.043637499999996976e+02 1.027692950555295859e+00
4.046874999999997726e+02 1.027681890741148019e+00
4.050112499999996771e+02 1.027670826794134351e+00
4.053349999999997522e+02 1.027659758712836657e+00
4.056587499999997135e+02 1.027648686495834296e+00
4.059824999999997317e+02 1.027637610141705293e+00
4.061443749999996840e+02 1.027632070412774379e+00
4.063062499999996930e+02 1.027626529649027676e+00
4.064681249999997021e+02 1.027620987850287104e+00
4.066299999999997112e+02 1.027615445016375695e+00
4.067918749999997203e+02 1.027609901147114035e+00
4.069537499999996726e+02 1.027604356242323380e+00
4.071156249999996817e+02 1.027598810301826759e+00
4.072774999999996908e+02 1.027593263325444983e+00
4.074393749999996999e+02 1.027587715312999528e+00
4.076012499999996521e+02 1.027582166264310759e+00
4.077631249999996612e+02 1.027576616179200819e+00
4.079249999999997272e+02 1.027571065057490296e+00
4.080868749999996794e+02 1.027565512899001332e+00
4.082487499999996317e+02 1.027559959703553849e+00
4.084106249999996407e+02 1.027554405470968657e+00
4.085724999999997067e+02 1.027548850201067010e+00
4.087343749999996589e+02 1.027543293893669718e+00
4.088962499999996112e+02 1.027537736548596703e+00
4.090581249999996203e+02 1.027532178165669219e+00
4.092199999999996862e+02 1.027526618744706965e+00
4.093818749999996385e+02 1.027521058285530753e+00
4.095437499999995907e+02 1.027515496787960725e+00
4.097056249999996567e+02 1.027509934251817025e+00
4.098674999999996658e+02 1.027504370676920242e+00
4.100293749999996180e+02 1.027498806063089631e+00
4.101912499999995703e+02 1.027493240410145336e+00
4.103531249999996362e+02 1.027487673717907057e+00
4.105149999999996453e+02 1.027482105986194494e+00
4.105959374999996498e+02 1.027479321730479178e+00
4.106768749999995975e+02 1.027476537214827790e+00
4.107578124999996589e+02 1.027473752439217902e+00
4.108387499999997203e+02 1.027470967403626423e+00
4.109196874999996680e+02 1.027468182108031147e+00
4.110006249999996726e+02 1.027465396552409205e+00
4.110815624999996771e+02 1.027462610736738391e+00
4.111624999999997385e+02 1.027459824660995835e+00
4.112434374999997431e+02 1.027457038325159333e+00
4.113243749999996908e+02 1.027454251729206014e+00
4.114053124999997522e+02 1.027451464873113451e+00
4.114862499999998136e+02 1.027448677756858553e+00
4.115671874999997613e+02 1.027445890380418669e+00
4.116481249999997658e+02 1.027443102743772263e+00
4.117290624999998272e+02 1.027440314846895797e+00
4.118099999999998317e+02 1.027437526689766845e+00
4.118909374999998363e+02 1.027434738272362758e+00
4.119718749999998408e+02 1.027431949594660665e+00
4.120528124999998454e+02 1.027429160656639029e+00
4.121337499999999068e+02 1.027426371458273424e+00
4.122146874999998545e+02 1.027423581999542312e+00
4.122956249999998590e+02 1.027420792280422601e+00
4.123765624999999204e+02 1.027418002300892530e+00
4.124574999999999250e+02 1.027415212060928340e+00
4.125384374999999295e+02 1.027412421560507827e+00
4.126193749999999341e+02 1.027409630799608120e+00
4.127003124999999386e+02 1.027406839778206571e+00
4.127812500000000000e+02 1.027404048496280531e+00
4.128621875000000045e+02 1.027401256953807795e+00
4.129431249999999523e+02 1.027398465150764606e+00
4.130240625000000136e+02 1.027395673087128980e+00
4.131050000000000750e+02 1.027392880762878269e+00
4.131859375000000227e+02 1.027390088177989380e+00
4.132668750000000273e+02 1.027387295332439665e+00
4.133478125000000318e+02 1.027384502226206475e+00
4.134287500000000932e+02 1.027381708859267162e+00
4.135096875000000978e+02 1.027378915231598633e+00
4.135906250000000455e+02 1.027376121343178461e+00
4.136715625000001069e+02 1.027373327193983776e+00
4.137525000000001683e+02 1.027370532783991930e+00
4.138334375000001160e+02 1.027367738113180051e+00
4.139143750000001205e+02 1.027364943181525492e+00
4.139953125000001819e+02 1.027362147989005159e+00
4.140762500000001864e+02 1.027359352535596848e+00
4.141571875000001910e+02 1.027356556821277023e+00
4.142381250000001955e+02 1.027353760846023478e+00
4.143190625000002001e+02 1.027350964609812900e+00
4.144000000000002615e+02 1.027348168112622862e+00
4.144809375000002092e+02 1.027345371354430492e+00
4.145618750000002137e+02 1.027342574335212921e+00
4.146428125000002751e+02 1.027339777054947501e+00
4.147237500000002797e+02 1.027336979513611581e+00
4.148046875000002842e+02 1.027334181711181182e+00
4.148856250000002888e+02 1.027331383647634988e+00
4.149665625000002933e+02 1.027328585322949461e+00
4.150475000000003547e+02 1.027325786737100843e+00
4.151284375000003593e+02 1.027322987890068040e+00
4.152093750000003070e+02 1.027320188781826849e+00
4.152903125000003683e+02 1.027317389412355286e+00
4.153712500000004297e+02 1.027314589781629817e+00
4.154521875000003774e+02 1.027311789889627347e+00
4.155331250000003820e+02 1.027308989736326339e+00
4.155735937500003843e+02 1.027307589561681223e+00
4.156140625000003865e+02 1.027306189321702590e+00
4.156545312500003888e+02 1.027304789016387776e+00
4.156950000000003342e+02 1.027303388645733451e+00
4.157354687500003365e+02 1.027301988209737837e+00
4.157759375000003956e+02 1.027300587708396495e+00
4.158164062500003411e+02 1.027299187141708092e+00
4.158568750000002865e+02 1.027297786509668409e+00
4.158973437500003456e+02 1.027296385812275892e+00
4.159378125000003479e+02 1.027294985049526543e+00
4.159782812500002933e+02 1.027293584221418365e+00
4.160187500000002956e+02 1.027292183327947805e+00
4.160592187500002979e+02 1.027290782369112421e+00
4.160996875000003001e+02 1.027289381344909325e+00
4.161401562500003024e+02 1.027287980255335631e+00
4.161806250000002478e+02 1.027286579100387565e+00
4.162210937500002501e+02 1.027285177880064460e+00
4.162615625000003092e+02 1.027283776594360987e+00
4.163020312500002547e+02 1.027282375243276036e+00
4.163425000000002001e+02 1.027280973826805610e+00
4.163829687500002592e+02 1.027279572344947489e+00
4.164234375000002615e+02 1.027278170797698342e+00
4.164639062500002069e+02 1.027276769185056171e+00
4.165043750000001523e+02 1.027275367507016757e+00
4.165448437500002115e+02 1.027273965763578767e+00
4.165853125000002137e+02 1.027272563954738205e+00
4.166257812500001592e+02 1.027271162080492628e+00
4.166662500000001614e+02 1.027269760140839150e+00
4.167067187500001637e+02 1.027268358135774440e+00
4.167471875000001660e+02 1.027266956065296055e+00
4.167876562500001683e+02 1.027265553929401776e+00
4.168281250000001137e+02 1.027264151728087382e+00
4.168685937500001160e+02 1.027262749461350655e+00
4.169090625000001751e+02 1.027261347129188929e+00
4.169495312500001205e+02 1.027259944731599095e+00
4.169697656250000932e+02 1.027259243508267694e+00
4.169900000000001228e+02 1.027258542268578267e+00
4.170102343750001523e+02 1.027257841012530593e+00
4.170304687500001819e+02 1.027257139740124225e+00
4.170507031250001546e+02 1.027256438451358278e+00
4.170709375000001842e+02 1.027255737146232972e+00
4.170911718750002137e+02 1.027255035824747198e+00
4.171114062500001864e+02 1.027254334486901843e+00
4.171316406250001592e+02 1.027253633132695576e+00
4.171518750000002456e+02 1.027252931762128396e+00
4.171721093750002751e+02 1.027252230375200304e+00
4.171923437500002478e+02 1.027251528971909966e+00
4.172024609375002342e+02 1.027251178264129150e+00
4.172125781250002206e+02 1.027250827552258050e+00
4.172226953125002069e+02 1.027250476836295778e+00
4.172328125000001933e+02 1.027250126116243445e+00
4.172429296875001796e+02 1.027249775392099940e+00
4.172530468750001660e+02 1.027249424663865707e+00
4.172631640625001523e+02 1.027249073931540968e+00
4.172732812500001955e+02 1.027248723195125502e+00
4.172833984375001819e+02 1.027248372454618863e+00
4.172935156250001683e+02 1.027248021710020831e+00
4.173036328125001546e+02 1.027247670961333181e+00
4.173137500000001410e+02 1.027247320208553250e+00
4.173238671875001273e+02 1.027246969451683034e+00
4.173339843750001137e+02 1.027246618690721203e+00
4.173441015625001000e+02 1.027246267925668421e+00
4.173542187500000864e+02 1.027245917156524690e+00
4.173643359375000728e+02 1.027245566383289788e+00
4.173744531250000591e+02 1.027245215605963269e+00
4.173845703125000455e+02 1.027244864824545356e+00
4.173946875000000318e+02 1.027244514039036494e+00
4.174048046875000750e+02 1.027244163249435793e+00
4.174149218750000614e+02 1.027243812455743921e+00
4.174250390625000477e+02 1.027243461657960655e+00
4.174351562500000341e+02 1.027243110856085329e+00
4.174452734375000205e+02 1.027242760050118608e+00
4.174553906250000068e+02 1.027242409240060717e+00
4.174655078124999932e+02 1.027242058425910765e+00
4.174705664062499864e+02 1.027241883017301349e+00
4.174756249999999795e+02 1.027241707607668975e+00
4.174806835937499727e+02 1.027241532197014084e+00
4.174857421874999659e+02 1.027241356785335347e+00
4.174908007812499591e+02 1.027241181372634760e+00
4.174958593749999523e+02 1.027241005958910325e+00
4.175009179687499454e+02 1.027240830544163375e+00
4.175059765624999386e+02 1.027240655128393465e+00
4.175110351562499318e+02 1.027240479711600374e+00
4.175160937499999250e+02 1.027240304293784101e+00
4.175211523437499181e+02 1.027240128874945535e+00
4.175262109374999682e+02 1.027239953455083343e+00
4.175312695312499613e+02 1.027239778034198414e+00
4.175363281249999545e+02 1.027239602612290525e+00
4.175413867187499477e+02 1.027239427189359677e+00
4.175464453124999409e+02 1.027239251765405204e+00
4.175515039062499341e+02 1.027239076340428658e+00
4.175565624999999272e+02 1.027238900914428266e+00
4.175616210937499204e+02 1.027238725487405580e+00
4.175666796874999136e+02 1.027238550059359268e+00
4.175717382812499068e+02 1.027238374630290219e+00
4.175767968749999000e+02 1.027238199200197988e+00
4.175818554687498931e+02 1.027238023769082353e+00
4.175869140624998863e+02 1.027237848336944204e+00
4.175894433593748545e+02 1.027237760620491436e+00
4.175919726562498795e+02 1.027237672903783094e+00
4.175945019531249045e+02 1.027237585186818514e+00
4.175970312499998727e+02 1.027237497469598138e+00
4.175995605468748977e+02 1.027237409752122410e+00
4.176020898437498658e+02 1.027237322034391109e+00
4.176046191406248909e+02 1.027237234316403569e+00
4.176071484374998590e+02 1.027237146598160011e+00
4.176096777343748840e+02 1.027237058879661324e+00
4.176122070312498522e+02 1.027236971160906176e+00
4.176147363281248772e+02 1.027236883441896120e+00
4.176172656249998454e+02 1.027236795722629603e+00
4.176197949218748704e+02 1.027236708003107513e+00
4.176223242187498386e+02 1.027236620283329627e+00
4.176248535156248636e+02 1.027236532563295945e+00
4.176273828124998317e+02 1.027236444843006691e+00
4.176299121093748568e+02 1.027236357122461419e+00
4.176324414062498249e+02 1.027236269401660351e+00
4.176349707031248499e+02 1.027236181680603710e+00
4.176374999999998181e+02 1.027236093959291052e+00
4.176400292968748431e+02 1.027236006237723043e+00
4.176425585937498113e+02 1.027235918515899016e+00
4.176450878906248363e+02 1.027235830793818971e+00
4.176476171874998045e+02 1.027235743071483354e+00
4.176501464843748295e+02 1.027235655348891941e+00
4.176526757812497976e+02 1.027235567626045176e+00
4.176552050781248226e+02 1.027235479902941728e+00
4.176577343749998477e+02 1.027235392179582929e+00
4.176602636718748158e+02 1.027235304455968112e+00
4.176627929687498408e+02 1.027235216732098166e+00
4.176640576171873249e+02 1.027235172870067270e+00
4.176653222656248090e+02 1.027235129007972203e+00
4.176665869140622931e+02 1.027235085145812743e+00
4.176678515624998340e+02 1.027235041283590000e+00
4.176691162109373181e+02 1.027234997421303309e+00
4.176703808593748022e+02 1.027234953558952224e+00
4.176716455078122863e+02 1.027234909696537413e+00
4.176729101562498272e+02 1.027234865834059097e+00
4.176741748046873113e+02 1.027234821971516165e+00
4.176754394531247954e+02 1.027234778108909730e+00
4.176767041015622794e+02 1.027234734246238679e+00
4.176779687499998204e+02 1.027234690383504345e+00
4.176792333984373045e+02 1.027234646520705841e+00
4.176804980468747885e+02 1.027234602657843610e+00
4.176817626953122726e+02 1.027234558794917207e+00
4.176823950195310431e+02 1.027234536863429915e+00
4.176830273437498136e+02 1.027234514931926412e+00
4.176836596679685840e+02 1.027234493000407589e+00
4.176842919921872976e+02 1.027234471068873001e+00
4.176849243164060681e+02 1.027234449137321759e+00
4.176855566406248386e+02 1.027234427205754308e+00
4.176861889648436090e+02 1.027234405274171536e+00
4.176868212890623795e+02 1.027234383342572110e+00
4.176874536132811500e+02 1.027234361410957364e+00
4.176880859374999204e+02 1.027234339479326186e+00
4.176887182617186909e+02 1.027234317547679021e+00
4.176893505859374613e+02 1.027234295616016091e+00
4.176899829101561750e+02 1.027234273684336952e+00
4.176906152343749454e+02 1.027234251752642047e+00
4.176912475585937159e+02 1.027234229820930711e+00
4.176918798828124864e+02 1.027234207889204276e+00
4.176925122070312568e+02 1.027234185957461188e+00
4.176931445312500273e+02 1.027234164025702334e+00
4.176937768554687977e+02 1.027234142093927272e+00
4.176944091796875682e+02 1.027234120162136444e+00
4.176950415039062818e+02 1.027234098230329407e+00
4.176956738281250523e+02 1.027234076298506604e+00
4.176963061523438228e+02 1.027234054366667593e+00
4.176969384765625932e+02 1.027234032434813038e+00
4.176975708007813637e+02 1.027234010502942274e+00
4.176982031250001342e+02 1.027233988571055079e+00
4.176988354492189046e+02 1.027233966639152341e+00
4.176994677734376751e+02 1.027233944707233171e+00
4.177001000976564455e+02 1.027233922775298680e+00
4.177007324218751592e+02 1.027233900843347980e+00
4.177013647460939296e+02 1.027233878911381071e+00
4.177019970703127001e+02 1.027233856979398396e+00
4.177026293945314706e+02 1.027233835047399957e+00
4.177032617187502410e+02 1.027233813115384864e+00
4.177038940429690115e+02 1.027233791183354228e+00
4.177045263671877819e+02 1.027233769251307605e+00
4.177051586914065524e+02 1.027233747319244550e+00
4.177057910156253229e+02 1.027233725387165952e+00
4.177064233398440365e+02 1.027233703455071590e+00
4.177067395019535070e+02 1.027233692489018191e+00
4.177070556640628070e+02 1.027233681522960573e+00
4.177073718261722775e+02 1.027233670556899403e+00
4.177076879882815774e+02 1.027233659590834014e+00
4.177080041503910479e+02 1.027233648624764850e+00
4.177083203125003479e+02 1.027233637658691245e+00
4.177086364746097615e+02 1.027233626692613644e+00
4.177089526367191183e+02 1.027233615726532712e+00
4.177092687988285320e+02 1.027233604760447339e+00
4.177095849609378888e+02 1.027233593794357969e+00
4.177099011230473025e+02 1.027233582828264824e+00
4.177102172851566593e+02 1.027233571862167905e+00
4.177105334472660729e+02 1.027233560896066100e+00
4.177108496093754297e+02 1.027233549929960965e+00
4.177111657714848434e+02 1.027233538963851611e+00
4.177114819335941434e+02 1.027233527997738483e+00
4.177117980957036139e+02 1.027233517031621135e+00
4.177121142578129138e+02 1.027233506065499569e+00
4.177124304199223843e+02 1.027233495099374672e+00
4.177127465820316843e+02 1.027233484133245334e+00
4.177129046630864195e+02 1.027233478650179110e+00
4.177130627441411548e+02 1.027233473167112221e+00
4.177132208251957763e+02 1.027233467684043999e+00
4.177133789062504547e+02 1.027233462200974667e+00
4.177135369873051900e+02 1.027233456717904669e+00
4.177136950683599252e+02 1.027233451234833561e+00
4.177138531494145468e+02 1.027233445751761343e+00
4.177140112304692252e+02 1.027233440268688014e+00
4.177141693115239605e+02 1.027233434785614019e+00
4.177143273925786389e+02 1.027233429302538914e+00
4.177144854736333173e+02 1.027233423819462699e+00
4.177146435546879957e+02 1.027233418336385595e+00
4.177148016357427309e+02 1.027233412853307826e+00
4.177149597167974093e+02 1.027233407370228502e+00
4.177151177978520877e+02 1.027233401887148068e+00
4.177151968383794269e+02 1.027233399145607740e+00
4.177152363586430965e+02 1.027233397774837798e+00
4.177152758789067661e+02 1.027233396404067634e+00
4.177153153991704357e+02 1.027233395033296581e+00
4.177153549194341622e+02 1.027233393662526195e+00
4.177153944396978318e+02 1.027233392291755587e+00
4.177154339599614445e+02 1.027233390920984979e+00
4.177154734802251710e+02 1.027233389550214371e+00
4.177155130004888974e+02 1.027233388179443541e+00
4.177155525207525670e+02 1.027233386808673155e+00
4.177155920410161798e+02 1.027233385437902102e+00
4.177156315612799062e+02 1.027233384067131050e+00
4.177156710815436327e+02 1.027233382696359998e+00
4.177157106018072454e+02 1.027233381325588946e+00
4.177157501220709150e+02 1.027233379954817671e+00
4.177157896423346415e+02 1.027233378584046397e+00
4.177158291625983111e+02 1.027233377213275123e+00
4.177158686828619807e+02 1.027233375842503849e+00
4.177159082031256503e+02 1.027233374471732352e+00
4.177159477233893199e+02 1.027233373100961300e+00
4.177159872436530463e+02 1.027233371730189582e+00
4.177160267639167159e+02 1.027233370359418085e+00
4.177160662841803287e+02 1.027233368988646589e+00
4.177161058044440551e+02 1.027233367617874871e+00
4.177161453247077816e+02 1.027233366247103152e+00
4.177161848449713943e+02 1.027233364876331434e+00
4.177162243652350639e+02 1.027233363505559049e+00
4.177162638854987904e+02 1.027233362134787553e+00
4.177163034057624600e+02 1.027233360764015391e+00
4.177163429260261296e+02 1.027233359393243672e+00
4.177163824462897992e+02 1.027233358022471288e+00
4.177164219665535256e+02 1.027233356651699125e+00
4.177164614868171952e+02 1.027233355280926963e+00
4.177165010070808648e+02 1.027233353910154579e+00
4.177165405273445344e+02 1.027233352539381972e+00
4.177165800476082040e+02 1.027233351168609587e+00
4.177166195678719305e+02 1.027233349797837425e+00
4.177166590881356001e+02 1.027233348427064374e+00
4.177166986083992128e+02 1.027233347056291990e+00
4.177167381286629393e+02 1.027233345685519605e+00
4.177167776489266657e+02 1.027233344314746777e+00
4.177168171691902785e+02 1.027233342943973726e+00
4.177168369293220849e+02 1.027233342258586868e+00
4.177168566894539481e+02 1.027233341573200898e+00
4.177168764495858113e+02 1.027233340887814261e+00
4.177168962097176177e+02 1.027233340202428069e+00
4.177169159698494241e+02 1.027233339517041433e+00
4.177169357299812305e+02 1.027233338831655240e+00
4.177169554901130937e+02 1.027233338146268604e+00
4.177169752502449001e+02 1.027233337460881968e+00
4.177169950103767064e+02 1.027233336775495331e+00
4.177170147705085697e+02 1.027233336090108917e+00
4.177170345306404329e+02 1.027233335404722059e+00
4.177170542907721824e+02 1.027233334719335645e+00
4.177170740509039888e+02 1.027233334033949008e+00
4.177170938110358520e+02 1.027233333348562372e+00
4.177171135711677152e+02 1.027233332663175513e+00
4.177171333312995216e+02 1.027233331977788877e+00
4.177171530914313280e+02 1.027233331292402241e+00
4.177171728515631344e+02 1.027233330607015382e+00
4.177171926116949976e+02 1.027233329921628746e+00
4.177172123718268040e+02 1.027233329236242332e+00
4.177172321319586104e+02 1.027233328550855695e+00
4.177172518920904736e+02 1.027233327865468615e+00
4.177172716522223368e+02 1.027233327180081979e+00
4.177172914123540863e+02 1.027233326494695120e+00
4.177173111724858927e+02 1.027233325809308262e+00
4.177173309326177559e+02 1.027233325123921404e+00
4.177173506927496192e+02 1.027233324438534989e+00
4.177173704528814255e+02 1.027233323753148131e+00
4.177173902130132319e+02 1.027233323067760606e+00
4.177174099731450383e+02 1.027233322382373970e+00
4.177174297332769015e+02 1.027233321696987112e+00
4.177174494934087079e+02 1.027233321011600475e+00
4.177174692535405143e+02 1.027233320326213617e+00
4.177174890136723775e+02 1.027233319640826315e+00
4.177175087738042407e+02 1.027233318955439456e+00
4.177175285339359903e+02 1.027233318270052376e+00
4.177175482940677966e+02 1.027233317584665739e+00
4.177175680541996599e+02 1.027233316899278659e+00
4.177175878143315231e+02 1.027233316213891579e+00
4.177176075744633295e+02 1.027233315528504276e+00
4.177176273345951358e+02 1.027233314843117640e+00
4.177176470947269991e+02 1.027233314157730337e+00
4.177176668548588054e+02 1.027233313472343479e+00
4.177176866149906118e+02 1.027233312786955954e+00
4.177177063751224182e+02 1.027233312101569096e+00
4.177177261352542814e+02 1.027233311416182016e+00
4.177177458953861446e+02 1.027233310730794935e+00
4.177177656555179510e+02 1.027233310045407411e+00
4.177177854156497006e+02 1.027233309360020774e+00
4.177178051757815638e+02 1.027233308674633472e+00
4.177178249359134270e+02 1.027233307989245947e+00
4.177178446960452334e+02 1.027233307303858867e+00
4.177178644561770398e+02 1.027233306618471786e+00
4.177178842163089030e+02 1.027233305933084262e+00
4.177179039764407094e+02 1.027233305247696959e+00
4.177179237365725157e+02 1.027233304562309879e+00
4.177179434967043221e+02 1.027233303876922577e+00
4.177179632568361853e+02 1.027233303191535496e+00
4.177179830169680486e+02 1.027233302506147750e+00
4.177180027770998549e+02 1.027233301820760447e+00
4.177180225372316045e+02 1.027233301135373367e+00
4.177180422973634677e+02 1.027233300449985398e+00
4.177180521774293993e+02 1.027233300107291969e+00
4.177180620574953309e+02 1.027233299764598318e+00
4.177180719375612625e+02 1.027233299421904222e+00
4.177180818176271941e+02 1.027233299079210571e+00
4.177180916976931258e+02 1.027233298736516920e+00
4.177181015777590574e+02 1.027233298393823269e+00
4.177181114578249890e+02 1.027233298051129617e+00
4.177181213378909206e+02 1.027233297708435966e+00
4.177181312179568522e+02 1.027233297365742315e+00
4.177181410980227838e+02 1.027233297023048442e+00
4.177181509780886586e+02 1.027233296680354790e+00
4.177181608581545902e+02 1.027233296337661361e+00
4.177181707382205218e+02 1.027233295994967266e+00
4.177181806182864534e+02 1.027233295652273615e+00
4.177181904983523850e+02 1.027233295309580186e+00
4.177182003784183166e+02 1.027233294966886312e+00
4.177182102584842482e+02 1.027233294624192439e+00
4.177182201385501799e+02 1.027233294281498566e+00
4.177182300186161115e+02 1.027233293938804914e+00
4.177182398986820431e+02 1.027233293596110819e+00
4.177182497787479747e+02 1.027233293253417390e+00
4.177182596588139063e+02 1.027233292910723517e+00
4.177182695388797811e+02 1.027233292568029643e+00
4.177182794189457127e+02 1.027233292225336214e+00
4.177182892990116443e+02 1.027233291882642119e+00
4.177182991790775759e+02 1.027233291539948468e+00
4.177183090591435075e+02 1.027233291197254816e+00
4.177183189392094391e+02 1.027233290854560721e+00
4.177183288192753707e+02 1.027233290511867070e+00
4.177183386993413023e+02 1.027233290169173197e+00
4.177183485794072340e+02 1.027233289826479323e+00
4.177183584594731656e+02 1.027233289483785450e+00
4.177183683395390972e+02 1.027233289141091577e+00
4.177183782196050288e+02 1.027233288798397925e+00
4.177183880996709604e+02 1.027233288455704274e+00
4.177183979797368352e+02 1.027233288113010401e+00
4.177184078598027668e+02 1.027233287770316084e+00
4.177184177398686984e+02 1.027233287427622432e+00
4.177184276199346300e+02 1.027233287084928559e+00
4.177184375000005616e+02 1.027233286742234908e+00
4.177184473800664932e+02 1.027233286399540813e+00
4.177184572601324248e+02 1.027233286056847161e+00
4.177184671401983564e+02 1.027233285714153510e+00
4.177184770202642881e+02 1.027233285371459193e+00
4.177184869003302197e+02 1.027233285028765097e+00
4.177184967803961513e+02 1.027233284686071446e+00
4.177185066604620829e+02 1.027233284343377795e+00
4.177185165405280145e+02 1.027233284000683922e+00
4.177185214805609235e+02 1.027233283829336763e+00
4.177185264205938893e+02 1.027233283657990270e+00
4.177185313606268551e+02 1.027233283486642890e+00
4.177185363006598209e+02 1.027233283315295953e+00
4.177185412406927867e+02 1.027233283143949238e+00
4.177185461807257525e+02 1.027233282972602080e+00
4.177185511207587183e+02 1.027233282801254921e+00
4.177185560607916841e+02 1.027233282629908206e+00
4.177185610008246499e+02 1.027233282458561270e+00
4.177185659408576157e+02 1.027233282287214555e+00
4.177185708808905815e+02 1.027233282115867175e+00
4.177185758209235473e+02 1.027233281944520682e+00
4.177185807609565131e+02 1.027233281773173523e+00
4.177185857009894789e+02 1.027233281601826143e+00
4.177185906410224447e+02 1.027233281430479428e+00
4.177185955810554105e+02 1.027233281259132491e+00
4.177186005210883764e+02 1.027233281087785777e+00
4.177186054611213422e+02 1.027233280916438618e+00
4.177186104011543080e+02 1.027233280745091681e+00
4.177186153411872738e+02 1.027233280573744745e+00
4.177186202812202396e+02 1.027233280402398030e+00
4.177186252212532054e+02 1.027233280231051094e+00
4.177186301612861712e+02 1.027233280059703713e+00
4.177186351013191370e+02 1.027233279888356554e+00
4.177186400413521028e+02 1.027233279717009617e+00
4.177186449813850686e+02 1.027233279545662903e+00
4.177186499214179776e+02 1.027233279374315966e+00
4.177186548614509434e+02 1.027233279202969252e+00
4.177186598014839092e+02 1.027233279031622093e+00
4.177186647415168750e+02 1.027233278860275156e+00
4.177186696815498408e+02 1.027233278688927998e+00
4.177186746215828066e+02 1.027233278517581283e+00
4.177186795616157724e+02 1.027233278346234124e+00
4.177186845016487382e+02 1.027233278174887410e+00
4.177186894416817040e+02 1.027233278003540251e+00
4.177186943817146698e+02 1.027233277832193092e+00
4.177186993217476356e+02 1.027233277660846600e+00
4.177187042617806014e+02 1.027233277489499441e+00
4.177187092018135672e+02 1.027233277318152505e+00
4.177187141418465330e+02 1.027233277146805124e+00
4.177187190818794988e+02 1.027233276975458409e+00
4.177187240219124647e+02 1.027233276804111695e+00
4.177187289619454305e+02 1.027233276632764314e+00
4.177187339019783963e+02 1.027233276461417377e+00
4.177187388420113621e+02 1.027233276290070441e+00
4.177187437820443279e+02 1.027233276118723726e+00
4.177187487220772937e+02 1.027233275947376567e+00
4.177187536621102595e+02 1.027233275776029187e+00
4.177187586021432253e+02 1.027233275604682472e+00
4.177187635421761911e+02 1.027233275433335535e+00
4.177187684822091569e+02 1.027233275261988599e+00
4.177187734222420659e+02 1.027233275090641662e+00
4.177187783622750317e+02 1.027233274919294281e+00
4.177187833023079975e+02 1.027233274747947567e+00
4.177187882423409633e+02 1.027233274576600630e+00
4.177187931823739291e+02 1.027233274405253693e+00
4.177187981224068949e+02 1.027233274233906535e+00
4.177188030624398607e+02 1.027233274062559820e+00
4.177188080024728265e+02 1.027233273891212439e+00
4.177188129425057923e+02 1.027233273719865725e+00
4.177188178825387581e+02 1.027233273548518566e+00
4.177188228225717239e+02 1.027233273377171630e+00
4.177188277626046897e+02 1.027233273205824693e+00
4.177188327026376555e+02 1.027233273034477756e+00
4.177188376426706213e+02 1.027233272863131042e+00
4.177188425827035871e+02 1.027233272691783439e+00
4.177188475227365529e+02 1.027233272520436280e+00
4.177188499927530074e+02 1.027233272434763256e+00
4.177188524627695188e+02 1.027233272247177309e+00
4.177188549327859732e+02 1.027233272161503619e+00
4.177188574028024846e+02 1.027233272075829928e+00
4.177188598728189390e+02 1.027233271990156682e+00
4.177188623428354504e+02 1.027233271904483214e+00
4.177188648128519048e+02 1.027233271818809524e+00
4.177188672828684162e+02 1.027233271733136055e+00
4.177188697528848706e+02 1.027233271647462809e+00
4.177188722229013820e+02 1.027233271561789341e+00
4.177188746929178365e+02 1.027233271476115650e+00
4.177188771629343478e+02 1.027233271390442182e+00
4.177188796329508023e+02 1.027233271304768714e+00
4.177188821029673136e+02 1.027233271219095023e+00
4.177188845729837681e+02 1.027233271133421999e+00
4.177188870430002794e+02 1.027233271047748087e+00
4.177188895130167339e+02 1.027233270962074618e+00
4.177188895154288844e+02 1.027233271063804132e+00
4.177188919878574893e+02 1.027233270977947255e+00
4.177188944626981879e+02 1.027233270891907413e+00
4.177188969423631875e+02 1.027233270805500975e+00
4.177188994316766752e+02 1.027233270718362235e+00
4.177189019402871963e+02 1.027233270632942341e+00
4.177189044874916704e+02 1.027233270544591237e+00
4.177189071118841639e+02 1.027233270453563385e+00
4.177189098906526965e+02 1.027233270357180484e+00
