2.590000000000000000e+02 2.339359999999999928e+01
2.615899999999999750e+02 2.413390000000000057e+01
2.641800000000000068e+02 2.487650000000000006e+01
2.667699999999999818e+02 2.562140000000000128e+01
2.693600000000000136e+02 2.636850000000000094e+01
2.719499999999999886e+02 2.711799999999999855e+01
2.745400000000000205e+02 2.786970000000000169e+01
2.771299999999999955e+02 2.862369999999999948e+01
2.797200000000000273e+02 2.938009999999999877e+01
2.823100000000000023e+02 3.013879999999999981e+01
2.848999999999999773e+02 3.089979999999999905e+01
2.874900000000000091e+02 3.166310000000000002e+01
2.900799999999999841e+02 3.242880000000000251e+01
2.926700000000000159e+02 3.319680000000000319e+01
2.952599999999999909e+02 3.396719999999999828e+01
2.978500000000000227e+02 3.474000000000000199e+01
3.004399999999999977e+02 3.551509999999999678e+01
3.030299999999999727e+02 3.629260000000000019e+01
3.056200000000000045e+02 3.707249999999999801e+01
3.082099999999999795e+02 3.785479999999999734e+01
3.108000000000000114e+02 3.863949999999999818e+01
3.133899999999999864e+02 3.942660000000000053e+01
3.159800000000000182e+02 4.021620000000000061e+01
3.185699999999999932e+02 4.100809999999999889e+01
3.211600000000000250e+02 4.180250000000000199e+01
3.237500000000000000e+02 4.259940000000000282e+01
3.263399999999999750e+02 4.339869999999999806e+01
3.289300000000000068e+02 4.420049999999999812e+01
3.315199999999999818e+02 4.500469999999999970e+01
3.341100000000000136e+02 4.581150000000000233e+01
3.366999999999999886e+02 4.662069999999999936e+01
3.392900000000000205e+02 4.743249999999999744e+01
3.418799999999999955e+02 4.824669999999999703e+01
3.444700000000000273e+02 4.906349999999999767e+01
3.470600000000000023e+02 4.988280000000000314e+01
3.496499999999999773e+02 5.070459999999999923e+01
3.522400000000000091e+02 5.152900000000000347e+01
3.548299999999999841e+02 5.235589999999999833e+01
3.574200000000000159e+02 5.318540000000000134e+01
3.600099999999999909e+02 5.401749999999999829e+01
3.626000000000000227e+02 5.485220000000000340e+01
3.651899999999999977e+02 5.568950000000000244e+01
3.677799999999999727e+02 5.652940000000000254e+01
3.703700000000000045e+02 5.737189999999999657e+01
3.729599999999999795e+02 5.821699999999999875e+01
3.755500000000000114e+02 5.906479999999999819e+01
3.781399999999999864e+02 5.991519999999999868e+01
3.807300000000000182e+02 6.076830000000000354e+01
3.833199999999999932e+02 6.162409999999999854e+01
3.859100000000000250e+02 6.248250000000000171e+01
3.885000000000000000e+02 6.334369999999999834e+01
3.910899999999999750e+02 6.420749999999999602e+01
3.936800000000000068e+02 6.507410000000000139e+01
3.962699999999999818e+02 6.594339999999999691e+01
3.988600000000000136e+02 6.681539999999999679e+01
4.014499999999999886e+02 6.769020000000000437e+01
4.040400000000000205e+02 6.856770000000000209e+01
4.066299999999999955e+02 6.944799999999999329e+01
4.092200000000000273e+02 7.033110000000000639e+01
4.118100000000000023e+02 7.121699999999999875e+01
4.143999999999999773e+02 7.210569999999999879e+01
4.169900000000000091e+02 7.299729999999999563e+01
4.195799999999999841e+02 7.389159999999999684e+01
4.221700000000000159e+02 7.478889999999999816e+01
4.247599999999999909e+02 7.568890000000000384e+01
4.273500000000000227e+02 7.659189999999999543e+01
4.299399999999999977e+02 7.749769999999999470e+01
4.325299999999999727e+02 7.840649999999999409e+01
4.351200000000000045e+02 7.931810000000000116e+01
4.377099999999999795e+02 8.023269999999999413e+01
4.403000000000000114e+02 8.115019999999999811e+01
4.428899999999999864e+02 8.207070000000000221e+01
4.454800000000000182e+02 8.299420000000000641e+01
4.480699999999999932e+02 8.392059999999999320e+01
4.506600000000000250e+02 8.484999999999999432e+01
4.532500000000000000e+02 8.578239999999999554e+01
4.558399999999999750e+02 8.671790000000000020e+01
4.584300000000000068e+02 8.765640000000000498e+01
4.610199999999999818e+02 8.859799999999999898e+01
4.636100000000000136e+02 8.954259999999999309e+01
4.661999999999999886e+02 9.049030000000000484e+01
4.687900000000000205e+02 9.144110000000000582e+01
4.713799999999999955e+02 9.239499999999999602e+01
4.739700000000000273e+02 9.335209999999999297e+01
4.765600000000000023e+02 9.431229999999999336e+01
4.791499999999999773e+02 9.527570000000000050e+01
4.817400000000000091e+02 9.624219999999999686e+01
4.843299999999999841e+02 9.721200000000000330e+01
4.869200000000000159e+02 9.818489999999999895e+01
4.895099999999999909e+02 9.916110000000000468e+01
4.921000000000000227e+02 1.001406000000000063e+02
4.946899999999999977e+02 1.011233000000000004e+02
4.972799999999999727e+02 1.021092000000000013e+02
4.998700000000000045e+02 1.030985000000000014e+02
5.024599999999999795e+02 1.040910999999999973e+02
5.050500000000000114e+02 1.050871000000000066e+02
5.076399999999999864e+02 1.060862999999999943e+02
5.102300000000000182e+02 1.070889999999999986e+02
5.128200000000000500e+02 1.080951000000000022e+02
5.154099999999999682e+02 1.091045000000000016e+02
5.180000000000000000e+02 1.101174000000000035e+02
5.205900000000000318e+02 1.111337000000000046e+02
5.231799999999999500e+02 1.121534999999999940e+02
5.257699999999999818e+02 1.131768000000000001e+02
5.283600000000000136e+02 1.142035999999999945e+02
5.309500000000000455e+02 1.152339999999999947e+02
5.335399999999999636e+02 1.162678999999999974e+02
5.361299999999999955e+02 1.173053000000000026e+02
5.387200000000000273e+02 1.183462999999999994e+02
5.413099999999999454e+02 1.193910000000000053e+02
5.438999999999999773e+02 1.204393000000000029e+02
5.464900000000000091e+02 1.214912000000000063e+02
5.490800000000000409e+02 1.225468999999999937e+02
5.516699999999999591e+02 1.236062000000000012e+02
5.542599999999999909e+02 1.246692000000000036e+02
5.568500000000000227e+02 1.257360000000000042e+02
5.594400000000000546e+02 1.268066000000000031e+02
5.620299999999999727e+02 1.278810000000000002e+02
5.646200000000000045e+02 1.289592000000000098e+02
5.672100000000000364e+02 1.300412000000000035e+02
5.697999999999999545e+02 1.311271000000000129e+02
5.723899999999999864e+02 1.322169000000000096e+02
5.749800000000000182e+02 1.333105999999999938e+02
5.775700000000000500e+02 1.344081999999999937e+02
5.801599999999999682e+02 1.355098999999999876e+02
5.827500000000000000e+02 1.366154999999999973e+02
5.853400000000000318e+02 1.377252000000000010e+02
5.879299999999999500e+02 1.388388999999999953e+02
5.905199999999999818e+02 1.399566000000000088e+02
5.931100000000000136e+02 1.410784999999999911e+02
5.957000000000000455e+02 1.422045999999999992e+02
5.982899999999999636e+02 1.433346999999999980e+02
6.008799999999999955e+02 1.444690999999999974e+02
6.034700000000000273e+02 1.456076999999999941e+02
6.060599999999999454e+02 1.467505999999999915e+02
6.086499999999999773e+02 1.478977999999999895e+02
6.112400000000000091e+02 1.490492000000000132e+02
6.138300000000000409e+02 1.502050999999999874e+02
6.164199999999999591e+02 1.513651999999999873e+02
6.190099999999999909e+02 1.525298999999999978e+02
6.216000000000000227e+02 1.536989000000000090e+02
6.241900000000000546e+02 1.548723999999999990e+02
6.267799999999999727e+02 1.560504999999999995e+02
6.293700000000000045e+02 1.572331000000000074e+02
6.319600000000000364e+02 1.584202999999999975e+02
6.345499999999999545e+02 1.596120999999999981e+02
6.371399999999999864e+02 1.608085000000000093e+02
6.397300000000000182e+02 1.620097000000000094e+02
6.423200000000000500e+02 1.632154999999999916e+02
6.449099999999999682e+02 1.644261999999999944e+02
6.475000000000000000e+02 1.656416000000000111e+02
6.500900000000000318e+02 1.668618999999999915e+02
6.526799999999999500e+02 1.680870999999999924e+02
6.552699999999999818e+02 1.693172000000000139e+02
6.578600000000000136e+02 1.705521999999999991e+02
6.604500000000000455e+02 1.717923000000000116e+02
6.630399999999999636e+02 1.730373999999999910e+02
6.656299999999999955e+02 1.742875999999999976e+02
6.682200000000000273e+02 1.755430000000000064e+02
6.708099999999999454e+02 1.768035000000000139e+02
6.733999999999999773e+02 1.780692999999999984e+02
6.759900000000000091e+02 1.793403000000000134e+02
6.785800000000000409e+02 1.806167000000000087e+02
6.811699999999999591e+02 1.818984000000000094e+02
6.837599999999999909e+02 1.831855999999999938e+02
6.863500000000000227e+02 1.844781999999999869e+02
6.889400000000000546e+02 1.857762999999999920e+02
6.915299999999999727e+02 1.870800000000000125e+02
6.941200000000000045e+02 1.883892999999999915e+02
6.967100000000000364e+02 1.897042999999999893e+02
6.992999999999999545e+02 1.910251000000000090e+02
7.018899999999999864e+02 1.923515999999999906e+02
7.044800000000000182e+02 1.936838999999999942e+02
7.070700000000000500e+02 1.950221999999999980e+02
7.096599999999999682e+02 1.963663999999999987e+02
7.122500000000000000e+02 1.977165999999999997e+02
7.148400000000000318e+02 1.990729000000000042e+02
7.174299999999999500e+02 2.004353999999999871e+02
7.200199999999999818e+02 2.018040000000000020e+02
7.226100000000000136e+02 2.031790000000000020e+02
7.252000000000000455e+02 2.045602000000000089e+02
7.277899999999999636e+02 2.059479000000000042e+02
7.303799999999999955e+02 2.073420000000000130e+02
7.329700000000000273e+02 2.087427000000000135e+02
7.355599999999999454e+02 2.101500000000000057e+02
7.381499999999999773e+02 2.115638999999999896e+02
7.407400000000000091e+02 2.129847000000000037e+02
7.433300000000000409e+02 2.144122000000000128e+02
7.459199999999999591e+02 2.158466999999999985e+02
7.485099999999999909e+02 2.172881999999999891e+02
7.511000000000000227e+02 2.187367000000000132e+02
7.536900000000000546e+02 2.201923999999999921e+02
7.562799999999999727e+02 2.216553999999999860e+02
7.588700000000000045e+02 2.231255999999999915e+02
7.614600000000000364e+02 2.246032999999999902e+02
7.640499999999999545e+02 2.260885000000000105e+02
7.666399999999999864e+02 2.275812999999999988e+02
7.692300000000000182e+02 2.290817999999999870e+02
7.718200000000000500e+02 2.305901000000000067e+02
7.744099999999999682e+02 2.321063000000000045e+02
7.770000000000000000e+02 2.336304000000000087e+02
7.795900000000000318e+02 2.351627000000000010e+02
7.821799999999999500e+02 2.367032000000000096e+02
7.847699999999999818e+02 2.382520000000000095e+02
7.873600000000000136e+02 2.398092000000000041e+02
7.899500000000000455e+02 2.413750000000000000e+02
7.925399999999999636e+02 2.429493999999999971e+02
7.951299999999999955e+02 2.445326000000000022e+02
7.977200000000000273e+02 2.461246999999999900e+02
8.003099999999999454e+02 2.477258999999999958e+02
8.028999999999999773e+02 2.493361999999999910e+02
8.054900000000000091e+02 2.509558000000000106e+02
8.080800000000000409e+02 2.525848000000000013e+02
8.106699999999999591e+02 2.542235000000000014e+02
8.132599999999999909e+02 2.558718000000000075e+02
8.158500000000000227e+02 2.575301000000000045e+02
8.184400000000000546e+02 2.591983000000000175e+02
8.210299999999999727e+02 2.608768000000000029e+02
8.236200000000000045e+02 2.625656000000000176e+02
8.262100000000000364e+02 2.642649000000000115e+02
8.287999999999999545e+02 2.659748999999999910e+02
8.313899999999999864e+02 2.676958999999999946e+02
8.339800000000000182e+02 2.694277999999999906e+02
8.365700000000000500e+02 2.711709999999999923e+02
8.391599999999999682e+02 2.729257000000000062e+02
8.417500000000000000e+02 2.746920000000000073e+02
8.443400000000000318e+02 2.764701999999999771e+02
8.469299999999999500e+02 2.782604000000000042e+02
8.495199999999999818e+02 2.800629000000000133e+02
8.521100000000000136e+02 2.818779999999999859e+02
8.547000000000000455e+02 2.837058000000000106e+02
8.572899999999999636e+02 2.855466999999999871e+02
8.598799999999999955e+02 2.874008000000000038e+02
8.624700000000000273e+02 2.892683999999999855e+02
8.650599999999999454e+02 2.911499000000000024e+02
8.676499999999999773e+02 2.930453999999999724e+02
8.702400000000000091e+02 2.949553000000000225e+02
8.728300000000000409e+02 2.968799999999999955e+02
8.754199999999999591e+02 2.988195999999999799e+02
8.780099999999999909e+02 3.007746000000000208e+02
8.806000000000000227e+02 3.027452000000000112e+02
8.831900000000000546e+02 3.047318999999999960e+02
8.857799999999999727e+02 3.067350000000000136e+02
8.883700000000000045e+02 3.087549999999999955e+02
8.909600000000000364e+02 3.107921000000000049e+02
8.935499999999999545e+02 3.128469000000000051e+02
8.961399999999999864e+02 3.149196999999999775e+02
8.987300000000000182e+02 3.170110999999999990e+02
9.013200000000000500e+02 3.191215000000000259e+02
9.039099999999999682e+02 3.212513999999999896e+02
9.065000000000000000e+02 3.234012999999999920e+02
9.090900000000000318e+02 3.255719000000000278e+02
9.116799999999999500e+02 3.277636999999999716e+02
9.142699999999999818e+02 3.299771999999999821e+02
9.168600000000000136e+02 3.322131999999999721e+02
9.194500000000000455e+02 3.344723999999999933e+02
9.220399999999999636e+02 3.367552999999999770e+02
9.246299999999999955e+02 3.390629000000000133e+02
9.272200000000000273e+02 3.413958999999999833e+02
9.298099999999999454e+02 3.437551000000000272e+02
9.323999999999999773e+02 3.461413999999999760e+02
9.349900000000000091e+02 3.485557999999999765e+02
9.375800000000000409e+02 3.509993000000000052e+02
9.401699999999999591e+02 3.534728999999999814e+02
9.427599999999999909e+02 3.559778999999999769e+02
9.453500000000000227e+02 3.585153999999999996e+02
9.479400000000000546e+02 3.610867000000000075e+02
9.505299999999999727e+02 3.636931999999999903e+02
9.531200000000000045e+02 3.663365000000000009e+02
9.557100000000000364e+02 3.690181000000000040e+02
9.582999999999999545e+02 3.717398000000000025e+02
9.608899999999999864e+02 3.745034999999999741e+02
9.634800000000000182e+02 3.773111999999999853e+02
9.660700000000000500e+02 3.801652000000000271e+02
9.686599999999999682e+02 3.830677999999999770e+02
9.712500000000000000e+02 3.860217999999999847e+02
9.738400000000000318e+02 3.890301000000000045e+02
9.764299999999999500e+02 3.920957000000000221e+02
9.790199999999999818e+02 3.952223999999999933e+02
9.816100000000000136e+02 3.984139999999999873e+02
9.842000000000000455e+02 4.016748999999999796e+02
9.867899999999999636e+02 4.050099999999999909e+02
9.893799999999999955e+02 4.084250000000000114e+02
9.919700000000000273e+02 4.119261000000000195e+02
9.945599999999999454e+02 4.155205000000000268e+02
9.971499999999999773e+02 4.192164000000000215e+02
9.997400000000000091e+02 4.230237000000000194e+02
1.002330000000000041e+03 4.269533999999999878e+02
1.004919999999999959e+03 4.310190999999999804e+02
1.007509999999999991e+03 4.352368000000000166e+02
1.010100000000000023e+03 4.396261999999999830e+02
1.012690000000000055e+03 4.442112999999999943e+02
1.015279999999999973e+03 4.490230999999999995e+02
1.017870000000000005e+03 4.541014000000000124e+02
1.020460000000000036e+03 4.594993999999999801e+02
1.023049999999999955e+03 4.652912999999999784e+02
1.025640000000000100e+03 4.715867999999999824e+02
1.028230000000000018e+03 4.785557999999999765e+02
1.030819999999999936e+03 4.864986000000000104e+02
1.033410000000000082e+03 4.960419999999999732e+02
1.036000000000000000e+03 5.090962000000000103e+02
1.036647500000000036e+03 5.137418999999999869e+02
1.037295000000000073e+03 5.201226000000000340e+02
1.037456899999999905e+03 5.223972999999999729e+02
1.037618699999999990e+03 5.255118999999999687e+02
1.037627899999999954e+03 5.257417000000000371e+02
1.037636700000000019e+03 5.259713000000000420e+02
1.037645099999999957e+03 5.262006999999999834e+02
1.037653199999999970e+03 5.264299999999999500e+02
1.037660800000000108e+03 5.266590999999999667e+02
1.037667999999999893e+03 5.268881000000000085e+02
1.037674899999999980e+03 5.271168999999999869e+02
1.037681399999999940e+03 5.273455000000000155e+02
1.037687500000000000e+03 5.275739999999999554e+02
1.037693199999999933e+03 5.278022999999999456e+02
1.037698499999999967e+03 5.280304999999999609e+02
1.037703500000000076e+03 5.282585000000000264e+02
1.037708000000000084e+03 5.284864000000000033e+02
1.037712199999999939e+03 5.287141000000000304e+02
1.037715999999999894e+03 5.289415999999999940e+02
1.037719399999999951e+03 5.291689999999999827e+02
1.037722400000000107e+03 5.293962000000000216e+02
1.037725100000000111e+03 5.296232999999999720e+02
1.037727399999999989e+03 5.298501999999999725e+02
1.037729199999999992e+03 5.300769000000000233e+02
1.037730800000000045e+03 5.303034999999999854e+02
1.037731899999999996e+03 5.305299999999999727e+02
1.037732600000000048e+03 5.307562000000000353e+02
1.037732999999999947e+03 5.309823000000000093e+02
1.037732999999999947e+03 5.312083000000000084e+02
1.037732600000000048e+03 5.314340999999999440e+02
1.037731899999999996e+03 5.316597000000000435e+02
1.037730700000000070e+03 5.318852000000000544e+02
1.037729199999999992e+03 5.321105999999999767e+02
1.037727300000000014e+03 5.323356999999999744e+02
1.037724999999999909e+03 5.325606999999999971e+02
1.037722400000000107e+03 5.327856000000000449e+02
1.037719399999999951e+03 5.330103000000000293e+02
1.037715999999999894e+03 5.332347999999999502e+02
1.037712199999999939e+03 5.334592000000000098e+02
1.037708100000000059e+03 5.336834000000000060e+02
1.037703600000000051e+03 5.339075000000000273e+02
1.037698699999999917e+03 5.341313999999999851e+02
1.037693400000000111e+03 5.343551999999999680e+02
1.037687799999999925e+03 5.345787000000000262e+02
1.037681800000000067e+03 5.348021999999999707e+02
1.037675400000000081e+03 5.350254999999999654e+02
1.037668599999999969e+03 5.352486000000000104e+02
1.037661499999999933e+03 5.354715999999999667e+02
1.037653999999999996e+03 5.356943999999999733e+02
1.037646099999999933e+03 5.359170000000000300e+02
1.037637899999999945e+03 5.361394999999999982e+02
1.037629300000000057e+03 5.363618999999999915e+02
1.037620300000000043e+03 5.365839999999999463e+02
1.037611000000000104e+03 5.368061000000000149e+02
1.037601200000000063e+03 5.370279000000000451e+02
1.037591200000000072e+03 5.372495999999999867e+02
1.037580699999999979e+03 5.374711999999999534e+02
1.037569899999999961e+03 5.376925999999999704e+02
1.037558700000000044e+03 5.379138000000000375e+02
1.037547199999999975e+03 5.381349000000000160e+02
1.037535200000000032e+03 5.383558000000000447e+02
1.037522899999999936e+03 5.385765999999999849e+02
1.037510299999999916e+03 5.387971999999999753e+02
1.037497299999999996e+03 5.390176999999999907e+02
1.037483899999999949e+03 5.392380000000000564e+02
1.037470100000000002e+03 5.394580999999999449e+02
1.037455999999999904e+03 5.396780999999999722e+02
1.037441499999999905e+03 5.398980000000000246e+02
1.037426699999999983e+03 5.401176000000000386e+02
1.037411499999999933e+03 5.403370999999999640e+02
1.037395899999999983e+03 5.405565000000000282e+02
1.037380000000000109e+03 5.407757000000000289e+02
1.037363700000000108e+03 5.409948000000000548e+02
1.037346999999999980e+03 5.412137000000000171e+02
1.037329999999999927e+03 5.414324000000000296e+02
1.037312699999999950e+03 5.416509999999999536e+02
1.037294900000000098e+03 5.418694000000000415e+02
1.037276800000000094e+03 5.420877000000000407e+02
1.037258299999999963e+03 5.423057999999999765e+02
1.037239499999999907e+03 5.425238000000000511e+02
1.037220299999999952e+03 5.427415999999999485e+02
1.037200800000000072e+03 5.429592000000000098e+02
1.037180900000000065e+03 5.431766999999999825e+02
1.037160599999999931e+03 5.433940000000000055e+02
1.037140000000000100e+03 5.436112000000000535e+02
1.037118999999999915e+03 5.438282000000000380e+02
1.037097700000000032e+03 5.440451000000000477e+02
1.037076000000000022e+03 5.442617999999999938e+02
1.037054000000000087e+03 5.444783999999999651e+02
1.037031600000000026e+03 5.446947999999999865e+02
1.037008800000000065e+03 5.449109999999999445e+02
1.036985699999999952e+03 5.451271000000000413e+02
1.036962199999999939e+03 5.453429999999999609e+02
1.036938400000000001e+03 5.455588000000000193e+02
1.036914199999999937e+03 5.457744000000000142e+02
1.036889699999999948e+03 5.459899000000000342e+02
1.036864800000000059e+03 5.462051999999999907e+02
1.036839500000000044e+03 5.464203999999999724e+02
1.036813900000000103e+03 5.466354000000000042e+02
1.036788000000000011e+03 5.468501999999999725e+02
1.036761700000000019e+03 5.470648999999999660e+02
1.036734999999999900e+03 5.472794000000000096e+02
1.036708000000000084e+03 5.474937999999999647e+02
1.036680599999999913e+03 5.477079999999999700e+02
1.036652900000000045e+03 5.479221000000000004e+02
1.036624900000000025e+03 5.481359999999999673e+02
1.036596399999999903e+03 5.483497999999999593e+02
1.036567700000000059e+03 5.485634000000000015e+02
1.036538500000000113e+03 5.487767999999999802e+02
1.036509099999999989e+03 5.489900999999999840e+02
1.036479299999999967e+03 5.492033000000000129e+02
1.036449100000000044e+03 5.494162000000000035e+02
1.036418599999999969e+03 5.496290999999999940e+02
1.036387699999999995e+03 5.498416999999999462e+02
1.036356500000000096e+03 5.500543000000000120e+02
1.036324900000000071e+03 5.502666000000000395e+02
1.036292999999999893e+03 5.504787999999999784e+02
1.036260800000000017e+03 5.506909000000000560e+02
1.036228200000000015e+03 5.509027999999999565e+02
1.036195200000000114e+03 5.511145000000000209e+02
1.036161900000000060e+03 5.513260999999999967e+02
1.036128300000000081e+03 5.515375999999999976e+02
1.036094299999999976e+03 5.517487999999999602e+02
1.036059899999999971e+03 5.519600000000000364e+02
1.036025300000000016e+03 5.521708999999999605e+02
1.035990199999999959e+03 5.523817000000000235e+02
1.035954899999999952e+03 5.525923999999999978e+02
1.035919100000000071e+03 5.528029000000000224e+02
1.035883100000000013e+03 5.530132999999999583e+02
1.035846700000000055e+03 5.532234999999999445e+02
1.035809899999999971e+03 5.534334999999999809e+02
1.035772799999999961e+03 5.536434000000000424e+02
1.035735400000000027e+03 5.538531000000000404e+02
1.035697599999999966e+03 5.540626999999999498e+02
1.035659499999999980e+03 5.542721000000000231e+02
1.035621100000000069e+03 5.544814000000000078e+02
1.035582300000000032e+03 5.546905000000000427e+02
1.035543100000000095e+03 5.548994999999999891e+02
1.035503600000000006e+03 5.551082999999999856e+02
1.035463799999999992e+03 5.553169000000000324e+02
1.035423600000000079e+03 5.555253999999999905e+02
1.035383100000000013e+03 5.557337999999999738e+02
1.035342300000000023e+03 5.559420000000000073e+02
1.035301099999999906e+03 5.561499999999999773e+02
1.035259600000000091e+03 5.563578999999999724e+02
1.035217699999999923e+03 5.565656000000000176e+02
1.035175500000000056e+03 5.567731999999999744e+02
1.035133000000000038e+03 5.569805999999999813e+02
1.035090099999999893e+03 5.571879000000000133e+02
1.035046900000000051e+03 5.573949999999999818e+02
1.035003400000000056e+03 5.576019999999999754e+02
1.034959499999999935e+03 5.578088000000000193e+02
1.034915299999999888e+03 5.580153999999999996e+02
1.034870699999999943e+03 5.582219000000000051e+02
1.034825800000000072e+03 5.584283000000000357e+02
1.034780600000000049e+03 5.586345000000000027e+02
1.034734999999999900e+03 5.588405000000000200e+02
1.034689100000000053e+03 5.590463999999999487e+02
1.034642900000000054e+03 5.592521000000000413e+02
1.034596299999999928e+03 5.594577000000000453e+02
1.034549400000000105e+03 5.596630999999999858e+02
1.034502199999999903e+03 5.598683999999999514e+02
1.034454600000000028e+03 5.600734999999999673e+02
1.034406700000000001e+03 5.602784000000000333e+02
1.034358400000000074e+03 5.604832000000000107e+02
1.034309899999999971e+03 5.606879000000000133e+02
1.034260999999999967e+03 5.608923999999999523e+02
1.034211700000000064e+03 5.610967000000000553e+02
1.034162199999999984e+03 5.613008999999999560e+02
1.034112300000000005e+03 5.615049000000000206e+02
1.034061999999999898e+03 5.617087999999999965e+02
1.034011500000000069e+03 5.619125999999999976e+02
1.033960600000000113e+03 5.621160999999999603e+02
1.033909400000000005e+03 5.623196000000000367e+02
1.033857799999999997e+03 5.625227999999999611e+02
1.033805900000000065e+03 5.627259000000000242e+02
1.033753699999999981e+03 5.629288999999999987e+02
1.033701199999999972e+03 5.631317000000000235e+02
1.033648300000000063e+03 5.633343999999999596e+02
1.033595100000000002e+03 5.635368999999999460e+02
1.033541600000000017e+03 5.637391999999999825e+02
1.033487699999999904e+03 5.639414000000000442e+02
1.033433500000000095e+03 5.641435000000000173e+02
1.033378999999999905e+03 5.643452999999999520e+02
1.033324200000000019e+03 5.645471000000000004e+02
1.033269000000000005e+03 5.647486999999999853e+02
1.033213500000000067e+03 5.649501000000000204e+02
1.033157699999999977e+03 5.651513999999999669e+02
1.033101599999999962e+03 5.653524999999999636e+02
1.033045100000000048e+03 5.655534000000000106e+02
1.032988299999999981e+03 5.657542999999999438e+02
1.032931199999999990e+03 5.659548999999999523e+02
1.032873700000000099e+03 5.661553999999999860e+02
1.032816000000000031e+03 5.663558000000000447e+02
1.032757900000000063e+03 5.665560000000000400e+02
1.032699399999999969e+03 5.667559999999999718e+02
1.032640699999999924e+03 5.669559000000000424e+02
1.032581599999999980e+03 5.671557000000000244e+02
1.032522200000000112e+03 5.673553000000000566e+02
1.032462500000000091e+03 5.675547000000000253e+02
1.032402499999999918e+03 5.677540000000000191e+02
1.032342100000000073e+03 5.679530999999999494e+02
1.032281400000000076e+03 5.681521000000000186e+02
1.032220399999999927e+03 5.683509000000000242e+02
1.032159100000000080e+03 5.685496000000000549e+02
1.032097500000000082e+03 5.687481000000000222e+02
1.032035499999999956e+03 5.689465000000000146e+02
1.031973199999999906e+03 5.691446999999999434e+02
1.031910599999999931e+03 5.693427000000000362e+02
1.031847700000000032e+03 5.695407000000000153e+02
1.031784400000000005e+03 5.697383999999999560e+02
1.031720900000000029e+03 5.699360000000000355e+02
1.031656999999999925e+03 5.701335000000000264e+02
1.031592799999999897e+03 5.703306999999999789e+02
1.031528199999999970e+03 5.705279000000000451e+02
1.031463400000000092e+03 5.707249000000000478e+02
1.031398200000000088e+03 5.709216999999999871e+02
1.031332699999999932e+03 5.711183999999999514e+02
1.031266900000000078e+03 5.713148999999999660e+02
1.031200800000000072e+03 5.715113000000000056e+02
1.031134399999999914e+03 5.717074999999999818e+02
1.031067600000000084e+03 5.719035999999999831e+02
1.031000600000000077e+03 5.720995000000000346e+02
1.030933199999999943e+03 5.722952999999999975e+02
1.030865500000000111e+03 5.724909000000000106e+02
1.030797499999999900e+03 5.726864000000000487e+02
1.030729100000000017e+03 5.728817000000000235e+02
1.030660499999999956e+03 5.730768000000000484e+02
1.030591499999999996e+03 5.732717999999999847e+02
1.030522200000000112e+03 5.734666999999999462e+02
1.030452600000000075e+03 5.736613999999999578e+02
1.030382700000000114e+03 5.738559000000000196e+02
1.030312500000000000e+03 5.740502999999999929e+02
1.030241999999999962e+03 5.742445000000000164e+02
1.030171100000000024e+03 5.744385999999999513e+02
1.030099899999999934e+03 5.746326000000000249e+02
1.030028499999999894e+03 5.748262999999999465e+02
1.029956699999999955e+03 5.750199999999999818e+02
1.029884600000000091e+03 5.752133999999999787e+02
1.029812100000000100e+03 5.754067999999999756e+02
1.029739399999999932e+03 5.755999000000000478e+02
1.029666400000000067e+03 5.757929000000000315e+02
1.029593000000000075e+03 5.759858000000000402e+02
1.029519299999999930e+03 5.761784999999999854e+02
1.029445400000000063e+03 5.763710999999999558e+02
1.029371100000000069e+03 5.765634999999999764e+02
1.029296499999999924e+03 5.767557000000000471e+02
1.029221600000000080e+03 5.769478000000000293e+02
1.029146400000000085e+03 5.771398000000000366e+02
1.029070799999999963e+03 5.773315999999999804e+02
1.028994999999999891e+03 5.775231999999999744e+02
1.028918799999999919e+03 5.777146999999999935e+02
1.028842399999999998e+03 5.779059999999999491e+02
1.028765599999999949e+03 5.780972000000000435e+02
1.028688499999999976e+03 5.782883000000000493e+02
1.028611100000000079e+03 5.784791000000000167e+02
1.028533500000000004e+03 5.786698999999999842e+02
1.028455500000000029e+03 5.788604000000000269e+02
1.028377099999999928e+03 5.790508999999999560e+02
1.028298500000000104e+03 5.792410999999999603e+02
1.028219599999999900e+03 5.794312999999999647e+02
1.028140400000000000e+03 5.796212000000000444e+02
1.028060799999999972e+03 5.798110000000000355e+02
1.027980999999999995e+03 5.800007000000000517e+02
1.027900799999999890e+03 5.801902000000000044e+02
1.027820400000000063e+03 5.803795000000000073e+02
1.027739600000000110e+03 5.805688000000000102e+02
1.027658500000000004e+03 5.807577999999999747e+02
1.027577199999999948e+03 5.809466999999999643e+02
1.027495499999999993e+03 5.811354000000000042e+02
1.027413500000000113e+03 5.813239999999999554e+02
1.027331200000000081e+03 5.815125000000000455e+02
1.027248599999999897e+03 5.817007999999999583e+02
1.027165700000000015e+03 5.818889000000000351e+02
1.027082499999999982e+03 5.820769000000000233e+02
1.026999000000000024e+03 5.822646999999999480e+02
1.026915199999999913e+03 5.824524000000000115e+02
1.026831100000000106e+03 5.826399000000000115e+02
1.026746699999999919e+03 5.828273000000000366e+02
1.026662000000000035e+03 5.830144999999999982e+02
1.026576900000000023e+03 5.832015000000000100e+02
1.026491600000000062e+03 5.833885000000000218e+02
1.026405999999999949e+03 5.835751999999999953e+02
1.026320099999999911e+03 5.837617999999999938e+02
1.026233799999999974e+03 5.839483000000000175e+02
1.026147300000000087e+03 5.841345999999999776e+02
1.026060500000000047e+03 5.843206999999999880e+02
1.025973300000000108e+03 5.845067000000000235e+02
1.025885899999999992e+03 5.846925999999999704e+02
1.025798199999999952e+03 5.848782999999999674e+02
1.025710100000000011e+03 5.850638000000000147e+02
1.025621799999999894e+03 5.852491999999999734e+02
1.025533100000000104e+03 5.854343999999999824e+02
1.025444199999999910e+03 5.856195000000000164e+02
1.025355000000000018e+03 5.858043999999999869e+02
1.025265400000000000e+03 5.859891999999999825e+02
1.025175600000000031e+03 5.861738000000000284e+02
1.025085499999999911e+03 5.863582999999999856e+02
1.024994999999999891e+03 5.865425999999999931e+02
1.024904299999999921e+03 5.867268000000000256e+02
1.024813300000000027e+03 5.869107999999999947e+02
1.024721999999999980e+03 5.870946000000000140e+02
1.024630300000000034e+03 5.872782999999999447e+02
1.024538399999999911e+03 5.874619000000000142e+02
1.024446200000000090e+03 5.876453000000000202e+02
1.024353699999999890e+03 5.878284999999999627e+02
1.024260899999999992e+03 5.880116000000000440e+02
1.024167699999999968e+03 5.881946000000000367e+02
1.024074299999999994e+03 5.883773999999999660e+02
1.023980599999999981e+03 5.885599999999999454e+02
1.023886600000000044e+03 5.887424999999999500e+02
1.023792299999999955e+03 5.889248000000000047e+02
1.023697800000000029e+03 5.891069999999999709e+02
1.023602899999999977e+03 5.892889999999999873e+02
1.023507700000000000e+03 5.894709000000000287e+02
1.023412199999999984e+03 5.896526000000000067e+02
1.023316400000000044e+03 5.898342000000000098e+02
1.023220400000000041e+03 5.900155999999999494e+02
1.023124000000000024e+03 5.901969000000000278e+02
1.023027399999999943e+03 5.903780000000000427e+02
1.022930399999999963e+03 5.905588999999999942e+02
1.022833200000000033e+03 5.907396999999999707e+02
1.022735599999999977e+03 5.909203999999999724e+02
1.022637799999999970e+03 5.911009000000000242e+02
1.022539700000000039e+03 5.912812000000000126e+02
1.022441299999999956e+03 5.914614000000000260e+02
1.022342599999999948e+03 5.916413999999999760e+02
1.022243600000000015e+03 5.918212999999999511e+02
1.022144300000000044e+03 5.920009999999999764e+02
1.022044700000000034e+03 5.921806000000000267e+02
1.021944799999999987e+03 5.923600999999999885e+02
1.021844600000000014e+03 5.925393000000000256e+02
1.021744199999999978e+03 5.927183999999999742e+02
1.021643400000000042e+03 5.928973999999999478e+02
1.021542400000000043e+03 5.930761999999999716e+02
1.021441000000000031e+03 5.932549000000000206e+02
1.021339399999999955e+03 5.934334000000000060e+02
1.021237499999999955e+03 5.936117000000000417e+02
1.021135300000000029e+03 5.937898999999999887e+02
1.021032799999999952e+03 5.939679999999999609e+02
1.020929999999999950e+03 5.941458999999999833e+02
1.020826900000000023e+03 5.943236000000000558e+02
1.020723600000000033e+03 5.945012000000000398e+02
1.020619900000000030e+03 5.946785999999999603e+02
1.020515999999999963e+03 5.948559000000000196e+02
1.020411699999999996e+03 5.950330000000000155e+02
1.020307199999999966e+03 5.952100000000000364e+02
1.020202400000000011e+03 5.953867999999999938e+02
1.020097300000000018e+03 5.955634999999999764e+02
1.019991899999999987e+03 5.957400000000000091e+02
1.019886200000000031e+03 5.959163999999999533e+02
1.019780300000000011e+03 5.960925999999999476e+02
1.019673999999999978e+03 5.962685999999999922e+02
1.019567499999999995e+03 5.964444999999999482e+02
1.019460699999999974e+03 5.966203000000000429e+02
1.019353500000000054e+03 5.967958999999999605e+02
1.019246099999999956e+03 5.969713000000000420e+02
1.019138400000000047e+03 5.971466000000000349e+02
1.019030499999999961e+03 5.973216999999999643e+02
1.018922199999999975e+03 5.974967000000000326e+02
1.018813700000000040e+03 5.976715000000000373e+02
1.018704799999999977e+03 5.978461999999999534e+02
1.018595699999999965e+03 5.980207000000000335e+02
1.018486300000000028e+03 5.981950000000000500e+02
1.018376600000000053e+03 5.983691999999999780e+02
1.018266600000000039e+03 5.985433000000000447e+02
1.018156399999999962e+03 5.987172000000000480e+02
1.018045799999999986e+03 5.988908999999999878e+02
1.017934999999999945e+03 5.990644999999999527e+02
1.017823899999999981e+03 5.992380000000000564e+02
1.017712499999999977e+03 5.994112999999999829e+02
1.017600800000000049e+03 5.995843999999999596e+02
1.017488799999999969e+03 5.997573999999999614e+02
1.017376600000000053e+03 5.999302000000000135e+02
1.017264000000000010e+03 6.001028000000000020e+02
1.017151200000000017e+03 6.002753999999999905e+02
1.017038099999999986e+03 6.004477000000000544e+02
1.016924700000000030e+03 6.006199000000000296e+02
1.016811100000000010e+03 6.007920000000000300e+02
1.016697099999999978e+03 6.009638999999999669e+02
1.016582899999999995e+03 6.011355999999999540e+02
1.016468399999999974e+03 6.013071999999999662e+02
1.016353600000000029e+03 6.014786000000000286e+02
1.016238500000000045e+03 6.016499000000000024e+02
1.016123100000000022e+03 6.018210000000000264e+02
1.016007500000000050e+03 6.019919999999999618e+02
1.015891499999999951e+03 6.021627999999999474e+02
1.015775300000000016e+03 6.023334999999999582e+02
1.015658800000000042e+03 6.025040000000000191e+02
1.015542000000000030e+03 6.026743000000000166e+02
1.015424999999999955e+03 6.028445000000000391e+02
1.015307699999999954e+03 6.030145999999999731e+02
1.015190000000000055e+03 6.031844999999999573e+02
1.015072099999999978e+03 6.033541999999999916e+02
1.014953999999999951e+03 6.035238000000000511e+02
1.014835500000000025e+03 6.036932000000000471e+02
1.014716800000000035e+03 6.038623999999999796e+02
1.014597700000000032e+03 6.040316000000000258e+02
1.014478500000000054e+03 6.042005000000000337e+02
1.014358899999999949e+03 6.043692999999999529e+02
1.014239000000000033e+03 6.045380000000000109e+02
1.014118900000000053e+03 6.047065000000000055e+02
1.013998500000000035e+03 6.048748000000000502e+02
1.013877799999999979e+03 6.050430000000000064e+02
1.013756799999999998e+03 6.052110000000000127e+02
1.013635499999999979e+03 6.053789000000000442e+02
1.013514000000000010e+03 6.055466000000000122e+02
1.013392200000000003e+03 6.057141000000000304e+02
1.013270099999999957e+03 6.058814999999999600e+02
1.013147699999999986e+03 6.060488000000000284e+02
1.013025099999999952e+03 6.062159000000000333e+02
1.012902199999999993e+03 6.063827999999999747e+02
1.012778999999999996e+03 6.065496000000000549e+02
1.012655499999999961e+03 6.067161999999999580e+02
1.012531700000000001e+03 6.068826999999999998e+02
1.012407699999999977e+03 6.070489999999999782e+02
1.012283400000000029e+03 6.072151999999999816e+02
1.012158800000000042e+03 6.073812000000000353e+02
1.012033900000000017e+03 6.075470000000000255e+02
1.011908800000000042e+03 6.077127000000000407e+02
1.011783400000000029e+03 6.078781999999999925e+02
1.011657699999999977e+03 6.080435999999999694e+02
1.011531700000000001e+03 6.082087999999999965e+02
1.011405499999999961e+03 6.083739000000000487e+02
1.011278900000000021e+03 6.085388000000000375e+02
1.011152100000000019e+03 6.087036000000000513e+02
1.011025099999999952e+03 6.088682000000000016e+02
1.010897699999999986e+03 6.090326000000000022e+02
1.010770099999999957e+03 6.091969000000000278e+02
1.010642200000000003e+03 6.093609999999999900e+02
1.010514000000000010e+03 6.095249999999999773e+02
1.010385599999999954e+03 6.096888000000000147e+02
1.010256799999999998e+03 6.098524999999999636e+02
1.010127799999999979e+03 6.100159999999999627e+02
1.009998500000000035e+03 6.101793000000000120e+02
1.009869000000000028e+03 6.103424999999999727e+02
1.009739199999999983e+03 6.105054999999999836e+02
1.009609100000000012e+03 6.106684000000000196e+02
1.009478700000000003e+03 6.108310999999999922e+02
1.009347999999999956e+03 6.109936999999999898e+02
1.009217099999999959e+03 6.111561000000000377e+02
1.009085900000000038e+03 6.113183000000000220e+02
1.008954500000000053e+03 6.114804000000000315e+02
1.008822700000000054e+03 6.116423999999999523e+02
1.008690699999999993e+03 6.118040999999999485e+02
1.008558400000000006e+03 6.119656999999999698e+02
1.008425799999999981e+03 6.121272000000000162e+02
1.008293000000000006e+03 6.122884999999999991e+02
1.008159899999999993e+03 6.124496000000000322e+02
1.008026500000000055e+03 6.126105999999999767e+02
1.007892900000000054e+03 6.127714999999999463e+02
1.007758900000000040e+03 6.129320999999999913e+02
1.007624699999999962e+03 6.130925999999999476e+02
1.007490300000000047e+03 6.132530000000000427e+02
1.007355500000000006e+03 6.134131999999999607e+02
1.007220500000000015e+03 6.135732000000000426e+02
1.007085199999999986e+03 6.137331000000000358e+02
1.006949600000000032e+03 6.138927999999999656e+02
1.006813800000000015e+03 6.140524000000000342e+02
1.006677699999999959e+03 6.142118000000000393e+02
1.006541299999999978e+03 6.143709999999999809e+02
1.006404700000000048e+03 6.145300999999999476e+02
1.006267799999999966e+03 6.146891000000000531e+02
1.006130599999999959e+03 6.148478000000000065e+02
1.005993100000000027e+03 6.150063999999999851e+02
1.005855400000000031e+03 6.151648999999999887e+02
1.005717399999999998e+03 6.153232000000000426e+02
1.005579100000000039e+03 6.154813000000000329e+02
1.005440600000000018e+03 6.156393000000000484e+02
1.005301699999999983e+03 6.157971000000000004e+02
1.005162599999999998e+03 6.159547999999999774e+02
1.005023299999999949e+03 6.161123000000000047e+02
1.004883699999999976e+03 6.162695999999999685e+02
1.004743799999999965e+03 6.164267999999999574e+02
1.004603600000000029e+03 6.165837999999999965e+02
1.004463200000000029e+03 6.167406999999999471e+02
1.004322499999999991e+03 6.168973999999999478e+02
1.004181500000000028e+03 6.170538999999999987e+02
1.004040200000000027e+03 6.172102999999999611e+02
1.003898699999999963e+03 6.173664999999999736e+02
1.003756899999999973e+03 6.175226000000000113e+02
1.003614900000000034e+03 6.176784999999999854e+02
1.003472499999999968e+03 6.178342000000000098e+02
1.003330000000000041e+03 6.179897999999999456e+02
1.003187099999999987e+03 6.181452000000000453e+02
1.003043999999999983e+03 6.183005000000000564e+02
1.002900600000000054e+03 6.184556000000000040e+02
1.002756899999999973e+03 6.186105000000000018e+02
1.002612899999999968e+03 6.187653000000000247e+02
1.002468700000000013e+03 6.189198999999999842e+02
1.002324299999999994e+03 6.190742999999999938e+02
1.002179499999999962e+03 6.192286000000000286e+02
1.002034499999999980e+03 6.193827999999999747e+02
1.001889199999999960e+03 6.195366999999999962e+02
1.001743699999999990e+03 6.196906000000000176e+02
1.001597800000000007e+03 6.198442000000000007e+02
1.001451800000000048e+03 6.199977000000000089e+02
1.001305399999999963e+03 6.201509999999999536e+02
1.001158800000000042e+03 6.203042000000000371e+02
1.001011899999999969e+03 6.204571999999999434e+02
1.000864699999999971e+03 6.206100000000000136e+02
1.000717300000000023e+03 6.207626999999999953e+02
1.000569600000000037e+03 6.209152000000000271e+02
1.000421600000000012e+03 6.210675999999999704e+02
1.000273400000000038e+03 6.212197999999999638e+02
1.000124900000000025e+03 6.213718000000000075e+02
9.999761999999999489e+02 6.215236999999999625e+02
9.998270999999999731e+02 6.216753999999999678e+02
9.996778000000000475e+02 6.218269000000000233e+02
9.995282999999999447e+02 6.219782999999999902e+02
9.993784000000000560e+02 6.221295000000000073e+02
9.992282999999999902e+02 6.222806000000000495e+02
9.990779999999999745e+02 6.224315000000000282e+02
9.989272999999999456e+02 6.225821999999999434e+02
9.987763999999999669e+02 6.227327999999999975e+02
9.986253000000000384e+02 6.228831999999999880e+02
9.984737999999999829e+02 6.230334000000000287e+02
9.983220999999999776e+02 6.231834999999999809e+02
9.981702000000000226e+02 6.233333999999999833e+02
9.980179000000000542e+02 6.234832000000000107e+02
9.978654000000000224e+02 6.236327999999999747e+02
9.977127000000000407e+02 6.237821999999999889e+02
9.975596000000000458e+02 6.239314000000000533e+02
9.974062999999999874e+02 6.240805000000000291e+02
9.972527999999999793e+02 6.242295000000000300e+02
9.970988999999999578e+02 6.243781999999999925e+02
9.969447999999999865e+02 6.245267999999999802e+02
9.967904999999999518e+02 6.246752999999999929e+02
9.966358000000000175e+02 6.248234999999999673e+02
9.964809000000000196e+02 6.249715999999999667e+02
9.963257999999999583e+02 6.251195999999999913e+02
9.961703999999999724e+02 6.252672999999999774e+02
9.960146999999999480e+02 6.254149999999999636e+02
9.958586999999999989e+02 6.255624000000000251e+02
9.957024999999999864e+02 6.257096999999999980e+02
9.955460000000000491e+02 6.258568000000000211e+02
9.953891999999999598e+02 6.260036999999999807e+02
9.952322000000000344e+02 6.261504999999999654e+02
9.950748999999999569e+02 6.262971000000000004e+02
9.949174000000000433e+02 6.264435999999999467e+02
9.947595999999999776e+02 6.265898999999999432e+02
9.946014999999999873e+02 6.267359999999999900e+02
9.944430999999999585e+02 6.268818999999999733e+02
9.942844999999999800e+02 6.270276999999999816e+02
9.941255999999999631e+02 6.271734000000000151e+02
9.939664999999999964e+02 6.273188000000000102e+02
9.938070999999999913e+02 6.274641000000000304e+02
9.936473999999999478e+02 6.276091999999999871e+02
9.934874999999999545e+02 6.277541999999999689e+02
9.933273000000000366e+02 6.278989000000000260e+02
9.931667999999999665e+02 6.280435999999999694e+02
9.930060999999999467e+02 6.281879999999999882e+02
9.928451000000000022e+02 6.283323000000000320e+02
9.926838000000000193e+02 6.284764000000000124e+02
9.925222999999999729e+02 6.286203000000000429e+02
9.923605000000000018e+02 6.287640999999999849e+02
9.921983999999999924e+02 6.289076999999999771e+02
9.920361000000000331e+02 6.290511999999999944e+02
9.918735000000000355e+02 6.291943999999999733e+02
9.917105999999999995e+02 6.293374999999999773e+02
9.915475000000000136e+02 6.294805000000000064e+02
9.913840999999999894e+02 6.296231999999999971e+02
9.912205000000000155e+02 6.297658000000000129e+02
9.910566000000000031e+02 6.299081999999999653e+02
9.908923999999999523e+02 6.300505000000000564e+02
9.907279999999999518e+02 6.301925999999999704e+02
9.905632000000000517e+02 6.303345000000000482e+02
9.903982999999999493e+02 6.304763000000000375e+02
9.902329999999999472e+02 6.306177999999999884e+02
9.900674999999999955e+02 6.307591999999999643e+02
9.899017999999999802e+02 6.309004999999999654e+02
9.897356999999999516e+02 6.310415000000000418e+02
9.895693999999999733e+02 6.311824000000000296e+02
9.894029000000000451e+02 6.313232000000000426e+02
9.892359999999999900e+02 6.314637000000000171e+02
9.890689999999999600e+02 6.316041000000000167e+02
9.889016000000000304e+02 6.317442999999999529e+02
9.887340000000000373e+02 6.318843000000000529e+02
9.885661000000000058e+02 6.320241999999999507e+02
9.883979000000000497e+02 6.321639000000000124e+02
9.882295000000000300e+02 6.323034000000000106e+02
9.880608999999999469e+02 6.324428000000000338e+02
9.878918999999999642e+02 6.325819999999999936e+02
9.877227000000000317e+02 6.327210000000000036e+02
9.875531999999999471e+02 6.328597999999999502e+02
9.873835000000000264e+02 6.329985000000000355e+02
9.872134999999999536e+02 6.331368999999999687e+02
9.870431999999999562e+02 6.332753000000000156e+02
9.868727000000000089e+02 6.334134000000000242e+02
9.867019000000000233e+02 6.335513999999999442e+02
9.865307999999999993e+02 6.336892000000000280e+02
9.863595000000000255e+02 6.338268000000000484e+02
9.861879000000000133e+02 6.339642000000000053e+02
9.860161000000000513e+02 6.341014999999999873e+02
9.858438999999999623e+02 6.342386000000000195e+02
9.856716000000000122e+02 6.343754999999999882e+02
9.854989000000000487e+02 6.345122999999999820e+02
9.853260000000000218e+02 6.346489000000000260e+02
9.851527999999999565e+02 6.347853000000000065e+02
9.849794000000000551e+02 6.349215000000000373e+02
9.848057000000000016e+02 6.350575000000000045e+02
9.846317000000000235e+02 6.351933999999999969e+02
9.844574000000000069e+02 6.353291000000000395e+02
9.842829000000000406e+02 6.354646000000000186e+02
9.841082000000000107e+02 6.356000000000000227e+02
9.839330999999999676e+02 6.357350999999999885e+02
9.837577999999999747e+02 6.358700999999999794e+02
9.835823000000000320e+02 6.360049000000000206e+02
9.834063999999999623e+02 6.361395999999999731e+02
9.832303000000000566e+02 6.362740000000000009e+02
9.830539999999999736e+02 6.364083000000000538e+02
9.828773999999999660e+02 6.365424000000000433e+02
9.827005000000000337e+02 6.366763999999999442e+02
9.825232999999999493e+02 6.368101000000000340e+02
9.823459000000000287e+02 6.369437000000000353e+02
9.821681999999999562e+02 6.370770999999999731e+02
9.819901999999999589e+02 6.372102999999999611e+02
9.818120000000000118e+02 6.373432999999999993e+02
9.816335000000000264e+02 6.374761999999999489e+02
9.814547999999999774e+02 6.376088999999999487e+02
9.812758000000000038e+02 6.377413999999999987e+02
9.810964999999999918e+02 6.378736999999999853e+02
9.809169000000000551e+02 6.380058999999999969e+02
9.807371000000000549e+02 6.381377999999999702e+02
9.805570000000000164e+02 6.382695999999999685e+02
9.803767000000000280e+02 6.384012000000000171e+02
9.801961000000000013e+02 6.385326000000000022e+02
9.800152000000000498e+02 6.386639000000000124e+02
9.798341000000000349e+02 6.387948999999999842e+02
9.796526999999999816e+02 6.389257999999999811e+02
9.794710000000000036e+02 6.390565000000000282e+02
9.792889999999999873e+02 6.391870000000000118e+02
9.791068000000000211e+02 6.393173000000000457e+02
9.789243000000000166e+02 6.394474999999999909e+02
9.787415999999999485e+02 6.395774999999999864e+02
9.785585999999999558e+02 6.397071999999999434e+02
9.783753000000000384e+02 6.398368000000000393e+02
9.781917999999999438e+02 6.399663000000000466e+02
9.780078999999999496e+02 6.400955000000000155e+02
9.778238999999999805e+02 6.402245000000000346e+02
9.776394999999999982e+02 6.403533999999999651e+02
9.774548999999999523e+02 6.404820999999999458e+02
9.772699999999999818e+02 6.406105999999999767e+02
9.770848999999999478e+02 6.407388999999999442e+02
9.768994999999999891e+02 6.408669999999999618e+02
9.767137999999999920e+02 6.409950000000000045e+02
9.765277999999999565e+02 6.411227999999999838e+02
9.763415999999999713e+02 6.412503000000000384e+02
9.761550999999999476e+02 6.413777000000000044e+02
9.759683999999999742e+02 6.415049000000000206e+02
9.757812999999999874e+02 6.416318999999999733e+02
9.755941000000000258e+02 6.417587999999999511e+02
9.754065000000000509e+02 6.418854000000000042e+02
9.752187000000000126e+02 6.420118999999999687e+02
9.750306000000000495e+02 6.421381000000000085e+02
9.748422000000000480e+02 6.422641999999999598e+02
9.746535999999999831e+02 6.423900999999999613e+02
9.744646999999999935e+02 6.425158000000000129e+02
9.742754999999999654e+02 6.426413999999999760e+02
9.740860999999999876e+02 6.427667000000000144e+02
9.738963999999999714e+02 6.428917999999999893e+02
9.737064000000000306e+02 6.430167999999999893e+02
9.735161000000000513e+02 6.431414999999999509e+02
9.733256000000000085e+02 6.432661000000000513e+02
9.731348000000000411e+02 6.433904999999999745e+02
9.729438000000000102e+02 6.435146999999999480e+02
9.727523999999999660e+02 6.436386999999999716e+02
9.725607999999999720e+02 6.437625000000000455e+02
9.723690000000000282e+02 6.438861000000000558e+02
9.721767999999999574e+02 6.440095999999999776e+02
9.719844000000000506e+02 6.441327999999999747e+02
9.717916999999999916e+02 6.442558999999999969e+02
9.715987999999999829e+02 6.443786999999999807e+02
9.714056000000000495e+02 6.445013999999999896e+02
9.712120999999999640e+02 6.446237999999999602e+02
9.710182999999999538e+02 6.447460999999999558e+02
9.708242999999999938e+02 6.448682000000000016e+02
9.706299999999999955e+02 6.449900999999999840e+02
9.704353999999999587e+02 6.451118000000000166e+02
9.702405999999999722e+02 6.452332999999999856e+02
9.700453999999999724e+02 6.453546000000000049e+02
9.698500000000000227e+02 6.454756999999999607e+02
9.696544000000000096e+02 6.455965999999999667e+02
9.694583999999999833e+02 6.457173999999999978e+02
9.692622000000000071e+02 6.458378999999999905e+02
9.690657999999999674e+02 6.459582000000000335e+02
9.688690000000000282e+02 6.460783999999999878e+02
9.686720000000000255e+02 6.461983000000000175e+02
9.684746999999999844e+02 6.463179999999999836e+02
9.682771000000000186e+02 6.464375999999999749e+02
9.680792999999999893e+02 6.465569000000000415e+02
9.678810999999999467e+02 6.466761000000000195e+02
9.676826999999999543e+02 6.467949999999999591e+02
9.674841000000000122e+02 6.469138000000000375e+02
9.672851000000000568e+02 6.470324000000000524e+02
9.670859000000000378e+02 6.471507000000000289e+02
9.668863999999999805e+02 6.472689000000000306e+02
9.666866999999999734e+02 6.473867999999999938e+02
9.664865999999999531e+02 6.475045999999999822e+02
9.662862999999999829e+02 6.476221000000000458e+02
9.660856999999999744e+02 6.477395000000000209e+02
9.658848000000000411e+02 6.478565999999999576e+02
9.656837000000000444e+02 6.479736000000000331e+02
9.654823000000000093e+02 6.480904000000000451e+02
9.652806000000000495e+02 6.482069000000000187e+02
9.650786000000000513e+02 6.483232000000000426e+02
9.648763999999999896e+02 6.484393999999999778e+02
9.646738000000000284e+02 6.485552999999999884e+02
9.644710000000000036e+02 6.486711000000000240e+02
9.642680000000000291e+02 6.487866000000000213e+02
9.640646000000000413e+02 6.489018999999999551e+02
9.638609999999999900e+02 6.490171000000000276e+02
9.636571000000000140e+02 6.491319999999999482e+02
9.634528999999999996e+02 6.492467000000000326e+02
9.632483999999999469e+02 6.493612000000000535e+02
9.630436999999999443e+02 6.494755000000000109e+02
9.628386000000000422e+02 6.495896000000000186e+02
9.626332999999999629e+02 6.497034999999999627e+02
9.624278000000000475e+02 6.498171999999999571e+02
9.622219000000000051e+02 6.499306000000000267e+02
9.620157000000000380e+02 6.500439000000000078e+02
9.618093000000000075e+02 6.501570000000000391e+02
9.616026000000000522e+02 6.502698000000000320e+02
9.613955999999999449e+02 6.503825000000000500e+02
9.611884000000000015e+02 6.504949000000000296e+02
9.609808000000000447e+02 6.506070999999999458e+02
9.607730000000000246e+02 6.507191000000000258e+02
9.605648999999999660e+02 6.508309000000000424e+02
9.603564999999999827e+02 6.509424999999999955e+02
9.601479000000000497e+02 6.510538999999999987e+02
9.599388999999999896e+02 6.511649999999999636e+02
9.597296999999999798e+02 6.512759999999999536e+02
9.595202000000000453e+02 6.513867000000000189e+02
9.593103999999999587e+02 6.514972999999999956e+02
9.591002999999999474e+02 6.516076000000000477e+02
9.588899000000000115e+02 6.517177000000000362e+02
9.586793000000000120e+02 6.518275999999999613e+02
9.584682999999999993e+02 6.519371999999999616e+02
9.582571000000000367e+02 6.520466999999999871e+02
9.580456000000000358e+02 6.521558999999999742e+02
9.578337999999999965e+02 6.522649999999999864e+02
9.576217000000000326e+02 6.523737999999999602e+02
9.574094000000000051e+02 6.524823999999999842e+02
9.571966999999999643e+02 6.525906999999999698e+02
9.569837999999999738e+02 6.526988999999999805e+02
9.567705999999999449e+02 6.528067999999999529e+02
9.565570999999999913e+02 6.529144999999999754e+02
9.563432999999999993e+02 6.530220000000000482e+02
9.561291999999999689e+02 6.531292999999999438e+02
9.559148999999999887e+02 6.532364000000000033e+02
9.557001999999999953e+02 6.533432000000000244e+02
9.554853000000000520e+02 6.534497999999999820e+02
9.552699999999999818e+02 6.535561999999999898e+02
9.550544999999999618e+02 6.536624000000000478e+02
9.548387000000000171e+02 6.537684000000000424e+02
9.546226000000000340e+02 6.538740999999999985e+02
9.544062000000000126e+02 6.539796000000000049e+02
9.541896000000000413e+02 6.540848999999999478e+02
9.539726000000000568e+02 6.541898999999999660e+02
9.537553000000000338e+02 6.542948000000000093e+02
9.535377999999999474e+02 6.543994000000000142e+02
9.533198999999999614e+02 6.545037999999999556e+02
9.531018000000000256e+02 6.546078999999999724e+02
9.528834000000000515e+02 6.547119000000000142e+02
9.526647000000000389e+02 6.548156000000000176e+02
9.524456999999999880e+02 6.549189999999999827e+02
9.522264000000000124e+02 6.550222999999999729e+02
9.520067999999999984e+02 6.551253000000000384e+02
9.517868999999999460e+02 6.552281000000000404e+02
9.515666999999999689e+02 6.553306000000000040e+02
9.513461999999999534e+02 6.554329999999999927e+02
9.511254000000000133e+02 6.555351000000000568e+02
9.509044000000000096e+02 6.556368999999999687e+02
9.506829999999999927e+02 6.557386000000000195e+02
9.504613000000000511e+02 6.558400000000000318e+02
9.502394000000000460e+02 6.559411999999999807e+02
9.500171000000000276e+02 6.560421000000000049e+02
9.497944999999999709e+02 6.561427999999999656e+02
9.495716999999999643e+02 6.562432999999999765e+02
9.493484999999999445e+02 6.563434999999999491e+02
9.491250999999999749e+02 6.564434999999999718e+02
9.489012999999999920e+02 6.565433000000000447e+02
9.486772999999999456e+02 6.566427999999999656e+02
9.484528999999999996e+02 6.567421000000000504e+02
9.482282999999999902e+02 6.568410999999999831e+02
9.480032999999999674e+02 6.569398999999999660e+02
9.477780999999999949e+02 6.570384999999999991e+02
9.475525000000000091e+02 6.571367999999999938e+02
9.473265999999999849e+02 6.572349000000000387e+02
9.471005000000000109e+02 6.573328000000000202e+02
9.468740000000000236e+02 6.574303999999999633e+02
9.466472999999999729e+02 6.575277999999999565e+02
9.464202000000000226e+02 6.576249000000000251e+02
9.461928000000000338e+02 6.577218000000000302e+02
9.459651000000000067e+02 6.578183999999999969e+02
9.457371000000000549e+02 6.579148000000000138e+02
9.455087999999999511e+02 6.580109999999999673e+02
9.452802000000000362e+02 6.581068999999999960e+02
9.450512999999999693e+02 6.582024999999999864e+02
9.448220999999999776e+02 6.582979000000000269e+02
9.445925999999999476e+02 6.583931000000000040e+02
9.443627999999999929e+02 6.584880000000000564e+02
9.441326000000000249e+02 6.585827000000000453e+02
9.439021999999999935e+02 6.586770999999999958e+02
9.436713999999999487e+02 6.587712999999999965e+02
9.434402999999999793e+02 6.588651999999999589e+02
9.432089999999999463e+02 6.589588999999999714e+02
9.429773000000000138e+02 6.590522999999999456e+02
9.427453000000000429e+02 6.591453999999999951e+02
9.425128999999999451e+02 6.592382999999999811e+02
9.422803000000000111e+02 6.593310000000000173e+02
9.420474000000000387e+02 6.594234000000000151e+02
9.418141000000000531e+02 6.595155999999999494e+02
9.415805000000000291e+02 6.596073999999999842e+02
9.413465999999999667e+02 6.596991000000000440e+02
9.411123999999999796e+02 6.597904999999999518e+02
9.408778999999999542e+02 6.598816000000000486e+02
9.406431000000000040e+02 6.599723999999999933e+02
9.404079000000000406e+02 6.600629999999999882e+02
9.401724000000000387e+02 6.601534000000000333e+02
9.399366999999999734e+02 6.602435000000000400e+02
9.397005000000000337e+02 6.603333000000000084e+02
9.394641000000000304e+02 6.604228000000000520e+02
9.392273999999999887e+02 6.605121000000000322e+02
9.389903000000000475e+02 6.606011999999999489e+02
9.387528999999999542e+02 6.606898999999999660e+02
9.385152000000000498e+02 6.607784000000000333e+02
9.382771000000000186e+02 6.608667000000000371e+02
9.380388000000000375e+02 6.609546000000000276e+02
9.378001000000000431e+02 6.610422999999999547e+02
9.375611000000000104e+02 6.611298000000000457e+02
9.373216999999999643e+02 6.612169000000000096e+02
9.370819999999999936e+02 6.613038000000000238e+02
9.368420999999999594e+02 6.613904999999999745e+02
9.366017000000000507e+02 6.614768000000000256e+02
9.363610999999999649e+02 6.615629000000000133e+02
9.361200999999999794e+02 6.616486999999999625e+02
9.358787999999999556e+02 6.617341999999999871e+02
9.356372000000000071e+02 6.618194999999999482e+02
9.353952000000000453e+02 6.619044999999999845e+02
9.351529000000000451e+02 6.619891999999999825e+02
9.349103000000000065e+02 6.620736000000000558e+02
9.346672999999999547e+02 6.621577999999999520e+02
9.344239999999999782e+02 6.622415999999999485e+02
9.341803999999999633e+02 6.623251999999999953e+02
9.339364000000000487e+02 6.624085999999999785e+02
9.336920999999999822e+02 6.624915999999999485e+02
9.334474999999999909e+02 6.625742999999999938e+02
9.332024999999999864e+02 6.626567999999999756e+02
9.329571999999999434e+02 6.627390000000000327e+02
9.327115000000000009e+02 6.628209000000000515e+02
9.324655000000000200e+02 6.629025000000000318e+02
9.322192000000000007e+02 6.629838999999999487e+02
9.319724999999999682e+02 6.630648999999999660e+02
9.317255000000000109e+02 6.631457000000000335e+02
9.314781000000000404e+02 6.632260999999999740e+02
9.312304000000000315e+02 6.633062999999999647e+02
9.309823999999999842e+02 6.633862000000000307e+02
9.307340000000000373e+02 6.634657999999999447e+02
9.304851999999999634e+02 6.635451000000000477e+02
9.302362000000000535e+02 6.636240999999999985e+02
9.299867000000000417e+02 6.637028000000000247e+02
9.297368999999999915e+02 6.637812000000000126e+02
9.294868000000000166e+02 6.638594000000000506e+02
9.292363000000000284e+02 6.639371999999999616e+02
9.289855000000000018e+02 6.640146999999999480e+02
9.287342999999999620e+02 6.640919999999999845e+02
9.284827999999999975e+02 6.641689000000000078e+02
9.282309000000000196e+02 6.642454999999999927e+02
9.279786000000000286e+02 6.643218000000000529e+02
9.277259999999999991e+02 6.643979000000000497e+02
9.274731000000000449e+02 6.644736000000000331e+02
9.272197999999999638e+02 6.645489999999999782e+02
9.269660999999999831e+02 6.646240999999999985e+02
9.267120999999999640e+02 6.646988999999999805e+02
9.264577000000000453e+02 6.647734000000000378e+02
9.262028999999999996e+02 6.648476000000000568e+02
9.259478000000000293e+02 6.649213999999999487e+02
9.256923000000000457e+02 6.649950000000000045e+02
9.254365000000000236e+02 6.650683000000000220e+02
9.251802999999999884e+02 6.651412000000000262e+02
9.249237000000000535e+02 6.652137999999999920e+02
9.246667999999999665e+02 6.652861000000000331e+02
9.244094999999999800e+02 6.653581000000000358e+02
9.241517999999999802e+02 6.654298000000000002e+02
9.238938000000000557e+02 6.655010999999999513e+02
9.236354000000000042e+02 6.655720999999999776e+02
9.233766000000000531e+02 6.656429000000000542e+02
9.231173999999999751e+02 6.657132000000000289e+02
9.228578999999999724e+02 6.657833000000000538e+02
9.225979999999999563e+02 6.658529999999999518e+02
9.223377000000000407e+02 6.659225000000000136e+02
9.220770999999999731e+02 6.659914999999999736e+02
9.218160000000000309e+02 6.660602999999999838e+02
9.215546000000000504e+02 6.661286999999999807e+02
9.212928000000000566e+02 6.661968000000000529e+02
9.210306000000000495e+02 6.662645999999999731e+02
9.207681000000000040e+02 6.663319999999999936e+02
9.205050999999999704e+02 6.663990999999999758e+02
9.202418000000000120e+02 6.664659000000000333e+02
9.199781000000000404e+02 6.665322999999999638e+02
9.197140000000000555e+02 6.665983999999999696e+02
9.194494999999999436e+02 6.666640999999999622e+02
9.191846000000000458e+02 6.667295000000000300e+02
9.189193000000000211e+02 6.667945999999999458e+02
9.186536999999999580e+02 6.668592999999999620e+02
9.183876000000000204e+02 6.669237000000000535e+02
9.181212000000000444e+02 6.669877000000000180e+02
9.178542999999999665e+02 6.670513999999999442e+02
9.175870999999999640e+02 6.671147999999999456e+02
9.173193999999999733e+02 6.671776999999999589e+02
9.170513999999999442e+02 6.672404000000000224e+02
9.167830000000000155e+02 6.673026999999999589e+02
9.165140999999999849e+02 6.673645999999999958e+02
9.162449000000000296e+02 6.674261999999999944e+02
9.159751999999999725e+02 6.674873999999999796e+02
9.157051999999999907e+02 6.675481999999999516e+02
9.154347000000000207e+02 6.676086999999999989e+02
9.151638000000000375e+02 6.676689000000000078e+02
9.148925000000000409e+02 6.677287000000000035e+02
9.146208000000000311e+02 6.677880999999999858e+02
9.143487000000000080e+02 6.678470999999999549e+02
9.140761999999999716e+02 6.679057999999999993e+02
9.138033000000000357e+02 6.679641000000000304e+02
9.135298999999999978e+02 6.680221000000000231e+02
9.132562000000000353e+02 6.680796000000000276e+02
9.129819999999999709e+02 6.681367999999999938e+02
9.127073000000000320e+02 6.681935999999999467e+02
9.124323000000000548e+02 6.682500999999999749e+02
9.121567999999999756e+02 6.683061999999999898e+02
9.118808999999999969e+02 6.683618999999999915e+02
9.116046000000000049e+02 6.684171999999999798e+02
9.113278999999999996e+02 6.684720999999999549e+02
9.110507000000000062e+02 6.685266000000000304e+02
9.107730999999999995e+02 6.685807999999999538e+02
9.104950999999999794e+02 6.686345999999999776e+02
9.102165999999999713e+02 6.686879999999999882e+02
9.099376999999999498e+02 6.687409000000000106e+02
9.096583000000000538e+02 6.687934999999999945e+02
9.093785000000000309e+02 6.688458000000000538e+02
9.090982999999999947e+02 6.688976000000000113e+02
9.088175999999999704e+02 6.689489999999999554e+02
9.085365000000000464e+02 6.690000000000000000e+02
9.082549000000000206e+02 6.690506000000000313e+02
9.079728999999999814e+02 6.691008000000000493e+02
9.076903999999999542e+02 6.691506000000000540e+02
9.074075000000000273e+02 6.692000000000000455e+02
9.071240999999999985e+02 6.692490000000000236e+02
9.068401999999999816e+02 6.692975999999999885e+02
9.065558999999999514e+02 6.693458000000000538e+02
9.062712000000000216e+02 6.693935000000000173e+02
9.059859999999999900e+02 6.694409000000000560e+02
9.057002999999999702e+02 6.694877999999999929e+02
9.054140999999999622e+02 6.695343000000000302e+02
9.051275000000000546e+02 6.695804000000000542e+02
9.048404000000000451e+02 6.696260999999999513e+02
9.045529000000000224e+02 6.696712999999999738e+02
9.042648000000000366e+02 6.697160999999999831e+02
9.039763000000000375e+02 6.697604999999999791e+02
9.036874000000000251e+02 6.698043999999999869e+02
9.033979000000000497e+02 6.698479999999999563e+02
9.031079999999999472e+02 6.698909999999999627e+02
9.028174999999999955e+02 6.699337000000000444e+02
9.025266000000000304e+02 6.699759000000000242e+02
9.022351999999999634e+02 6.700176999999999907e+02
9.019433000000000220e+02 6.700589999999999691e+02
9.016509999999999536e+02 6.700999000000000478e+02
9.013581000000000358e+02 6.701403000000000247e+02
9.010647000000000162e+02 6.701802999999999884e+02
9.007708000000000084e+02 6.702197999999999638e+02
9.004764999999999873e+02 6.702589000000000397e+02
9.001816000000000031e+02 6.702975000000000136e+02
8.998862000000000307e+02 6.703355999999999995e+02
8.995902999999999565e+02 6.703732999999999720e+02
8.992939000000000078e+02 6.704104999999999563e+02
8.989969999999999573e+02 6.704473000000000411e+02
8.986996000000000322e+02 6.704836000000000240e+02
8.984016000000000304e+02 6.705194000000000187e+02
8.981032000000000153e+02 6.705548000000000002e+02
8.978042000000000371e+02 6.705896999999999935e+02
8.975046999999999571e+02 6.706240999999999985e+02
8.972046000000000276e+02 6.706580000000000155e+02
8.969040999999999713e+02 6.706914000000000442e+02
8.966029999999999518e+02 6.707243999999999460e+02
8.963012999999999693e+02 6.707567999999999984e+02
8.959991999999999734e+02 6.707888000000000375e+02
8.956965000000000146e+02 6.708202999999999747e+02
8.953931999999999789e+02 6.708513000000000375e+02
8.950893999999999551e+02 6.708817999999999984e+02
8.947851000000000568e+02 6.709117999999999711e+02
8.944801999999999680e+02 6.709411999999999807e+02
8.941747000000000298e+02 6.709701999999999771e+02
8.938686999999999898e+02 6.709986999999999853e+02
8.935620999999999867e+02 6.710266000000000304e+02
8.932549999999999955e+02 6.710540999999999485e+02
8.929473000000000411e+02 6.710810000000000173e+02
8.926390000000000100e+02 6.711073999999999842e+02
8.923301999999999907e+02 6.711332999999999629e+02
8.920207000000000335e+02 6.711585999999999785e+02
8.917107999999999493e+02 6.711834999999999809e+02
8.914002000000000407e+02 6.712077000000000453e+02
8.910890000000000555e+02 6.712314999999999827e+02
8.907772999999999683e+02 6.712546999999999571e+02
8.904648999999999432e+02 6.712773999999999432e+02
8.901520000000000437e+02 6.712994999999999663e+02
8.898384999999999536e+02 6.713211000000000013e+02
8.895243000000000393e+02 6.713422000000000480e+02
8.892096000000000231e+02 6.713626000000000431e+02
8.888943000000000438e+02 6.713826000000000249e+02
8.885783000000000129e+02 6.714018999999999551e+02
8.882617999999999938e+02 6.714207000000000107e+02
8.879446000000000367e+02 6.714389999999999645e+02
8.876268000000000029e+02 6.714565999999999804e+02
8.873083000000000311e+02 6.714737000000000080e+02
8.869892999999999574e+02 6.714901999999999589e+02
8.866695999999999458e+02 6.715062000000000353e+02
8.863492999999999711e+02 6.715214999999999463e+02
8.860282999999999447e+02 6.715362999999999829e+02
8.857066999999999553e+02 6.715503999999999678e+02
8.853844000000000278e+02 6.715639999999999645e+02
8.850615000000000236e+02 6.715769999999999982e+02
8.847380000000000564e+02 6.715893999999999551e+02
8.844136999999999489e+02 6.716010999999999740e+02
8.840888999999999669e+02 6.716123000000000047e+02
8.837632999999999583e+02 6.716227999999999838e+02
8.834370999999999867e+02 6.716326999999999998e+02
8.831101999999999634e+02 6.716420000000000528e+02
8.827826000000000022e+02 6.716507000000000289e+02
8.824542999999999893e+02 6.716588000000000420e+02
8.821254000000000133e+02 6.716662000000000035e+02
8.817957000000000107e+02 6.716730000000000018e+02
8.814654000000000451e+02 6.716790999999999485e+02
8.811343000000000529e+02 6.716846000000000458e+02
8.808025000000000091e+02 6.716893999999999778e+02
8.804701000000000022e+02 6.716935999999999467e+02
8.801368999999999687e+02 6.716970999999999776e+02
8.798029999999999973e+02 6.717000000000000455e+02
8.794682999999999993e+02 6.717021999999999480e+02
8.791330000000000382e+02 6.717037000000000262e+02
8.787969000000000506e+02 6.717045000000000528e+02
8.784600000000000364e+02 6.717047000000000025e+02
8.781223999999999705e+02 6.717042000000000144e+02
8.777840999999999667e+02 6.717029999999999745e+02
8.774450000000000500e+02 6.717010000000000218e+02
8.771050999999999931e+02 6.716983999999999924e+02
8.767644999999999982e+02 6.716951000000000249e+02
8.764230999999999767e+02 6.716911000000000058e+02
8.760809000000000424e+02 6.716862999999999602e+02
8.757378999999999678e+02 6.716808999999999514e+02
8.753941999999999553e+02 6.716747000000000298e+02
8.750496000000000549e+02 6.716676999999999680e+02
8.747042000000000144e+02 6.716601000000000568e+02
8.743581000000000358e+02 6.716517000000000053e+02
8.740111000000000558e+02 6.716425000000000409e+02
8.736633000000000493e+02 6.716326000000000249e+02
8.733147000000000162e+02 6.716218999999999824e+02
8.729651999999999816e+02 6.716105000000000018e+02
8.726149000000000342e+02 6.715982999999999947e+02
8.722636999999999716e+02 6.715852999999999611e+02
8.719117999999999711e+02 6.715715999999999894e+02
8.715588999999999942e+02 6.715570000000000164e+02
8.712051999999999907e+02 6.715416999999999916e+02
8.708505999999999858e+02 6.715254999999999654e+02
8.704950999999999794e+02 6.715086000000000013e+02
8.701386999999999716e+02 6.714908000000000357e+02
8.697815000000000509e+02 6.714722000000000435e+02
8.694233000000000402e+02 6.714528000000000247e+02
8.690643000000000029e+02 6.714325999999999794e+02
8.687042999999999893e+02 6.714115000000000464e+02
8.683433999999999742e+02 6.713894999999999982e+02
8.679814999999999827e+02 6.713668000000000120e+02
8.676187999999999647e+02 6.713431000000000495e+02
8.672549999999999955e+02 6.713185999999999467e+02
8.659600000000000364e+02 6.712247999999999593e+02
8.646649999999999636e+02 6.711207000000000562e+02
8.633700000000000045e+02 6.710063999999999851e+02
8.620750000000000455e+02 6.708817999999999984e+02
8.607799999999999727e+02 6.707468999999999824e+02
8.594850000000000136e+02 6.706017000000000507e+02
8.581900000000000546e+02 6.704461999999999762e+02
8.568949999999999818e+02 6.702803999999999860e+02
8.556000000000000227e+02 6.701041000000000167e+02
8.543049999999999500e+02 6.699175999999999931e+02
8.530099999999999909e+02 6.697205999999999904e+02
8.517150000000000318e+02 6.695131999999999834e+02
8.504199999999999591e+02 6.692953999999999724e+02
8.491250000000000000e+02 6.690671999999999571e+02
8.478300000000000409e+02 6.688284999999999627e+02
8.465349999999999682e+02 6.685792999999999893e+02
8.452400000000000091e+02 6.683197000000000116e+02
8.439450000000000500e+02 6.680494999999999663e+02
8.426499999999999773e+02 6.677689000000000306e+02
8.413550000000000182e+02 6.674777000000000271e+02
8.400599999999999454e+02 6.671758999999999560e+02
8.387649999999999864e+02 6.668636999999999944e+02
8.374700000000000273e+02 6.665407999999999902e+02
8.361749999999999545e+02 6.662074000000000069e+02
8.348799999999999955e+02 6.658633999999999560e+02
8.335850000000000364e+02 6.655087999999999511e+02
8.322899999999999636e+02 6.651435000000000173e+02
8.309950000000000045e+02 6.647676999999999907e+02
8.297000000000000455e+02 6.643813000000000102e+02
8.284049999999999727e+02 6.639841999999999871e+02
8.271100000000000136e+02 6.635765000000000100e+02
8.258150000000000546e+02 6.631580999999999904e+02
8.245199999999999818e+02 6.627291999999999916e+02
8.232250000000000227e+02 6.622895999999999503e+02
8.219299999999999500e+02 6.618392999999999802e+02
8.206349999999999909e+02 6.613785000000000309e+02
8.193400000000000318e+02 6.609070000000000391e+02
8.180449999999999591e+02 6.604248000000000047e+02
8.167500000000000000e+02 6.599320999999999913e+02
8.154550000000000409e+02 6.594288000000000238e+02
8.141599999999999682e+02 6.589148999999999887e+02
8.128650000000000091e+02 6.583903999999999996e+02
8.115700000000000500e+02 6.578553000000000566e+02
8.102749999999999773e+02 6.573097999999999956e+02
8.089800000000000182e+02 6.567536000000000058e+02
8.076849999999999454e+02 6.561870000000000118e+02
8.063899999999999864e+02 6.556100000000000136e+02
8.050950000000000273e+02 6.550223999999999478e+02
8.037999999999999545e+02 6.544244999999999663e+02
8.025049999999999955e+02 6.538161999999999807e+02
8.012100000000000364e+02 6.531974999999999909e+02
7.999149999999999636e+02 6.525684999999999718e+02
7.986200000000000045e+02 6.519293000000000120e+02
7.973250000000000455e+02 6.512798000000000229e+02
7.960299999999999727e+02 6.506200999999999794e+02
7.947350000000000136e+02 6.499503999999999451e+02
7.934400000000000546e+02 6.492704999999999700e+02
7.921449999999999818e+02 6.485806000000000040e+02
7.908500000000000227e+02 6.478808000000000220e+02
7.895549999999999500e+02 6.471711000000000240e+02
7.882599999999999909e+02 6.464515000000000100e+02
7.869650000000000318e+02 6.457222000000000435e+02
7.856699999999999591e+02 6.449832000000000107e+02
7.843750000000000000e+02 6.442345000000000255e+02
7.830800000000000409e+02 6.434764000000000124e+02
7.817849999999999682e+02 6.427087000000000216e+02
7.804900000000000091e+02 6.419316999999999780e+02
7.791950000000000500e+02 6.411453999999999951e+02
7.778999999999999773e+02 6.403499000000000478e+02
7.766050000000000182e+02 6.395453999999999724e+02
7.753099999999999454e+02 6.387318000000000211e+02
7.740149999999999864e+02 6.379093000000000302e+02
7.727200000000000273e+02 6.370780999999999494e+02
7.714249999999999545e+02 6.362381000000000313e+02
7.701299999999999955e+02 6.353895999999999731e+02
7.688350000000000364e+02 6.345326000000000022e+02
7.675399999999999636e+02 6.336672999999999547e+02
7.662450000000000045e+02 6.327938000000000329e+02
7.649500000000000455e+02 6.319121000000000095e+02
7.636549999999999727e+02 6.310225000000000364e+02
7.623600000000000136e+02 6.301250999999999749e+02
7.610650000000000546e+02 6.292199000000000524e+02
7.597699999999999818e+02 6.283071999999999662e+02
7.584750000000000227e+02 6.273871000000000322e+02
7.571799999999999500e+02 6.264596000000000231e+02
7.558849999999999909e+02 6.255249999999999773e+02
7.545900000000000318e+02 6.245833999999999833e+02
7.532949999999999591e+02 6.236349999999999909e+02
7.520000000000000000e+02 6.226798000000000002e+02
7.507050000000000409e+02 6.217179999999999609e+02
7.494099999999999682e+02 6.207498000000000502e+02
7.481150000000000091e+02 6.197753999999999905e+02
7.468200000000000500e+02 6.187948999999999842e+02
7.455249999999999773e+02 6.178084000000000060e+02
7.442300000000000182e+02 6.168161000000000058e+02
7.429349999999999454e+02 6.158182000000000471e+02
7.416399999999999864e+02 6.148148999999999660e+02
7.403450000000000273e+02 6.138061999999999898e+02
7.390499999999999545e+02 6.127922999999999547e+02
7.377549999999999955e+02 6.117735000000000127e+02
7.364600000000000364e+02 6.107498000000000502e+02
7.351649999999999636e+02 6.097214999999999918e+02
7.338700000000000045e+02 6.086885999999999513e+02
7.325750000000000455e+02 6.076513999999999669e+02
7.312799999999999727e+02 6.066100000000000136e+02
7.299850000000000136e+02 6.055644999999999527e+02
7.286900000000000546e+02 6.045152000000000498e+02
7.273949999999999818e+02 6.034622000000000526e+02
7.261000000000000227e+02 6.024056000000000495e+02
7.248049999999999500e+02 6.013456999999999653e+02
7.235099999999999909e+02 6.002824000000000524e+02
7.222150000000000318e+02 5.992160999999999831e+02
7.209199999999999591e+02 5.981468999999999596e+02
7.196250000000000000e+02 5.970747999999999820e+02
7.183300000000000409e+02 5.960001999999999498e+02
7.170349999999999682e+02 5.949230000000000018e+02
7.157400000000000091e+02 5.938434999999999491e+02
7.144450000000000500e+02 5.927617999999999938e+02
7.131499999999999773e+02 5.916779999999999973e+02
7.118550000000000182e+02 5.905923000000000229e+02
7.105599999999999454e+02 5.895049000000000206e+02
7.092649999999999864e+02 5.884157999999999902e+02
7.079700000000000273e+02 5.873251999999999953e+02
7.066749999999999545e+02 5.862332000000000107e+02
7.053799999999999955e+02 5.851399000000000115e+02
7.040850000000000364e+02 5.840456000000000358e+02
7.027899999999999636e+02 5.829501999999999953e+02
7.014950000000000045e+02 5.818540000000000418e+02
7.002000000000000455e+02 5.807569999999999482e+02
6.989049999999999727e+02 5.796594000000000051e+02
6.976100000000000136e+02 5.785611999999999853e+02
6.963150000000000546e+02 5.774627000000000407e+02
6.950199999999999818e+02 5.763637999999999693e+02
6.937250000000000227e+02 5.752646999999999480e+02
6.924299999999999500e+02 5.741654999999999518e+02
6.911349999999999909e+02 5.730664000000000442e+02
6.898400000000000318e+02 5.719673000000000229e+02
6.885449999999999591e+02 5.708683999999999514e+02
6.872500000000000000e+02 5.697699000000000069e+02
6.859550000000000409e+02 5.686716999999999871e+02
6.846599999999999682e+02 5.675739999999999554e+02
6.833650000000000091e+02 5.664768000000000256e+02
6.820700000000000500e+02 5.653803000000000338e+02
6.807749999999999773e+02 5.642844999999999800e+02
6.794800000000000182e+02 5.631894999999999527e+02
6.781849999999999454e+02 5.620954000000000406e+02
6.768899999999999864e+02 5.610022000000000162e+02
6.755950000000000273e+02 5.599101000000000568e+02
6.742999999999999545e+02 5.588189999999999600e+02
6.730049999999999955e+02 5.577291000000000167e+02
6.717100000000000364e+02 5.566403999999999996e+02
6.704149999999999636e+02 5.555529999999999973e+02
6.691200000000000045e+02 5.544669000000000096e+02
6.678250000000000455e+02 5.533822000000000116e+02
6.665299999999999727e+02 5.522989999999999782e+02
6.652350000000000136e+02 5.512173000000000229e+02
6.639400000000000546e+02 5.501371000000000322e+02
6.626449999999999818e+02 5.490585999999999558e+02
6.613500000000000227e+02 5.479817000000000462e+02
6.600549999999999500e+02 5.469065000000000509e+02
6.587599999999999909e+02 5.458330999999999449e+02
6.574650000000000318e+02 5.447613999999999805e+02
6.561699999999999591e+02 5.436915999999999940e+02
6.548750000000000000e+02 5.426236000000000104e+02
6.535800000000000409e+02 5.415575000000000045e+02
6.522849999999999682e+02 5.404933999999999514e+02
6.509900000000000091e+02 5.394311999999999898e+02
6.496950000000000500e+02 5.383710999999999558e+02
6.483999999999999773e+02 5.373129999999999882e+02
6.471050000000000182e+02 5.362568999999999733e+02
6.458099999999999454e+02 5.352028999999999996e+02
6.445149999999999864e+02 5.341511000000000422e+02
6.432200000000000273e+02 5.331014000000000124e+02
6.419249999999999545e+02 5.320538000000000238e+02
6.406299999999999955e+02 5.310085000000000264e+02
6.393350000000000364e+02 5.299652999999999565e+02
6.380399999999999636e+02 5.289243999999999915e+02
6.367450000000000045e+02 5.278857000000000426e+02
6.354500000000000455e+02 5.268492999999999711e+02
6.341549999999999727e+02 5.258152000000000044e+02
6.328600000000000136e+02 5.247833000000000538e+02
6.315650000000000546e+02 5.237537999999999556e+02
6.302699999999999818e+02 5.227265999999999622e+02
6.289750000000000227e+02 5.217016999999999598e+02
6.276799999999999500e+02 5.206792000000000371e+02
6.263849999999999909e+02 5.196590999999999667e+02
6.250900000000000318e+02 5.186413000000000011e+02
6.237949999999999591e+02 5.176259000000000015e+02
6.225000000000000000e+02 5.166128999999999678e+02
6.212050000000000409e+02 5.156023000000000138e+02
6.199099999999999682e+02 5.145940000000000509e+02
6.186150000000000091e+02 5.135882000000000289e+02
6.173200000000000500e+02 5.125847999999999729e+02
6.160249999999999773e+02 5.115839000000000283e+02
6.147300000000000182e+02 5.105853000000000179e+02
6.134349999999999454e+02 5.095892000000000053e+02
6.121399999999999864e+02 5.085955000000000155e+02
6.108450000000000273e+02 5.076041999999999916e+02
6.095499999999999545e+02 5.066154000000000224e+02
6.082549999999999955e+02 5.056290000000000191e+02
6.069600000000000364e+02 5.046449999999999818e+02
6.056649999999999636e+02 5.036634999999999991e+02
6.043700000000000045e+02 5.026843999999999824e+02
6.030750000000000455e+02 5.017076999999999884e+02
6.017799999999999727e+02 5.007334999999999923e+02
6.004850000000000136e+02 4.997617000000000189e+02
5.991900000000000546e+02 4.987923000000000116e+02
5.978949999999999818e+02 4.978254000000000019e+02
5.966000000000000227e+02 4.968607999999999834e+02
5.953049999999999500e+02 4.958987000000000194e+02
5.940099999999999909e+02 4.949390999999999963e+02
5.927150000000000318e+02 4.939818000000000211e+02
5.914199999999999591e+02 4.930269000000000119e+02
5.901250000000000000e+02 4.920745000000000005e+02
5.888300000000000409e+02 4.911243999999999801e+02
5.875349999999999682e+02 4.901768000000000143e+02
5.862400000000000091e+02 4.892314999999999827e+02
5.849450000000000500e+02 4.882885999999999740e+02
5.836499999999999773e+02 4.873480999999999881e+02
5.823550000000000182e+02 4.864100000000000250e+02
5.810599999999999454e+02 4.854741999999999962e+02
5.797649999999999864e+02 4.845407999999999902e+02
5.784700000000000273e+02 4.836098000000000070e+02
5.771749999999999545e+02 4.826811000000000149e+02
5.758799999999999955e+02 4.817547000000000139e+02
5.745850000000000364e+02 4.808306999999999789e+02
5.732899999999999636e+02 4.799089999999999918e+02
5.719950000000000045e+02 4.789895999999999958e+02
5.707000000000000455e+02 4.780726000000000226e+02
5.694049999999999727e+02 4.771578000000000088e+02
5.681100000000000136e+02 4.762454000000000178e+02
5.668150000000000546e+02 4.753351999999999862e+02
5.655199999999999818e+02 4.744273000000000025e+02
5.642250000000000227e+02 4.735217000000000098e+02
5.629299999999999500e+02 4.726182999999999765e+02
5.616349999999999909e+02 4.717173000000000229e+02
5.603400000000000318e+02 4.708183999999999969e+02
5.590449999999999591e+02 4.699218000000000188e+02
5.577500000000000000e+02 4.690274000000000001e+02
5.564550000000000409e+02 4.681352999999999724e+02
5.551599999999999682e+02 4.672452999999999861e+02
5.538650000000000091e+02 4.663575999999999908e+02
5.525700000000000500e+02 4.654721000000000117e+02
5.512749999999999773e+02 4.645887000000000171e+02
5.499800000000000182e+02 4.637076000000000136e+02
5.486849999999999454e+02 4.628285999999999945e+02
5.473899999999999864e+02 4.619517000000000166e+02
5.460950000000000273e+02 4.610770999999999731e+02
5.447999999999999545e+02 4.602044999999999959e+02
5.435049999999999955e+02 4.593340999999999781e+02
5.422100000000000364e+02 4.584658000000000015e+02
5.409149999999999636e+02 4.575996999999999844e+02
5.396200000000000045e+02 4.567355999999999767e+02
5.383250000000000455e+02 4.558736999999999853e+02
5.370299999999999727e+02 4.550138000000000034e+02
5.357350000000000136e+02 4.541560000000000059e+02
5.344400000000000546e+02 4.533002999999999929e+02
5.331449999999999818e+02 4.524465999999999894e+02
5.318500000000000227e+02 4.515950000000000273e+02
5.305549999999999500e+02 4.507454999999999927e+02
5.292599999999999909e+02 4.498978999999999928e+02
5.279650000000000318e+02 4.490523999999999774e+02
5.266699999999999591e+02 4.482090000000000032e+02
5.253750000000000000e+02 4.473675000000000068e+02
5.240800000000000409e+02 4.465280000000000200e+02
5.227849999999999682e+02 4.456904999999999859e+02
5.214900000000000091e+02 4.448550000000000182e+02
5.201950000000000500e+02 4.440215000000000032e+02
5.188999999999999773e+02 4.431899000000000228e+02
5.176050000000000182e+02 4.423602999999999952e+02
5.163099999999999454e+02 4.415326000000000022e+02
5.150149999999999864e+02 4.407067999999999870e+02
5.137200000000000273e+02 4.398829999999999814e+02
5.124249999999999545e+02 4.390611000000000104e+02
5.111299999999999955e+02 4.382411000000000172e+02
5.098349999999999795e+02 4.374230000000000018e+02
5.085400000000000205e+02 4.366068000000000211e+02
5.072450000000000045e+02 4.357923999999999864e+02
5.059499999999999886e+02 4.349800000000000182e+02
5.046549999999999727e+02 4.341693999999999960e+02
5.033600000000000136e+02 4.333607000000000085e+02
5.020649999999999977e+02 4.325538000000000238e+02
5.007699999999999818e+02 4.317486999999999853e+02
4.994750000000000227e+02 4.309454999999999814e+02
4.981800000000000068e+02 4.301440999999999804e+02
4.968849999999999909e+02 4.293444999999999823e+02
4.955899999999999750e+02 4.285466999999999871e+02
4.942950000000000159e+02 4.277506999999999948e+02
4.930000000000000000e+02 4.269565000000000055e+02
4.917049999999999841e+02 4.261641000000000190e+02
4.904100000000000250e+02 4.253734000000000037e+02
4.891150000000000091e+02 4.245844999999999914e+02
4.878199999999999932e+02 4.237973999999999819e+02
4.865249999999999773e+02 4.230120000000000005e+02
4.852300000000000182e+02 4.222282999999999902e+02
4.839350000000000023e+02 4.214463999999999828e+02
4.826399999999999864e+02 4.206662000000000035e+02
4.813450000000000273e+02 4.198876999999999953e+02
4.800500000000000114e+02 4.191109000000000151e+02
4.787549999999999955e+02 4.183358000000000061e+02
4.774599999999999795e+02 4.175624000000000251e+02
4.761650000000000205e+02 4.167907000000000153e+02
4.748700000000000045e+02 4.160206000000000017e+02
4.735749999999999886e+02 4.152522000000000162e+02
4.722799999999999727e+02 4.144855000000000018e+02
4.709850000000000136e+02 4.137203999999999837e+02
4.696899999999999977e+02 4.129569999999999936e+02
4.683949999999999818e+02 4.121951999999999998e+02
4.671000000000000227e+02 4.114350000000000023e+02
4.658050000000000068e+02 4.106764999999999759e+02
4.645099999999999909e+02 4.099195000000000277e+02
4.632149999999999750e+02 4.091641999999999939e+02
4.619200000000000159e+02 4.084103999999999814e+02
4.606250000000000000e+02 4.076582999999999970e+02
4.593299999999999841e+02 4.069076999999999771e+02
4.580350000000000250e+02 4.061587000000000103e+02
4.567400000000000091e+02 4.054112999999999829e+02
4.554449999999999932e+02 4.046653999999999769e+02
4.541499999999999773e+02 4.039211000000000240e+02
4.528550000000000182e+02 4.031782999999999788e+02
4.515600000000000023e+02 4.024370999999999867e+02
4.502649999999999864e+02 4.016974000000000160e+02
4.489700000000000273e+02 4.009592000000000098e+02
4.476750000000000114e+02 4.002225999999999999e+02
4.463799999999999955e+02 3.994875000000000114e+02
4.450849999999999795e+02 3.987538000000000125e+02
4.437900000000000205e+02 3.980217000000000098e+02
4.424950000000000045e+02 3.972909999999999968e+02
4.411999999999999886e+02 3.965618999999999801e+02
4.399049999999999727e+02 3.958342000000000098e+02
4.386100000000000136e+02 3.951080000000000041e+02
4.373149999999999977e+02 3.943831999999999880e+02
4.360199999999999818e+02 3.936598999999999933e+02
4.347250000000000227e+02 3.929381000000000199e+02
4.334300000000000068e+02 3.922176999999999794e+02
4.321349999999999909e+02 3.914988000000000170e+02
4.308399999999999750e+02 3.907812000000000126e+02
4.295450000000000159e+02 3.900652000000000044e+02
4.282500000000000000e+02 3.893505000000000109e+02
4.269549999999999841e+02 3.886372000000000071e+02
4.256600000000000250e+02 3.879254000000000246e+02
4.243650000000000091e+02 3.872149000000000001e+02
4.230699999999999932e+02 3.865058999999999969e+02
4.217749999999999773e+02 3.857982000000000085e+02
4.204800000000000182e+02 3.850919000000000096e+02
4.191850000000000023e+02 3.843870000000000005e+02
4.178899999999999864e+02 3.836834000000000060e+02
4.165950000000000273e+02 3.829812999999999761e+02
4.153000000000000114e+02 3.822805000000000177e+02
4.140049999999999955e+02 3.815810000000000173e+02
4.127099999999999795e+02 3.808829000000000065e+02
4.114150000000000205e+02 3.801861000000000104e+02
4.101200000000000045e+02 3.794907000000000039e+02
4.088249999999999886e+02 3.787966000000000122e+02
4.075299999999999727e+02 3.781037999999999784e+02
4.062350000000000136e+02 3.774123000000000161e+02
4.049399999999999977e+02 3.767221999999999866e+02
4.036449999999999818e+02 3.760332999999999970e+02
4.023500000000000227e+02 3.753457999999999970e+02
4.010550000000000068e+02 3.746594999999999800e+02
3.997599999999999909e+02 3.739746000000000095e+02
3.984649999999999750e+02 3.732909000000000219e+02
3.971700000000000159e+02 3.726084999999999923e+02
3.958750000000000000e+02 3.719273999999999774e+02
3.945799999999999841e+02 3.712475999999999772e+02
3.932850000000000250e+02 3.705690000000000168e+02
3.919900000000000091e+02 3.698917000000000144e+02
3.906949999999999932e+02 3.692155999999999949e+02
3.893999999999999773e+02 3.685407999999999902e+02
3.881050000000000182e+02 3.678672000000000253e+02
3.868100000000000023e+02 3.671949000000000183e+02
3.855149999999999864e+02 3.665237999999999943e+02
3.842200000000000273e+02 3.658539000000000101e+02
3.829250000000000114e+02 3.651852999999999838e+02
3.816299999999999955e+02 3.645178999999999974e+02
3.803349999999999795e+02 3.638516000000000190e+02
3.790400000000000205e+02 3.631865999999999985e+02
3.777450000000000045e+02 3.625228000000000179e+02
3.764499999999999886e+02 3.618602000000000203e+02
3.751549999999999727e+02 3.611988000000000056e+02
3.738600000000000136e+02 3.605385999999999740e+02
3.725649999999999977e+02 3.598795999999999822e+02
3.712699999999999818e+02 3.592216999999999985e+02
3.699750000000000227e+02 3.585649999999999977e+02
3.686800000000000068e+02 3.579094999999999800e+02
3.673849999999999909e+02 3.572552000000000021e+02
3.660899999999999750e+02 3.566019999999999754e+02
3.647950000000000159e+02 3.559499999999999886e+02
3.635000000000000000e+02 3.552991000000000099e+02
3.622049999999999841e+02 3.546494000000000142e+02
3.609100000000000250e+02 3.540008000000000266e+02
3.596150000000000091e+02 3.533534000000000219e+02
3.583199999999999932e+02 3.527071000000000254e+02
3.570249999999999773e+02 3.520618999999999801e+02
3.557300000000000182e+02 3.514177999999999997e+02
3.544350000000000023e+02 3.507749000000000024e+02
3.531399999999999864e+02 3.501331000000000131e+02
3.518450000000000273e+02 3.494923999999999751e+02
3.505500000000000114e+02 3.488528000000000020e+02
3.492549999999999955e+02 3.482142999999999802e+02
3.479599999999999795e+02 3.475769000000000233e+02
3.466650000000000205e+02 3.469406999999999925e+02
3.453700000000000045e+02 3.463054999999999950e+02
3.440749999999999886e+02 3.456714000000000055e+02
3.427799999999999727e+02 3.450382999999999925e+02
3.414850000000000136e+02 3.444064000000000192e+02
3.401899999999999977e+02 3.437755000000000223e+02
3.388949999999999818e+02 3.431456999999999766e+02
3.376000000000000227e+02 3.425169999999999959e+02
3.363050000000000068e+02 3.418892999999999915e+02
3.350099999999999909e+02 3.412626999999999953e+02
3.337149999999999750e+02 3.406372000000000071e+02
3.324200000000000159e+02 3.400126999999999953e+02
3.311250000000000000e+02 3.393892999999999915e+02
3.298299999999999841e+02 3.387669000000000210e+02
3.285350000000000250e+02 3.381455000000000268e+02
3.272400000000000091e+02 3.375251999999999839e+02
3.259449999999999932e+02 3.369058999999999742e+02
3.246499999999999773e+02 3.362875999999999976e+02
3.233550000000000182e+02 3.356703999999999724e+02
3.220600000000000023e+02 3.350541999999999803e+02
3.207649999999999864e+02 3.344390000000000214e+02
3.194700000000000273e+02 3.338247999999999820e+02
3.181750000000000114e+02 3.332117000000000075e+02
3.168799999999999955e+02 3.325994999999999777e+02
3.155849999999999795e+02 3.319884000000000128e+02
3.142900000000000205e+02 3.313781999999999925e+02
3.129950000000000045e+02 3.307690999999999804e+02
3.116999999999999886e+02 3.301609000000000265e+02
3.104049999999999727e+02 3.295536999999999921e+02
3.091100000000000136e+02 3.289474999999999909e+02
3.078149999999999977e+02 3.283423999999999978e+02
3.065199999999999818e+02 3.277380999999999744e+02
3.052250000000000227e+02 3.271349000000000160e+02
3.039300000000000068e+02 3.265326000000000022e+02
3.026349999999999909e+02 3.259313000000000216e+02
3.013399999999999750e+02 3.253310000000000173e+02
3.000450000000000159e+02 3.247316000000000145e+02
2.987500000000000000e+02 3.241331999999999880e+02
2.974549999999999841e+02 3.235357999999999947e+02
2.961600000000000250e+02 3.229393000000000029e+02
2.948650000000000091e+02 3.223437000000000126e+02
2.935699999999999932e+02 3.217491999999999734e+02
2.922749999999999773e+02 3.211555000000000177e+02
2.909800000000000182e+02 3.205627999999999815e+02
2.896850000000000023e+02 3.199710000000000036e+02
2.883899999999999864e+02 3.193802000000000021e+02
2.870950000000000273e+02 3.187903000000000020e+02
2.858000000000000114e+02 3.182013000000000034e+02
2.845049999999999955e+02 3.176132999999999811e+02
2.832099999999999795e+02 3.170260999999999854e+02
2.819150000000000205e+02 3.164399000000000228e+02
2.806200000000000045e+02 3.158546000000000049e+02
2.793249999999999886e+02 3.152703000000000202e+02
2.780299999999999727e+02 3.146868000000000052e+02
2.767350000000000136e+02 3.141041999999999916e+02
2.754399999999999977e+02 3.135226000000000113e+02
2.741449999999999818e+02 3.129418000000000006e+02
2.728500000000000227e+02 3.123620000000000232e+02
2.715550000000000068e+02 3.117830000000000155e+02
2.702599999999999909e+02 3.112049999999999841e+02
2.689649999999999750e+02 3.106277999999999793e+02
2.676700000000000159e+02 3.100514999999999759e+02
2.663750000000000000e+02 3.094760999999999740e+02
2.650799999999999841e+02 3.089015999999999735e+02
2.637850000000000250e+02 3.083279999999999745e+02
2.624900000000000091e+02 3.077552000000000021e+02
2.611949999999999932e+02 3.071834000000000060e+02
2.598999999999999773e+02 3.066123999999999796e+02
2.586050000000000182e+02 3.060421999999999798e+02
2.573100000000000023e+02 3.054728999999999814e+02
