2.590000000000000000e+02 -3.077064528522862386e+00
2.615899999999999750e+02 -3.106678544628245220e+00
2.641800000000000068e+02 -3.136293515785948838e+00
2.654749999999999659e+02 -3.151101364149330397e+00
2.667699999999999818e+02 -3.165909456845280356e+00
2.680649999999999977e+02 -3.180717795731923925e+00
2.693600000000000136e+02 -3.195526382668222087e+00
2.706549999999999727e+02 -3.210335219513877902e+00
2.719499999999999886e+02 -3.225144308129477277e+00
2.732450000000000045e+02 -3.239953650376342864e+00
2.745400000000000205e+02 -3.254763248116660179e+00
2.758349999999999795e+02 -3.269573103213418541e+00
2.771299999999999955e+02 -3.284383217530416399e+00
2.784250000000000114e+02 -3.299193592932292862e+00
2.797200000000000273e+02 -3.314004231284515711e+00
2.810149999999999864e+02 -3.328815134453367630e+00
2.823100000000000023e+02 -3.343626304306005714e+00
2.836050000000000182e+02 -3.358437742710404184e+00
2.849000000000000341e+02 -3.373249451535375254e+00
2.861949999999999932e+02 -3.388061432650603777e+00
2.874900000000000091e+02 -3.402873687926607715e+00
2.887850000000000250e+02 -3.417686219234792322e+00
2.900800000000000409e+02 -3.432499028447382639e+00
2.913750000000000000e+02 -3.447312117437527412e+00
2.926700000000000159e+02 -3.462125488079202729e+00
2.939649999999999750e+02 -3.476939142247242653e+00
2.952600000000000477e+02 -3.491753081817424054e+00
2.965550000000000068e+02 -3.506567308666355576e+00
2.978500000000000227e+02 -3.521381824671568683e+00
2.991449999999999818e+02 -3.536196631711444827e+00
3.004400000000000546e+02 -3.551011731665284277e+00
3.017350000000000136e+02 -3.565827126413303461e+00
3.030300000000000296e+02 -3.580642817836591441e+00
3.043249999999999886e+02 -3.595458807817176528e+00
3.056200000000000614e+02 -3.610275098237966773e+00
3.069150000000000205e+02 -3.625091690982813475e+00
3.082100000000000364e+02 -3.639908587936475204e+00
3.095049999999999955e+02 -3.654725790984643563e+00
3.108000000000000682e+02 -3.669543302013931196e+00
3.120950000000000273e+02 -3.684361122911896658e+00
3.133900000000000432e+02 -3.699179255567024427e+00
3.146850000000000023e+02 -3.713997701868747559e+00
3.153324999999999818e+02 -3.721407043227784150e+00
3.159800000000000750e+02 -3.728816463707435691e+00
3.166275000000000546e+02 -3.736225963544150819e+00
3.172750000000000341e+02 -3.743635542974423025e+00
3.179225000000000136e+02 -3.751045202234836395e+00
3.185700000000000500e+02 -3.758454941562003881e+00
3.192175000000000296e+02 -3.765864761192628585e+00
3.198650000000000091e+02 -3.773274661363423821e+00
3.205124999999999886e+02 -3.780684642311209487e+00
3.211600000000000819e+02 -3.788094704272870317e+00
3.218075000000000614e+02 -3.795504847485311473e+00
3.224550000000000409e+02 -3.802915072185536705e+00
3.231025000000000205e+02 -3.810325378610570191e+00
3.237500000000000000e+02 -3.817735766997554236e+00
3.243975000000000364e+02 -3.825146237583632036e+00
3.250450000000000159e+02 -3.832556790606055142e+00
3.256924999999999955e+02 -3.839967426302111964e+00
3.263400000000000318e+02 -3.847378144909151754e+00
3.269875000000000682e+02 -3.854788946664597482e+00
3.276350000000000477e+02 -3.862199831805924077e+00
3.282825000000000273e+02 -3.869610800570676634e+00
3.289300000000000068e+02 -3.877021853196465973e+00
3.295775000000000432e+02 -3.884432989920943324e+00
3.302250000000000227e+02 -3.891844210981843855e+00
3.308725000000000023e+02 -3.899255516616951578e+00
3.315200000000000387e+02 -3.906666907064131777e+00
3.321675000000000750e+02 -3.914078382561286595e+00
3.328150000000000546e+02 -3.921489943346406104e+00
3.334625000000000341e+02 -3.928901589657521232e+00
3.341100000000000136e+02 -3.936313321732754833e+00
3.347575000000000500e+02 -3.943725139810257296e+00
3.354050000000000296e+02 -3.951137044128267384e+00
3.360525000000000091e+02 -3.958549034925088694e+00
3.367000000000000455e+02 -3.965961112439064795e+00
3.373475000000000819e+02 -3.973373276908633400e+00
3.379950000000000614e+02 -3.980785528572268639e+00
3.386425000000000409e+02 -3.988197867668542784e+00
3.392900000000000205e+02 -3.995610294436056087e+00
3.399375000000000568e+02 -4.003022809113494951e+00
3.405850000000000364e+02 -4.010435411939592854e+00
3.412325000000000159e+02 -4.017848103153163208e+00
3.418800000000000523e+02 -4.025260882993101141e+00
3.425275000000000318e+02 -4.032673751698330200e+00
3.431750000000000682e+02 -4.040086709507860085e+00
3.438225000000000477e+02 -4.047499756660752901e+00
3.444700000000000273e+02 -4.054912893396148910e+00
3.451175000000000637e+02 -4.062326119953247883e+00
3.457650000000000432e+02 -4.069739436571330415e+00
3.464125000000000227e+02 -4.077152843489714407e+00
3.470600000000000591e+02 -4.084566340947802132e+00
3.477075000000000387e+02 -4.091979929185067810e+00
3.483550000000000750e+02 -4.099393608441030956e+00
3.490025000000000546e+02 -4.106807378955296350e+00
3.496500000000000341e+02 -4.114221240967514071e+00
3.502975000000000705e+02 -4.121635194717437223e+00
3.509450000000000500e+02 -4.129049240444859770e+00
3.515925000000000296e+02 -4.136463378389640511e+00
3.522400000000000659e+02 -4.143877608791706635e+00
3.528875000000000455e+02 -4.151291931891074150e+00
3.535350000000000819e+02 -4.158706347927791036e+00
3.541825000000000614e+02 -4.166120857142005640e+00
3.548300000000000409e+02 -4.173535459773917822e+00
3.554775000000000773e+02 -4.180950156063794942e+00
3.561250000000000568e+02 -4.188364946251978083e+00
3.567725000000000364e+02 -4.195779830578866054e+00
3.574200000000000728e+02 -4.203194809284947375e+00
3.580675000000000523e+02 -4.210609882610754973e+00
3.587150000000000318e+02 -4.218025050796905262e+00
3.593625000000000682e+02 -4.225440314084073279e+00
3.600100000000000477e+02 -4.232855672713009554e+00
3.606575000000000841e+02 -4.240271126924536560e+00
3.613050000000000637e+02 -4.247686676959546048e+00
3.619525000000000432e+02 -4.255102323058984837e+00
3.626000000000000796e+02 -4.262518065463879680e+00
3.632475000000000591e+02 -4.269933904415332826e+00
3.638950000000000387e+02 -4.277349840154508698e+00
3.645425000000000750e+02 -4.284765872922645435e+00
3.651900000000000546e+02 -4.292182002961039800e+00
3.658375000000000909e+02 -4.299598230511060493e+00
3.664850000000000705e+02 -4.307014555814176582e+00
3.671325000000000500e+02 -4.314430979111886444e+00
3.677800000000000864e+02 -4.321847500645786155e+00
3.684275000000000659e+02 -4.329264120657528636e+00
3.690750000000000455e+02 -4.336680839388843189e+00
3.697225000000000819e+02 -4.344097657081535502e+00
3.703700000000000614e+02 -4.351514573977462774e+00
3.710175000000000978e+02 -4.358931590318594118e+00
3.716650000000000773e+02 -4.366348706346915520e+00
3.723125000000000568e+02 -4.373765922304510667e+00
3.729600000000000932e+02 -4.381183238433564497e+00
3.736075000000000728e+02 -4.388600654976279714e+00
3.742550000000000523e+02 -4.396018172174967376e+00
3.749025000000000318e+02 -4.403435790272009598e+00
3.755500000000000682e+02 -4.410853509509834680e+00
3.761975000000001046e+02 -4.418271330130969510e+00
3.768450000000000841e+02 -4.425689252378010252e+00
3.774925000000000637e+02 -4.433107276493604587e+00
3.781400000000001000e+02 -4.440525402720519210e+00
3.787875000000000796e+02 -4.447943631301525258e+00
3.794350000000000591e+02 -4.455361962479523541e+00
3.800825000000000387e+02 -4.462780396497482371e+00
3.807300000000000750e+02 -4.470198933598414470e+00
3.813775000000001114e+02 -4.477617574025443581e+00
3.820250000000000909e+02 -4.485036318021719204e+00
3.826725000000000705e+02 -4.492455165830511632e+00
3.833200000000001069e+02 -4.499874117695141784e+00
3.839675000000000864e+02 -4.507293173859006075e+00
3.846150000000000659e+02 -4.514712334565579965e+00
3.852625000000000455e+02 -4.522131600058429513e+00
3.859100000000000819e+02 -4.529550970581154523e+00
3.865575000000001182e+02 -4.536970446377459609e+00
3.872050000000000978e+02 -4.544390027691132872e+00
3.878525000000000773e+02 -4.551809714765998827e+00
3.885000000000001137e+02 -4.559229507845996565e+00
3.891475000000000932e+02 -4.566649407175125575e+00
3.897950000000000728e+02 -4.574069412997467055e+00
3.901187500000000341e+02 -4.577779455919880114e+00
3.904425000000000523e+02 -4.581489525557156384e+00
3.907662500000000136e+02 -4.585199621939816339e+00
3.910900000000000318e+02 -4.588909745098426640e+00
3.914137499999999932e+02 -4.592619895063503321e+00
3.917375000000000682e+02 -4.596330071865583733e+00
3.920612499999999727e+02 -4.600040275535244305e+00
3.923850000000000477e+02 -4.603750506103012619e+00
3.927087499999999523e+02 -4.607460763599462439e+00
3.930325000000000273e+02 -4.611171048055155985e+00
3.933562499999999318e+02 -4.614881359500672353e+00
3.936800000000000068e+02 -4.618591697966557774e+00
3.940037499999999682e+02 -4.622302063483423318e+00
3.943274999999999864e+02 -4.626012456081830315e+00
3.946512499999999477e+02 -4.629722875792369408e+00
3.949749999999999659e+02 -4.633433322645638341e+00
3.952987499999999272e+02 -4.637143796672239304e+00
3.956224999999999454e+02 -4.640854297902766490e+00
3.959462499999999068e+02 -4.644564826367826527e+00
3.962699999999999250e+02 -4.648275382098041142e+00
3.965937499999998863e+02 -4.651985965124018740e+00
3.969174999999999613e+02 -4.655696575476400589e+00
3.972412499999998658e+02 -4.659407213185764007e+00
3.975649999999999409e+02 -4.663117878282805329e+00
3.978887499999998454e+02 -4.666828570798114306e+00
3.982124999999999204e+02 -4.670539290762347306e+00
3.985362499999998249e+02 -4.674250038206158031e+00
3.988599999999999000e+02 -4.677960813160187747e+00
3.991837499999998045e+02 -4.681671615655093710e+00
3.995074999999998795e+02 -4.685382445721536726e+00
3.998312499999998408e+02 -4.689093303390186485e+00
4.001549999999998590e+02 -4.692804188691718004e+00
4.004787499999998204e+02 -4.696515101656790314e+00
4.008024999999998386e+02 -4.700226042316097974e+00
4.011262499999997999e+02 -4.703937010700323107e+00
4.014499999999998181e+02 -4.707648006840148724e+00
4.017737499999997794e+02 -4.711359030766281819e+00
4.020974999999997976e+02 -4.715070082509415172e+00
4.024212499999997590e+02 -4.718781162100243343e+00
4.027449999999998340e+02 -4.722492269569512402e+00
4.030687499999997385e+02 -4.726203404947890263e+00
4.033924999999998136e+02 -4.729914568266133656e+00
4.037162499999997181e+02 -4.733625759554941581e+00
4.040399999999997931e+02 -4.737336978845060997e+00
4.043637499999996976e+02 -4.741048226167211332e+00
4.046874999999997726e+02 -4.744759501552164416e+00
4.050112499999996771e+02 -4.748470805030623687e+00
4.053349999999997522e+02 -4.752182136633363640e+00
4.056587499999997135e+02 -4.755893496391134789e+00
4.059824999999997317e+02 -4.759604884334686759e+00
4.061443749999996840e+02 -4.761460588885759293e+00
4.063062499999996930e+02 -4.763316300494797595e+00
4.064681249999997021e+02 -4.765172019165669681e+00
4.066299999999997112e+02 -4.767027744902230246e+00
4.067918749999997203e+02 -4.768883477708308227e+00
4.069537499999996726e+02 -4.770739217587749437e+00
4.071156249999996817e+02 -4.772594964544419227e+00
4.072774999999996908e+02 -4.774450718582156306e+00
4.074393749999996999e+02 -4.776306479704809149e+00
4.076012499999996521e+02 -4.778162247916218242e+00
4.077631249999996612e+02 -4.780018023220244494e+00
4.079249999999997272e+02 -4.781873805620724838e+00
4.080868749999996794e+02 -4.783729595121525513e+00
4.082487499999996317e+02 -4.785585391726480786e+00
4.084106249999996407e+02 -4.787441195439453345e+00
4.085724999999997067e+02 -4.789297006264279233e+00
4.087343749999996589e+02 -4.791152824204821137e+00
4.088962499999996112e+02 -4.793008649264930199e+00
4.090581249999996203e+02 -4.794864481448455784e+00
4.092199999999996862e+02 -4.796720320759228606e+00
4.093818749999996385e+02 -4.798576167201141551e+00
4.095437499999995907e+02 -4.800432020778014675e+00
4.097056249999996567e+02 -4.802287881493709776e+00
4.098674999999996658e+02 -4.804143749352076220e+00
4.100293749999996180e+02 -4.805999624356974920e+00
4.101912499999995703e+02 -4.807855506512266786e+00
4.103531249999996362e+02 -4.809711395821786084e+00
4.105149999999996453e+02 -4.811567292289395503e+00
4.105959374999996498e+02 -4.812495243208688045e+00
4.106768749999995975e+02 -4.813423195918948849e+00
4.107578124999996589e+02 -4.814351150420658421e+00
4.108387499999997203e+02 -4.815279106714312363e+00
4.109196874999996680e+02 -4.816207064800366311e+00
4.110006249999996726e+02 -4.817135024679328303e+00
4.110815624999996771e+02 -4.818062986351649535e+00
4.111624999999997385e+02 -4.818990949817845149e+00
4.112434374999997431e+02 -4.819918915078375221e+00
4.113243749999996908e+02 -4.820846882133733580e+00
4.114053124999997522e+02 -4.821774850984398064e+00
4.114862499999998136e+02 -4.822702821630844738e+00
4.115671874999997613e+02 -4.823630794073562100e+00
4.116481249999997658e+02 -4.824558768313029766e+00
4.117290624999998272e+02 -4.825486744349733570e+00
4.118099999999998317e+02 -4.826414722184154016e+00
4.118909374999998363e+02 -4.827342701816773385e+00
4.119718749999998408e+02 -4.828270683248070405e+00
4.120528124999998454e+02 -4.829198666478535351e+00
4.121337499999999068e+02 -4.830126651508643398e+00
4.122146874999998545e+02 -4.831054638338867058e+00
4.122956249999998590e+02 -4.831982626969713479e+00
4.123765624999999204e+02 -4.832910617401650732e+00
4.124574999999999250e+02 -4.833838609635153993e+00
4.125384374999999295e+02 -4.834766603670721530e+00
4.126193749999999341e+02 -4.835694599508822300e+00
4.127003124999999386e+02 -4.836622597149939473e+00
4.127812500000000000e+02 -4.837550596594567764e+00
4.128621875000000045e+02 -4.838478597843183238e+00
4.129431249999999523e+02 -4.839406600896253074e+00
4.130240625000000136e+02 -4.840334605754279984e+00
4.131050000000000750e+02 -4.841262612417740918e+00
4.131859375000000227e+02 -4.842190620887119046e+00
4.132668750000000273e+02 -4.843118631162892207e+00
4.133478125000000318e+02 -4.844046643245543571e+00
4.134287500000000932e+02 -4.844974657135552754e+00
4.135096875000000978e+02 -4.845902672833415359e+00
4.135906250000000455e+02 -4.846830690339611891e+00
4.136715625000001069e+02 -4.847758709654599762e+00
4.137525000000001683e+02 -4.848686730778895893e+00
4.138334375000001160e+02 -4.849614753712956805e+00
4.139143750000001205e+02 -4.850542778457289650e+00
4.139953125000001819e+02 -4.851470805012340293e+00
4.140762500000001864e+02 -4.852398833378640752e+00
4.141571875000001910e+02 -4.853326863556630677e+00
4.142381250000001955e+02 -4.854254895546816329e+00
4.143190625000002001e+02 -4.855182929349672882e+00
4.144000000000002615e+02 -4.856110964965682619e+00
4.144809375000002092e+02 -4.857039002395321603e+00
4.145618750000002137e+02 -4.857967041639085437e+00
4.146428125000002751e+02 -4.858895082697461731e+00
4.147237500000002797e+02 -4.859823125570918556e+00
4.148046875000002842e+02 -4.860751170259946186e+00
4.148856250000002888e+02 -4.861679216765015354e+00
4.149665625000002933e+02 -4.862607265086626995e+00
4.150475000000003547e+02 -4.863535315225244737e+00
4.151284375000003593e+02 -4.864463367181372178e+00
4.152093750000003070e+02 -4.865391420955479163e+00
4.152903125000003683e+02 -4.866319476548063072e+00
4.153712500000004297e+02 -4.867247533959583095e+00
4.154521875000003774e+02 -4.868175593190530392e+00
4.155331250000003820e+02 -4.869103654241401458e+00
4.155735937500003843e+02 -4.869567685449454508e+00
4.156140625000003865e+02 -4.870031717112674130e+00
4.156545312500003888e+02 -4.870495749231103844e+00
4.156950000000003342e+02 -4.870959781804815591e+00
4.157354687500003365e+02 -4.871423814833877763e+00
4.157759375000003956e+02 -4.871887848318331216e+00
4.158164062500003411e+02 -4.872351882258254108e+00
4.158568750000002865e+02 -4.872815916653693513e+00
4.158973437500003456e+02 -4.873279951504716045e+00
4.159378125000003479e+02 -4.873743986811383877e+00
4.159782812500002933e+02 -4.874208022573752075e+00
4.160187500000002956e+02 -4.874672058791885476e+00
4.160592187500002979e+02 -4.875136095465843589e+00
4.160996875000003001e+02 -4.875600132595688585e+00
4.161401562500003024e+02 -4.876064170181473756e+00
4.161806250000002478e+02 -4.876528208223258609e+00
4.162210937500002501e+02 -4.876992246721128410e+00
4.162615625000003092e+02 -4.877456285675116021e+00
4.163020312500002547e+02 -4.877920325085280950e+00
4.163425000000002001e+02 -4.878384364951696917e+00
4.163829687500002592e+02 -4.878848405274426092e+00
4.164234375000002615e+02 -4.879312446053508445e+00
4.164639062500002069e+02 -4.879776487289034570e+00
4.165043750000001523e+02 -4.880240528981046211e+00
4.165448437500002115e+02 -4.880704571129613534e+00
4.165853125000002137e+02 -4.881168613734782724e+00
4.166257812500001592e+02 -4.881632656796615066e+00
4.166662500000001614e+02 -4.882096700315191384e+00
4.167067187500001637e+02 -4.882560744290545429e+00
4.167471875000001660e+02 -4.883024788722758913e+00
4.167876562500001683e+02 -4.883488833611882463e+00
4.168281250000001137e+02 -4.883952878957983579e+00
4.168685937500001160e+02 -4.884416924761103118e+00
4.169090625000001751e+02 -4.884880971021325458e+00
4.169495312500001205e+02 -4.885345017738699447e+00
4.169697656250000932e+02 -4.885577041268835963e+00
4.169900000000001228e+02 -4.885809064913284594e+00
4.170102343750001523e+02 -4.886041088672055999e+00
4.170304687500001819e+02 -4.886273112545156394e+00
4.170507031250001546e+02 -4.886505136532576010e+00
4.170709375000001842e+02 -4.886737160634345045e+00
4.170911718750002137e+02 -4.886969184850462611e+00
4.171114062500001864e+02 -4.887201209180932260e+00
4.171316406250001592e+02 -4.887433233625769091e+00
4.171518750000002456e+02 -4.887665258184986428e+00
4.171721093750002751e+02 -4.887897282858578940e+00
4.171923437500002478e+02 -4.888129307646541299e+00
4.172024609375002342e+02 -4.888245320083429490e+00
4.172125781250002206e+02 -4.888361332548915250e+00
4.172226953125002069e+02 -4.888477345042988809e+00
4.172328125000001933e+02 -4.888593357565689246e+00
4.172429296875001796e+02 -4.888709370116967712e+00
4.172530468750001660e+02 -4.888825382696855293e+00
4.172631640625001523e+02 -4.888941395305353765e+00
4.172732812500001955e+02 -4.889057407942459577e+00
4.172833984375001819e+02 -4.889173420608162068e+00
4.172935156250001683e+02 -4.889289433302474563e+00
4.173036328125001546e+02 -4.889405446025397062e+00
4.173137500000001410e+02 -4.889521458776931340e+00
4.173238671875001273e+02 -4.889637471557073845e+00
4.173339843750001137e+02 -4.889753484365820135e+00
4.173441015625001000e+02 -4.889869497203180870e+00
4.173542187500000864e+02 -4.889985510069160490e+00
4.173643359375000728e+02 -4.890101522963747449e+00
4.173744531250000591e+02 -4.890217535886950628e+00
4.173845703125000455e+02 -4.890333548838763811e+00
4.173946875000000318e+02 -4.890449561819203872e+00
4.174048046875000750e+02 -4.890565574828247719e+00
4.174149218750000614e+02 -4.890681587865924662e+00
4.174250390625000477e+02 -4.890797600932215161e+00
4.174351562500000341e+02 -4.890913614027134315e+00
4.174452734375000205e+02 -4.891029627150662584e+00
4.174553906250000068e+02 -4.891145640302820397e+00
4.174655078124999932e+02 -4.891261653483591765e+00
4.174705664062499864e+02 -4.891319660084713306e+00
4.174756249999999795e+02 -4.891377666692992676e+00
4.174806835937499727e+02 -4.891435673308432541e+00
4.174857421874999659e+02 -4.891493679931015137e+00
4.174908007812499591e+02 -4.891551686560775991e+00
4.174958593749999523e+02 -4.891609693197676023e+00
4.175009179687499454e+02 -4.891667699841733885e+00
4.175059765624999386e+02 -4.891725706492952241e+00
4.175110351562499318e+02 -4.891783713151326651e+00
4.175160937499999250e+02 -4.891841719816854450e+00
4.175211523437499181e+02 -4.891899726489554290e+00
4.175262109374999682e+02 -4.891957733169392419e+00
4.175312695312499613e+02 -4.892015739856399925e+00
4.175363281249999545e+02 -4.892073746550562596e+00
4.175413867187499477e+02 -4.892131753251878656e+00
4.175464453124999409e+02 -4.892189759960349882e+00
4.175515039062499341e+02 -4.892247766675989595e+00
4.175565624999999272e+02 -4.892305773398784474e+00
4.175616210937499204e+02 -4.892363780128736295e+00
4.175666796874999136e+02 -4.892421786865846833e+00
4.175717382812499068e+02 -4.892479793610115202e+00
4.175767968749999000e+02 -4.892537800361534295e+00
4.175818554687498931e+02 -4.892595807120122764e+00
4.175869140624998863e+02 -4.892653813885863734e+00
4.175894433593748545e+02 -4.892682817271424511e+00
4.175919726562498795e+02 -4.892711820658769639e+00
4.175945019531249045e+02 -4.892740824047900006e+00
4.175970312499998727e+02 -4.892769827438828933e+00
4.175995605468748977e+02 -4.892798830831542212e+00
4.176020898437498658e+02 -4.892827834226040729e+00
4.176046191406248909e+02 -4.892856837622339583e+00
4.176071484374998590e+02 -4.892885841020426341e+00
4.176096777343748840e+02 -4.892914844420301002e+00
4.176122070312498522e+02 -4.892943847821965342e+00
4.176147363281248772e+02 -4.892972851225419362e+00
4.176172656249998454e+02 -4.893001854630666614e+00
4.176197949218748704e+02 -4.893030858037700881e+00
4.176223242187498386e+02 -4.893059861446521275e+00
4.176248535156248636e+02 -4.893088864857129572e+00
4.176273828124998317e+02 -4.893117868269533766e+00
4.176299121093748568e+02 -4.893146871683722310e+00
4.176324414062498249e+02 -4.893175875099709415e+00
4.176349707031248499e+02 -4.893204878517481760e+00
4.176374999999998181e+02 -4.893233881937050889e+00
4.176400292968748431e+02 -4.893262885358408809e+00
4.176425585937498113e+02 -4.893291888781551968e+00
4.176450878906248363e+02 -4.893320892206477701e+00
4.176476171874998045e+02 -4.893349895633211766e+00
4.176501464843748295e+02 -4.893378899061711529e+00
4.176526757812497976e+02 -4.893407902492019623e+00
4.176552050781248226e+02 -4.893436905924118285e+00
4.176577343749998477e+02 -4.893465909357997745e+00
4.176602636718748158e+02 -4.893494912793681983e+00
4.176627929687498408e+02 -4.893523916231137250e+00
4.176640576171873249e+02 -4.893538417950543007e+00
4.176653222656248090e+02 -4.893552919670389301e+00
4.176665869140622931e+02 -4.893567421390693006e+00
4.176678515624998340e+02 -4.893581923111432808e+00
4.176691162109373181e+02 -4.893596424832629133e+00
4.176703808593748022e+02 -4.893610926554268659e+00
4.176716455078122863e+02 -4.893625428276363820e+00
4.176729101562498272e+02 -4.893639929998895077e+00
4.176741748046873113e+02 -4.893654431721881970e+00
4.176754394531247954e+02 -4.893668933445312064e+00
4.176767041015622794e+02 -4.893683435169186247e+00
4.176779687499998204e+02 -4.893697936893524059e+00
4.176792333984373045e+02 -4.893712438618285532e+00
4.176804980468747885e+02 -4.893726940343507081e+00
4.176817626953122726e+02 -4.893741442069181602e+00
4.176823950195310431e+02 -4.893748692932183175e+00
4.176830273437498136e+02 -4.893755943795299324e+00
4.176836596679685840e+02 -4.893763194658521165e+00
4.176842919921872976e+02 -4.893770445521870904e+00
4.176849243164060681e+02 -4.893777696385317455e+00
4.176855566406248386e+02 -4.893784947248875028e+00
4.176861889648436090e+02 -4.893792198112540959e+00
4.176868212890623795e+02 -4.893799448976335675e+00
4.176874536132811500e+02 -4.893806699840238750e+00
4.176880859374999204e+02 -4.893813950704240412e+00
4.176887182617186909e+02 -4.893821201568357537e+00
4.176893505859374613e+02 -4.893828452432599008e+00
4.176899829101561750e+02 -4.893835703296939954e+00
4.176906152343749454e+02 -4.893842954161392811e+00
4.176912475585937159e+02 -4.893850205025963795e+00
4.176918798828124864e+02 -4.893857455890652020e+00
4.176925122070312568e+02 -4.893864706755438831e+00
4.176931445312500273e+02 -4.893871957620345547e+00
4.176937768554687977e+02 -4.893879208485365062e+00
4.176944091796875682e+02 -4.893886459350490270e+00
4.176950415039062818e+02 -4.893893710215730053e+00
4.176956738281250523e+02 -4.893900961081079082e+00
4.176963061523438228e+02 -4.893908211946554232e+00
4.176969384765625932e+02 -4.893915462812121753e+00
4.176975708007813637e+02 -4.893922713677813618e+00
4.176982031250001342e+02 -4.893929964543611177e+00
4.176988354492189046e+02 -4.893937215409532193e+00
4.176994677734376751e+02 -4.893944466275545579e+00
4.177001000976564455e+02 -4.893951717141689528e+00
4.177007324218751592e+02 -4.893958968007931176e+00
4.177013647460939296e+02 -4.893966218874283847e+00
4.177019970703127001e+02 -4.893973469740765303e+00
4.177026293945314706e+02 -4.893980720607350676e+00
4.177032617187502410e+02 -4.893987971474041743e+00
4.177038940429690115e+02 -4.893995222340853601e+00
4.177045263671877819e+02 -4.894002473207764936e+00
4.177051586914065524e+02 -4.894009724074792622e+00
4.177057910156253229e+02 -4.894016974941940212e+00
4.177064233398440365e+02 -4.894024225809194384e+00
4.177067395019535070e+02 -4.894027851242863214e+00
4.177070556640628070e+02 -4.894031476676566683e+00
4.177073718261722775e+02 -4.894035102110287916e+00
4.177076879882815774e+02 -4.894038727544042011e+00
4.177080041503910479e+02 -4.894042352977819199e+00
4.177083203125003479e+02 -4.894045978411630138e+00
4.177086364746097615e+02 -4.894049603845464169e+00
4.177089526367191183e+02 -4.894053229279333728e+00
4.177092687988285320e+02 -4.894056854713223714e+00
4.177095849609378888e+02 -4.894060480147140346e+00
4.177099011230473025e+02 -4.894064105581097834e+00
4.177102172851566593e+02 -4.894067731015076639e+00
4.177105334472660729e+02 -4.894071356449076760e+00
4.177108496093754297e+02 -4.894074981883112407e+00
4.177111657714848434e+02 -4.894078607317178253e+00
4.177114819335941434e+02 -4.894082232751253869e+00
4.177117980957036139e+02 -4.894085858185380111e+00
4.177121142578129138e+02 -4.894089483619517900e+00
4.177124304199223843e+02 -4.894093109053699209e+00
4.177127465820316843e+02 -4.894096734487897393e+00
4.177129046630864195e+02 -4.894098547205001815e+00
4.177130627441411548e+02 -4.894100359922132881e+00
4.177132208251957763e+02 -4.894102172639255066e+00
4.177133789062504547e+02 -4.894103985356382580e+00
4.177135369873051900e+02 -4.894105798073527858e+00
4.177136950683599252e+02 -4.894107610790667806e+00
4.177138531494145468e+02 -4.894109423507817525e+00
4.177140112304692252e+02 -4.894111236224975237e+00
4.177141693115239605e+02 -4.894113048942143607e+00
4.177143273925786389e+02 -4.894114861659320859e+00
4.177144854736333173e+02 -4.894116674376488341e+00
4.177146435546879957e+02 -4.894118487093684244e+00
4.177148016357427309e+02 -4.894120299810881036e+00
4.177149597167974093e+02 -4.894122112528083157e+00
4.177151177978520877e+02 -4.894123925245295936e+00
4.177151968383794269e+02 -4.894124831603900105e+00
4.177152363586430965e+02 -4.894125284783205743e+00
4.177152758789067661e+02 -4.894125737962509604e+00
4.177153153991704357e+02 -4.894126191141809912e+00
4.177153549194341622e+02 -4.894126644321126207e+00
4.177153944396978318e+02 -4.894127097500424739e+00
4.177154339599614445e+02 -4.894127550679736594e+00
4.177154734802251710e+02 -4.894128003859037790e+00
4.177155130004888974e+02 -4.894128457038346980e+00
4.177155525207525670e+02 -4.894128910217647288e+00
4.177155920410161798e+02 -4.894129363396965360e+00
4.177156315612799062e+02 -4.894129816576268333e+00
4.177156710815436327e+02 -4.894130269755587292e+00
4.177157106018072454e+02 -4.894130722934884936e+00
4.177157501220709150e+02 -4.894131176114199455e+00
4.177157896423346415e+02 -4.894131629293505981e+00
4.177158291625983111e+02 -4.894132082472817835e+00
4.177158686828619807e+02 -4.894132535652127913e+00
4.177159082031256503e+02 -4.894132988831442432e+00
4.177159477233893199e+02 -4.894133442010758728e+00
4.177159872436530463e+02 -4.894133895190070582e+00
4.177160267639167159e+02 -4.894134348369385989e+00
4.177160662841803287e+02 -4.894134801548688074e+00
4.177161058044440551e+02 -4.894135254728012363e+00
4.177161453247077816e+02 -4.894135707907324218e+00
4.177161848449713943e+02 -4.894136161086635184e+00
4.177162243652350639e+02 -4.894136614265947038e+00
4.177162638854987904e+02 -4.894137067445272216e+00
4.177163034057624600e+02 -4.894137520624583182e+00
4.177163429260261296e+02 -4.894137973803902142e+00
4.177163824462897992e+02 -4.894138426983220214e+00
4.177164219665535256e+02 -4.894138880162534733e+00
4.177164614868171952e+02 -4.894139333341854581e+00
4.177165010070808648e+02 -4.894139786521173541e+00
4.177165405273445344e+02 -4.894140239700492501e+00
4.177165800476082040e+02 -4.894140692879804355e+00
4.177166195678719305e+02 -4.894141146059127756e+00
4.177166590881356001e+02 -4.894141599238443163e+00
4.177166986083992128e+02 -4.894142052417763011e+00
4.177167381286629393e+02 -4.894142505597091741e+00
4.177167776489266657e+02 -4.894142958776408925e+00
4.177168171691902785e+02 -4.894143411955723444e+00
4.177168369293220849e+02 -4.894143638545386921e+00
4.177168566894539481e+02 -4.894143865135057503e+00
4.177168764495858113e+02 -4.894144091724717427e+00
4.177168962097176177e+02 -4.894144318314377351e+00
4.177169159698494241e+02 -4.894144544904033722e+00
4.177169357299812305e+02 -4.894144771493701640e+00
4.177169554901130937e+02 -4.894144998083362452e+00
4.177169752502449001e+02 -4.894145224673022376e+00
4.177169950103767064e+02 -4.894145451262684965e+00
4.177170147705085697e+02 -4.894145677852338672e+00
4.177170345306404329e+02 -4.894145904442012807e+00
4.177170542907721824e+02 -4.894146131031670954e+00
4.177170740509039888e+02 -4.894146357621328214e+00
4.177170938110358520e+02 -4.894146584210998796e+00
4.177171135711677152e+02 -4.894146810800650726e+00
4.177171333312995216e+02 -4.894147037390312427e+00
4.177171530914313280e+02 -4.894147263979987450e+00
4.177171728515631344e+02 -4.894147490569647374e+00
4.177171926116949976e+02 -4.894147717159309963e+00
4.177172123718268040e+02 -4.894147943748970775e+00
4.177172321319586104e+02 -4.894148170338636916e+00
4.177172518920904736e+02 -4.894148396928295064e+00
4.177172716522223368e+02 -4.894148623517960317e+00
4.177172914123540863e+02 -4.894148850107626458e+00
4.177173111724858927e+02 -4.894149076697277501e+00
4.177173309326177559e+02 -4.894149303286948971e+00
4.177173506927496192e+02 -4.894149529876613336e+00
4.177173704528814255e+02 -4.894149756466276813e+00
4.177173902130132319e+02 -4.894149983055935849e+00
4.177174099731450383e+02 -4.894150209645606431e+00
4.177174297332769015e+02 -4.894150436235269019e+00
4.177174494934087079e+02 -4.894150662824936937e+00
4.177174692535405143e+02 -4.894150889414592420e+00
4.177174890136723775e+02 -4.894151116004270108e+00
4.177175087738042407e+02 -4.894151342593928256e+00
4.177175285339359903e+02 -4.894151569183596173e+00
4.177175482940677966e+02 -4.894151795773261426e+00
4.177175680541996599e+02 -4.894152022362916021e+00
4.177175878143315231e+02 -4.894152248952586604e+00
4.177176075744633295e+02 -4.894152475542246528e+00
4.177176273345951358e+02 -4.894152702131915333e+00
4.177176470947269991e+02 -4.894152928721588580e+00
4.177176668548588054e+02 -4.894153155311256498e+00
4.177176866149906118e+02 -4.894153381900903987e+00
4.177177063751224182e+02 -4.894153608490580787e+00
4.177177261352542814e+02 -4.894153835080250481e+00
4.177177458953861446e+02 -4.894154061669915734e+00
4.177177656555179510e+02 -4.894154288259575658e+00
4.177177854156497006e+02 -4.894154514849240911e+00
4.177178051757815638e+02 -4.894154741438915046e+00
4.177178249359134270e+02 -4.894154968028567865e+00
4.177178446960452334e+02 -4.894155194618239335e+00
4.177178644561770398e+02 -4.894155421207901924e+00
4.177178842163089030e+02 -4.894155647797573394e+00
4.177179039764407094e+02 -4.894155874387242200e+00
4.177179237365725157e+02 -4.894156100976911006e+00
4.177179434967043221e+02 -4.894156327566573594e+00
4.177179632568361853e+02 -4.894156554156251282e+00
4.177179830169680486e+02 -4.894156780745917423e+00
4.177180027770998549e+02 -4.894157007335580012e+00
4.177180225372316045e+02 -4.894157233925250594e+00
4.177180422973634677e+02 -4.894157460514909630e+00
4.177180521774293993e+02 -4.894157573809743589e+00
4.177180620574953309e+02 -4.894157687104585541e+00
4.177180719375612625e+02 -4.894157800399409730e+00
4.177180818176271941e+02 -4.894157913694249906e+00
4.177180916976931258e+02 -4.894158026989080312e+00
4.177181015777590574e+02 -4.894158140283911607e+00
4.177181114578249890e+02 -4.894158253578750006e+00
4.177181213378909206e+02 -4.894158366873581301e+00
4.177181312179568522e+02 -4.894158480168417036e+00
4.177181410980227838e+02 -4.894158593463250995e+00
4.177181509780886586e+02 -4.894158706758082289e+00
4.177181608581545902e+02 -4.894158820052930459e+00
4.177181707382205218e+02 -4.894158933347759977e+00
4.177181806182864534e+02 -4.894159046642592159e+00
4.177181904983523850e+02 -4.894159159937428782e+00
4.177182003784183166e+02 -4.894159273232272511e+00
4.177182102584842482e+02 -4.894159386527098476e+00
4.177182201385501799e+02 -4.894159499821930659e+00
4.177182300186161115e+02 -4.894159613116764618e+00
4.177182398986820431e+02 -4.894159726411596800e+00
4.177182497787479747e+02 -4.894159839706440529e+00
4.177182596588139063e+02 -4.894159953001262942e+00
4.177182695388797811e+02 -4.894160066296105782e+00
4.177182794189457127e+02 -4.894160179590935300e+00
4.177182892990116443e+02 -4.894160292885766594e+00
4.177182991790775759e+02 -4.894160406180602330e+00
4.177183090591435075e+02 -4.894160519475442506e+00
4.177183189392094391e+02 -4.894160632770274688e+00
4.177183288192753707e+02 -4.894160746065107759e+00
4.177183386993413023e+02 -4.894160859359940829e+00
4.177183485794072340e+02 -4.894160972654786335e+00
4.177183584594731656e+02 -4.894161085949612300e+00
4.177183683395390972e+02 -4.894161199244442706e+00
4.177183782196050288e+02 -4.894161312539288211e+00
4.177183880996709604e+02 -4.894161425834118617e+00
4.177183979797368352e+02 -4.894161539128952576e+00
4.177184078598027668e+02 -4.894161652423791864e+00
4.177184177398686984e+02 -4.894161765718617829e+00
4.177184276199346300e+02 -4.894161879013456229e+00
4.177184375000005616e+02 -4.894161992308285747e+00
4.177184473800664932e+02 -4.894162105603125923e+00
4.177184572601324248e+02 -4.894162218897963434e+00
4.177184671401983564e+02 -4.894162332192806275e+00
4.177184770202642881e+02 -4.894162445487626911e+00
4.177184869003302197e+02 -4.894162558782468864e+00
4.177184967803961513e+02 -4.894162672077303711e+00
4.177185066604620829e+02 -4.894162785372142110e+00
4.177185165405280145e+02 -4.894162898666970740e+00
4.177185214805609235e+02 -4.894162955314389940e+00
4.177185264205938893e+02 -4.894163011961809140e+00
4.177185313606268551e+02 -4.894163068609220346e+00
4.177185363006598209e+02 -4.894163125256641322e+00
4.177185412406927867e+02 -4.894163181904063187e+00
4.177185461807257525e+02 -4.894163238551477058e+00
4.177185511207587183e+02 -4.894163295198902475e+00
4.177185560607916841e+02 -4.894163351846316345e+00
4.177185610008246499e+02 -4.894163408493731993e+00
4.177185659408576157e+02 -4.894163465141147640e+00
4.177185708808905815e+02 -4.894163521788561511e+00
4.177185758209235473e+02 -4.894163578435986928e+00
4.177185807609565131e+02 -4.894163635083407904e+00
4.177185857009894789e+02 -4.894163691730808452e+00
4.177185906410224447e+02 -4.894163748378234757e+00
4.177185955810554105e+02 -4.894163805025648628e+00
4.177186005210883764e+02 -4.894163861673079374e+00
4.177186054611213422e+02 -4.894163918320490581e+00
4.177186104011543080e+02 -4.894163974967904451e+00
4.177186153411872738e+02 -4.894164031615328092e+00
4.177186202812202396e+02 -4.894164088262750845e+00
4.177186252212532054e+02 -4.894164144910161163e+00
4.177186301612861712e+02 -4.894164201557578586e+00
4.177186351013191370e+02 -4.894164258205001339e+00
4.177186400413521028e+02 -4.894164314852411657e+00
4.177186449813850686e+02 -4.894164371499835298e+00
4.177186499214179776e+02 -4.894164428147244728e+00
4.177186548614509434e+02 -4.894164484794672809e+00
4.177186598014839092e+02 -4.894164541442089345e+00
4.177186647415168750e+02 -4.894164598089504103e+00
4.177186696815498408e+02 -4.894164654736922415e+00
4.177186746215828066e+02 -4.894164711384331845e+00
4.177186795616157724e+02 -4.894164768031754598e+00
4.177186845016487382e+02 -4.894164824679184456e+00
4.177186894416817040e+02 -4.894164881326597438e+00
4.177186943817146698e+02 -4.894164937974006868e+00
4.177186993217476356e+02 -4.894164994621431397e+00
4.177187042617806014e+02 -4.894165051268849709e+00
4.177187092018135672e+02 -4.894165107916270685e+00
4.177187141418465330e+02 -4.894165164563686332e+00
4.177187190818794988e+02 -4.894165221211098427e+00
4.177187240219124647e+02 -4.894165277858527396e+00
4.177187289619454305e+02 -4.894165334505943932e+00
4.177187339019783963e+02 -4.894165391153353362e+00
4.177187388420113621e+02 -4.894165447800775226e+00
4.177187437820443279e+02 -4.894165504448197979e+00
4.177187487220772937e+02 -4.894165561095610073e+00
4.177187536621102595e+02 -4.894165617743025720e+00
4.177187586021432253e+02 -4.894165674390441367e+00
4.177187635421761911e+02 -4.894165731037861455e+00
4.177187684822091569e+02 -4.894165787685279767e+00
4.177187734222420659e+02 -4.894165844332709625e+00
4.177187783622750317e+02 -4.894165900980115502e+00
4.177187833023079975e+02 -4.894165957627535590e+00
4.177187882423409633e+02 -4.894166014274956567e+00
4.177187931823739291e+02 -4.894166070922378431e+00
4.177187981224068949e+02 -4.894166127569796743e+00
4.177188030624398607e+02 -4.894166184217214166e+00
4.177188080024728265e+02 -4.894166240864624484e+00
4.177188129425057923e+02 -4.894166297512043684e+00
4.177188178825387581e+02 -4.894166354159466437e+00
4.177188228225717239e+02 -4.894166410806874978e+00
4.177188277626046897e+02 -4.894166467454294178e+00
4.177188327026376555e+02 -4.894166524101711602e+00
4.177188376426706213e+02 -4.894166580749141460e+00
4.177188425827035871e+02 -4.894166637396547337e+00
4.177188475227365529e+02 -4.894166694043970089e+00
4.177188499927530074e+02 -4.894166722367686795e+00
4.177188524627695188e+02 -4.894166782611947042e+00
4.177188549327859732e+02 -4.894166810935638878e+00
4.177188574028024846e+02 -4.894166839259358248e+00
4.177188598728189390e+02 -4.894166867583070513e+00
4.177188623428354504e+02 -4.894166895906781001e+00
4.177188648128519048e+02 -4.894166924230487936e+00
4.177188672828684162e+02 -4.894166952554190431e+00
4.177188697528848706e+02 -4.894166980877910689e+00
4.177188722229013820e+02 -4.894167009201613183e+00
4.177188746929178365e+02 -4.894167037525322783e+00
4.177188771629343478e+02 -4.894167065849033271e+00
4.177188796329508023e+02 -4.894167094172747312e+00
4.177188821029673136e+02 -4.894167122496451583e+00
4.177188845729837681e+02 -4.894167150820156742e+00
4.177188870430002794e+02 -4.894167179143870783e+00
4.177188895130167339e+02 -4.894167207467573277e+00
4.177188895154288844e+02 -4.894167175605860010e+00
4.177188919878574893e+02 -4.894167203988400772e+00
4.177188944626981879e+02 -4.894167232429778025e+00
4.177188969423631875e+02 -4.894167260988808721e+00
4.177188994316766752e+02 -4.894167289783181829e+00
4.177189019402871963e+02 -4.894167318050690163e+00
4.177189044874916704e+02 -4.894167347259509526e+00
4.177189071118841639e+02 -4.894167377353449311e+00
4.177189098906526965e+02 -4.894167409217621056e+00
