2.590000000000000000e+02 -2.773036096529809313e+00
2.615899999999999750e+02 -2.794574209413484223e+00
2.641800000000000068e+02 -2.816123739425707040e+00
2.654749999999999659e+02 -2.826902808271082090e+00
2.667699999999999818e+02 -2.837684758352911008e+00
2.680649999999999977e+02 -2.848469598713351036e+00
2.693600000000000136e+02 -2.859257338422589445e+00
2.706549999999999727e+02 -2.870047986578553534e+00
2.719499999999999886e+02 -2.880841552307466191e+00
2.732450000000000045e+02 -2.891638044763609638e+00
2.745400000000000205e+02 -2.902437473129746426e+00
2.758349999999999795e+02 -2.913239846617028395e+00
2.771299999999999955e+02 -2.924045174465294661e+00
2.784250000000000114e+02 -2.934853465943125794e+00
2.797200000000000273e+02 -2.945664730347985483e+00
2.810149999999999864e+02 -2.956478977006374187e+00
2.823100000000000023e+02 -2.967296215274012550e+00
2.836050000000000182e+02 -2.978116454535879587e+00
2.849000000000000341e+02 -2.988939704206399206e+00
2.861949999999999932e+02 -2.999765973729636936e+00
2.874900000000000091e+02 -3.010595272579332349e+00
2.887850000000000250e+02 -3.021427610259149965e+00
2.900800000000000409e+02 -3.032262996302709901e+00
2.913750000000000000e+02 -3.043101440273901837e+00
2.926700000000000159e+02 -3.053942951766836167e+00
2.939649999999999750e+02 -3.064787540406025634e+00
2.952600000000000477e+02 -3.075635215846734383e+00
2.965550000000000068e+02 -3.086485987774849171e+00
2.978500000000000227e+02 -3.097339865907192458e+00
2.991449999999999818e+02 -3.108196859991656957e+00
3.004400000000000546e+02 -3.119056979807234509e+00
3.017350000000000136e+02 -3.129920235164417086e+00
3.030300000000000296e+02 -3.140786635905020940e+00
3.043249999999999886e+02 -3.151656191902649340e+00
3.056200000000000614e+02 -3.162528913062612634e+00
3.069150000000000205e+02 -3.173404809322269315e+00
3.082100000000000364e+02 -3.184283890650981608e+00
3.095049999999999955e+02 -3.195166167050484063e+00
3.108000000000000682e+02 -3.206051648554859135e+00
3.120950000000000273e+02 -3.216940345230855147e+00
3.133900000000000432e+02 -3.227832267177884518e+00
3.146850000000000023e+02 -3.238727424528301313e+00
3.153324999999999818e+02 -3.244176219655190874e+00
3.159800000000000750e+02 -3.249625827447541582e+00
3.166275000000000546e+02 -3.255076249181222625e+00
3.172750000000000341e+02 -3.260527486134236597e+00
3.179225000000000136e+02 -3.265979539586564506e+00
3.185700000000000500e+02 -3.271432410820429570e+00
3.192175000000000296e+02 -3.276886101120040973e+00
3.198650000000000091e+02 -3.282340611771729311e+00
3.205124999999999886e+02 -3.287795944064018983e+00
3.211600000000000819e+02 -3.293252099287456325e+00
3.218075000000000614e+02 -3.298709078734753941e+00
3.224550000000000409e+02 -3.304166883700796031e+00
3.231025000000000205e+02 -3.309625515482494063e+00
3.237500000000000000e+02 -3.315084975379011034e+00
3.243975000000000364e+02 -3.320545264691571852e+00
3.250450000000000159e+02 -3.326006384723604103e+00
3.256924999999999955e+02 -3.331468336780667006e+00
3.263400000000000318e+02 -3.336931122170454067e+00
3.269875000000000682e+02 -3.342394742202874358e+00
3.276350000000000477e+02 -3.347859198189970353e+00
3.282825000000000273e+02 -3.353324491446013411e+00
3.289300000000000068e+02 -3.358790623287359445e+00
3.295775000000000432e+02 -3.364257595032693171e+00
3.302250000000000227e+02 -3.369725408002727463e+00
3.308725000000000023e+02 -3.375194063520475574e+00
3.315200000000000387e+02 -3.380663562911185416e+00
3.321675000000000750e+02 -3.386133907502205886e+00
3.328150000000000546e+02 -3.391605098623157399e+00
3.334625000000000341e+02 -3.397077137605924779e+00
3.341100000000000136e+02 -3.402550025784565779e+00
3.347575000000000500e+02 -3.408023764495341723e+00
3.354050000000000296e+02 -3.413498355076797885e+00
3.360525000000000091e+02 -3.418973798869729741e+00
3.367000000000000455e+02 -3.424450097217146549e+00
3.373475000000000819e+02 -3.429927251464334859e+00
3.379950000000000614e+02 -3.435405262958796779e+00
3.386425000000000409e+02 -3.440884133050387650e+00
3.392900000000000205e+02 -3.446363863091162383e+00
3.399375000000000568e+02 -3.451844454435429199e+00
3.405850000000000364e+02 -3.457325908439865980e+00
3.412325000000000159e+02 -3.462808226463342631e+00
3.418800000000000523e+02 -3.468291409867118258e+00
3.425275000000000318e+02 -3.473775460014669303e+00
3.431750000000000682e+02 -3.479260378271854748e+00
3.438225000000000477e+02 -3.484746166006735368e+00
3.444700000000000273e+02 -3.490232824589790894e+00
3.451175000000000637e+02 -3.495720355393798329e+00
3.457650000000000432e+02 -3.501208759793819514e+00
3.464125000000000227e+02 -3.506698039167299719e+00
3.470600000000000591e+02 -3.512188194893989923e+00
3.477075000000000387e+02 -3.517679228356025423e+00
3.483550000000000750e+02 -3.523171140937835233e+00
3.490025000000000546e+02 -3.528663934026277094e+00
3.496500000000000341e+02 -3.534157609010508683e+00
3.502975000000000705e+02 -3.539652167282099970e+00
3.509450000000000500e+02 -3.545147610234977709e+00
3.515925000000000296e+02 -3.550643939265467175e+00
3.522400000000000659e+02 -3.556141155772264639e+00
3.528875000000000455e+02 -3.561639261156456904e+00
3.535350000000000819e+02 -3.567138256821517750e+00
3.541825000000000614e+02 -3.572638144173396313e+00
3.548300000000000409e+02 -3.578138924620366090e+00
3.554775000000000773e+02 -3.583640599573170604e+00
3.561250000000000568e+02 -3.589143170444983433e+00
3.567725000000000364e+02 -3.594646638651357584e+00
3.574200000000000728e+02 -3.600151005610324528e+00
3.580675000000000523e+02 -3.605656272742387980e+00
3.587150000000000318e+02 -3.611162441470419981e+00
3.593625000000000682e+02 -3.616669513219811893e+00
3.600100000000000477e+02 -3.622177489418389129e+00
3.606575000000000841e+02 -3.627686371496424922e+00
3.613050000000000637e+02 -3.633196160886773551e+00
3.619525000000000432e+02 -3.638706859024614548e+00
3.626000000000000796e+02 -3.644218467347722701e+00
3.632475000000000591e+02 -3.649730987296354812e+00
3.638950000000000387e+02 -3.655244420313203069e+00
3.645425000000000750e+02 -3.660758767843558914e+00
3.651900000000000546e+02 -3.666274031335147399e+00
3.658375000000000909e+02 -3.671790212238227102e+00
3.664850000000000705e+02 -3.677307312005644313e+00
3.671325000000000500e+02 -3.682825332092701576e+00
3.677800000000000864e+02 -3.688344273957286923e+00
3.684275000000000659e+02 -3.693864139059825913e+00
3.690750000000000455e+02 -3.699384928863262534e+00
3.697225000000000819e+02 -3.704906644833161344e+00
3.703700000000000614e+02 -3.710429288437579132e+00
3.710175000000000978e+02 -3.715952861147209241e+00
3.716650000000000773e+02 -3.721477364435294977e+00
3.723125000000000568e+02 -3.727002799777616726e+00
3.729600000000000932e+02 -3.732529168652677143e+00
3.736075000000000728e+02 -3.738056472541442243e+00
3.742550000000000523e+02 -3.743584712927519487e+00
3.749025000000000318e+02 -3.749113891297211509e+00
3.755500000000000682e+02 -3.754644009139330940e+00
3.761975000000001046e+02 -3.760175067945348282e+00
3.768450000000000841e+02 -3.765707069209413227e+00
3.774925000000000637e+02 -3.771240014428230314e+00
3.781400000000001000e+02 -3.776773905101286299e+00
3.787875000000000796e+02 -3.782308742730528195e+00
3.794350000000000591e+02 -3.787844528820730527e+00
3.800825000000000387e+02 -3.793381264879254644e+00
3.807300000000000750e+02 -3.798918952416147743e+00
3.813775000000001114e+02 -3.804457592944195277e+00
3.820250000000000909e+02 -3.809997187978763300e+00
3.826725000000000705e+02 -3.815537739037980103e+00
3.833200000000001069e+02 -3.821079247642666488e+00
3.839675000000000864e+02 -3.826621715316336214e+00
3.846150000000000659e+02 -3.832165143585280820e+00
3.852625000000000455e+02 -3.837709533978429288e+00
3.859100000000000819e+02 -3.843254888027495486e+00
3.865575000000001182e+02 -3.848801207266898228e+00
3.872050000000000978e+02 -3.854348493233839434e+00
3.878525000000000773e+02 -3.859896747468240630e+00
3.885000000000001137e+02 -3.865445971512787349e+00
3.891475000000000932e+02 -3.870996166912956671e+00
3.897950000000000728e+02 -3.876547335216968815e+00
3.901187500000000341e+02 -3.879323284692492102e+00
3.904425000000000523e+02 -3.882099477975834656e+00
3.907662500000000136e+02 -3.884875915261276180e+00
3.910900000000000318e+02 -3.887652596743362832e+00
3.914137499999999932e+02 -3.890429522616701163e+00
3.917375000000000682e+02 -3.893206693076148195e+00
3.920612499999999727e+02 -3.895984108316712824e+00
3.923850000000000477e+02 -3.898761768533594019e+00
3.927087499999999523e+02 -3.901539673922145735e+00
3.930325000000000273e+02 -3.904317824677904447e+00
3.933562499999999318e+02 -3.907096220996621572e+00
3.936800000000000068e+02 -3.909874863074144447e+00
3.940037499999999682e+02 -3.912653751106558886e+00
3.943274999999999864e+02 -3.915432885290132337e+00
3.946512499999999477e+02 -3.918212265821254370e+00
3.949749999999999659e+02 -3.920991892896548592e+00
3.952987499999999272e+02 -3.923771766712803810e+00
3.956224999999999454e+02 -3.926551887466965596e+00
3.959462499999999068e+02 -3.929332255356168702e+00
3.962699999999999250e+02 -3.932112870577727737e+00
3.965937499999998863e+02 -3.934893733329143384e+00
3.969174999999999613e+02 -3.937674843808099734e+00
3.972412499999998658e+02 -3.940456202212390568e+00
3.975649999999999409e+02 -3.943237808740116535e+00
3.978887499999998454e+02 -3.946019663589463100e+00
3.982124999999999204e+02 -3.948801766958822235e+00
3.985362499999998249e+02 -3.951584119046751109e+00
3.988599999999999000e+02 -3.954366720051992079e+00
3.991837499999998045e+02 -3.957149570173513542e+00
3.995074999999998795e+02 -3.959932669610410905e+00
3.998312499999998408e+02 -3.962716018561985187e+00
4.001549999999998590e+02 -3.965499617227705720e+00
4.004787499999998204e+02 -3.968283465807211474e+00
4.008024999999998386e+02 -3.971067564500361247e+00
4.011262499999997999e+02 -3.973851913507200351e+00
4.014499999999998181e+02 -3.976636513027856257e+00
4.017737499999997794e+02 -3.979421363262780176e+00
4.020974999999997976e+02 -3.982206464412547220e+00
4.024212499999997590e+02 -3.984991816677850629e+00
4.027449999999998340e+02 -3.987777420259650540e+00
4.030687499999997385e+02 -3.990563275359066520e+00
4.033924999999998136e+02 -3.993349382177449058e+00
4.037162499999997181e+02 -3.996135740916191281e+00
4.040399999999997931e+02 -3.998922351777059347e+00
4.043637499999996976e+02 -4.001709214961827854e+00
4.046874999999997726e+02 -4.004496330672592919e+00
4.050112499999996771e+02 -4.007283699111539477e+00
4.053349999999997522e+02 -4.010071320481107371e+00
4.056587499999997135e+02 -4.012859194983859901e+00
4.059824999999997317e+02 -4.015647322822625931e+00
4.061443749999996840e+02 -4.017041481806431058e+00
4.063062499999996930e+02 -4.018435704200329361e+00
4.064681249999997021e+02 -4.019829990029763600e+00
4.066299999999997112e+02 -4.021224339320144558e+00
4.067918749999997203e+02 -4.022618752096872363e+00
4.069537499999996726e+02 -4.024013228385384444e+00
4.071156249999996817e+02 -4.025407768211162640e+00
4.072774999999996908e+02 -4.026802371599625729e+00
4.074393749999996999e+02 -4.028197038576272426e+00
4.076012499999996521e+02 -4.029591769166549042e+00
4.077631249999996612e+02 -4.030986563395970279e+00
4.079249999999997272e+02 -4.032381421290052614e+00
4.080868749999996794e+02 -4.033776342874300092e+00
4.082487499999996317e+02 -4.035171328174230077e+00
4.084106249999996407e+02 -4.036566377215395462e+00
4.085724999999997067e+02 -4.037961490023366906e+00
4.087343749999996589e+02 -4.039356666623657333e+00
4.088962499999996112e+02 -4.040751907041905788e+00
4.090581249999996203e+02 -4.042147211303664278e+00
4.092199999999996862e+02 -4.043542579434494577e+00
4.093818749999996385e+02 -4.044938011460110339e+00
4.095437499999995907e+02 -4.046333507406040475e+00
4.097056249999996567e+02 -4.047729067297971106e+00
4.098674999999996658e+02 -4.049124691161518186e+00
4.100293749999996180e+02 -4.050520379022338524e+00
4.101912499999995703e+02 -4.051916130906147551e+00
4.103531249999996362e+02 -4.053311946838573654e+00
4.105149999999996453e+02 -4.054707826845336704e+00
4.105959374999996498e+02 -4.055405790884622164e+00
4.106768749999995975e+02 -4.056103770952131704e+00
4.107578124999996589e+02 -4.056801767051079644e+00
4.108387499999997203e+02 -4.057499779184690958e+00
4.109196874999996680e+02 -4.058197807356168418e+00
4.110006249999996726e+02 -4.058895851568749436e+00
4.110815624999996771e+02 -4.059593911825621682e+00
4.111624999999997385e+02 -4.060291988130019902e+00
4.112434374999997431e+02 -4.060990080485143316e+00
4.113243749999996908e+02 -4.061688188894259532e+00
4.114053124999997522e+02 -4.062386313360560663e+00
4.114862499999998136e+02 -4.063084453887265468e+00
4.115671874999997613e+02 -4.063782610477595370e+00
4.116481249999997658e+02 -4.064480783134771791e+00
4.117290624999998272e+02 -4.065178971862035695e+00
4.118099999999998317e+02 -4.065877176662594294e+00
4.118909374999998363e+02 -4.066575397539683223e+00
4.119718749999998408e+02 -4.067273634496525681e+00
4.120528124999998454e+02 -4.067971887536349307e+00
4.121337499999999068e+02 -4.068670156662382631e+00
4.122146874999998545e+02 -4.069368441877862175e+00
4.122956249999998590e+02 -4.070066743186007585e+00
4.123765624999999204e+02 -4.070765060590042950e+00
4.124574999999999250e+02 -4.071463394093202126e+00
4.125384374999999295e+02 -4.072161743698733183e+00
4.126193749999999341e+02 -4.072860109409833562e+00
4.127003124999999386e+02 -4.073558491229749556e+00
4.127812500000000000e+02 -4.074256889161769202e+00
4.128621875000000045e+02 -4.074955303209055302e+00
4.129431249999999523e+02 -4.075653733374839049e+00
4.130240625000000136e+02 -4.076352179662406705e+00
4.131050000000000750e+02 -4.077050642074967257e+00
4.131859375000000227e+02 -4.077749120615798972e+00
4.132668750000000273e+02 -4.078447615288087746e+00
4.133478125000000318e+02 -4.079146126095071878e+00
4.134287500000000932e+02 -4.079844653040012759e+00
4.135096875000000978e+02 -4.080543196126158456e+00
4.135906250000000455e+02 -4.081241755356757039e+00
4.136715625000001069e+02 -4.081940330734973976e+00
4.137525000000001683e+02 -4.082638922264176351e+00
4.138334375000001160e+02 -4.083337529947507427e+00
4.139143750000001205e+02 -4.084036153788269452e+00
4.139953125000001819e+02 -4.084734793789640328e+00
4.140762500000001864e+02 -4.085433449954942731e+00
4.141571875000001910e+02 -4.086132122287379431e+00
4.142381250000001955e+02 -4.086830810790217150e+00
4.143190625000002001e+02 -4.087529515466689745e+00
4.144000000000002615e+02 -4.088228236320050613e+00
4.144809375000002092e+02 -4.088926973353542493e+00
4.145618750000002137e+02 -4.089625726570419673e+00
4.146428125000002751e+02 -4.090324495973951535e+00
4.147237500000002797e+02 -4.091023281567360392e+00
4.148046875000002842e+02 -4.091722083353933392e+00
4.148856250000002888e+02 -4.092420901336872419e+00
4.149665625000002933e+02 -4.093119735519485936e+00
4.150475000000003547e+02 -4.093818585904972274e+00
4.151284375000003593e+02 -4.094517452496658549e+00
4.152093750000003070e+02 -4.095216335297756416e+00
4.152903125000003683e+02 -4.095915234311516606e+00
4.153712500000004297e+02 -4.096614149541210281e+00
4.154521875000003774e+02 -4.097313080990103273e+00
4.155331250000003820e+02 -4.098012028661417006e+00
4.155735937500003843e+02 -4.098361508581509050e+00
4.156140625000003865e+02 -4.098710992558447508e+00
4.156545312500003888e+02 -4.099060480592624955e+00
4.156950000000003342e+02 -4.099409972684463277e+00
4.157354687500003365e+02 -4.099759468834333731e+00
4.157759375000003956e+02 -4.100108969042691065e+00
4.158164062500003411e+02 -4.100458473309928742e+00
4.158568750000002865e+02 -4.100807981636418020e+00
4.158973437500003456e+02 -4.101157494022609207e+00
4.159378125000003479e+02 -4.101507010468918857e+00
4.159782812500002933e+02 -4.101856530975726223e+00
4.160187500000002956e+02 -4.102206055543438090e+00
4.160592187500002979e+02 -4.102555584172462133e+00
4.160996875000003001e+02 -4.102905116863230894e+00
4.161401562500003024e+02 -4.103254653616130732e+00
4.161806250000002478e+02 -4.103604194431557772e+00
4.162210937500002501e+02 -4.103953739309972093e+00
4.162615625000003092e+02 -4.104303288251728077e+00
4.163020312500002547e+02 -4.104652841257255602e+00
4.163425000000002001e+02 -4.105002398326965007e+00
4.163829687500002592e+02 -4.105351959461284395e+00
4.164234375000002615e+02 -4.105701524660571700e+00
4.164639062500002069e+02 -4.106051093925265683e+00
4.165043750000001523e+02 -4.106400667255790893e+00
4.165448437500002115e+02 -4.106750244652539905e+00
4.165853125000002137e+02 -4.107099826115904406e+00
4.166257812500001592e+02 -4.107449411646308057e+00
4.166662500000001614e+02 -4.107799001244148762e+00
4.167067187500001637e+02 -4.108148594909868834e+00
4.167471875000001660e+02 -4.108498192643844860e+00
4.167876562500001683e+02 -4.108847794446507606e+00
4.168281250000001137e+02 -4.109197400318253202e+00
4.168685937500001160e+02 -4.109547010259470667e+00
4.169090625000001751e+02 -4.109896624270604981e+00
4.169495312500001205e+02 -4.110246242352063817e+00
4.169697656250000932e+02 -4.110421052919274842e+00
4.169900000000001228e+02 -4.110595864504215768e+00
4.170102343750001523e+02 -4.110770677106958537e+00
4.170304687500001819e+02 -4.110945490727538676e+00
4.170507031250001546e+02 -4.111120305365968619e+00
4.170709375000001842e+02 -4.111295121022354948e+00
4.170911718750002137e+02 -4.111469937696723420e+00
4.171114062500001864e+02 -4.111644755389137096e+00
4.171316406250001592e+02 -4.111819574099643049e+00
4.171518750000002456e+02 -4.111994393828282135e+00
4.171721093750002751e+02 -4.112169214575129850e+00
4.171923437500002478e+02 -4.112344036340182640e+00
4.172024609375002342e+02 -4.112431447604596890e+00
4.172125781250002206e+02 -4.112518859123562187e+00
4.172226953125002069e+02 -4.112606270897108729e+00
4.172328125000001933e+02 -4.112693682925278260e+00
4.172429296875001796e+02 -4.112781095208021931e+00
4.172530468750001660e+02 -4.112868507745366387e+00
4.172631640625001523e+02 -4.112955920537356036e+00
4.172732812500001955e+02 -4.113043333583949135e+00
4.172833984375001819e+02 -4.113130746885161670e+00
4.172935156250001683e+02 -4.113218160441004301e+00
4.173036328125001546e+02 -4.113305574251472585e+00
4.173137500000001410e+02 -4.113392988316618037e+00
4.173238671875001273e+02 -4.113480402636394473e+00
4.173339843750001137e+02 -4.113567817210826760e+00
4.173441015625001000e+02 -4.113655232039914011e+00
4.173542187500000864e+02 -4.113742647123693530e+00
4.173643359375000728e+02 -4.113830062462128900e+00
4.173744531250000591e+02 -4.113917478055245880e+00
4.173845703125000455e+02 -4.114004893903053350e+00
4.173946875000000318e+02 -4.114092310005574404e+00
4.174048046875000750e+02 -4.114179726362771738e+00
4.174149218750000614e+02 -4.114267142974679992e+00
4.174250390625000477e+02 -4.114354559841316039e+00
4.174351562500000341e+02 -4.114441976962669223e+00
4.174452734375000205e+02 -4.114529394338767965e+00
4.174553906250000068e+02 -4.114616811969584731e+00
4.174655078124999932e+02 -4.114704229855121298e+00
4.174705664062499864e+02 -4.114747938893442480e+00
4.174756249999999795e+02 -4.114791647995420298e+00
4.174806835937499727e+02 -4.114835357161116036e+00
4.174857421874999659e+02 -4.114879066390469298e+00
4.174908007812499591e+02 -4.114922775683538703e+00
4.174958593749999523e+02 -4.114966485040295829e+00
4.175009179687499454e+02 -4.115010194460733572e+00
4.175059765624999386e+02 -4.115053903944872360e+00
4.175110351562499318e+02 -4.115097613492708639e+00
4.175160937499999250e+02 -4.115141323104205107e+00
4.175211523437499181e+02 -4.115185032779444363e+00
4.175262109374999682e+02 -4.115228742518344696e+00
4.175312695312499613e+02 -4.115272452320938079e+00
4.175363281249999545e+02 -4.115316162187261817e+00
4.175413867187499477e+02 -4.115359872117273277e+00
4.175464453124999409e+02 -4.115403582110960912e+00
4.175515039062499341e+02 -4.115447292168346927e+00
4.175565624999999272e+02 -4.115491002289462408e+00
4.175616210937499204e+02 -4.115534712474262058e+00
4.175666796874999136e+02 -4.115578422722781404e+00
4.175717382812499068e+02 -4.115622133034989361e+00
4.175767968749999000e+02 -4.115665843410880598e+00
4.175818554687498931e+02 -4.115709553850503077e+00
4.175869140624998863e+02 -4.115753264353846141e+00
4.175894433593748545e+02 -4.115775119629377699e+00
4.175919726562498795e+02 -4.115796974920836959e+00
4.175945019531249045e+02 -4.115818830228243463e+00
4.175970312499998727e+02 -4.115840685551572342e+00
4.175995605468748977e+02 -4.115862540890812937e+00
4.176020898437498658e+02 -4.115884396246028309e+00
4.176046191406248909e+02 -4.115906251617118095e+00
4.176071484374998590e+02 -4.115928107004164005e+00
4.176096777343748840e+02 -4.115949962407121632e+00
4.176122070312498522e+02 -4.115971817826006074e+00
4.176147363281248772e+02 -4.115993673260824437e+00
4.176172656249998454e+02 -4.116015528711588267e+00
4.176197949218748704e+02 -4.116037384178254044e+00
4.176223242187498386e+02 -4.116059239660850189e+00
4.176248535156248636e+02 -4.116081095159375813e+00
4.176273828124998317e+02 -4.116102950673850458e+00
4.176299121093748568e+02 -4.116124806204226161e+00
4.176324414062498249e+02 -4.116146661750535785e+00
4.176349707031248499e+02 -4.116168517312773112e+00
4.176374999999998181e+02 -4.116190372890951465e+00
4.176400292968748431e+02 -4.116212228485070845e+00
4.176425585937498113e+02 -4.116234084095095724e+00
4.176450878906248363e+02 -4.116255939721032320e+00
4.176476171874998045e+02 -4.116277795362946357e+00
4.176501464843748295e+02 -4.116299651020733030e+00
4.176526757812497976e+02 -4.116321506694478494e+00
4.176552050781248226e+02 -4.116343362384170312e+00
4.176577343749998477e+02 -4.116365218089752531e+00
4.176602636718748158e+02 -4.116387073811310415e+00
4.176627929687498408e+02 -4.116408929548726725e+00
4.176640576171873249e+02 -4.116419857423445627e+00
4.176653222656248090e+02 -4.116430785302133799e+00
4.176665869140622931e+02 -4.116441713184809004e+00
4.176678515624998340e+02 -4.116452641071455254e+00
4.176691162109373181e+02 -4.116463568962075215e+00
4.176703808593748022e+02 -4.116474496856691978e+00
4.176716455078122863e+02 -4.116485424755302880e+00
4.176729101562498272e+02 -4.116496352657884827e+00
4.176741748046873113e+02 -4.116507280564441373e+00
4.176754394531247954e+02 -4.116518208474991170e+00
4.176767041015622794e+02 -4.116529136389526222e+00
4.176779687499998204e+02 -4.116540064308027880e+00
4.176792333984373045e+02 -4.116550992230516570e+00
4.176804980468747885e+02 -4.116561920156987853e+00
4.176817626953122726e+02 -4.116572848087447944e+00
4.176823950195310431e+02 -4.116578312054183009e+00
4.176830273437498136e+02 -4.116583776021894181e+00
4.176836596679685840e+02 -4.116589239990591231e+00
4.176842919921872976e+02 -4.116594703960322121e+00
4.176849243164060681e+02 -4.116600167931031784e+00
4.176855566406248386e+02 -4.116605631902728213e+00
4.176861889648436090e+02 -4.116611095875409632e+00
4.176868212890623795e+02 -4.116616559849121337e+00
4.176874536132811500e+02 -4.116622023823802046e+00
4.176880859374999204e+02 -4.116627487799481955e+00
4.176887182617186909e+02 -4.116632951776147742e+00
4.176893505859374613e+02 -4.116638415753830493e+00
4.176899829101561750e+02 -4.116643879732499123e+00
4.176906152343749454e+02 -4.116649343712149189e+00
4.176912475585937159e+02 -4.116654807692824214e+00
4.176918798828124864e+02 -4.116660271674495775e+00
4.176925122070312568e+02 -4.116665735657142555e+00
4.176931445312500273e+02 -4.116671199640780543e+00
4.176937768554687977e+02 -4.116676663625435495e+00
4.176944091796875682e+02 -4.116682127611071884e+00
4.176950415039062818e+02 -4.116687591597695928e+00
4.176956738281250523e+02 -4.116693055585319172e+00
4.176963061523438228e+02 -4.116698519573985138e+00
4.176969384765625932e+02 -4.116703983563572145e+00
4.176975708007813637e+02 -4.116709447554208978e+00
4.176982031250001342e+02 -4.116714911545818367e+00
4.176988354492189046e+02 -4.116720375538439392e+00
4.176994677734376751e+02 -4.116725839532031195e+00
4.177001000976564455e+02 -4.116731303526655061e+00
4.177007324218751592e+02 -4.116736767522238161e+00
4.177013647460939296e+02 -4.116742231518818684e+00
4.177019970703127001e+02 -4.116747695516417060e+00
4.177026293945314706e+02 -4.116753159514996874e+00
4.177032617187502410e+02 -4.116758623514587434e+00
4.177038940429690115e+02 -4.116764087515162984e+00
4.177045263671877819e+02 -4.116769551516727077e+00
4.177051586914065524e+02 -4.116775015519284153e+00
4.177057910156253229e+02 -4.116780479522844871e+00
4.177064233398440365e+02 -4.116785943527403013e+00
4.177067395019535070e+02 -4.116788675530050234e+00
4.177070556640628070e+02 -4.116791407532980784e+00
4.177073718261722775e+02 -4.116794139536129826e+00
4.177076879882815774e+02 -4.116796871539514235e+00
4.177080041503910479e+02 -4.116799603543140229e+00
4.177083203125003479e+02 -4.116802335547051328e+00
4.177086364746097615e+02 -4.116805067551208452e+00
4.177089526367191183e+02 -4.116807799555587621e+00
4.177092687988285320e+02 -4.116810531560255448e+00
4.177095849609378888e+02 -4.116813263565124892e+00
4.177099011230473025e+02 -4.116815995570273223e+00
4.177102172851566593e+02 -4.116818727575671133e+00
4.177105334472660729e+02 -4.116821459581315068e+00
4.177108496093754297e+02 -4.116824191587182824e+00
4.177111657714848434e+02 -4.116826923593342791e+00
4.177114819335941434e+02 -4.116829655599713256e+00
4.177117980957036139e+02 -4.116832387606347510e+00
4.177121142578129138e+02 -4.116835119613239335e+00
4.177124304199223843e+02 -4.116837851620359423e+00
4.177127465820316843e+02 -4.116840583627752181e+00
4.177129046630864195e+02 -4.116841949631528941e+00
4.177130627441411548e+02 -4.116843315635388301e+00
4.177132208251957763e+02 -4.116844681639300063e+00
4.177133789062504547e+02 -4.116846047643255346e+00
4.177135369873051900e+02 -4.116847413647295006e+00
4.177136950683599252e+02 -4.116848779651399504e+00
4.177138531494145468e+02 -4.116850145655542192e+00
4.177140112304692252e+02 -4.116851511659739948e+00
4.177141693115239605e+02 -4.116852877664055832e+00
4.177143273925786389e+02 -4.116854243668398361e+00
4.177144854736333173e+02 -4.116855609672780858e+00
4.177146435546879957e+02 -4.116856975677264607e+00
4.177148016357427309e+02 -4.116858341681782996e+00
4.177149597167974093e+02 -4.116859707686383096e+00
4.177151177978520877e+02 -4.116861073691048922e+00
4.177151968383794269e+02 -4.116861756693409369e+00
4.177152363586430965e+02 -4.116862098194581598e+00
4.177152758789067661e+02 -4.116862439695771592e+00
4.177153153991704357e+02 -4.116862781196946486e+00
4.177153549194341622e+02 -4.116863122698161348e+00
4.177153944396978318e+02 -4.116863464199346900e+00
4.177154339599614445e+02 -4.116863805700554657e+00
4.177154734802251710e+02 -4.116864147201760638e+00
4.177155130004888974e+02 -4.116864488702955960e+00
4.177155525207525670e+02 -4.116864830204157499e+00
4.177155920410161798e+02 -4.116865171705386572e+00
4.177156315612799062e+02 -4.116865513206609428e+00
4.177156710815436327e+02 -4.116865854707845607e+00
4.177157106018072454e+02 -4.116866196209064910e+00
4.177157501220709150e+02 -4.116866537710295759e+00
4.177157896423346415e+02 -4.116866879211535490e+00
4.177158291625983111e+02 -4.116867220712772557e+00
4.177158686828619807e+02 -4.116867562214010512e+00
4.177159082031256503e+02 -4.116867903715262678e+00
4.177159477233893199e+02 -4.116868245216533495e+00
4.177159872436530463e+02 -4.116868586717768785e+00
4.177160267639167159e+02 -4.116868928219032497e+00
4.177160662841803287e+02 -4.116869269720287328e+00
4.177161058044440551e+02 -4.116869611221559921e+00
4.177161453247077816e+02 -4.116869952722818304e+00
4.177161848449713943e+02 -4.116870294224099780e+00
4.177162243652350639e+02 -4.116870635725368821e+00
4.177162638854987904e+02 -4.116870977226685824e+00
4.177163034057624600e+02 -4.116871318727961970e+00
4.177163429260261296e+02 -4.116871660229236340e+00
4.177163824462897992e+02 -4.116872001730531139e+00
4.177164219665535256e+02 -4.116872343231842812e+00
4.177164614868171952e+02 -4.116872684733134058e+00
4.177165010070808648e+02 -4.116873026234431521e+00
4.177165405273445344e+02 -4.116873367735754741e+00
4.177165800476082040e+02 -4.116873709237043322e+00
4.177166195678719305e+02 -4.116874050738384305e+00
4.177166590881356001e+02 -4.116874392239696867e+00
4.177166986083992128e+02 -4.116874733741023640e+00
4.177167381286629393e+02 -4.116875075242345972e+00
4.177167776489266657e+02 -4.116875416743682514e+00
4.177168171691902785e+02 -4.116875758245009287e+00
4.177168369293220849e+02 -4.116875928995686884e+00
4.177168566894539481e+02 -4.116876099746373363e+00
4.177168764495858113e+02 -4.116876270497058954e+00
4.177168962097176177e+02 -4.116876441247721452e+00
4.177169159698494241e+02 -4.116876611998387503e+00
4.177169357299812305e+02 -4.116876782749070429e+00
4.177169554901130937e+02 -4.116876953499724046e+00
4.177169752502449001e+02 -4.116877124250413189e+00
4.177169950103767064e+02 -4.116877295001097004e+00
4.177170147705085697e+02 -4.116877465751761278e+00
4.177170345306404329e+02 -4.116877636502463744e+00
4.177170542907721824e+02 -4.116877807253130683e+00
4.177170740509039888e+02 -4.116877978003812721e+00
4.177170938110358520e+02 -4.116878148754520517e+00
4.177171135711677152e+02 -4.116878319505161699e+00
4.177171333312995216e+02 -4.116878490255856171e+00
4.177171530914313280e+02 -4.116878661006555973e+00
4.177171728515631344e+02 -4.116878831757250445e+00
4.177171926116949976e+02 -4.116879002507920937e+00
4.177172123718268040e+02 -4.116879173258605640e+00
4.177172321319586104e+02 -4.116879344009304553e+00
4.177172518920904736e+02 -4.116879514759987480e+00
4.177172716522223368e+02 -4.116879685510686393e+00
4.177172914123540863e+02 -4.116879856261366655e+00
4.177173111724858927e+02 -4.116880027012064680e+00
4.177173309326177559e+02 -4.116880197762759153e+00
4.177173506927496192e+02 -4.116880368513460731e+00
4.177173704528814255e+02 -4.116880539264144545e+00
4.177173902130132319e+02 -4.116880710014854117e+00
4.177174099731450383e+02 -4.116880880765533490e+00
4.177174297332769015e+02 -4.116881051516237733e+00
4.177174494934087079e+02 -4.116881222266948193e+00
4.177174692535405143e+02 -4.116881393017621349e+00
4.177174890136723775e+02 -4.116881563768356678e+00
4.177175087738042407e+02 -4.116881734519055591e+00
4.177175285339359903e+02 -4.116881905269751840e+00
4.177175482940677966e+02 -4.116882076020470294e+00
4.177175680541996599e+02 -4.116882246771159437e+00
4.177175878143315231e+02 -4.116882417521868121e+00
4.177176075744633295e+02 -4.116882588272577692e+00
4.177176273345951358e+02 -4.116882759023287264e+00
4.177176470947269991e+02 -4.116882929774011934e+00
4.177176668548588054e+02 -4.116883100524717953e+00
4.177176866149906118e+02 -4.116883271275413314e+00
4.177177063751224182e+02 -4.116883442026129991e+00
4.177177261352542814e+02 -4.116883612776853774e+00
4.177177458953861446e+02 -4.116883783527563345e+00
4.177177656555179510e+02 -4.116883954278278246e+00
4.177177854156497006e+02 -4.116884125028993147e+00
4.177178051757815638e+02 -4.116884295779716041e+00
4.177178249359134270e+02 -4.116884466530407849e+00
4.177178446960452334e+02 -4.116884637281145842e+00
4.177178644561770398e+02 -4.116884808031868737e+00
4.177178842163089030e+02 -4.116884978782591631e+00
4.177179039764407094e+02 -4.116885149533307420e+00
4.177179237365725157e+02 -4.116885320284056959e+00
4.177179434967043221e+02 -4.116885491034762090e+00
4.177179632568361853e+02 -4.116885661785512518e+00
4.177179830169680486e+02 -4.116885832536225642e+00
4.177180027770998549e+02 -4.116886003286949425e+00
4.177180225372316045e+02 -4.116886174037660773e+00
4.177180422973634677e+02 -4.116886344788401431e+00
4.177180521774293993e+02 -4.116886430163768651e+00
4.177180620574953309e+02 -4.116886515539133207e+00
4.177180719375612625e+02 -4.116886600914472005e+00
4.177180818176271941e+02 -4.116886686289873865e+00
4.177180916976931258e+02 -4.116886771665220657e+00
4.177181015777590574e+02 -4.116886857040597647e+00
4.177181114578249890e+02 -4.116886942415962203e+00
4.177181213378909206e+02 -4.116887027791322318e+00
4.177181312179568522e+02 -4.116887113166683321e+00
4.177181410980227838e+02 -4.116887198542066528e+00
4.177181509780886586e+02 -4.116887283917426643e+00
4.177181608581545902e+02 -4.116887369292807186e+00
4.177181707382205218e+02 -4.116887454668170854e+00
4.177181806182864534e+02 -4.116887540043538074e+00
4.177181904983523850e+02 -4.116887625418901742e+00
4.177182003784183166e+02 -4.116887710794278732e+00
4.177182102584842482e+02 -4.116887796169650393e+00
4.177182201385501799e+02 -4.116887881545006955e+00
4.177182300186161115e+02 -4.116887966920367070e+00
4.177182398986820431e+02 -4.116888052295752054e+00
4.177182497787479747e+02 -4.116888137671124603e+00
4.177182596588139063e+02 -4.116888223046482054e+00
4.177182695388797811e+02 -4.116888308421869702e+00
4.177182794189457127e+02 -4.116888393797220047e+00
4.177182892990116443e+02 -4.116888479172583715e+00
4.177182991790775759e+02 -4.116888564547967810e+00
4.177183090591435075e+02 -4.116888649923336807e+00
4.177183189392094391e+02 -4.116888735298717350e+00
4.177183288192753707e+02 -4.116888820674086347e+00
4.177183386993413023e+02 -4.116888906049451791e+00
4.177183485794072340e+02 -4.116888991424837663e+00
4.177183584594731656e+02 -4.116889076800188896e+00
4.177183683395390972e+02 -4.116889162175558781e+00
4.177183782196050288e+02 -4.116889247550943765e+00
4.177183880996709604e+02 -4.116889332926318090e+00
4.177183979797368352e+02 -4.116889418301678205e+00
4.177184078598027668e+02 -4.116889503677086282e+00
4.177184177398686984e+02 -4.116889589052431297e+00
4.177184276199346300e+02 -4.116889674427817170e+00
4.177184375000005616e+02 -4.116889759803193272e+00
4.177184473800664932e+02 -4.116889845178575591e+00
4.177184572601324248e+02 -4.116889930553940147e+00
4.177184671401983564e+02 -4.116890015929324242e+00
4.177184770202642881e+02 -4.116890101304685246e+00
4.177184869003302197e+02 -4.116890186680069341e+00
4.177184967803961513e+02 -4.116890272055443667e+00
4.177185066604620829e+02 -4.116890357430810887e+00
4.177185165405280145e+02 -4.116890442806188766e+00
4.177185214805609235e+02 -4.116890485493899909e+00
4.177185264205938893e+02 -4.116890528181556874e+00
4.177185313606268551e+02 -4.116890570869239596e+00
4.177185363006598209e+02 -4.116890613556956069e+00
4.177185412406927867e+02 -4.116890656244645008e+00
4.177185461807257525e+02 -4.116890698932327730e+00
4.177185511207587183e+02 -4.116890741620023775e+00
4.177185560607916841e+02 -4.116890784307702056e+00
4.177185610008246499e+02 -4.116890826995386554e+00
4.177185659408576157e+02 -4.116890869683071941e+00
4.177185708808905815e+02 -4.116890912370775091e+00
4.177185758209235473e+02 -4.116890955058450707e+00
4.177185807609565131e+02 -4.116890997746166292e+00
4.177185857009894789e+02 -4.116891040433818816e+00
4.177185906410224447e+02 -4.116891083121519301e+00
4.177185955810554105e+02 -4.116891125809209129e+00
4.177186005210883764e+02 -4.116891168496922937e+00
4.177186054611213422e+02 -4.116891211184601218e+00
4.177186104011543080e+02 -4.116891253872270617e+00
4.177186153411872738e+02 -4.116891296559977320e+00
4.177186202812202396e+02 -4.116891339247681358e+00
4.177186252212532054e+02 -4.116891381935352534e+00
4.177186301612861712e+02 -4.116891424623031703e+00
4.177186351013191370e+02 -4.116891467310745512e+00
4.177186400413521028e+02 -4.116891509998409582e+00
4.177186449813850686e+02 -4.116891552686107403e+00
4.177186499214179776e+02 -4.116891595373790125e+00
4.177186548614509434e+02 -4.116891638061497716e+00
4.177186598014839092e+02 -4.116891680749178661e+00
4.177186647415168750e+02 -4.116891723436886252e+00
4.177186696815498408e+02 -4.116891766124562757e+00
4.177186746215828066e+02 -4.116891808812230380e+00
4.177186795616157724e+02 -4.116891851499932642e+00
4.177186845016487382e+02 -4.116891894187660661e+00
4.177186894416817040e+02 -4.116891936875320290e+00
4.177186943817146698e+02 -4.116891979563010118e+00
4.177186993217476356e+02 -4.116892022250707939e+00
4.177187042617806014e+02 -4.116892064938399542e+00
4.177187092018135672e+02 -4.116892107626073383e+00
4.177187141418465330e+02 -4.116892150313791632e+00
4.177187190818794988e+02 -4.116892193001459255e+00
4.177187240219124647e+02 -4.116892235689151747e+00
4.177187289619454305e+02 -4.116892278376855785e+00
4.177187339019783963e+02 -4.116892321064530513e+00
4.177187388420113621e+02 -4.116892363752213235e+00
4.177187437820443279e+02 -4.116892406439931484e+00
4.177187487220772937e+02 -4.116892449127607101e+00
4.177187536621102595e+02 -4.116892491815300481e+00
4.177187586021432253e+02 -4.116892534502988532e+00
4.177187635421761911e+02 -4.116892577190678359e+00
4.177187684822091569e+02 -4.116892619878381510e+00
4.177187734222420659e+02 -4.116892662566089101e+00
4.177187783622750317e+02 -4.116892705253744289e+00
4.177187833023079975e+02 -4.116892747941445663e+00
4.177187882423409633e+02 -4.116892790629155918e+00
4.177187931823739291e+02 -4.116892833316833311e+00
4.177187981224068949e+02 -4.116892876004534685e+00
4.177188030624398607e+02 -4.116892918692220071e+00
4.177188080024728265e+02 -4.116892961379905458e+00
4.177188129425057923e+02 -4.116893004067603279e+00
4.177188178825387581e+02 -4.116893046755320640e+00
4.177188228225717239e+02 -4.116893089442975828e+00
4.177188277626046897e+02 -4.116893132130673649e+00
4.177188327026376555e+02 -4.116893174818359036e+00
4.177188376426706213e+02 -4.116893217506058633e+00
4.177188425827035871e+02 -4.116893260193744908e+00
4.177188475227365529e+02 -4.116893302881459604e+00
4.177188499927530074e+02 -4.116893324225306294e+00
4.177188524627695188e+02 -4.116893378014185423e+00
4.177188549327859732e+02 -4.116893399358014349e+00
4.177188574028024846e+02 -4.116893420701873474e+00
4.177188598728189390e+02 -4.116893442045730822e+00
4.177188623428354504e+02 -4.116893463389573071e+00
4.177188648128519048e+02 -4.116893484733419761e+00
4.177188672828684162e+02 -4.116893506077250464e+00
4.177188697528848706e+02 -4.116893527421122911e+00
4.177188722229013820e+02 -4.116893548764950950e+00
4.177188746929178365e+02 -4.116893570108820732e+00
4.177188771629343478e+02 -4.116893591452632784e+00
4.177188796329508023e+02 -4.116893612796515001e+00
4.177188821029673136e+02 -4.116893634140352809e+00
4.177188845729837681e+02 -4.116893655484186176e+00
4.177188870430002794e+02 -4.116893676828047077e+00
4.177188895130167339e+02 -4.116893698171883997e+00
4.177188895154288844e+02 -4.116893665779374878e+00
4.177188919878574893e+02 -4.116893687175718242e+00
4.177188944626981879e+02 -4.116893708624648873e+00
4.177188969423631875e+02 -4.116893730178610156e+00
4.177188994316766752e+02 -4.116893751942675372e+00
4.177189019402871963e+02 -4.116893773113067034e+00
4.177189044874916704e+02 -4.116893795123894861e+00
4.177189071118841639e+02 -4.116893817801729583e+00
4.177189098906526965e+02 -4.116893841813569210e+00
