2.590000000000000000e+02 8.431211778695133319e+01
2.615899999999999750e+02 8.483819126311510672e+01
2.641800000000000068e+02 8.536435533416863564e+01
2.654749999999999659e+02 8.562747138603702979e+01
2.667699999999999818e+02 8.589061013865028826e+01
2.680649999999999977e+02 8.615377160946712820e+01
2.693600000000000136e+02 8.641695581600345122e+01
2.706549999999999727e+02 8.668016277583171814e+01
2.719499999999999886e+02 8.694339250658320850e+01
2.732450000000000045e+02 8.720664502594559053e+01
2.745400000000000205e+02 8.746992035166520907e+01
2.758349999999999795e+02 8.773321850154668766e+01
2.771299999999999955e+02 8.799653949345270121e+01
2.784250000000000114e+02 8.825988334530467228e+01
2.797200000000000273e+02 8.852325007508366639e+01
2.810149999999999864e+02 8.878663970082882884e+01
2.823100000000000023e+02 8.905005224063951630e+01
2.836050000000000182e+02 8.931348771267460052e+01
2.849000000000000341e+02 8.957694613515317883e+01
2.861949999999999932e+02 8.984042752635411944e+01
2.874900000000000091e+02 9.010393190461671509e+01
2.887850000000000250e+02 9.036745928834112362e+01
2.900800000000000409e+02 9.063100969598875167e+01
2.913750000000000000e+02 9.089458314608192779e+01
2.926700000000000159e+02 9.115817965720441407e+01
2.939649999999999750e+02 9.142179924800194613e+01
2.952600000000000477e+02 9.168544193718190627e+01
2.965550000000000068e+02 9.194910774351467353e+01
2.978500000000000227e+02 9.221279668583240152e+01
2.991449999999999818e+02 9.247650878303055322e+01
3.004400000000000546e+02 9.274024405406736093e+01
3.017350000000000136e+02 9.300400251796475004e+01
3.030300000000000296e+02 9.326778419380781315e+01
3.043249999999999886e+02 9.353158910074607491e+01
3.056200000000000614e+02 9.379541725799319352e+01
3.069150000000000205e+02 9.405926868482669079e+01
3.082100000000000364e+02 9.432314340058954372e+01
3.095049999999999955e+02 9.458704142468936027e+01
3.108000000000000682e+02 9.485096277659913255e+01
3.120950000000000273e+02 9.511490747585739314e+01
3.133900000000000432e+02 9.537887554206929508e+01
3.146850000000000023e+02 9.564286699490446608e+01
3.153324999999999818e+02 9.577487149747133799e+01
3.159800000000000750e+02 9.590688185410097333e+01
3.166275000000000546e+02 9.603889806727043776e+01
3.172750000000000341e+02 9.617092013946204077e+01
3.179225000000000136e+02 9.630294807316153083e+01
3.185700000000000500e+02 9.643498187085900497e+01
3.192175000000000296e+02 9.656702153504897979e+01
3.198650000000000091e+02 9.669906706823007880e+01
3.205124999999999886e+02 9.683111847290490459e+01
3.211600000000000819e+02 9.696317575158101931e+01
3.218075000000000614e+02 9.709523890676959468e+01
3.224550000000000409e+02 9.722730794098592355e+01
3.231025000000000205e+02 9.735938285675027259e+01
3.237500000000000000e+02 9.749146365658677382e+01
3.243975000000000364e+02 9.762355034302385093e+01
3.250450000000000159e+02 9.775564291859426191e+01
3.256924999999999955e+02 9.788774138583512752e+01
3.263400000000000318e+02 9.801984574728777488e+01
3.269875000000000682e+02 9.815195600549805022e+01
3.276350000000000477e+02 9.828407216301596350e+01
3.282825000000000273e+02 9.841619422239611481e+01
3.289300000000000068e+02 9.854832218619718276e+01
3.295775000000000432e+02 9.868045605698230816e+01
3.302250000000000227e+02 9.881259583731917928e+01
3.308725000000000023e+02 9.894474152977956294e+01
3.315200000000000387e+02 9.907689313693995814e+01
3.321675000000000750e+02 9.920905066138085715e+01
3.328150000000000546e+02 9.934121410568781130e+01
3.334625000000000341e+02 9.947338347245008094e+01
3.341100000000000136e+02 9.960555876426180077e+01
3.347575000000000500e+02 9.973773998372172400e+01
3.354050000000000296e+02 9.986992713343242656e+01
3.360525000000000091e+02 1.000021202160015719e+02
3.367000000000000455e+02 1.001343192340408308e+02
3.373475000000000819e+02 1.002665241901669475e+02
3.379950000000000614e+02 1.003987350870004747e+02
3.386425000000000409e+02 1.005309519271669529e+02
3.392900000000000205e+02 1.006631747132961721e+02
3.399375000000000568e+02 1.007954034480229382e+02
3.405850000000000364e+02 1.009276381339858943e+02
3.412325000000000159e+02 1.010598787738284443e+02
3.418800000000000523e+02 1.011921253701992782e+02
3.425275000000000318e+02 1.013243779257506247e+02
3.431750000000000682e+02 1.014566364431397858e+02
3.438225000000000477e+02 1.015889009250288098e+02
3.444700000000000273e+02 1.017211713740838377e+02
3.451175000000000637e+02 1.018534477929763540e+02
3.457650000000000432e+02 1.019857301843817652e+02
3.464125000000000227e+02 1.021180185509804232e+02
3.470600000000000591e+02 1.022503128954574123e+02
3.477075000000000387e+02 1.023826132205022361e+02
3.483550000000000750e+02 1.025149195288092017e+02
3.490025000000000546e+02 1.026472318230774192e+02
3.496500000000000341e+02 1.027795501060103334e+02
3.502975000000000705e+02 1.029118743803165330e+02
3.509450000000000500e+02 1.030442046487089840e+02
3.515925000000000296e+02 1.031765409139055834e+02
3.522400000000000659e+02 1.033088831786285766e+02
3.528875000000000455e+02 1.034412314456054958e+02
3.535350000000000819e+02 1.035735857175683918e+02
3.541825000000000614e+02 1.037059459972537923e+02
3.548300000000000409e+02 1.038383122874034541e+02
3.554775000000000773e+02 1.039706845907636392e+02
3.561250000000000568e+02 1.041030629100857539e+02
3.567725000000000364e+02 1.042354472481254248e+02
3.574200000000000728e+02 1.043678376076433096e+02
3.580675000000000523e+02 1.045002339914054090e+02
3.587150000000000318e+02 1.046326364021817881e+02
3.593625000000000682e+02 1.047650448427482814e+02
3.600100000000000477e+02 1.048974593158844044e+02
3.606575000000000841e+02 1.050298798243754561e+02
3.613050000000000637e+02 1.051623063710116952e+02
3.619525000000000432e+02 1.052947389585874163e+02
3.626000000000000796e+02 1.054271775899026409e+02
3.632475000000000591e+02 1.055596222677618670e+02
3.638950000000000387e+02 1.056920729949749926e+02
3.645425000000000750e+02 1.058245297743563640e+02
3.651900000000000546e+02 1.059569926087253577e+02
3.658375000000000909e+02 1.060894615009063813e+02
3.664850000000000705e+02 1.062219364537291284e+02
3.671325000000000500e+02 1.063544174700277551e+02
3.677800000000000864e+02 1.064869045526420308e+02
3.684275000000000659e+02 1.066193977044161585e+02
3.690750000000000455e+02 1.067518969281996704e+02
3.697225000000000819e+02 1.068844022268471576e+02
3.703700000000000614e+02 1.070169136032178585e+02
3.710175000000000978e+02 1.071494310601768092e+02
3.716650000000000773e+02 1.072819546005934512e+02
3.723125000000000568e+02 1.074144842273425411e+02
3.729600000000000932e+02 1.075470199433040506e+02
3.736075000000000728e+02 1.076795617513631385e+02
3.742550000000000523e+02 1.078121096544095110e+02
3.749025000000000318e+02 1.079446636553387435e+02
3.755500000000000682e+02 1.080772237570510583e+02
3.761975000000001046e+02 1.082097899624520778e+02
3.768450000000000841e+02 1.083423622744524693e+02
3.774925000000000637e+02 1.084749406959681011e+02
3.781400000000001000e+02 1.086075252299203555e+02
3.787875000000000796e+02 1.087401158792351055e+02
3.794350000000000591e+02 1.088727126468440645e+02
3.800825000000000387e+02 1.090053155356840620e+02
3.807300000000000750e+02 1.091379245486968586e+02
3.813775000000001114e+02 1.092705396888302118e+02
3.820250000000000909e+02 1.094031609590361427e+02
3.826725000000000705e+02 1.095357883622729105e+02
3.833200000000001069e+02 1.096684219015031090e+02
3.839675000000000864e+02 1.098010615796954283e+02
3.846150000000000659e+02 1.099337073998237315e+02
3.852625000000000455e+02 1.100663593648668410e+02
3.859100000000000819e+02 1.101990174778093774e+02
3.865575000000001182e+02 1.103316817416411340e+02
3.872050000000000978e+02 1.104643521593568778e+02
3.878525000000000773e+02 1.105970287339576146e+02
3.885000000000001137e+02 1.107297114684490253e+02
3.891475000000000932e+02 1.108624003658425039e+02
3.897950000000000728e+02 1.109950954291548726e+02
3.901187500000000341e+02 1.110614452739748970e+02
3.904425000000000523e+02 1.111277966614082118e+02
3.907662500000000136e+02 1.111941495918336784e+02
3.910900000000000318e+02 1.112605040656302720e+02
3.914137499999999932e+02 1.113268600831771380e+02
3.917375000000000682e+02 1.113932176448541185e+02
3.920612499999999727e+02 1.114595767510411690e+02
3.923850000000000477e+02 1.115259374021184442e+02
3.927087499999999523e+02 1.115922995984668944e+02
3.930325000000000273e+02 1.116586633404673705e+02
3.933562499999999318e+02 1.117250286285010930e+02
3.936800000000000068e+02 1.117913954629503053e+02
3.940037499999999682e+02 1.118577638441964979e+02
3.943274999999999864e+02 1.119241337726224401e+02
3.946512499999999477e+02 1.119905052486107309e+02
3.949749999999999659e+02 1.120568782725443384e+02
3.952987499999999272e+02 1.121232528448070127e+02
3.956224999999999454e+02 1.121896289657822479e+02
3.959462499999999068e+02 1.122560066358545043e+02
3.962699999999999250e+02 1.123223858554080579e+02
3.965937499999998863e+02 1.123887666248280084e+02
3.969174999999999613e+02 1.124551489444989159e+02
3.972412499999998658e+02 1.125215328148069602e+02
3.975649999999999409e+02 1.125879182361378810e+02
3.978887499999998454e+02 1.126543052088777870e+02
3.982124999999999204e+02 1.127206937334132704e+02
3.985362499999998249e+02 1.127870838101311790e+02
3.988599999999999000e+02 1.128534754394189434e+02
3.991837499999998045e+02 1.129198686216643921e+02
3.995074999999998795e+02 1.129862633572552113e+02
3.998312499999998408e+02 1.130526596465797269e+02
4.001549999999998590e+02 1.131190574900271457e+02
4.004787499999998204e+02 1.131854568879859784e+02
4.008024999999998386e+02 1.132518578408458154e+02
4.011262499999997999e+02 1.133182603489961906e+02
4.014499999999998181e+02 1.133846644128277319e+02
4.017737499999997794e+02 1.134510700327304846e+02
4.020974999999997976e+02 1.135174772090955599e+02
4.024212499999997590e+02 1.135838859423137137e+02
4.027449999999998340e+02 1.136502962327768245e+02
4.030687499999997385e+02 1.137167080808769697e+02
4.033924999999998136e+02 1.137831214870061274e+02
4.037162499999997181e+02 1.138495364515569008e+02
4.040399999999997931e+02 1.139159529749224760e+02
4.043637499999996976e+02 1.139823710574958255e+02
4.046874999999997726e+02 1.140487906996710876e+02
4.050112499999996771e+02 1.141152119018418034e+02
4.053349999999997522e+02 1.141816346644029920e+02
4.056587499999997135e+02 1.142480589877490047e+02
4.059824999999997317e+02 1.143144848722750737e+02
4.061443749999996840e+02 1.143476984001042638e+02
4.063062499999996930e+02 1.143809123183766872e+02
4.064681249999997021e+02 1.144141266271420534e+02
4.066299999999997112e+02 1.144473413264497736e+02
4.067918749999997203e+02 1.144805564163494296e+02
4.069537499999996726e+02 1.145137718968905176e+02
4.071156249999996817e+02 1.145469877681227615e+02
4.072774999999996908e+02 1.145802040300953308e+02
4.074393749999996999e+02 1.146134206828584183e+02
4.076012499999996521e+02 1.146466377264615062e+02
4.077631249999996612e+02 1.146798551609542045e+02
4.079249999999997272e+02 1.147130729863861802e+02
4.080868749999996794e+02 1.147462912028071571e+02
4.082487499999996317e+02 1.147795098102668589e+02
4.084106249999996407e+02 1.148127288088152511e+02
4.085724999999997067e+02 1.148459481985019863e+02
4.087343749999996589e+02 1.148791679793768594e+02
4.088962499999996112e+02 1.149123881514896084e+02
4.090581249999996203e+02 1.149456087148901418e+02
4.092199999999996862e+02 1.149788296696284959e+02
4.093818749999996385e+02 1.150120510157545084e+02
4.095437499999995907e+02 1.150452727533180450e+02
4.097056249999996567e+02 1.150784948823692275e+02
4.098674999999996658e+02 1.151117174029575381e+02
4.100293749999996180e+02 1.151449403151335389e+02
4.101912499999995703e+02 1.151781636189470390e+02
4.103531249999996362e+02 1.152113873144481033e+02
4.105149999999996453e+02 1.152446114016867114e+02
4.105959374999996498e+02 1.152612235922232742e+02
4.106768749999995975e+02 1.152778358807129280e+02
4.107578124999996589e+02 1.152944482671621245e+02
4.108387499999997203e+02 1.153110607515770596e+02
4.109196874999996680e+02 1.153276733339638724e+02
4.110006249999996726e+02 1.153442860143290005e+02
4.110815624999996771e+02 1.153608987926786966e+02
4.111624999999997385e+02 1.153775116690191851e+02
4.112434374999997431e+02 1.153941246433566761e+02
4.113243749999996908e+02 1.154107377156975645e+02
4.114053124999997522e+02 1.154273508860481741e+02
4.114862499999998136e+02 1.154439641544144308e+02
4.115671874999997613e+02 1.154605775208030707e+02
4.116481249999997658e+02 1.154771909852198348e+02
4.117290624999998272e+02 1.154938045476714734e+02
4.118099999999998317e+02 1.155104182081644666e+02
4.118909374999998363e+02 1.155270319667045271e+02
4.119718749999998408e+02 1.155436458232981352e+02
4.120528124999998454e+02 1.155602597779515293e+02
4.121337499999999068e+02 1.155768738306712748e+02
4.122146874999998545e+02 1.155934879814633547e+02
4.122956249999998590e+02 1.156101022303343768e+02
4.123765624999999204e+02 1.156267165772903240e+02
4.124574999999999250e+02 1.156433310223375202e+02
4.125384374999999295e+02 1.156599455654823601e+02
4.126193749999999341e+02 1.156765602067311818e+02
4.127003124999999386e+02 1.156931749460902665e+02
4.127812500000000000e+02 1.157097897835659523e+02
4.128621875000000045e+02 1.157264047191643925e+02
4.129431249999999523e+02 1.157430197528916835e+02
4.130240625000000136e+02 1.157596348847548597e+02
4.131050000000000750e+02 1.157762501147596197e+02
4.131859375000000227e+02 1.157928654429125288e+02
4.132668750000000273e+02 1.158094808692195130e+02
4.133478125000000318e+02 1.158260963936874930e+02
4.134287500000000932e+02 1.158427120163223236e+02
4.135096875000000978e+02 1.158593277371303571e+02
4.135906250000000455e+02 1.158759435561181590e+02
4.136715625000001069e+02 1.158925594732918398e+02
4.137525000000001683e+02 1.159091754886577803e+02
4.138334375000001160e+02 1.159257916022222901e+02
4.139143750000001205e+02 1.159424078139916645e+02
4.139953125000001819e+02 1.159590241239723127e+02
4.140762500000001864e+02 1.159756405321704023e+02
4.141571875000001910e+02 1.159922570385924701e+02
4.142381250000001955e+02 1.160088736432445273e+02
4.143190625000002001e+02 1.160254903461334379e+02
4.144000000000002615e+02 1.160421071472650283e+02
4.144809375000002092e+02 1.160587240466459207e+02
4.145618750000002137e+02 1.160753410442820979e+02
4.146428125000002751e+02 1.160919581401802816e+02
4.147237500000002797e+02 1.161085753343466251e+02
4.148046875000002842e+02 1.161251926267874524e+02
4.148856250000002888e+02 1.161418100175088739e+02
4.149665625000002933e+02 1.161584275065181657e+02
4.150475000000003547e+02 1.161750450938204722e+02
4.151284375000003593e+02 1.161916627794226571e+02
4.152093750000003070e+02 1.162082805633313001e+02
4.152903125000003683e+02 1.162248984455524834e+02
4.153712500000004297e+02 1.162415164260925451e+02
4.154521875000003774e+02 1.162581345049577521e+02
4.155331250000003820e+02 1.162747526821547837e+02
4.155735937500003843e+02 1.162830618076295082e+02
4.156140625000003865e+02 1.162913709576897219e+02
4.156545312500003888e+02 1.162996801323357943e+02
4.156950000000003342e+02 1.163079893315689617e+02
4.157354687500003365e+02 1.163162985553895226e+02
4.157759375000003956e+02 1.163246078037988411e+02
4.158164062500003411e+02 1.163329170767973011e+02
4.158568750000002865e+02 1.163412263743858119e+02
4.158973437500003456e+02 1.163495356965650558e+02
4.159378125000003479e+02 1.163578450433362548e+02
4.159782812500002933e+02 1.163661544146995084e+02
4.160187500000002956e+02 1.163744638106561240e+02
4.160592187500002979e+02 1.163827732312069827e+02
4.160996875000003001e+02 1.163910826763523119e+02
4.161401562500003024e+02 1.163993921460933905e+02
4.161806250000002478e+02 1.164077016404309006e+02
4.162210937500002501e+02 1.164160111593657660e+02
4.162615625000003092e+02 1.164243207028984841e+02
4.163020312500002547e+02 1.164326302710299927e+02
4.163425000000002001e+02 1.164409398637610735e+02
4.163829687500002592e+02 1.164492494810928918e+02
4.164234375000002615e+02 1.164575591230254190e+02
4.164639062500002069e+02 1.164658687895602327e+02
4.165043750000001523e+02 1.164741784806977876e+02
4.165448437500002115e+02 1.164824881964387941e+02
4.165853125000002137e+02 1.164907979367843041e+02
4.166257812500001592e+02 1.164991077017348573e+02
4.166662500000001614e+02 1.165074174912915481e+02
4.167067187500001637e+02 1.165157273054550444e+02
4.167471875000001660e+02 1.165240371442257441e+02
4.167876562500001683e+02 1.165323470076048835e+02
4.168281250000001137e+02 1.165406568955935995e+02
4.168685937500001160e+02 1.165489668081918353e+02
4.169090625000001751e+02 1.165572767454010119e+02
4.169495312500001205e+02 1.165655867072216552e+02
4.169697656250000932e+02 1.165697416973616072e+02
4.169900000000001228e+02 1.165738966936546888e+02
4.170102343750001523e+02 1.165780516961010562e+02
4.170304687500001819e+02 1.165822067047008375e+02
4.170507031250001546e+02 1.165863617194541177e+02
4.170709375000001842e+02 1.165905167403608260e+02
4.170911718750002137e+02 1.165946717674213886e+02
4.171114062500001864e+02 1.165988268006357487e+02
4.171316406250001592e+02 1.166029818400039346e+02
4.171518750000002456e+02 1.166071368855261881e+02
4.171721093750002751e+02 1.166112919372023242e+02
4.171923437500002478e+02 1.166154469950325563e+02
4.172024609375002342e+02 1.166175245262558064e+02
4.172125781250002206e+02 1.166196020590174385e+02
4.172226953125002069e+02 1.166216795933176797e+02
4.172328125000001933e+02 1.166237571291565303e+02
4.172429296875001796e+02 1.166258346665339900e+02
4.172530468750001660e+02 1.166279122054501727e+02
4.172631640625001523e+02 1.166299897459048367e+02
4.172732812500001955e+02 1.166320672878983089e+02
4.172833984375001819e+02 1.166341448314304330e+02
4.172935156250001683e+02 1.166362223765011947e+02
4.173036328125001546e+02 1.166382999231105799e+02
4.173137500000001410e+02 1.166403774712587591e+02
4.173238671875001273e+02 1.166424550209453770e+02
4.173339843750001137e+02 1.166445325721713004e+02
4.173441015625001000e+02 1.166466101249355916e+02
4.173542187500000864e+02 1.166486876792385630e+02
4.173643359375000728e+02 1.166507652350805984e+02
4.173744531250000591e+02 1.166528427924613140e+02
4.173845703125000455e+02 1.166549203513807811e+02
4.173946875000000318e+02 1.166569979118389995e+02
4.174048046875000750e+02 1.166590754738360971e+02
4.174149218750000614e+02 1.166611530373719887e+02
4.174250390625000477e+02 1.166632306024466459e+02
4.174351562500000341e+02 1.166653081690604381e+02
4.174452734375000205e+02 1.166673857372128111e+02
4.174553906250000068e+02 1.166694633069043050e+02
4.174655078124999932e+02 1.166715408781344934e+02
4.174705664062499864e+02 1.166725796643267756e+02
4.174756249999999795e+02 1.166736184509036889e+02
4.174806835937499727e+02 1.166746572378653326e+02
4.174857421874999659e+02 1.166756960252117779e+02
4.174908007812499591e+02 1.166767348129429678e+02
4.174958593749999523e+02 1.166777736010590445e+02
4.175009179687499454e+02 1.166788123895595675e+02
4.175059765624999386e+02 1.166798511784447214e+02
4.175110351562499318e+02 1.166808899677149327e+02
4.175160937499999250e+02 1.166819287573697750e+02
4.175211523437499181e+02 1.166829675474094188e+02
4.175262109374999682e+02 1.166840063378335515e+02
4.175312695312499613e+02 1.166850451286428125e+02
4.175363281249999545e+02 1.166860839198365909e+02
4.175413867187499477e+02 1.166871227114149150e+02
4.175464453124999409e+02 1.166881615033784101e+02
4.175515039062499341e+02 1.166892002957262946e+02
4.175565624999999272e+02 1.166902390884593643e+02
4.175616210937499204e+02 1.166912778815767240e+02
4.175666796874999136e+02 1.166923166750791978e+02
4.175717382812499068e+02 1.166933554689662742e+02
4.175767968749999000e+02 1.166943942632379958e+02
4.175818554687498931e+02 1.166954330578947037e+02
4.175869140624998863e+02 1.166964718529361846e+02
4.175894433593748545e+02 1.166969912506011298e+02
4.175919726562498795e+02 1.166975106483620976e+02
4.175945019531249045e+02 1.166980300462195999e+02
4.175970312499998727e+02 1.166985494441733096e+02
4.175995605468748977e+02 1.166990688422229852e+02
4.176020898437498658e+02 1.166995882403688256e+02
4.176046191406248909e+02 1.167001076386108878e+02
4.176071484374998590e+02 1.167006270369493706e+02
4.176096777343748840e+02 1.167011464353838903e+02
4.176122070312498522e+02 1.167016658339145181e+02
4.176147363281248772e+02 1.167021852325414102e+02
4.176172656249998454e+02 1.167027046312642540e+02
4.176197949218748704e+02 1.167032240300837600e+02
4.176223242187498386e+02 1.167037434289991040e+02
4.176248535156248636e+02 1.167042628280107834e+02
4.176273828124998317e+02 1.167047822271187840e+02
4.176299121093748568e+02 1.167053016263226937e+02
4.176324414062498249e+02 1.167058210256229813e+02
4.176349707031248499e+02 1.167063404250196186e+02
4.176374999999998181e+02 1.167068598245121791e+02
4.176400292968748431e+02 1.167073792241009897e+02
4.176425585937498113e+02 1.167078986237858089e+02
4.176450878906248363e+02 1.167084180235671056e+02
4.176476171874998045e+02 1.167089374234448229e+02
4.176501464843748295e+02 1.167094568234181509e+02
4.176526757812497976e+02 1.167099762234880131e+02
4.176552050781248226e+02 1.167104956236541682e+02
4.176577343749998477e+02 1.167110150239162607e+02
4.176602636718748158e+02 1.167115344242748449e+02
4.176627929687498408e+02 1.167120538247291393e+02
4.176640576171873249e+02 1.167123135249926236e+02
4.176653222656248090e+02 1.167125732252799395e+02
4.176665869140622931e+02 1.167128329255915986e+02
4.176678515624998340e+02 1.167130926259269899e+02
4.176691162109373181e+02 1.167133523262865253e+02
4.176703808593748022e+02 1.167136120266701482e+02
4.176716455078122863e+02 1.167138717270778727e+02
4.176729101562498272e+02 1.167141314275095851e+02
4.176741748046873113e+02 1.167143911279652713e+02
4.176754394531247954e+02 1.167146508284451158e+02
4.176767041015622794e+02 1.167149105289489910e+02
4.176779687499998204e+02 1.167151702294769109e+02
4.176792333984373045e+02 1.167154299300289324e+02
4.176804980468747885e+02 1.167156896306048282e+02
4.176817626953122726e+02 1.167159493312049676e+02
4.176823950195310431e+02 1.167160791815141181e+02
4.176830273437498136e+02 1.167162090318290382e+02
4.176836596679685840e+02 1.167163388821501542e+02
4.176842919921872976e+02 1.167164687324773382e+02
4.176849243164060681e+02 1.167165985828103487e+02
4.176855566406248386e+02 1.167167284331496404e+02
4.176861889648436090e+02 1.167168582834945170e+02
4.176868212890623795e+02 1.167169881338456747e+02
4.176874536132811500e+02 1.167171179842029289e+02
4.176880859374999204e+02 1.167172478345662370e+02
4.176887182617186909e+02 1.167173776849352009e+02
4.176893505859374613e+02 1.167175075353104177e+02
4.176899829101561750e+02 1.167176373856917024e+02
4.176906152343749454e+02 1.167177672360788279e+02
4.176912475585937159e+02 1.167178970864722629e+02
4.176918798828124864e+02 1.167180269368713681e+02
4.176925122070312568e+02 1.167181567872764418e+02
4.176931445312500273e+02 1.167182866376876405e+02
4.176937768554687977e+02 1.167184164881051345e+02
4.176944091796875682e+02 1.167185463385284407e+02
4.176950415039062818e+02 1.167186761889577298e+02
4.176956738281250523e+02 1.167188060393928453e+02
4.176963061523438228e+02 1.167189358898342988e+02
4.176969384765625932e+02 1.167190657402815646e+02
4.176975708007813637e+02 1.167191955907348984e+02
4.176982031250001342e+02 1.167193254411943997e+02
4.176988354492189046e+02 1.167194552916599264e+02
4.176994677734376751e+02 1.167195851421311659e+02
4.177001000976564455e+02 1.167197149926086439e+02
4.177007324218751592e+02 1.167198448430921331e+02
4.177013647460939296e+02 1.167199746935813778e+02
4.177019970703127001e+02 1.167201045440768894e+02
4.177026293945314706e+02 1.167202343945782559e+02
4.177032617187502410e+02 1.167203642450858752e+02
4.177038940429690115e+02 1.167204940955992356e+02
4.177045263671877819e+02 1.167206239461187067e+02
4.177051586914065524e+02 1.167207537966441748e+02
4.177057910156253229e+02 1.167208836471757820e+02
4.177064233398440365e+02 1.167210134977133293e+02
4.177067395019535070e+02 1.167210784229841494e+02
4.177070556640628070e+02 1.167211433482569021e+02
4.177073718261722775e+02 1.167212082735307348e+02
4.177076879882815774e+02 1.167212731988065002e+02
4.177080041503910479e+02 1.167213381240833030e+02
4.177083203125003479e+02 1.167214030493618964e+02
4.177086364746097615e+02 1.167214679746419819e+02
4.177089526367191183e+02 1.167215328999235737e+02
4.177092687988285320e+02 1.167215978252065582e+02
4.177095849609378888e+02 1.167216627504912481e+02
4.177099011230473025e+02 1.167217276757772026e+02
4.177102172851566593e+02 1.167217926010645499e+02
4.177105334472660729e+02 1.167218575263537161e+02
4.177108496093754297e+02 1.167219224516443035e+02
4.177111657714848434e+02 1.167219873769364398e+02
4.177114819335941434e+02 1.167220523022299403e+02
4.177117980957036139e+02 1.167221172275250325e+02
4.177121142578129138e+02 1.167221821528215457e+02
4.177124304199223843e+02 1.167222470781197785e+02
4.177127465820316843e+02 1.167223120034191766e+02
4.177129046630864195e+02 1.167223444660695009e+02
4.177130627441411548e+02 1.167223769287205073e+02
4.177132208251957763e+02 1.167224093913713716e+02
4.177133789062504547e+02 1.167224418540230886e+02
4.177135369873051900e+02 1.167224743166748056e+02
4.177136950683599252e+02 1.167225067793270341e+02
4.177138531494145468e+02 1.167225392419796037e+02
4.177140112304692252e+02 1.167225717046325713e+02
4.177141693115239605e+02 1.167226041672859651e+02
4.177143273925786389e+02 1.167226366299396716e+02
4.177144854736333173e+02 1.167226690925937191e+02
4.177146435546879957e+02 1.167227015552481362e+02
4.177148016357427309e+02 1.167227340179031074e+02
4.177149597167974093e+02 1.167227664805583629e+02
4.177151177978520877e+02 1.167227989432140589e+02
4.177151968383794269e+02 1.167228151745420348e+02
4.177152363586430965e+02 1.167228232902058949e+02
4.177152758789067661e+02 1.167228314058700676e+02
4.177153153991704357e+02 1.167228395215340697e+02
4.177153549194341622e+02 1.167228476371982424e+02
4.177153944396978318e+02 1.167228557528622588e+02
4.177154339599614445e+02 1.167228638685263604e+02
4.177154734802251710e+02 1.167228719841906610e+02
4.177155130004888974e+02 1.167228800998546632e+02
4.177155525207525670e+02 1.167228882155187932e+02
4.177155920410161798e+02 1.167228963311831933e+02
4.177156315612799062e+02 1.167229044468473944e+02
4.177156710815436327e+02 1.167229125625117945e+02
4.177157106018072454e+02 1.167229206781760098e+02
4.177157501220709150e+02 1.167229287938403672e+02
4.177157896423346415e+02 1.167229369095045826e+02
4.177158291625983111e+02 1.167229450251689826e+02
4.177158686828619807e+02 1.167229531408333401e+02
4.177159082031256503e+02 1.167229612564976549e+02
4.177159477233893199e+02 1.167229693721621828e+02
4.177159872436530463e+02 1.167229774878266966e+02
4.177160267639167159e+02 1.167229856034911251e+02
4.177160662841803287e+02 1.167229937191554541e+02
4.177161058044440551e+02 1.167230018348201384e+02
4.177161453247077816e+02 1.167230099504847942e+02
4.177161848449713943e+02 1.167230180661491943e+02
4.177162243652350639e+02 1.167230261818138644e+02
4.177162638854987904e+02 1.167230342974784634e+02
4.177163034057624600e+02 1.167230424131431619e+02
4.177163429260261296e+02 1.167230505288077325e+02
4.177163824462897992e+02 1.167230586444725304e+02
4.177164219665535256e+02 1.167230667601372147e+02
4.177164614868171952e+02 1.167230748758020127e+02
4.177165010070808648e+02 1.167230829914667396e+02
4.177165405273445344e+02 1.167230911071314807e+02
4.177165800476082040e+02 1.167230992227963071e+02
4.177166195678719305e+02 1.167231073384610482e+02
4.177166590881356001e+02 1.167231154541257752e+02
4.177166986083992128e+02 1.167231235697907437e+02
4.177167381286629393e+02 1.167231316854558258e+02
4.177167776489266657e+02 1.167231398011206522e+02
4.177168171691902785e+02 1.167231479167854502e+02
4.177168369293220849e+02 1.167231519746181334e+02
4.177168566894539481e+02 1.167231560324505608e+02
4.177168764495858113e+02 1.167231600902831588e+02
4.177168962097176177e+02 1.167231641481155862e+02
4.177169159698494241e+02 1.167231682059480562e+02
4.177169357299812305e+02 1.167231722637805547e+02
4.177169554901130937e+02 1.167231763216131100e+02
4.177169752502449001e+02 1.167231803794457221e+02
4.177169950103767064e+02 1.167231844372782916e+02
4.177170147705085697e+02 1.167231884951106338e+02
4.177170345306404329e+02 1.167231925529433170e+02
4.177170542907721824e+02 1.167231966107757728e+02
4.177170740509039888e+02 1.167232006686084276e+02
4.177170938110358520e+02 1.167232047264409545e+02
4.177171135711677152e+02 1.167232087842735240e+02
4.177171333312995216e+02 1.167232128421060224e+02
4.177171530914313280e+02 1.167232168999386630e+02
4.177171728515631344e+02 1.167232209577711615e+02
4.177171926116949976e+02 1.167232250156038873e+02
4.177172123718268040e+02 1.167232290734364284e+02
4.177172321319586104e+02 1.167232331312689553e+02
4.177172518920904736e+02 1.167232371891015816e+02
4.177172716522223368e+02 1.167232412469341796e+02
4.177172914123540863e+02 1.167232453047666922e+02
4.177173111724858927e+02 1.167232493625993612e+02
4.177173309326177559e+02 1.167232534204320444e+02
4.177173506927496192e+02 1.167232574782646566e+02
4.177173704528814255e+02 1.167232615360972545e+02
4.177173902130132319e+02 1.167232655939300514e+02
4.177174099731450383e+02 1.167232696517625925e+02
4.177174297332769015e+02 1.167232737095953041e+02
4.177174494934087079e+02 1.167232777674279731e+02
4.177174692535405143e+02 1.167232818252604432e+02
4.177174890136723775e+02 1.167232858830933822e+02
4.177175087738042407e+02 1.167232899409259517e+02
4.177175285339359903e+02 1.167232939987585496e+02
4.177175482940677966e+02 1.167232980565914175e+02
4.177175680541996599e+02 1.167233021144239871e+02
4.177175878143315231e+02 1.167233061722567413e+02
4.177176075744633295e+02 1.167233102300893961e+02
4.177176273345951358e+02 1.167233142879221646e+02
4.177176470947269991e+02 1.167233183457549899e+02
4.177176668548588054e+02 1.167233224035877015e+02
4.177176866149906118e+02 1.167233264614201431e+02
4.177177063751224182e+02 1.167233305192530963e+02
4.177177261352542814e+02 1.167233345770858932e+02
4.177177458953861446e+02 1.167233386349186617e+02
4.177177656555179510e+02 1.167233426927514301e+02
4.177177854156497006e+02 1.167233467505839712e+02
4.177178051757815638e+02 1.167233508084168676e+02
4.177178249359134270e+02 1.167233548662496503e+02
4.177178446960452334e+02 1.167233589240824472e+02
4.177178644561770398e+02 1.167233629819153009e+02
4.177178842163089030e+02 1.167233670397479557e+02
4.177179039764407094e+02 1.167233710975808094e+02
4.177179237365725157e+02 1.167233751554135921e+02
4.177179434967043221e+02 1.167233792132464458e+02
4.177179632568361853e+02 1.167233832710791575e+02
4.177179830169680486e+02 1.167233873289120112e+02
4.177180027770998549e+02 1.167233913867450212e+02
4.177180225372316045e+02 1.167233954445777613e+02
4.177180422973634677e+02 1.167233995024105866e+02
4.177180521774293993e+02 1.167234015313271129e+02
4.177180620574953309e+02 1.167234035602434687e+02
4.177180719375612625e+02 1.167234055891598246e+02
4.177180818176271941e+02 1.167234076180763225e+02
4.177180916976931258e+02 1.167234096469926783e+02
4.177181015777590574e+02 1.167234116759090909e+02
4.177181114578249890e+02 1.167234137048256173e+02
4.177181213378909206e+02 1.167234157337419731e+02
4.177181312179568522e+02 1.167234177626584426e+02
4.177181410980227838e+02 1.167234197915749121e+02
4.177181509780886586e+02 1.167234218204912395e+02
4.177181608581545902e+02 1.167234238494077374e+02
4.177181707382205218e+02 1.167234258783242353e+02
4.177181806182864534e+02 1.167234279072406480e+02
4.177181904983523850e+02 1.167234299361570322e+02
4.177182003784183166e+02 1.167234319650735017e+02
4.177182102584842482e+02 1.167234339939899428e+02
4.177182201385501799e+02 1.167234360229065260e+02
4.177182300186161115e+02 1.167234380518229671e+02
4.177182398986820431e+02 1.167234400807392660e+02
4.177182497787479747e+02 1.167234421096557639e+02
4.177182596588139063e+02 1.167234441385722619e+02
4.177182695388797811e+02 1.167234461674887598e+02
4.177182794189457127e+02 1.167234481964051724e+02
4.177182892990116443e+02 1.167234502253216135e+02
4.177182991790775759e+02 1.167234522542380830e+02
4.177183090591435075e+02 1.167234542831545525e+02
4.177183189392094391e+02 1.167234563120710220e+02
4.177183288192753707e+02 1.167234583409874062e+02
4.177183386993413023e+02 1.167234603699038189e+02
4.177183485794072340e+02 1.167234623988205726e+02
4.177183584594731656e+02 1.167234644277368716e+02
4.177183683395390972e+02 1.167234664566533695e+02
4.177183782196050288e+02 1.167234684855697537e+02
4.177183880996709604e+02 1.167234705144862232e+02
4.177183979797368352e+02 1.167234725434027212e+02
4.177184078598027668e+02 1.167234745723194180e+02
4.177184177398686984e+02 1.167234766012356602e+02
4.177184276199346300e+02 1.167234786301523002e+02
4.177184375000005616e+02 1.167234806590685992e+02
4.177184473800664932e+02 1.167234826879850402e+02
4.177184572601324248e+02 1.167234847169016518e+02
4.177184671401983564e+02 1.167234867458182066e+02
4.177184770202642881e+02 1.167234887747345056e+02
4.177184869003302197e+02 1.167234908036511456e+02
4.177184967803961513e+02 1.167234928325675867e+02
4.177185066604620829e+02 1.167234948614841130e+02
4.177185165405280145e+02 1.167234968904005825e+02
4.177185214805609235e+02 1.167234979048588457e+02
4.177185264205938893e+02 1.167234989193170236e+02
4.177185313606268551e+02 1.167234999337753436e+02
4.177185363006598209e+02 1.167235009482335499e+02
4.177185412406927867e+02 1.167235019626918984e+02
4.177185461807257525e+02 1.167235029771499626e+02
4.177185511207587183e+02 1.167235039916085100e+02
4.177185560607916841e+02 1.167235050060666879e+02
4.177185610008246499e+02 1.167235060205247521e+02
4.177185659408576157e+02 1.167235070349830721e+02
4.177185708808905815e+02 1.167235080494413353e+02
4.177185758209235473e+02 1.167235090638996837e+02
4.177185807609565131e+02 1.167235100783578332e+02
4.177185857009894789e+02 1.167235110928161248e+02
4.177185906410224447e+02 1.167235121072743596e+02
4.177185955810554105e+02 1.167235131217325375e+02
4.177186005210883764e+02 1.167235141361909143e+02
4.177186054611213422e+02 1.167235151506490922e+02
4.177186104011543080e+02 1.167235161651074122e+02
4.177186153411872738e+02 1.167235171795656470e+02
4.177186202812202396e+02 1.167235181940239102e+02
4.177186252212532054e+02 1.167235192084821733e+02
4.177186301612861712e+02 1.167235202229404081e+02
4.177186351013191370e+02 1.167235212373988134e+02
4.177186400413521028e+02 1.167235222518569060e+02
4.177186449813850686e+02 1.167235232663151407e+02
4.177186499214179776e+02 1.167235242807734039e+02
4.177186548614509434e+02 1.167235252952318092e+02
4.177186598014839092e+02 1.167235263096899871e+02
4.177186647415168750e+02 1.167235273241481934e+02
4.177186696815498408e+02 1.167235283386063998e+02
4.177186746215828066e+02 1.167235293530646629e+02
4.177186795616157724e+02 1.167235303675230398e+02
4.177186845016487382e+02 1.167235313819813030e+02
4.177186894416817040e+02 1.167235323964395093e+02
4.177186943817146698e+02 1.167235334108975735e+02
4.177186993217476356e+02 1.167235344253560072e+02
4.177187042617806014e+02 1.167235354398142135e+02
4.177187092018135672e+02 1.167235364542726188e+02
4.177187141418465330e+02 1.167235374687308820e+02
4.177187190818794988e+02 1.167235384831890030e+02
4.177187240219124647e+02 1.167235394976472378e+02
4.177187289619454305e+02 1.167235405121056715e+02
4.177187339019783963e+02 1.167235415265637073e+02
4.177187388420113621e+02 1.167235425410221126e+02
4.177187437820443279e+02 1.167235435554803473e+02
4.177187487220772937e+02 1.167235445699386389e+02
4.177187536621102595e+02 1.167235455843969874e+02
4.177187586021432253e+02 1.167235465988551653e+02
4.177187635421761911e+02 1.167235476133134000e+02
4.177187684822091569e+02 1.167235486277717200e+02
4.177187734222420659e+02 1.167235496422299548e+02
4.177187783622750317e+02 1.167235506566883316e+02
4.177187833023079975e+02 1.167235516711465095e+02
4.177187882423409633e+02 1.167235526856048295e+02
4.177187931823739291e+02 1.167235537000631496e+02
4.177187981224068949e+02 1.167235547145213559e+02
4.177188030624398607e+02 1.167235557289795906e+02
4.177188080024728265e+02 1.167235567434377970e+02
4.177188129425057923e+02 1.167235577578961738e+02
4.177188178825387581e+02 1.167235587723543517e+02
4.177188228225717239e+02 1.167235597868126149e+02
4.177188277626046897e+02 1.167235608012708497e+02
4.177188327026376555e+02 1.167235618157291412e+02
4.177188376426706213e+02 1.167235628301873760e+02
4.177188425827035871e+02 1.167235638446457386e+02
4.177188475227365529e+02 1.167235648591040587e+02
4.177188499927530074e+02 1.167235653663332471e+02
4.177188524627695188e+02 1.167235664806054984e+02
4.177188549327859732e+02 1.167235669878344595e+02
4.177188574028024846e+02 1.167235674950636763e+02
4.177188598728189390e+02 1.167235680022929500e+02
4.177188623428354504e+02 1.167235685095219964e+02
4.177188648128519048e+02 1.167235690167512701e+02
4.177188672828684162e+02 1.167235695239802169e+02
4.177188697528848706e+02 1.167235700312095048e+02
4.177188722229013820e+02 1.167235705384386506e+02
4.177188746929178365e+02 1.167235710456678532e+02
4.177188771629343478e+02 1.167235715528968427e+02
4.177188796329508023e+02 1.167235720601259175e+02
4.177188821029673136e+02 1.167235725673551059e+02
4.177188845729837681e+02 1.167235730745840101e+02
4.177188870430002794e+02 1.167235735818135112e+02
4.177188895130167339e+02 1.167235740890425006e+02
4.177188895154288844e+02 1.167235734830875913e+02
4.177188919878574893e+02 1.167235739914048338e+02
4.177188944626981879e+02 1.167235745008102867e+02
4.177188969423631875e+02 1.167235750123920326e+02
4.177188994316766752e+02 1.167235755283264496e+02
4.177189019402871963e+02 1.167235760339959114e+02
4.177189044874916704e+02 1.167235765570760293e+02
4.177189071118841639e+02 1.167235770960067782e+02
4.177189098906526965e+02 1.167235776666397697e+02
