2.590000000000000000e+02 -1.515889999999999915e+01
2.615899999999999750e+02 -1.533109999999999928e+01
2.641800000000000068e+02 -1.550350000000000072e+01
2.667699999999999818e+02 -1.567600000000000016e+01
2.693600000000000136e+02 -1.584880000000000067e+01
2.719499999999999886e+02 -1.602179999999999893e+01
2.745400000000000205e+02 -1.619500000000000028e+01
2.771299999999999955e+02 -1.636840000000000117e+01
2.797200000000000273e+02 -1.654200000000000159e+01
2.823100000000000023e+02 -1.671590000000000131e+01
2.848999999999999773e+02 -1.688990000000000080e+01
2.874900000000000091e+02 -1.706419999999999959e+01
2.900799999999999841e+02 -1.723870000000000147e+01
2.926700000000000159e+02 -1.741339999999999932e+01
2.952599999999999909e+02 -1.758840000000000003e+01
2.978500000000000227e+02 -1.776360000000000028e+01
3.004399999999999977e+02 -1.793900000000000006e+01
3.030299999999999727e+02 -1.811459999999999937e+01
3.056200000000000045e+02 -1.829050000000000153e+01
3.082099999999999795e+02 -1.846659999999999968e+01
3.108000000000000114e+02 -1.864290000000000092e+01
3.133899999999999864e+02 -1.881940000000000168e+01
3.159800000000000182e+02 -1.899620000000000175e+01
3.185699999999999932e+02 -1.917330000000000112e+01
3.211600000000000250e+02 -1.935060000000000002e+01
3.237500000000000000e+02 -1.952809999999999846e+01
3.263399999999999750e+02 -1.970579999999999998e+01
3.289300000000000068e+02 -1.988390000000000057e+01
3.315199999999999818e+02 -2.006210000000000093e+01
3.341100000000000136e+02 -2.024060000000000059e+01
3.366999999999999886e+02 -2.041939999999999955e+01
3.392900000000000205e+02 -2.059840000000000160e+01
3.418799999999999955e+02 -2.077769999999999939e+01
3.444700000000000273e+02 -2.095720000000000027e+01
3.470600000000000023e+02 -2.113700000000000045e+01
3.496499999999999773e+02 -2.131700000000000017e+01
3.522400000000000091e+02 -2.149729999999999919e+01
3.548299999999999841e+02 -2.167790000000000106e+01
3.574200000000000159e+02 -2.185869999999999891e+01
3.600099999999999909e+02 -2.203979999999999961e+01
3.626000000000000227e+02 -2.222119999999999962e+01
3.651899999999999977e+02 -2.240289999999999893e+01
3.677799999999999727e+02 -2.258480000000000132e+01
3.703700000000000045e+02 -2.276699999999999946e+01
3.729599999999999795e+02 -2.294950000000000045e+01
3.755500000000000114e+02 -2.313220000000000098e+01
3.781399999999999864e+02 -2.331530000000000058e+01
3.807300000000000182e+02 -2.349859999999999971e+01
3.833199999999999932e+02 -2.368220000000000169e+01
3.859100000000000250e+02 -2.386609999999999943e+01
3.885000000000000000e+02 -2.405030000000000001e+01
3.910899999999999750e+02 -2.423479999999999990e+01
3.936800000000000068e+02 -2.441959999999999908e+01
3.962699999999999818e+02 -2.460470000000000113e+01
3.988600000000000136e+02 -2.478999999999999915e+01
4.014499999999999886e+02 -2.497569999999999979e+01
4.040400000000000205e+02 -2.516169999999999973e+01
4.066299999999999955e+02 -2.534799999999999898e+01
4.092200000000000273e+02 -2.553460000000000107e+01
4.118100000000000023e+02 -2.572149999999999892e+01
4.143999999999999773e+02 -2.590879999999999939e+01
4.169900000000000091e+02 -2.609629999999999939e+01
4.195799999999999841e+02 -2.628419999999999845e+01
4.221700000000000159e+02 -2.647240000000000038e+01
4.247599999999999909e+02 -2.666090000000000160e+01
4.273500000000000227e+02 -2.684969999999999857e+01
4.299399999999999977e+02 -2.703890000000000171e+01
4.325299999999999727e+02 -2.722840000000000060e+01
4.351200000000000045e+02 -2.741819999999999879e+01
4.377099999999999795e+02 -2.760839999999999961e+01
4.403000000000000114e+02 -2.779889999999999972e+01
4.428899999999999864e+02 -2.798979999999999890e+01
4.454800000000000182e+02 -2.818100000000000094e+01
4.480699999999999932e+02 -2.837249999999999872e+01
4.506600000000000250e+02 -2.856449999999999889e+01
4.532500000000000000e+02 -2.875669999999999860e+01
4.558399999999999750e+02 -2.894930000000000092e+01
4.584300000000000068e+02 -2.914229999999999876e+01
4.610199999999999818e+02 -2.933559999999999945e+01
4.636100000000000136e+02 -2.952929999999999922e+01
4.661999999999999886e+02 -2.972340000000000160e+01
4.687900000000000205e+02 -2.991779999999999973e+01
4.713799999999999955e+02 -3.011270000000000024e+01
4.739700000000000273e+02 -3.030790000000000006e+01
4.765600000000000023e+02 -3.050339999999999918e+01
4.791499999999999773e+02 -3.069940000000000069e+01
4.817400000000000091e+02 -3.089570000000000149e+01
4.843299999999999841e+02 -3.109250000000000114e+01
4.869200000000000159e+02 -3.128960000000000008e+01
4.895099999999999909e+02 -3.148710000000000164e+01
4.921000000000000227e+02 -3.168509999999999849e+01
4.946899999999999977e+02 -3.188340000000000174e+01
4.972799999999999727e+02 -3.208209999999999695e+01
4.998700000000000045e+02 -3.228130000000000166e+01
5.024599999999999795e+02 -3.248080000000000211e+01
5.050500000000000114e+02 -3.268079999999999785e+01
5.076399999999999864e+02 -3.288119999999999976e+01
5.102300000000000182e+02 -3.308200000000000074e+01
5.128200000000000500e+02 -3.328329999999999700e+01
5.154099999999999682e+02 -3.348499999999999943e+01
5.180000000000000000e+02 -3.368710000000000093e+01
5.205900000000000318e+02 -3.388969999999999771e+01
5.231799999999999500e+02 -3.409270000000000067e+01
5.257699999999999818e+02 -3.429610000000000269e+01
5.283600000000000136e+02 -3.450000000000000000e+01
5.309500000000000455e+02 -3.470439999999999969e+01
5.335399999999999636e+02 -3.490919999999999845e+01
5.361299999999999955e+02 -3.511449999999999960e+01
5.387200000000000273e+02 -3.532030000000000314e+01
5.413099999999999454e+02 -3.552649999999999864e+01
5.438999999999999773e+02 -3.573319999999999652e+01
5.464900000000000091e+02 -3.594039999999999679e+01
5.490800000000000409e+02 -3.614800000000000324e+01
5.516699999999999591e+02 -3.635620000000000118e+01
5.542599999999999909e+02 -3.656479999999999819e+01
5.568500000000000227e+02 -3.677400000000000091e+01
5.594400000000000546e+02 -3.698369999999999891e+01
5.620299999999999727e+02 -3.719380000000000308e+01
5.646200000000000045e+02 -3.740449999999999875e+01
5.672100000000000364e+02 -3.761569999999999681e+01
5.697999999999999545e+02 -3.782739999999999725e+01
5.723899999999999864e+02 -3.803970000000000340e+01
5.749800000000000182e+02 -3.825240000000000151e+01
5.775700000000000500e+02 -3.846569999999999823e+01
5.801599999999999682e+02 -3.867960000000000065e+01
5.827500000000000000e+02 -3.889399999999999835e+01
5.853400000000000318e+02 -3.910900000000000176e+01
5.879299999999999500e+02 -3.932450000000000045e+01
5.905199999999999818e+02 -3.954059999999999775e+01
5.931100000000000136e+02 -3.975719999999999743e+01
5.957000000000000455e+02 -3.997449999999999903e+01
5.982899999999999636e+02 -4.019230000000000302e+01
6.008799999999999955e+02 -4.041069999999999851e+01
6.034700000000000273e+02 -4.062969999999999970e+01
6.060599999999999454e+02 -4.084929999999999950e+01
6.086499999999999773e+02 -4.106949999999999790e+01
6.112400000000000091e+02 -4.129030000000000200e+01
6.138300000000000409e+02 -4.151169999999999760e+01
6.164199999999999591e+02 -4.173380000000000223e+01
6.190099999999999909e+02 -4.195640000000000214e+01
6.216000000000000227e+02 -4.217980000000000018e+01
6.241900000000000546e+02 -4.240370000000000061e+01
6.267799999999999727e+02 -4.262830000000000297e+01
6.293700000000000045e+02 -4.285360000000000014e+01
6.319600000000000364e+02 -4.307950000000000301e+01
6.345499999999999545e+02 -4.330619999999999692e+01
6.371399999999999864e+02 -4.353340000000000032e+01
6.397300000000000182e+02 -4.376140000000000185e+01
6.423200000000000500e+02 -4.399009999999999820e+01
6.449099999999999682e+02 -4.421949999999999648e+01
6.475000000000000000e+02 -4.444950000000000045e+01
6.500900000000000318e+02 -4.468030000000000257e+01
6.526799999999999500e+02 -4.491190000000000282e+01
6.552699999999999818e+02 -4.514410000000000167e+01
6.578600000000000136e+02 -4.537709999999999866e+01
6.604500000000000455e+02 -4.561079999999999757e+01
6.630399999999999636e+02 -4.584530000000000172e+01
6.656299999999999955e+02 -4.608059999999999690e+01
6.682200000000000273e+02 -4.631669999999999732e+01
6.708099999999999454e+02 -4.655349999999999966e+01
6.733999999999999773e+02 -4.679110000000000014e+01
6.759900000000000091e+02 -4.702960000000000207e+01
6.785800000000000409e+02 -4.726879999999999882e+01
6.811699999999999591e+02 -4.750889999999999702e+01
6.837599999999999909e+02 -4.774980000000000047e+01
6.863500000000000227e+02 -4.799150000000000205e+01
6.889400000000000546e+02 -4.823409999999999798e+01
6.915299999999999727e+02 -4.847749999999999915e+01
6.941200000000000045e+02 -4.872189999999999799e+01
6.967100000000000364e+02 -4.896710000000000207e+01
6.992999999999999545e+02 -4.921320000000000050e+01
7.018899999999999864e+02 -4.946020000000000039e+01
7.044800000000000182e+02 -4.970810000000000173e+01
7.070700000000000500e+02 -4.995700000000000074e+01
7.096599999999999682e+02 -5.020680000000000121e+01
7.122500000000000000e+02 -5.045750000000000313e+01
7.148400000000000318e+02 -5.070929999999999893e+01
7.174299999999999500e+02 -5.096200000000000330e+01
7.200199999999999818e+02 -5.121569999999999823e+01
7.226100000000000136e+02 -5.147039999999999793e+01
7.252000000000000455e+02 -5.172610000000000241e+01
7.277899999999999636e+02 -5.198279999999999745e+01
7.303799999999999955e+02 -5.224060000000000059e+01
7.329700000000000273e+02 -5.249949999999999761e+01
7.355599999999999454e+02 -5.275939999999999941e+01
7.381499999999999773e+02 -5.302040000000000219e+01
7.407400000000000091e+02 -5.328260000000000218e+01
7.433300000000000409e+02 -5.354579999999999984e+01
7.459199999999999591e+02 -5.381020000000000181e+01
7.485099999999999909e+02 -5.407569999999999766e+01
7.511000000000000227e+02 -5.434250000000000114e+01
7.536900000000000546e+02 -5.461030000000000229e+01
7.562799999999999727e+02 -5.487939999999999685e+01
7.588700000000000045e+02 -5.514979999999999905e+01
7.614600000000000364e+02 -5.542130000000000223e+01
7.640499999999999545e+02 -5.569420000000000215e+01
7.666399999999999864e+02 -5.596829999999999927e+01
7.692300000000000182e+02 -5.624369999999999692e+01
7.718200000000000500e+02 -5.652040000000000219e+01
7.744099999999999682e+02 -5.679840000000000089e+01
7.770000000000000000e+02 -5.707780000000000342e+01
7.795900000000000318e+02 -5.735860000000000269e+01
7.821799999999999500e+02 -5.764079999999999870e+01
7.847699999999999818e+02 -5.792450000000000188e+01
7.873600000000000136e+02 -5.820949999999999847e+01
7.899500000000000455e+02 -5.849609999999999843e+01
7.925399999999999636e+02 -5.878410000000000224e+01
7.951299999999999955e+02 -5.907370000000000232e+01
7.977200000000000273e+02 -5.936480000000000246e+01
8.003099999999999454e+02 -5.965749999999999886e+01
8.028999999999999773e+02 -5.995190000000000197e+01
8.054900000000000091e+02 -6.024779999999999802e+01
8.080800000000000409e+02 -6.054540000000000077e+01
8.106699999999999591e+02 -6.084470000000000312e+01
8.132599999999999909e+02 -6.114569999999999794e+01
8.158500000000000227e+02 -6.144839999999999947e+01
8.184400000000000546e+02 -6.175300000000000011e+01
8.210299999999999727e+02 -6.205939999999999657e+01
8.236200000000000045e+02 -6.236760000000000304e+01
8.262100000000000364e+02 -6.267770000000000152e+01
8.287999999999999545e+02 -6.298969999999999914e+01
8.313899999999999864e+02 -6.330369999999999919e+01
8.339800000000000182e+02 -6.361970000000000169e+01
8.365700000000000500e+02 -6.393780000000000285e+01
8.391599999999999682e+02 -6.425790000000000646e+01
8.417500000000000000e+02 -6.458020000000000493e+01
8.443400000000000318e+02 -6.490460000000000207e+01
8.469299999999999500e+02 -6.523120000000000118e+01
8.495199999999999818e+02 -6.556010000000000559e+01
8.521100000000000136e+02 -6.589140000000000441e+01
8.547000000000000455e+02 -6.622499999999999432e+01
8.572899999999999636e+02 -6.656100000000000705e+01
8.598799999999999955e+02 -6.689939999999999998e+01
8.624700000000000273e+02 -6.724039999999999395e+01
8.650599999999999454e+02 -6.758400000000000318e+01
8.676499999999999773e+02 -6.793030000000000257e+01
8.702400000000000091e+02 -6.827920000000000300e+01
8.728300000000000409e+02 -6.863100000000000023e+01
8.754199999999999591e+02 -6.898550000000000182e+01
8.780099999999999909e+02 -6.934300000000000352e+01
8.806000000000000227e+02 -6.970350000000000534e+01
8.831900000000000546e+02 -7.006709999999999638e+01
8.857799999999999727e+02 -7.043380000000000507e+01
8.883700000000000045e+02 -7.080370000000000630e+01
8.909600000000000364e+02 -7.117700000000000671e+01
8.935499999999999545e+02 -7.155360000000000298e+01
8.961399999999999864e+02 -7.193380000000000507e+01
8.987300000000000182e+02 -7.231759999999999877e+01
9.013200000000000500e+02 -7.270510000000000161e+01
9.039099999999999682e+02 -7.309640000000000271e+01
9.065000000000000000e+02 -7.349160000000000537e+01
9.090900000000000318e+02 -7.389090000000000202e+01
9.116799999999999500e+02 -7.429439999999999600e+01
9.142699999999999818e+02 -7.470220000000000482e+01
9.168600000000000136e+02 -7.511450000000000671e+01
9.194500000000000455e+02 -7.553140000000000498e+01
9.220399999999999636e+02 -7.595300000000000296e+01
9.246299999999999955e+02 -7.637959999999999638e+01
9.272200000000000273e+02 -7.681119999999999948e+01
9.298099999999999454e+02 -7.724819999999999709e+01
9.323999999999999773e+02 -7.769070000000000675e+01
9.349900000000000091e+02 -7.813880000000000337e+01
9.375800000000000409e+02 -7.859290000000000020e+01
9.401699999999999591e+02 -7.905310000000000059e+01
9.427599999999999909e+02 -7.951970000000000027e+01
9.453500000000000227e+02 -7.999299999999999500e+01
9.479400000000000546e+02 -8.047329999999999472e+01
9.505299999999999727e+02 -8.096089999999999520e+01
9.531200000000000045e+02 -8.145610000000000639e+01
9.557100000000000364e+02 -8.195919999999999561e+01
9.582999999999999545e+02 -8.247069999999999368e+01
9.608899999999999864e+02 -8.299099999999999966e+01
9.634800000000000182e+02 -8.352049999999999841e+01
9.660700000000000500e+02 -8.405979999999999563e+01
9.686599999999999682e+02 -8.460930000000000462e+01
9.712500000000000000e+02 -8.516970000000000596e+01
9.738400000000000318e+02 -8.574169999999999447e+01
9.764299999999999500e+02 -8.632580000000000098e+01
9.790199999999999818e+02 -8.692310000000000514e+01
9.816100000000000136e+02 -8.753419999999999845e+01
9.842000000000000455e+02 -8.816030000000000655e+01
9.867899999999999636e+02 -8.880240000000000578e+01
9.893799999999999955e+02 -8.946179999999999666e+01
9.919700000000000273e+02 -9.013989999999999725e+01
9.945599999999999454e+02 -9.083830000000000382e+01
9.971499999999999773e+02 -9.155899999999999750e+01
9.997400000000000091e+02 -9.230400000000000205e+01
1.002330000000000041e+03 -9.307609999999999673e+01
1.004919999999999959e+03 -9.387820000000000675e+01
1.007509999999999991e+03 -9.471399999999999864e+01
1.010100000000000023e+03 -9.558790000000000475e+01
1.012690000000000055e+03 -9.650560000000000116e+01
1.015279999999999973e+03 -9.747400000000000375e+01
1.017870000000000005e+03 -9.850220000000000198e+01
1.020460000000000036e+03 -9.960259999999999536e+01
1.023049999999999955e+03 -1.007921999999999940e+02
1.025640000000000100e+03 -1.020959000000000003e+02
1.028230000000000018e+03 -1.035532000000000039e+02
1.030819999999999936e+03 -1.052331999999999965e+02
1.033410000000000082e+03 -1.072806000000000068e+02
1.036000000000000000e+03 -1.101372000000000071e+02
1.036259000000000015e+03 -1.105220999999999947e+02
1.036518000000000029e+03 -1.109431000000000012e+02
1.036777000000000044e+03 -1.114124000000000052e+02
1.037036000000000058e+03 -1.119515999999999991e+02
1.037295000000000073e+03 -1.126056999999999988e+02
1.037554000000000087e+03 -1.135097999999999985e+02
1.037576700000000073e+03 -1.136152000000000015e+02
1.037597899999999981e+03 -1.137205000000000013e+02
1.037617500000000064e+03 -1.138256999999999977e+02
1.037635600000000068e+03 -1.139309999999999974e+02
1.037652100000000019e+03 -1.140361000000000047e+02
1.037667099999999891e+03 -1.141413000000000011e+02
1.037680599999999913e+03 -1.142463999999999942e+02
1.037692500000000109e+03 -1.143513999999999982e+02
1.037702800000000025e+03 -1.144565000000000055e+02
1.037711700000000064e+03 -1.145614000000000061e+02
1.037719000000000051e+03 -1.146663999999999959e+02
1.037724799999999959e+03 -1.147712999999999965e+02
1.037729000000000042e+03 -1.148760999999999939e+02
1.037731800000000021e+03 -1.149809000000000054e+02
1.037732999999999947e+03 -1.150857000000000028e+02
1.037732700000000023e+03 -1.151903999999999968e+02
1.037730900000000020e+03 -1.152951000000000050e+02
1.037727599999999939e+03 -1.153997999999999990e+02
1.037722800000000007e+03 -1.155044000000000040e+02
1.037716400000000021e+03 -1.156089999999999947e+02
1.037708599999999933e+03 -1.157134999999999962e+02
1.037699299999999994e+03 -1.158179999999999978e+02
1.037688499999999976e+03 -1.159224999999999994e+02
1.037676200000000108e+03 -1.160268999999999977e+02
1.037662399999999934e+03 -1.161312000000000069e+02
1.037647200000000112e+03 -1.162356000000000051e+02
1.037630400000000009e+03 -1.163399000000000001e+02
1.037612200000000030e+03 -1.164441000000000059e+02
1.037592499999999973e+03 -1.165484000000000009e+02
1.037571300000000065e+03 -1.166525000000000034e+02
1.037548700000000053e+03 -1.167566999999999950e+02
1.037524499999999989e+03 -1.168607999999999976e+02
1.037499000000000024e+03 -1.169649000000000001e+02
1.037471900000000005e+03 -1.170688999999999993e+02
1.037443400000000111e+03 -1.171728999999999985e+02
1.037413500000000113e+03 -1.172767999999999944e+02
1.037382100000000037e+03 -1.173807000000000045e+02
1.037349200000000110e+03 -1.174846000000000004e+02
1.037314900000000080e+03 -1.175883999999999929e+02
1.037279199999999946e+03 -1.176921999999999997e+02
1.037241999999999962e+03 -1.177960000000000065e+02
1.037203299999999899e+03 -1.178996999999999957e+02
1.037163299999999936e+03 -1.180033999999999992e+02
1.037121799999999894e+03 -1.181071000000000026e+02
1.037078800000000001e+03 -1.182107000000000028e+02
1.037034499999999980e+03 -1.183141999999999996e+02
1.036988700000000108e+03 -1.184177999999999997e+02
1.036941499999999905e+03 -1.185212999999999965e+02
1.036892800000000079e+03 -1.186247000000000043e+02
1.036842799999999897e+03 -1.187282000000000011e+02
1.036791300000000092e+03 -1.188315000000000055e+02
1.036738499999999931e+03 -1.189348999999999990e+02
1.036684199999999919e+03 -1.190382000000000033e+02
1.036628500000000031e+03 -1.191414999999999935e+02
1.036571400000000040e+03 -1.192446999999999946e+02
1.036512899999999945e+03 -1.193478999999999957e+02
1.036452999999999975e+03 -1.194510999999999967e+02
1.036391699999999901e+03 -1.195541999999999945e+02
1.036328999999999951e+03 -1.196573000000000064e+02
1.036264899999999898e+03 -1.197604000000000042e+02
1.036199499999999944e+03 -1.198633999999999986e+02
1.036132599999999911e+03 -1.199663999999999930e+02
1.036064399999999978e+03 -1.200694000000000017e+02
1.035994799999999941e+03 -1.201723000000000070e+02
1.035923800000000028e+03 -1.202751999999999981e+02
1.035851400000000012e+03 -1.203780000000000001e+02
1.035777599999999893e+03 -1.204808000000000021e+02
1.035702500000000100e+03 -1.205836000000000041e+02
1.035625999999999976e+03 -1.206863000000000028e+02
1.035548199999999952e+03 -1.207890000000000015e+02
1.035469000000000051e+03 -1.208917000000000002e+02
1.035388400000000047e+03 -1.209942999999999955e+02
1.035306399999999940e+03 -1.210969000000000051e+02
1.035223099999999931e+03 -1.211995000000000005e+02
1.035138500000000022e+03 -1.213020000000000067e+02
1.035052500000000009e+03 -1.214044999999999987e+02
1.034965099999999893e+03 -1.215070000000000050e+02
1.034876500000000078e+03 -1.216093999999999937e+02
1.034786399999999958e+03 -1.217117999999999967e+02
1.034694999999999936e+03 -1.218141999999999996e+02
1.034602300000000014e+03 -1.219164999999999992e+02
1.034508299999999963e+03 -1.220187999999999988e+02
1.034412900000000036e+03 -1.221209999999999951e+02
1.034316100000000006e+03 -1.222232000000000056e+02
1.034218100000000049e+03 -1.223254000000000019e+02
1.034118699999999990e+03 -1.224275999999999982e+02
1.034018000000000029e+03 -1.225297000000000054e+02
1.033915999999999940e+03 -1.226317999999999984e+02
1.033812599999999975e+03 -1.227338000000000022e+02
1.033707900000000109e+03 -1.228358000000000061e+02
1.033602000000000089e+03 -1.229377999999999957e+02
1.033494699999999966e+03 -1.230397999999999996e+02
1.033386099999999942e+03 -1.231417000000000002e+02
1.033276100000000042e+03 -1.232436000000000007e+02
1.033164899999999989e+03 -1.233453999999999979e+02
1.033052400000000034e+03 -1.234471999999999952e+02
1.032938499999999976e+03 -1.235490000000000066e+02
1.032823399999999992e+03 -1.236507000000000005e+02
1.032707000000000107e+03 -1.237524999999999977e+02
1.032589199999999892e+03 -1.238541000000000025e+02
1.032470199999999977e+03 -1.239557999999999964e+02
1.032349899999999934e+03 -1.240574000000000012e+02
1.032228299999999990e+03 -1.241590000000000060e+02
1.032105399999999918e+03 -1.242604999999999933e+02
1.031981299999999919e+03 -1.243620999999999981e+02
1.031855800000000045e+03 -1.244634999999999962e+02
1.031729100000000017e+03 -1.245649999999999977e+02
1.031601000000000113e+03 -1.246663999999999959e+02
1.031471800000000030e+03 -1.247677999999999940e+02
1.031341200000000072e+03 -1.248692000000000064e+02
1.031209299999999985e+03 -1.249705000000000013e+02
1.031076199999999972e+03 -1.250717999999999961e+02
1.030941900000000032e+03 -1.251730000000000018e+02
1.030806199999999990e+03 -1.252742999999999967e+02
1.030669300000000021e+03 -1.253753999999999991e+02
1.030531199999999899e+03 -1.254766000000000048e+02
1.030391699999999901e+03 -1.255776999999999930e+02
1.030250999999999976e+03 -1.256787999999999954e+02
1.030109099999999899e+03 -1.257798999999999978e+02
1.029965899999999920e+03 -1.258808999999999969e+02
1.029821500000000015e+03 -1.259818999999999960e+02
1.029675799999999981e+03 -1.260828999999999951e+02
1.029528800000000047e+03 -1.261838999999999942e+02
1.029380699999999933e+03 -1.262848000000000042e+02
1.029231199999999944e+03 -1.263855999999999966e+02
1.029080600000000004e+03 -1.264865000000000066e+02
1.028928699999999935e+03 -1.265872999999999990e+02
1.028775499999999965e+03 -1.266881000000000057e+02
1.028621100000000069e+03 -1.267887999999999948e+02
1.028465500000000020e+03 -1.268896000000000015e+02
1.028308700000000044e+03 -1.269903000000000048e+02
1.028150599999999940e+03 -1.270909000000000049e+02
1.027991299999999910e+03 -1.271915000000000049e+02
1.027830799999999954e+03 -1.272921000000000049e+02
1.027669000000000096e+03 -1.273927000000000049e+02
1.027506000000000085e+03 -1.274933000000000050e+02
1.027341799999999921e+03 -1.275938000000000017e+02
1.027176400000000058e+03 -1.276941999999999950e+02
1.027009800000000041e+03 -1.277947000000000060e+02
1.026841899999999896e+03 -1.278950999999999993e+02
1.026672900000000027e+03 -1.279955000000000069e+02
1.026502600000000029e+03 -1.280957999999999970e+02
1.026331100000000106e+03 -1.281962000000000046e+02
1.026158400000000029e+03 -1.282965000000000089e+02
1.025984600000000000e+03 -1.283967000000000098e+02
1.025809500000000071e+03 -1.284970000000000141e+02
1.025633199999999988e+03 -1.285971999999999866e+02
1.025455699999999979e+03 -1.286973000000000127e+02
1.025277000000000044e+03 -1.287975000000000136e+02
1.025097099999999955e+03 -1.288976000000000113e+02
1.024915999999999940e+03 -1.289977000000000089e+02
1.024733699999999999e+03 -1.290977000000000032e+02
1.024550300000000107e+03 -1.291978000000000009e+02
1.024365600000000086e+03 -1.292976999999999919e+02
1.024179699999999912e+03 -1.293976999999999862e+02
1.023992700000000013e+03 -1.294976000000000056e+02
1.023804499999999962e+03 -1.295975999999999999e+02
1.023615099999999984e+03 -1.296973999999999876e+02
1.023424499999999966e+03 -1.297973000000000070e+02
1.023232799999999997e+03 -1.298970999999999947e+02
1.023039800000000014e+03 -1.299969000000000108e+02
1.022845699999999965e+03 -1.300965999999999951e+02
1.022650399999999991e+03 -1.301964000000000112e+02
1.022453899999999976e+03 -1.302960999999999956e+02
1.022256300000000010e+03 -1.303958000000000084e+02
1.022057500000000005e+03 -1.304953999999999894e+02
1.021857499999999959e+03 -1.305949999999999989e+02
1.021656399999999962e+03 -1.306946000000000083e+02
1.021454100000000039e+03 -1.307941999999999894e+02
1.021250599999999963e+03 -1.308936999999999955e+02
1.021046000000000049e+03 -1.309932000000000016e+02
1.020840199999999982e+03 -1.310927000000000078e+02
1.020633299999999963e+03 -1.311921000000000106e+02
1.020425200000000018e+03 -1.312915000000000134e+02
1.020215900000000033e+03 -1.313908999999999878e+02
1.020005499999999984e+03 -1.314902999999999906e+02
1.019793900000000008e+03 -1.315895999999999901e+02
1.019581199999999967e+03 -1.316888999999999896e+02
1.019367300000000000e+03 -1.317881999999999891e+02
1.019152299999999968e+03 -1.318874000000000137e+02
1.018936199999999985e+03 -1.319866000000000099e+02
1.018718899999999962e+03 -1.320858000000000061e+02
1.018500400000000013e+03 -1.321850000000000023e+02
1.018280799999999999e+03 -1.322840999999999951e+02
1.018060100000000034e+03 -1.323831999999999880e+02
1.017838200000000029e+03 -1.324823000000000093e+02
1.017615199999999959e+03 -1.325812999999999988e+02
1.017390999999999963e+03 -1.326803999999999917e+02
1.017165799999999990e+03 -1.327794000000000096e+02
1.016939300000000003e+03 -1.328782999999999959e+02
1.016711800000000039e+03 -1.329773000000000138e+02
1.016483100000000036e+03 -1.330762000000000000e+02
1.016253299999999967e+03 -1.331750999999999863e+02
1.016022399999999948e+03 -1.332738999999999976e+02
1.015790300000000002e+03 -1.333727000000000089e+02
1.015557099999999991e+03 -1.334714999999999918e+02
1.015322800000000029e+03 -1.335703000000000031e+02
1.015087300000000027e+03 -1.336690999999999860e+02
1.014850800000000049e+03 -1.337677999999999940e+02
1.014613100000000031e+03 -1.338665000000000020e+02
1.014374299999999948e+03 -1.339651000000000067e+02
1.014134400000000028e+03 -1.340637999999999863e+02
1.013893299999999954e+03 -1.341623999999999910e+02
1.013651200000000017e+03 -1.342609999999999957e+02
1.013407900000000041e+03 -1.343594999999999970e+02
1.013163499999999999e+03 -1.344581000000000017e+02
1.012918000000000006e+03 -1.345566000000000031e+02
1.012671399999999949e+03 -1.346551000000000045e+02
1.012423700000000053e+03 -1.347535000000000025e+02
1.012174800000000005e+03 -1.348519000000000005e+02
1.011924899999999980e+03 -1.349502999999999986e+02
1.011673900000000003e+03 -1.350486999999999966e+02
1.011421699999999987e+03 -1.351469999999999914e+02
1.011168499999999995e+03 -1.352453999999999894e+02
1.010914099999999962e+03 -1.353437000000000126e+02
1.010658699999999953e+03 -1.354419000000000040e+02
1.010402100000000019e+03 -1.355401999999999987e+02
1.010144400000000019e+03 -1.356383999999999901e+02
1.009885700000000043e+03 -1.357366000000000099e+02
1.009625800000000027e+03 -1.358346999999999980e+02
1.009364900000000034e+03 -1.359328999999999894e+02
1.009102800000000002e+03 -1.360310000000000059e+02
1.008839699999999993e+03 -1.361290999999999940e+02
1.008575399999999945e+03 -1.362271000000000072e+02
1.008310100000000034e+03 -1.363250999999999920e+02
1.008043699999999944e+03 -1.364232000000000085e+02
1.007776200000000017e+03 -1.365210999999999899e+02
1.007507600000000025e+03 -1.366191000000000031e+02
1.007237899999999968e+03 -1.367170000000000130e+02
1.006967099999999959e+03 -1.368148999999999944e+02
1.006695200000000000e+03 -1.369128000000000043e+02
1.006422299999999950e+03 -1.370107000000000141e+02
1.006148199999999974e+03 -1.371084999999999923e+02
1.005873100000000022e+03 -1.372062999999999988e+02
1.005596900000000005e+03 -1.373041000000000054e+02
1.005319600000000037e+03 -1.374018000000000086e+02
1.005041200000000003e+03 -1.374995999999999867e+02
1.004761799999999994e+03 -1.375972999999999900e+02
1.004481300000000033e+03 -1.376948999999999899e+02
1.004199600000000032e+03 -1.377925999999999931e+02
1.003916900000000055e+03 -1.378901999999999930e+02
1.003633199999999988e+03 -1.379877999999999929e+02
1.003348299999999995e+03 -1.380853999999999928e+02
1.003062400000000025e+03 -1.381828999999999894e+02
1.002775399999999991e+03 -1.382804999999999893e+02
1.002487300000000005e+03 -1.383779999999999859e+02
1.002198200000000043e+03 -1.384755000000000109e+02
1.001907900000000041e+03 -1.385729000000000042e+02
1.001616599999999949e+03 -1.386702999999999975e+02
1.001324299999999994e+03 -1.387677999999999940e+02
1.001030799999999999e+03 -1.388651000000000124e+02
1.000736300000000028e+03 -1.389625000000000057e+02
1.000440699999999993e+03 -1.390597999999999956e+02
1.000144099999999980e+03 -1.391571000000000140e+02
9.998463000000000420e+02 -1.392544000000000040e+02
9.995475000000000136e+02 -1.393516999999999939e+02
9.992477000000000089e+02 -1.394489000000000090e+02
9.989466999999999643e+02 -1.395460999999999956e+02
9.986446999999999434e+02 -1.396433000000000106e+02
9.983416999999999462e+02 -1.397404999999999973e+02
9.980375000000000227e+02 -1.398376000000000090e+02
9.977323000000000093e+02 -1.399347999999999956e+02
9.974261000000000195e+02 -1.400319000000000074e+02
9.971186999999999898e+02 -1.401288999999999874e+02
9.968103999999999587e+02 -1.402259999999999991e+02
9.965009000000000015e+02 -1.403230000000000075e+02
9.961903999999999542e+02 -1.404199999999999875e+02
9.958787999999999556e+02 -1.405169999999999959e+02
9.955661999999999807e+02 -1.406140000000000043e+02
9.952523999999999660e+02 -1.407109000000000094e+02
9.949376999999999498e+02 -1.408077999999999861e+02
9.946218000000000075e+02 -1.409046999999999912e+02
9.943048999999999751e+02 -1.410015999999999963e+02
9.939869999999999663e+02 -1.410983999999999980e+02
9.936680000000000064e+02 -1.411951999999999998e+02
9.933478999999999814e+02 -1.412920000000000016e+02
9.930267999999999802e+02 -1.413888000000000034e+02
9.927046000000000276e+02 -1.414855000000000018e+02
9.923813000000000102e+02 -1.415823000000000036e+02
9.920570000000000164e+02 -1.416790000000000020e+02
9.917315999999999576e+02 -1.417757000000000005e+02
9.914052000000000362e+02 -1.418722999999999956e+02
9.910777000000000498e+02 -1.419689999999999941e+02
9.907490999999999985e+02 -1.420655999999999892e+02
9.904194999999999709e+02 -1.421622000000000128e+02
9.900887999999999920e+02 -1.422588000000000079e+02
9.897571000000000367e+02 -1.423552999999999997e+02
9.894243000000000166e+02 -1.424517999999999915e+02
9.890905000000000200e+02 -1.425483999999999867e+02
9.887555999999999585e+02 -1.426448000000000036e+02
9.884195999999999458e+02 -1.427412999999999954e+02
9.880825999999999567e+02 -1.428377999999999872e+02
9.877445000000000164e+02 -1.429342000000000041e+02
9.874053999999999860e+02 -1.430305999999999926e+02
9.870652000000000044e+02 -1.431270000000000095e+02
9.867238999999999578e+02 -1.432232999999999947e+02
9.863816000000000486e+02 -1.433197000000000116e+02
9.860381999999999607e+02 -1.434159999999999968e+02
9.856938000000000102e+02 -1.435123000000000104e+02
9.853482999999999947e+02 -1.436085999999999956e+02
9.850017000000000280e+02 -1.437048000000000059e+02
9.846540999999999713e+02 -1.438010999999999910e+02
9.843053999999999633e+02 -1.438973000000000013e+02
9.839556999999999789e+02 -1.439935000000000116e+02
9.836049000000000433e+02 -1.440896999999999935e+02
9.832530000000000427e+02 -1.441858000000000004e+02
9.829000999999999522e+02 -1.442819000000000074e+02
9.825461000000000240e+02 -1.443780999999999892e+02
9.821911000000000058e+02 -1.444741999999999962e+02
9.818350000000000364e+02 -1.445701999999999998e+02
9.814778000000000020e+02 -1.446663000000000068e+02
9.811195999999999913e+02 -1.447623000000000104e+02
9.807603000000000293e+02 -1.448583999999999889e+02
9.803999000000000024e+02 -1.449543999999999926e+02
9.800384999999999991e+02 -1.450502999999999929e+02
9.796760000000000446e+02 -1.451462999999999965e+02
9.793125000000000000e+02 -1.452421999999999969e+02
9.789478000000000293e+02 -1.453382000000000005e+02
9.785821999999999434e+02 -1.454341000000000008e+02
9.782154000000000451e+02 -1.455298999999999978e+02
9.778476000000000568e+02 -1.456257999999999981e+02
9.774787000000000035e+02 -1.457216999999999985e+02
9.771086999999999989e+02 -1.458174999999999955e+02
9.767377000000000180e+02 -1.459132999999999925e+02
9.763655999999999722e+02 -1.460090999999999894e+02
9.759923999999999751e+02 -1.461048999999999864e+02
9.756182000000000016e+02 -1.462006000000000085e+02
9.752428999999999633e+02 -1.462964000000000055e+02
9.748664999999999736e+02 -1.463920999999999992e+02
9.744890000000000327e+02 -1.464877999999999929e+02
9.741105000000000018e+02 -1.465834999999999866e+02
9.737308000000000447e+02 -1.466792000000000087e+02
9.733500999999999976e+02 -1.467747999999999990e+02
9.729683999999999742e+02 -1.468704999999999927e+02
9.725855000000000246e+02 -1.469661000000000115e+02
9.722015999999999849e+02 -1.470617000000000019e+02
9.718165999999999940e+02 -1.471572999999999922e+02
9.714305000000000518e+02 -1.472528000000000077e+02
9.710433000000000447e+02 -1.473483999999999980e+02
9.706549999999999727e+02 -1.474439000000000135e+02
9.702657000000000380e+02 -1.475395000000000039e+02
9.698751999999999498e+02 -1.476349999999999909e+02
9.694836999999999989e+02 -1.477305000000000064e+02
9.690910999999999831e+02 -1.478258999999999901e+02
9.686974000000000160e+02 -1.479214000000000055e+02
9.683025000000000091e+02 -1.480168999999999926e+02
9.679066000000000258e+02 -1.481123000000000047e+02
9.675096999999999525e+02 -1.482076999999999884e+02
9.671115999999999531e+02 -1.483031000000000006e+02
9.667124000000000024e+02 -1.483985000000000127e+02
9.663120999999999867e+02 -1.484938999999999965e+02
9.659107000000000198e+02 -1.485892000000000053e+02
9.655081999999999880e+02 -1.486845999999999890e+02
9.651046000000000049e+02 -1.487798999999999978e+02
9.646998999999999569e+02 -1.488752000000000066e+02
9.642940999999999576e+02 -1.489704999999999870e+02
9.638872000000000071e+02 -1.490657999999999959e+02
9.634791999999999916e+02 -1.491611000000000047e+02
9.630700000000000500e+02 -1.492563000000000102e+02
9.626598000000000184e+02 -1.493515999999999906e+02
9.622483999999999469e+02 -1.494467999999999961e+02
9.618359000000000378e+02 -1.495421000000000049e+02
9.614222999999999502e+02 -1.496373000000000104e+02
9.610076000000000249e+02 -1.497324999999999875e+02
9.605916999999999462e+02 -1.498276999999999930e+02
9.601747000000000298e+02 -1.499227999999999952e+02
9.597566000000000486e+02 -1.500180000000000007e+02
9.593374000000000024e+02 -1.501132000000000062e+02
9.589170000000000300e+02 -1.502083000000000084e+02
9.584954999999999927e+02 -1.503034000000000106e+02
9.580728000000000293e+02 -1.503985999999999876e+02
9.576490999999999758e+02 -1.504936999999999898e+02
9.572241000000000213e+02 -1.505887999999999920e+02
9.567980999999999767e+02 -1.506838999999999942e+02
9.563708000000000311e+02 -1.507789999999999964e+02
9.559424999999999955e+02 -1.508739999999999952e+02
9.555130000000000337e+02 -1.509690999999999974e+02
9.550823000000000320e+02 -1.510641999999999996e+02
9.546504999999999654e+02 -1.511591999999999985e+02
9.542174999999999727e+02 -1.512541999999999973e+02
9.537833000000000538e+02 -1.513492999999999995e+02
9.533479999999999563e+02 -1.514442999999999984e+02
9.529115000000000464e+02 -1.515392999999999972e+02
9.524738999999999578e+02 -1.516342999999999961e+02
9.520349999999999682e+02 -1.517292999999999950e+02
9.515950000000000273e+02 -1.518242999999999938e+02
9.511539000000000215e+02 -1.519192999999999927e+02
9.507115000000000009e+02 -1.520142999999999915e+02
9.502679000000000542e+02 -1.521092999999999904e+02
9.498232000000000426e+02 -1.522041999999999859e+02
9.493772999999999911e+02 -1.522992000000000132e+02
9.489301000000000386e+02 -1.523941000000000088e+02
9.484818000000000211e+02 -1.524891000000000076e+02
9.480322999999999638e+02 -1.525840000000000032e+02
9.475815999999999804e+02 -1.526790000000000020e+02
9.471295999999999822e+02 -1.527738999999999976e+02
9.466765000000000327e+02 -1.528688999999999965e+02
9.462220999999999549e+02 -1.529637999999999920e+02
9.457664999999999509e+02 -1.530586999999999875e+02
9.453097000000000207e+02 -1.531536000000000115e+02
9.448515999999999622e+02 -1.532486000000000104e+02
9.443923999999999523e+02 -1.533435000000000059e+02
9.439317999999999529e+02 -1.534384000000000015e+02
9.434701000000000022e+02 -1.535332999999999970e+02
9.430071000000000367e+02 -1.536281999999999925e+02
9.425429000000000315e+02 -1.537231999999999914e+02
9.420774000000000115e+02 -1.538180999999999869e+02
9.416105999999999767e+02 -1.539130000000000109e+02
9.411426000000000158e+02 -1.540079000000000065e+02
9.406733000000000402e+02 -1.541028000000000020e+02
9.402028000000000247e+02 -1.541976999999999975e+02
9.397309000000000196e+02 -1.542926999999999964e+02
9.392577999999999747e+02 -1.543875999999999920e+02
9.387835000000000036e+02 -1.544824999999999875e+02
9.383078000000000429e+02 -1.545774000000000115e+02
9.378307999999999538e+02 -1.546724000000000103e+02
9.373524999999999636e+02 -1.547673000000000059e+02
9.368730000000000473e+02 -1.548622000000000014e+02
9.363921000000000276e+02 -1.549572000000000003e+02
9.359098999999999933e+02 -1.550520999999999958e+02
9.354263999999999442e+02 -1.551470999999999947e+02
9.349415000000000191e+02 -1.552419999999999902e+02
9.344552999999999656e+02 -1.553369999999999891e+02
9.339678000000000111e+02 -1.554319999999999879e+02
9.334790000000000418e+02 -1.555269000000000119e+02
9.329887999999999693e+02 -1.556219000000000108e+02
9.324972000000000207e+02 -1.557169000000000096e+02
9.320042999999999438e+02 -1.558119000000000085e+02
9.315099999999999909e+02 -1.559069000000000074e+02
9.310143000000000484e+02 -1.560020000000000095e+02
9.305172999999999774e+02 -1.560970000000000084e+02
9.300188000000000557e+02 -1.561920000000000073e+02
9.295190000000000055e+02 -1.562871000000000095e+02
9.290177999999999656e+02 -1.563822000000000116e+02
9.285152000000000498e+02 -1.564772000000000105e+02
9.280111000000000558e+02 -1.565723000000000127e+02
9.275057000000000471e+02 -1.566673999999999864e+02
9.269987999999999602e+02 -1.567624999999999886e+02
9.264904000000000224e+02 -1.568576999999999941e+02
9.259806999999999562e+02 -1.569527999999999963e+02
9.254695000000000391e+02 -1.570480000000000018e+02
9.249568000000000438e+02 -1.571432000000000073e+02
9.244425999999999704e+02 -1.572384000000000128e+02
9.239270000000000209e+02 -1.573335999999999899e+02
9.234098999999999933e+02 -1.574287999999999954e+02
9.228913000000000011e+02 -1.575241000000000042e+02
9.223712000000000444e+02 -1.576193000000000097e+02
9.218496000000000095e+02 -1.577145999999999901e+02
9.213265000000000100e+02 -1.578098999999999990e+02
9.208019000000000460e+02 -1.579053000000000111e+02
9.202757000000000289e+02 -1.580005999999999915e+02
9.197480000000000473e+02 -1.580960000000000036e+02
9.192187000000000126e+02 -1.581913999999999874e+02
9.186879000000000133e+02 -1.582867999999999995e+02
9.181554999999999609e+02 -1.583822999999999865e+02
9.176214999999999691e+02 -1.584778000000000020e+02
9.170859000000000378e+02 -1.585732999999999890e+02
9.165487000000000535e+02 -1.586688000000000045e+02
9.160099999999999909e+02 -1.587643999999999949e+02
9.154695000000000391e+02 -1.588600000000000136e+02
9.149275000000000091e+02 -1.589556000000000040e+02
9.143837999999999511e+02 -1.590512999999999977e+02
9.138383999999999787e+02 -1.591469999999999914e+02
9.132913999999999533e+02 -1.592427000000000135e+02
9.127427000000000135e+02 -1.593384000000000071e+02
9.121923000000000457e+02 -1.594342000000000041e+02
9.116402000000000498e+02 -1.595301000000000045e+02
9.110864000000000260e+02 -1.596259000000000015e+02
9.105308999999999742e+02 -1.597218000000000018e+02
9.099736000000000331e+02 -1.598178000000000054e+02
9.094144999999999754e+02 -1.599138000000000090e+02
9.088537000000000035e+02 -1.600098000000000127e+02
9.082911000000000286e+02 -1.601057999999999879e+02
9.077268000000000256e+02 -1.602019999999999982e+02
9.071606000000000449e+02 -1.602981000000000051e+02
9.065924999999999727e+02 -1.603942999999999870e+02
9.060226999999999862e+02 -1.604906000000000006e+02
9.054510000000000218e+02 -1.605868000000000109e+02
9.048773999999999660e+02 -1.606831999999999994e+02
9.043019000000000460e+02 -1.607795999999999879e+02
9.037246000000000095e+02 -1.608760000000000048e+02
9.031453000000000202e+02 -1.609724999999999966e+02
9.025641000000000531e+02 -1.610690999999999917e+02
9.019809000000000196e+02 -1.611656999999999869e+02
9.013958000000000084e+02 -1.612623000000000104e+02
9.008087000000000444e+02 -1.613591000000000122e+02
9.002196000000000140e+02 -1.614558000000000106e+02
8.996284000000000560e+02 -1.615526999999999873e+02
8.990353000000000065e+02 -1.616495999999999924e+02
8.984400000000000546e+02 -1.617464999999999975e+02
8.978427000000000362e+02 -1.618436000000000092e+02
8.972432999999999765e+02 -1.619406999999999925e+02
8.966417999999999893e+02 -1.620378000000000043e+02
8.960380999999999858e+02 -1.621350999999999942e+02
8.954323000000000548e+02 -1.622324000000000126e+02
8.948242999999999938e+02 -1.623298000000000059e+02
8.942140000000000555e+02 -1.624271999999999991e+02
8.936015999999999622e+02 -1.625247999999999990e+02
8.929868999999999915e+02 -1.626223999999999990e+02
8.923699000000000296e+02 -1.627201000000000022e+02
8.917507000000000517e+02 -1.628178000000000054e+02
8.911290999999999940e+02 -1.629156999999999869e+02
8.905051999999999452e+02 -1.630135999999999967e+02
8.898789000000000442e+02 -1.631117000000000132e+02
8.892501999999999498e+02 -1.632098000000000013e+02
8.886190000000000282e+02 -1.633079999999999927e+02
8.879854000000000269e+02 -1.634062999999999874e+02
8.873493999999999460e+02 -1.635047000000000139e+02
8.867107999999999493e+02 -1.636031999999999869e+02
8.860696000000000367e+02 -1.637018999999999949e+02
8.854258999999999560e+02 -1.638006000000000029e+02
8.847795999999999594e+02 -1.638994000000000142e+02
8.841307000000000471e+02 -1.639983000000000004e+02
8.834791000000000167e+02 -1.640972999999999900e+02
8.828247999999999820e+02 -1.641964999999999861e+02
8.821676999999999680e+02 -1.642957000000000107e+02
8.815078999999999496e+02 -1.643951000000000136e+02
8.808452999999999520e+02 -1.644945999999999913e+02
8.801798000000000002e+02 -1.645943000000000040e+02
8.795113999999999805e+02 -1.646939999999999884e+02
8.788401999999999816e+02 -1.647939000000000078e+02
8.781658999999999651e+02 -1.648939000000000021e+02
8.774886999999999944e+02 -1.649941000000000031e+02
8.768084000000000060e+02 -1.650944000000000074e+02
8.761250000000000000e+02 -1.651947999999999865e+02
8.754384000000000015e+02 -1.652954000000000008e+02
8.747486999999999853e+02 -1.653960999999999899e+02
8.740557999999999765e+02 -1.654970000000000141e+02
8.733596000000000004e+02 -1.655980000000000132e+02
8.726599999999999682e+02 -1.656991999999999905e+02
8.719570999999999685e+02 -1.658006000000000029e+02
8.712507000000000517e+02 -1.659020999999999901e+02
8.705408999999999651e+02 -1.660038000000000125e+02
8.698274999999999864e+02 -1.661057000000000130e+02
8.691105000000000018e+02 -1.662077999999999918e+02
8.683899000000000115e+02 -1.663100000000000023e+02
8.676654999999999518e+02 -1.664124999999999943e+02
8.669373000000000502e+02 -1.665150999999999897e+02
8.643473000000000184e+02 -1.668773999999999944e+02
8.617572999999999865e+02 -1.672353999999999985e+02
8.591672999999999547e+02 -1.675893000000000086e+02
8.565773000000000366e+02 -1.679388999999999896e+02
8.539873000000000047e+02 -1.682844000000000051e+02
8.513972999999999729e+02 -1.686256999999999948e+02
8.488073000000000548e+02 -1.689628999999999905e+02
8.462173000000000229e+02 -1.692960999999999956e+02
8.436272999999999911e+02 -1.696252000000000066e+02
8.410372999999999593e+02 -1.699502999999999986e+02
8.384473000000000411e+02 -1.702712999999999965e+02
8.358573000000000093e+02 -1.705884000000000071e+02
8.332672999999999774e+02 -1.709013999999999953e+02
8.306772999999999456e+02 -1.712104999999999961e+02
8.280873000000000275e+02 -1.715155000000000030e+02
8.254972999999999956e+02 -1.718165999999999940e+02
8.229072999999999638e+02 -1.721135999999999910e+02
8.203173000000000457e+02 -1.724067000000000007e+02
8.177273000000000138e+02 -1.726957999999999913e+02
8.151372999999999820e+02 -1.729807999999999879e+02
8.125472999999999502e+02 -1.732617999999999938e+02
8.099573000000000320e+02 -1.735388000000000090e+02
8.073673000000000002e+02 -1.738118000000000052e+02
8.047772999999999683e+02 -1.740807000000000073e+02
8.021873000000000502e+02 -1.743454000000000121e+02
7.995973000000000184e+02 -1.746060999999999979e+02
7.970072999999999865e+02 -1.748626999999999896e+02
7.944172999999999547e+02 -1.751151000000000124e+02
7.918273000000000366e+02 -1.753634000000000128e+02
7.892373000000000047e+02 -1.756074999999999875e+02
7.866472999999999729e+02 -1.758472999999999900e+02
7.840573000000000548e+02 -1.760829999999999984e+02
7.814673000000000229e+02 -1.763144000000000062e+02
7.788772999999999911e+02 -1.765415999999999883e+02
7.762872999999999593e+02 -1.767643999999999949e+02
7.736973000000000411e+02 -1.769830000000000041e+02
7.711073000000000093e+02 -1.771973000000000127e+02
7.685172999999999774e+02 -1.774071999999999889e+02
7.659272999999999456e+02 -1.776128999999999962e+02
7.633373000000000275e+02 -1.778140999999999963e+02
7.607472999999999956e+02 -1.780110999999999990e+02
7.581572999999999638e+02 -1.782038000000000011e+02
7.555673000000000457e+02 -1.783920999999999992e+02
7.529773000000000138e+02 -1.785760999999999967e+02
7.503872999999999820e+02 -1.787557999999999936e+02
7.477972999999999502e+02 -1.789311999999999898e+02
7.452073000000000320e+02 -1.791023000000000138e+02
7.426173000000000002e+02 -1.792692000000000121e+02
7.400272999999999683e+02 -1.794319000000000131e+02
7.374373000000000502e+02 -1.795904999999999916e+02
7.348473000000000184e+02 -1.797449000000000012e+02
7.322572999999999865e+02 -1.798951999999999884e+02
7.296672999999999547e+02 -1.800414000000000101e+02
7.270773000000000366e+02 -1.801836999999999875e+02
7.244873000000000047e+02 -1.803220000000000027e+02
7.218972999999999729e+02 -1.804564000000000021e+02
7.193073000000000548e+02 -1.805869999999999891e+02
7.167173000000000229e+02 -1.807137999999999920e+02
7.141272999999999911e+02 -1.808369000000000142e+02
7.115372999999999593e+02 -1.809564000000000021e+02
7.089473000000000411e+02 -1.810723000000000127e+02
7.063573000000000093e+02 -1.811847999999999956e+02
7.037672999999999774e+02 -1.812938000000000045e+02
7.011772999999999456e+02 -1.813994999999999891e+02
6.985873000000000275e+02 -1.815018000000000029e+02
6.959972999999999956e+02 -1.816009999999999991e+02
6.934072999999999638e+02 -1.816971000000000060e+02
6.908173000000000457e+02 -1.817900999999999954e+02
6.882273000000000138e+02 -1.818802000000000021e+02
6.856372999999999820e+02 -1.819672999999999945e+02
6.830472999999999502e+02 -1.820517000000000110e+02
6.804573000000000320e+02 -1.821331999999999880e+02
6.778673000000000002e+02 -1.822121999999999957e+02
6.752772999999999683e+02 -1.822884999999999991e+02
6.726873000000000502e+02 -1.823622000000000014e+02
6.700973000000000184e+02 -1.824336000000000126e+02
6.675072999999999865e+02 -1.825024999999999977e+02
6.649172999999999547e+02 -1.825690999999999917e+02
6.623273000000000366e+02 -1.826333999999999946e+02
6.597373000000000047e+02 -1.826956000000000131e+02
6.571472999999999729e+02 -1.827555999999999869e+02
6.545573000000000548e+02 -1.828135000000000048e+02
6.519673000000000229e+02 -1.828694999999999879e+02
6.493772999999999911e+02 -1.829234999999999900e+02
6.467872999999999593e+02 -1.829755999999999858e+02
6.441973000000000411e+02 -1.830258000000000038e+02
6.416073000000000093e+02 -1.830742999999999938e+02
6.390172999999999774e+02 -1.831210000000000093e+02
6.364272999999999456e+02 -1.831661000000000001e+02
6.338373000000000275e+02 -1.832094999999999914e+02
6.312472999999999956e+02 -1.832512999999999863e+02
6.286572999999999638e+02 -1.832915999999999883e+02
6.260673000000000457e+02 -1.833303999999999974e+02
6.234773000000000138e+02 -1.833677000000000135e+02
6.208872999999999820e+02 -1.834036000000000115e+02
6.182972999999999502e+02 -1.834381999999999948e+02
6.157073000000000320e+02 -1.834713999999999885e+02
6.131173000000000002e+02 -1.835032999999999959e+02
6.105272999999999683e+02 -1.835338999999999885e+02
6.079373000000000502e+02 -1.835632999999999981e+02
6.053473000000000184e+02 -1.835914999999999964e+02
6.027572999999999865e+02 -1.836185999999999865e+02
6.001672999999999547e+02 -1.836444999999999936e+02
5.975773000000000366e+02 -1.836692999999999927e+02
5.949873000000000047e+02 -1.836930000000000121e+02
5.923972999999999729e+02 -1.837156999999999982e+02
5.898073000000000548e+02 -1.837374000000000080e+02
5.872173000000000229e+02 -1.837580000000000098e+02
5.846272999999999911e+02 -1.837777000000000100e+02
5.820372999999999593e+02 -1.837965000000000089e+02
5.794473000000000411e+02 -1.838143000000000029e+02
5.768573000000000093e+02 -1.838311999999999955e+02
5.742672999999999774e+02 -1.838472999999999900e+02
5.716772999999999456e+02 -1.838625000000000114e+02
5.690873000000000275e+02 -1.838768000000000029e+02
5.664972999999999956e+02 -1.838902999999999963e+02
5.639072999999999638e+02 -1.839030999999999949e+02
5.613173000000000457e+02 -1.839149999999999920e+02
5.587273000000000138e+02 -1.839261999999999944e+02
5.561372999999999820e+02 -1.839365999999999985e+02
5.535472999999999502e+02 -1.839462000000000046e+02
5.509573000000000320e+02 -1.839551999999999907e+02
5.483673000000000002e+02 -1.839635000000000105e+02
5.457772999999999683e+02 -1.839710000000000036e+02
5.431873000000000502e+02 -1.839779000000000053e+02
5.405973000000000184e+02 -1.839841000000000122e+02
5.380072999999999865e+02 -1.839896999999999991e+02
5.354172999999999547e+02 -1.839945999999999913e+02
5.328273000000000366e+02 -1.839988999999999919e+02
5.302373000000000047e+02 -1.840026000000000010e+02
5.276472999999999729e+02 -1.840056999999999903e+02
5.250573000000000548e+02 -1.840081999999999880e+02
5.224673000000000229e+02 -1.840100999999999942e+02
5.198772999999999911e+02 -1.840114000000000090e+02
5.172872999999999593e+02 -1.840122000000000071e+02
5.146973000000000411e+02 -1.840124000000000137e+02
5.121073000000000093e+02 -1.840120000000000005e+02
5.095172999999999774e+02 -1.840112000000000023e+02
5.069273000000000025e+02 -1.840098000000000127e+02
5.043373000000000275e+02 -1.840078000000000031e+02
5.017472999999999956e+02 -1.840054000000000087e+02
4.991573000000000206e+02 -1.840024999999999977e+02
4.965672999999999888e+02 -1.839989999999999952e+02
4.939773000000000138e+02 -1.839951000000000079e+02
4.913872999999999820e+02 -1.839907000000000039e+02
4.887973000000000070e+02 -1.839858000000000118e+02
4.862072999999999752e+02 -1.839804000000000030e+02
4.836173000000000002e+02 -1.839746000000000095e+02
4.810273000000000252e+02 -1.839682999999999993e+02
4.784372999999999934e+02 -1.839616000000000042e+02
4.758473000000000184e+02 -1.839543999999999926e+02
4.732572999999999865e+02 -1.839466999999999928e+02
4.706673000000000116e+02 -1.839387000000000114e+02
4.680772999999999797e+02 -1.839302000000000135e+02
4.654873000000000047e+02 -1.839211999999999989e+02
4.628972999999999729e+02 -1.839119000000000028e+02
4.603072999999999979e+02 -1.839020999999999901e+02
4.577173000000000229e+02 -1.838918999999999926e+02
4.551272999999999911e+02 -1.838814000000000135e+02
4.525373000000000161e+02 -1.838703999999999894e+02
4.499472999999999843e+02 -1.838590000000000089e+02
4.473573000000000093e+02 -1.838471999999999866e+02
4.447672999999999774e+02 -1.838350000000000080e+02
4.421773000000000025e+02 -1.838223999999999876e+02
4.395873000000000275e+02 -1.838094000000000108e+02
4.369972999999999956e+02 -1.837960999999999956e+02
4.344073000000000206e+02 -1.837822999999999922e+02
4.318172999999999888e+02 -1.837682000000000073e+02
4.292273000000000138e+02 -1.837538000000000125e+02
4.266372999999999820e+02 -1.837389000000000010e+02
4.240473000000000070e+02 -1.837237000000000080e+02
4.214572999999999752e+02 -1.837081000000000017e+02
4.188673000000000002e+02 -1.836922000000000139e+02
4.162773000000000252e+02 -1.836759000000000128e+02
4.136872999999999934e+02 -1.836591999999999985e+02
4.110973000000000184e+02 -1.836422000000000025e+02
4.085072999999999865e+02 -1.836247999999999934e+02
4.059173000000000116e+02 -1.836071000000000026e+02
4.033272999999999797e+02 -1.835889999999999986e+02
4.007373000000000047e+02 -1.835706000000000131e+02
3.981472999999999729e+02 -1.835518999999999892e+02
3.955572999999999979e+02 -1.835328000000000088e+02
3.929673000000000229e+02 -1.835133999999999901e+02
3.903772999999999911e+02 -1.834935999999999865e+02
3.877873000000000161e+02 -1.834735000000000014e+02
3.851972999999999843e+02 -1.834530000000000030e+02
3.826073000000000093e+02 -1.834322999999999979e+02
3.800172999999999774e+02 -1.834112000000000080e+02
3.774273000000000025e+02 -1.833897000000000048e+02
3.748373000000000275e+02 -1.833679999999999950e+02
3.722472999999999956e+02 -1.833459000000000003e+02
3.696573000000000206e+02 -1.833234999999999957e+02
3.670672999999999888e+02 -1.833008000000000095e+02
3.644773000000000138e+02 -1.832777000000000100e+02
3.618872999999999820e+02 -1.832543000000000006e+02
3.592973000000000070e+02 -1.832306000000000097e+02
3.567072999999999752e+02 -1.832066000000000088e+02
3.541173000000000002e+02 -1.831822999999999979e+02
3.515273000000000252e+02 -1.831577000000000055e+02
3.489372999999999934e+02 -1.831326999999999998e+02
3.463473000000000184e+02 -1.831074000000000126e+02
3.437572999999999865e+02 -1.830818999999999903e+02
3.411673000000000116e+02 -1.830560000000000116e+02
3.385772999999999797e+02 -1.830297999999999945e+02
3.359873000000000047e+02 -1.830032999999999959e+02
3.333972999999999729e+02 -1.829764000000000124e+02
3.308072999999999979e+02 -1.829492999999999938e+02
3.282173000000000229e+02 -1.829218999999999937e+02
3.256272999999999911e+02 -1.828941000000000088e+02
3.230373000000000161e+02 -1.828660999999999888e+02
3.204472999999999843e+02 -1.828377000000000123e+02
3.178573000000000093e+02 -1.828091000000000008e+02
3.152672999999999774e+02 -1.827801000000000045e+02
3.126773000000000025e+02 -1.827509000000000015e+02
3.100873000000000275e+02 -1.827213000000000136e+02
3.074972999999999956e+02 -1.826914999999999907e+02
3.049073000000000206e+02 -1.826613000000000113e+02
3.023172999999999888e+02 -1.826307999999999936e+02
2.997273000000000138e+02 -1.826000999999999976e+02
2.971372999999999820e+02 -1.825689999999999884e+02
2.945473000000000070e+02 -1.825375999999999976e+02
2.919572999999999752e+02 -1.825060000000000002e+02
2.893673000000000002e+02 -1.824739999999999895e+02
2.867773000000000252e+02 -1.824418000000000006e+02
2.841872999999999934e+02 -1.824091999999999985e+02
2.815973000000000184e+02 -1.823763999999999896e+02
2.790072999999999865e+02 -1.823431999999999960e+02
2.764173000000000116e+02 -1.823097999999999956e+02
2.738272999999999797e+02 -1.822760000000000105e+02
2.712373000000000047e+02 -1.822419999999999902e+02
2.686472999999999729e+02 -1.822076999999999884e+02
2.660572999999999979e+02 -1.821731000000000051e+02
2.634673000000000229e+02 -1.821382000000000119e+02
2.608772999999999911e+02 -1.821029000000000053e+02
2.582873000000000161e+02 -1.820673999999999921e+02
