2.590000000000000000e+02 1.735660000000000025e+01
2.615899999999999750e+02 1.753930000000000078e+01
2.641800000000000068e+02 1.772259999999999991e+01
2.667699999999999818e+02 1.790660000000000096e+01
2.693600000000000136e+02 1.809130000000000038e+01
2.719499999999999886e+02 1.827670000000000172e+01
2.745400000000000205e+02 1.846270000000000167e+01
2.771299999999999955e+02 1.864949999999999974e+01
2.797200000000000273e+02 1.883689999999999998e+01
2.823100000000000023e+02 1.902509999999999835e+01
2.848999999999999773e+02 1.921389999999999887e+01
2.874900000000000091e+02 1.940340000000000131e+01
2.900799999999999841e+02 1.959369999999999834e+01
2.926700000000000159e+02 1.978460000000000107e+01
2.952599999999999909e+02 1.997629999999999839e+01
2.978500000000000227e+02 2.016870000000000118e+01
3.004399999999999977e+02 2.036169999999999902e+01
3.030299999999999727e+02 2.055559999999999832e+01
3.056200000000000045e+02 2.075009999999999977e+01
3.082099999999999795e+02 2.094529999999999959e+01
3.108000000000000114e+02 2.114130000000000109e+01
3.133899999999999864e+02 2.133800000000000097e+01
3.159800000000000182e+02 2.153539999999999921e+01
3.185699999999999932e+02 2.173359999999999914e+01
3.211600000000000250e+02 2.193250000000000099e+01
3.237500000000000000e+02 2.213220000000000098e+01
3.263399999999999750e+02 2.233259999999999934e+01
3.289300000000000068e+02 2.253369999999999962e+01
3.315199999999999818e+02 2.273560000000000159e+01
3.341100000000000136e+02 2.293830000000000169e+01
3.366999999999999886e+02 2.314170000000000016e+01
3.392900000000000205e+02 2.334590000000000032e+01
3.418799999999999955e+02 2.355079999999999885e+01
3.444700000000000273e+02 2.375649999999999906e+01
3.470600000000000023e+02 2.396300000000000097e+01
3.496499999999999773e+02 2.417030000000000101e+01
3.522400000000000091e+02 2.437829999999999941e+01
3.548299999999999841e+02 2.458719999999999928e+01
3.574200000000000159e+02 2.479680000000000106e+01
3.600099999999999909e+02 2.500720000000000098e+01
3.626000000000000227e+02 2.521839999999999904e+01
3.651899999999999977e+02 2.543039999999999878e+01
3.677799999999999727e+02 2.564320000000000022e+01
3.703700000000000045e+02 2.585679999999999978e+01
3.729599999999999795e+02 2.607120000000000104e+01
3.755500000000000114e+02 2.628640000000000043e+01
3.781399999999999864e+02 2.650250000000000128e+01
3.807300000000000182e+02 2.671930000000000049e+01
3.833199999999999932e+02 2.693700000000000117e+01
3.859100000000000250e+02 2.715559999999999974e+01
3.885000000000000000e+02 2.737490000000000023e+01
3.910899999999999750e+02 2.759509999999999863e+01
3.936800000000000068e+02 2.781609999999999872e+01
3.962699999999999818e+02 2.803800000000000026e+01
3.988600000000000136e+02 2.826079999999999970e+01
4.014499999999999886e+02 2.848430000000000106e+01
4.040400000000000205e+02 2.870880000000000010e+01
4.066299999999999955e+02 2.893410000000000082e+01
4.092200000000000273e+02 2.916029999999999944e+01
4.118100000000000023e+02 2.938729999999999976e+01
4.143999999999999773e+02 2.961520000000000152e+01
4.169900000000000091e+02 2.984400000000000119e+01
4.195799999999999841e+02 3.007369999999999877e+01
4.221700000000000159e+02 3.030430000000000135e+01
4.247599999999999909e+02 3.053579999999999828e+01
4.273500000000000227e+02 3.076820000000000022e+01
4.299399999999999977e+02 3.100140000000000029e+01
4.325299999999999727e+02 3.123560000000000159e+01
4.351200000000000045e+02 3.147070000000000078e+01
4.377099999999999795e+02 3.170680000000000121e+01
4.403000000000000114e+02 3.194369999999999976e+01
4.428899999999999864e+02 3.218160000000000309e+01
4.454800000000000182e+02 3.242040000000000077e+01
4.480699999999999932e+02 3.266020000000000323e+01
4.506600000000000250e+02 3.290090000000000003e+01
4.532500000000000000e+02 3.314249999999999829e+01
4.558399999999999750e+02 3.338519999999999754e+01
4.584300000000000068e+02 3.362870000000000203e+01
4.610199999999999818e+02 3.387330000000000041e+01
4.636100000000000136e+02 3.411880000000000024e+01
4.661999999999999886e+02 3.436529999999999774e+01
4.687900000000000205e+02 3.461280000000000001e+01
4.713799999999999955e+02 3.486119999999999663e+01
4.739700000000000273e+02 3.511070000000000135e+01
4.765600000000000023e+02 3.536119999999999663e+01
4.791499999999999773e+02 3.561260000000000048e+01
4.817400000000000091e+02 3.586509999999999820e+01
4.843299999999999841e+02 3.611860000000000070e+01
4.869200000000000159e+02 3.637319999999999709e+01
4.895099999999999909e+02 3.662870000000000203e+01
4.921000000000000227e+02 3.688530000000000086e+01
4.946899999999999977e+02 3.714300000000000068e+01
4.972799999999999727e+02 3.740169999999999817e+01
4.998700000000000045e+02 3.766149999999999665e+01
5.024599999999999795e+02 3.792229999999999990e+01
5.050500000000000114e+02 3.818419999999999703e+01
5.076399999999999864e+02 3.844720000000000226e+01
5.102300000000000182e+02 3.871119999999999806e+01
5.128200000000000500e+02 3.897639999999999816e+01
5.154099999999999682e+02 3.924269999999999925e+01
5.180000000000000000e+02 3.950999999999999801e+01
5.205900000000000318e+02 3.977850000000000108e+01
5.231799999999999500e+02 4.004809999999999803e+01
5.257699999999999818e+02 4.031889999999999930e+01
5.283600000000000136e+02 4.059069999999999823e+01
5.309500000000000455e+02 4.086379999999999768e+01
5.335399999999999636e+02 4.113790000000000191e+01
5.361299999999999955e+02 4.141329999999999956e+01
5.387200000000000273e+02 4.168970000000000198e+01
5.413099999999999454e+02 4.196739999999999782e+01
5.438999999999999773e+02 4.224629999999999797e+01
5.464900000000000091e+02 4.252629999999999910e+01
5.490800000000000409e+02 4.280760000000000076e+01
5.516699999999999591e+02 4.309009999999999962e+01
5.542599999999999909e+02 4.337369999999999948e+01
5.568500000000000227e+02 4.365859999999999985e+01
5.594400000000000546e+02 4.394480000000000075e+01
5.620299999999999727e+02 4.423219999999999885e+01
5.646200000000000045e+02 4.452080000000000126e+01
5.672100000000000364e+02 4.481069999999999709e+01
5.697999999999999545e+02 4.510190000000000055e+01
5.723899999999999864e+02 4.539439999999999742e+01
5.749800000000000182e+02 4.568809999999999860e+01
5.775700000000000500e+02 4.598319999999999652e+01
5.801599999999999682e+02 4.627949999999999875e+01
5.827500000000000000e+02 4.657719999999999771e+01
5.853400000000000318e+02 4.687630000000000052e+01
5.879299999999999500e+02 4.717660000000000053e+01
5.905199999999999818e+02 4.747829999999999728e+01
5.931100000000000136e+02 4.778139999999999787e+01
5.957000000000000455e+02 4.808590000000000231e+01
5.982899999999999636e+02 4.839170000000000016e+01
6.008799999999999955e+02 4.869890000000000185e+01
6.034700000000000273e+02 4.900759999999999650e+01
6.060599999999999454e+02 4.931759999999999877e+01
6.086499999999999773e+02 4.962910000000000110e+01
6.112400000000000091e+02 4.994200000000000017e+01
6.138300000000000409e+02 5.025639999999999930e+01
6.164199999999999591e+02 5.057229999999999848e+01
6.190099999999999909e+02 5.088960000000000150e+01
6.216000000000000227e+02 5.120839999999999748e+01
6.241900000000000546e+02 5.152870000000000061e+01
6.267799999999999727e+02 5.185060000000000002e+01
6.293700000000000045e+02 5.217390000000000327e+01
6.319600000000000364e+02 5.249889999999999901e+01
6.345499999999999545e+02 5.282529999999999859e+01
6.371399999999999864e+02 5.315339999999999776e+01
6.397300000000000182e+02 5.348299999999999699e+01
6.423200000000000500e+02 5.381419999999999959e+01
6.449099999999999682e+02 5.414699999999999847e+01
6.475000000000000000e+02 5.448149999999999693e+01
6.500900000000000318e+02 5.481759999999999877e+01
6.526799999999999500e+02 5.515540000000000020e+01
6.552699999999999818e+02 5.549479999999999791e+01
6.578600000000000136e+02 5.583590000000000231e+01
6.604500000000000455e+02 5.617869999999999919e+01
6.630399999999999636e+02 5.652329999999999899e+01
6.656299999999999955e+02 5.686959999999999837e+01
6.682200000000000273e+02 5.721759999999999735e+01
6.708099999999999454e+02 5.756739999999999924e+01
6.733999999999999773e+02 5.791899999999999693e+01
6.759900000000000091e+02 5.827239999999999753e+01
6.785800000000000409e+02 5.862760000000000105e+01
6.811699999999999591e+02 5.898469999999999658e+01
6.837599999999999909e+02 5.934360000000000213e+01
6.863500000000000227e+02 5.970439999999999969e+01
6.889400000000000546e+02 6.006710000000000349e+01
6.915299999999999727e+02 6.043180000000000263e+01
6.941200000000000045e+02 6.079829999999999757e+01
6.967100000000000364e+02 6.116689999999999827e+01
6.992999999999999545e+02 6.153739999999999810e+01
7.018899999999999864e+02 6.190990000000000038e+01
7.044800000000000182e+02 6.228439999999999799e+01
7.070700000000000500e+02 6.266100000000000136e+01
7.096599999999999682e+02 6.303960000000000008e+01
7.122500000000000000e+02 6.342040000000000077e+01
7.148400000000000318e+02 6.380319999999999681e+01
7.174299999999999500e+02 6.418819999999999482e+01
7.200199999999999818e+02 6.457529999999999859e+01
7.226100000000000136e+02 6.496469999999999345e+01
7.252000000000000455e+02 6.535620000000000118e+01
7.277899999999999636e+02 6.575000000000000000e+01
7.303799999999999955e+02 6.614600000000000080e+01
7.329700000000000273e+02 6.654439999999999600e+01
7.355599999999999454e+02 6.694499999999999318e+01
7.381499999999999773e+02 6.734799999999999898e+01
7.407400000000000091e+02 6.775339999999999918e+01
7.433300000000000409e+02 6.816119999999999379e+01
7.459199999999999591e+02 6.857139999999999702e+01
7.485099999999999909e+02 6.898409999999999798e+01
7.511000000000000227e+02 6.939929999999999666e+01
7.536900000000000546e+02 6.981699999999999307e+01
7.562799999999999727e+02 7.023730000000000473e+01
7.588700000000000045e+02 7.066009999999999991e+01
7.614600000000000364e+02 7.108559999999999945e+01
7.640499999999999545e+02 7.151380000000000337e+01
7.666399999999999864e+02 7.194459999999999411e+01
7.692300000000000182e+02 7.237820000000000675e+01
7.718200000000000500e+02 7.281459999999999866e+01
7.744099999999999682e+02 7.325379999999999825e+01
7.770000000000000000e+02 7.369580000000000553e+01
7.795900000000000318e+02 7.414069999999999538e+01
7.821799999999999500e+02 7.458859999999999957e+01
7.847699999999999818e+02 7.503940000000000055e+01
7.873600000000000136e+02 7.549320000000000164e+01
7.899500000000000455e+02 7.595019999999999527e+01
7.925399999999999636e+02 7.641020000000000323e+01
7.951299999999999955e+02 7.687340000000000373e+01
7.977200000000000273e+02 7.733969999999999345e+01
8.003099999999999454e+02 7.780939999999999657e+01
8.028999999999999773e+02 7.828230000000000643e+01
8.054900000000000091e+02 7.875860000000000127e+01
8.080800000000000409e+02 7.923829999999999529e+01
8.106699999999999591e+02 7.972150000000000603e+01
8.132599999999999909e+02 8.020820000000000505e+01
8.158500000000000227e+02 8.069849999999999568e+01
8.184400000000000546e+02 8.119240000000000634e+01
8.210299999999999727e+02 8.168999999999999773e+01
8.236200000000000045e+02 8.219140000000000157e+01
8.262100000000000364e+02 8.269670000000000698e+01
8.287999999999999545e+02 8.320579999999999643e+01
8.313899999999999864e+02 8.371890000000000498e+01
8.339800000000000182e+02 8.423600000000000421e+01
8.365700000000000500e+02 8.475730000000000075e+01
8.391599999999999682e+02 8.528270000000000550e+01
8.417500000000000000e+02 8.581239999999999668e+01
8.443400000000000318e+02 8.634650000000000603e+01
8.469299999999999500e+02 8.688500000000000512e+01
8.495199999999999818e+02 8.742799999999999727e+01
8.521100000000000136e+02 8.797570000000000334e+01
8.547000000000000455e+02 8.852800000000000580e+01
8.572899999999999636e+02 8.908520000000000039e+01
8.598799999999999955e+02 8.964719999999999800e+01
8.624700000000000273e+02 9.021429999999999438e+01
8.650599999999999454e+02 9.078650000000000375e+01
8.676499999999999773e+02 9.136390000000000100e+01
8.702400000000000091e+02 9.194660000000000366e+01
8.728300000000000409e+02 9.253480000000000416e+01
8.754199999999999591e+02 9.312860000000000582e+01
8.780099999999999909e+02 9.372809999999999775e+01
8.806000000000000227e+02 9.433350000000000080e+01
8.831900000000000546e+02 9.494480000000000075e+01
8.857799999999999727e+02 9.556229999999999336e+01
8.883700000000000045e+02 9.618600000000000705e+01
8.909600000000000364e+02 9.681629999999999825e+01
8.935499999999999545e+02 9.745310000000000628e+01
8.961399999999999864e+02 9.809669999999999845e+01
8.987300000000000182e+02 9.874729999999999563e+01
9.013200000000000500e+02 9.940500000000000114e+01
9.039099999999999682e+02 1.000700999999999965e+02
9.065000000000000000e+02 1.007428000000000026e+02
9.090900000000000318e+02 1.014231999999999942e+02
9.116799999999999500e+02 1.021116999999999990e+02
9.142699999999999818e+02 1.028084000000000060e+02
9.168600000000000136e+02 1.035135999999999967e+02
9.194500000000000455e+02 1.042275999999999954e+02
9.220399999999999636e+02 1.049506999999999977e+02
9.246299999999999955e+02 1.056830999999999960e+02
9.272200000000000273e+02 1.064251000000000005e+02
9.298099999999999454e+02 1.071771999999999991e+02
9.323999999999999773e+02 1.079395999999999987e+02
9.349900000000000091e+02 1.087128000000000014e+02
9.375800000000000409e+02 1.094969999999999999e+02
9.401699999999999591e+02 1.102929000000000030e+02
9.427599999999999909e+02 1.111007000000000033e+02
9.453500000000000227e+02 1.119210000000000065e+02
9.479400000000000546e+02 1.127544000000000040e+02
9.505299999999999727e+02 1.136012000000000057e+02
9.531200000000000045e+02 1.144622999999999990e+02
9.557100000000000364e+02 1.153380999999999972e+02
9.582999999999999545e+02 1.162293999999999983e+02
9.608899999999999864e+02 1.171368999999999971e+02
9.634800000000000182e+02 1.180614999999999952e+02
9.660700000000000500e+02 1.190040000000000049e+02
9.686599999999999682e+02 1.199654000000000025e+02
9.712500000000000000e+02 1.209467000000000070e+02
9.738400000000000318e+02 1.219491000000000014e+02
9.764299999999999500e+02 1.229739000000000004e+02
9.790199999999999818e+02 1.240224000000000046e+02
9.816100000000000136e+02 1.250962999999999994e+02
9.842000000000000455e+02 1.261972999999999985e+02
9.867899999999999636e+02 1.273272999999999939e+02
9.893799999999999955e+02 1.284885999999999910e+02
9.919700000000000273e+02 1.296836000000000126e+02
9.945599999999999454e+02 1.309153000000000020e+02
9.971499999999999773e+02 1.321869000000000085e+02
9.997400000000000091e+02 1.335022999999999911e+02
1.002330000000000041e+03 1.348660000000000139e+02
1.004919999999999959e+03 1.362832999999999970e+02
1.007509999999999991e+03 1.377606000000000108e+02
1.010100000000000023e+03 1.393057000000000016e+02
1.012690000000000055e+03 1.409285000000000139e+02
1.015279999999999973e+03 1.426409999999999911e+02
1.017870000000000005e+03 1.444593000000000131e+02
1.020460000000000036e+03 1.464045999999999879e+02
1.023049999999999955e+03 1.485065999999999917e+02
1.025640000000000100e+03 1.508093000000000075e+02
1.028230000000000018e+03 1.533805000000000121e+02
1.030819999999999936e+03 1.563406999999999982e+02
1.033410000000000082e+03 1.599410000000000025e+02
1.036000000000000000e+03 1.649475999999999942e+02
1.036259000000000015e+03 1.656205999999999960e+02
1.036518000000000029e+03 1.663558999999999912e+02
1.036777000000000044e+03 1.671750000000000114e+02
1.037036000000000058e+03 1.681148000000000025e+02
1.037295000000000073e+03 1.692554000000000087e+02
1.037554000000000087e+03 1.708282000000000096e+02
1.037576700000000073e+03 1.710113000000000056e+02
1.037597899999999981e+03 1.711942999999999984e+02
1.037617500000000064e+03 1.713771000000000129e+02
1.037635600000000068e+03 1.715598999999999990e+02
1.037652100000000019e+03 1.717425000000000068e+02
1.037667099999999891e+03 1.719250999999999863e+02
1.037680599999999913e+03 1.721074999999999875e+02
1.037692500000000109e+03 1.722898000000000138e+02
1.037702800000000025e+03 1.724720000000000084e+02
1.037711700000000064e+03 1.726540999999999997e+02
1.037719000000000051e+03 1.728360000000000127e+02
1.037724799999999959e+03 1.730178999999999974e+02
1.037729000000000042e+03 1.731996000000000038e+02
1.037731800000000021e+03 1.733813000000000102e+02
1.037732999999999947e+03 1.735628000000000100e+02
1.037732700000000023e+03 1.737442000000000064e+02
1.037730900000000020e+03 1.739256000000000029e+02
1.037727599999999939e+03 1.741067999999999927e+02
1.037722800000000007e+03 1.742878000000000043e+02
1.037716400000000021e+03 1.744687999999999874e+02
1.037708599999999933e+03 1.746496999999999957e+02
1.037699299999999994e+03 1.748305000000000007e+02
1.037688499999999976e+03 1.750110999999999990e+02
1.037676200000000108e+03 1.751915999999999940e+02
1.037662399999999934e+03 1.753720999999999890e+02
1.037647200000000112e+03 1.755524000000000058e+02
1.037630400000000009e+03 1.757325999999999908e+02
1.037612200000000030e+03 1.759127000000000010e+02
1.037592499999999973e+03 1.760927000000000078e+02
1.037571300000000065e+03 1.762726000000000113e+02
1.037548700000000053e+03 1.764523000000000081e+02
1.037524499999999989e+03 1.766320000000000050e+02
1.037499000000000024e+03 1.768115999999999985e+02
1.037471900000000005e+03 1.769910000000000139e+02
1.037443400000000111e+03 1.771702999999999975e+02
1.037413500000000113e+03 1.773496000000000095e+02
1.037382100000000037e+03 1.775286999999999864e+02
1.037349200000000110e+03 1.777076999999999884e+02
1.037314900000000080e+03 1.778865999999999872e+02
1.037279199999999946e+03 1.780654000000000110e+02
1.037241999999999962e+03 1.782441000000000031e+02
1.037203299999999899e+03 1.784225999999999885e+02
1.037163299999999936e+03 1.786011000000000024e+02
1.037121799999999894e+03 1.787794000000000096e+02
1.037078800000000001e+03 1.789576999999999884e+02
1.037034499999999980e+03 1.791357999999999890e+02
1.036988700000000108e+03 1.793138999999999896e+02
1.036941499999999905e+03 1.794918000000000120e+02
1.036892800000000079e+03 1.796696000000000026e+02
1.036842799999999897e+03 1.798472999999999900e+02
1.036791300000000092e+03 1.800249000000000024e+02
1.036738499999999931e+03 1.802024000000000115e+02
1.036684199999999919e+03 1.803797999999999888e+02
1.036628500000000031e+03 1.805569999999999879e+02
1.036571400000000040e+03 1.807341999999999871e+02
1.036512899999999945e+03 1.809112000000000080e+02
1.036452999999999975e+03 1.810882000000000005e+02
1.036391699999999901e+03 1.812649999999999864e+02
1.036328999999999951e+03 1.814418000000000006e+02
1.036264899999999898e+03 1.816184000000000083e+02
1.036199499999999944e+03 1.817949000000000126e+02
1.036132599999999911e+03 1.819713000000000136e+02
1.036064399999999978e+03 1.821476000000000113e+02
1.035994799999999941e+03 1.823238000000000056e+02
1.035923800000000028e+03 1.824998999999999967e+02
1.035851400000000012e+03 1.826759000000000128e+02
1.035777599999999893e+03 1.828517999999999972e+02
1.035702500000000100e+03 1.830275000000000034e+02
1.035625999999999976e+03 1.832032000000000096e+02
1.035548199999999952e+03 1.833788000000000125e+02
1.035469000000000051e+03 1.835542000000000087e+02
1.035388400000000047e+03 1.837296000000000049e+02
1.035306399999999940e+03 1.839047999999999945e+02
1.035223099999999931e+03 1.840799000000000092e+02
1.035138500000000022e+03 1.842548999999999921e+02
1.035052500000000009e+03 1.844299000000000035e+02
1.034965099999999893e+03 1.846047000000000082e+02
1.034876500000000078e+03 1.847794000000000096e+02
1.034786399999999958e+03 1.849540000000000077e+02
1.034694999999999936e+03 1.851285000000000025e+02
1.034602300000000014e+03 1.853028999999999940e+02
1.034508299999999963e+03 1.854772000000000105e+02
1.034412900000000036e+03 1.856512999999999920e+02
1.034316100000000006e+03 1.858254000000000019e+02
1.034218100000000049e+03 1.859994000000000085e+02
1.034118699999999990e+03 1.861733000000000118e+02
1.034018000000000029e+03 1.863470000000000084e+02
1.033915999999999940e+03 1.865207000000000050e+02
1.033812599999999975e+03 1.866941999999999950e+02
1.033707900000000109e+03 1.868677000000000135e+02
1.033602000000000089e+03 1.870409999999999968e+02
1.033494699999999966e+03 1.872143000000000086e+02
1.033386099999999942e+03 1.873874000000000137e+02
1.033276100000000042e+03 1.875603999999999871e+02
1.033164899999999989e+03 1.877333999999999889e+02
1.033052400000000034e+03 1.879062000000000126e+02
1.032938499999999976e+03 1.880789000000000044e+02
1.032823399999999992e+03 1.882514999999999930e+02
1.032707000000000107e+03 1.884240000000000066e+02
1.032589199999999892e+03 1.885963999999999885e+02
1.032470199999999977e+03 1.887686999999999955e+02
1.032349899999999934e+03 1.889410000000000025e+02
1.032228299999999990e+03 1.891131000000000029e+02
1.032105399999999918e+03 1.892850999999999999e+02
1.031981299999999919e+03 1.894569999999999936e+02
1.031855800000000045e+03 1.896287000000000091e+02
1.031729100000000017e+03 1.898003999999999962e+02
1.031601000000000113e+03 1.899720000000000084e+02
1.031471800000000030e+03 1.901434999999999889e+02
1.031341200000000072e+03 1.903148999999999944e+02
1.031209299999999985e+03 1.904861999999999966e+02
1.031076199999999972e+03 1.906573999999999955e+02
1.030941900000000032e+03 1.908284999999999911e+02
1.030806199999999990e+03 1.909994000000000085e+02
1.030669300000000021e+03 1.911702999999999975e+02
1.030531199999999899e+03 1.913411000000000115e+02
1.030391699999999901e+03 1.915117999999999938e+02
1.030250999999999976e+03 1.916822999999999979e+02
1.030109099999999899e+03 1.918528000000000020e+02
1.029965899999999920e+03 1.920232000000000028e+02
1.029821500000000015e+03 1.921935000000000002e+02
1.029675799999999981e+03 1.923636999999999944e+02
1.029528800000000047e+03 1.925337000000000103e+02
1.029380699999999933e+03 1.927036999999999978e+02
1.029231199999999944e+03 1.928736000000000104e+02
1.029080600000000004e+03 1.930433999999999912e+02
1.028928699999999935e+03 1.932129999999999939e+02
1.028775499999999965e+03 1.933825999999999965e+02
1.028621100000000069e+03 1.935520999999999958e+02
1.028465500000000020e+03 1.937214999999999918e+02
1.028308700000000044e+03 1.938908000000000129e+02
1.028150599999999940e+03 1.940600000000000023e+02
1.027991299999999910e+03 1.942290000000000134e+02
1.027830799999999954e+03 1.943979999999999961e+02
1.027669000000000096e+03 1.945669000000000040e+02
1.027506000000000085e+03 1.947357000000000085e+02
1.027341799999999921e+03 1.949044000000000096e+02
1.027176400000000058e+03 1.950730000000000075e+02
1.027009800000000041e+03 1.952415000000000020e+02
1.026841899999999896e+03 1.954098999999999933e+02
1.026672900000000027e+03 1.955782000000000096e+02
1.026502600000000029e+03 1.957464999999999975e+02
1.026331100000000106e+03 1.959146000000000072e+02
1.026158400000000029e+03 1.960826000000000136e+02
1.025984600000000000e+03 1.962504999999999882e+02
1.025809500000000071e+03 1.964183999999999912e+02
1.025633199999999988e+03 1.965860999999999876e+02
1.025455699999999979e+03 1.967537000000000091e+02
1.025277000000000044e+03 1.969213000000000022e+02
1.025097099999999955e+03 1.970886999999999887e+02
1.024915999999999940e+03 1.972561000000000035e+02
1.024733699999999999e+03 1.974233000000000118e+02
1.024550300000000107e+03 1.975904999999999916e+02
1.024365600000000086e+03 1.977575999999999965e+02
1.024179699999999912e+03 1.979245999999999981e+02
1.023992700000000013e+03 1.980913999999999930e+02
1.023804499999999962e+03 1.982581999999999880e+02
1.023615099999999984e+03 1.984249000000000080e+02
1.023424499999999966e+03 1.985914999999999964e+02
1.023232799999999997e+03 1.987581000000000131e+02
1.023039800000000014e+03 1.989244999999999948e+02
1.022845699999999965e+03 1.990908000000000015e+02
1.022650399999999991e+03 1.992570000000000050e+02
1.022453899999999976e+03 1.994232000000000085e+02
1.022256300000000010e+03 1.995892000000000053e+02
1.022057500000000005e+03 1.997552000000000021e+02
1.021857499999999959e+03 1.999210999999999956e+02
1.021656399999999962e+03 2.000869000000000142e+02
1.021454100000000039e+03 2.002524999999999977e+02
1.021250599999999963e+03 2.004181000000000097e+02
1.021046000000000049e+03 2.005836999999999932e+02
1.020840199999999982e+03 2.007490999999999985e+02
1.020633299999999963e+03 2.009144000000000005e+02
1.020425200000000018e+03 2.010797000000000025e+02
1.020215900000000033e+03 2.012447999999999979e+02
1.020005499999999984e+03 2.014098999999999933e+02
1.019793900000000008e+03 2.015748000000000104e+02
1.019581199999999967e+03 2.017396999999999991e+02
1.019367300000000000e+03 2.019045000000000130e+02
1.019152299999999968e+03 2.020691999999999950e+02
1.018936199999999985e+03 2.022339000000000055e+02
1.018718899999999962e+03 2.023984000000000094e+02
1.018500400000000013e+03 2.025629000000000133e+02
1.018280799999999999e+03 2.027272000000000105e+02
1.018060100000000034e+03 2.028915000000000077e+02
1.017838200000000029e+03 2.030557000000000016e+02
1.017615199999999959e+03 2.032197999999999922e+02
1.017390999999999963e+03 2.033838000000000079e+02
1.017165799999999990e+03 2.035477999999999952e+02
1.016939300000000003e+03 2.037116000000000042e+02
1.016711800000000039e+03 2.038754000000000133e+02
1.016483100000000036e+03 2.040390999999999906e+02
1.016253299999999967e+03 2.042026999999999930e+02
1.016022399999999948e+03 2.043661999999999921e+02
1.015790300000000002e+03 2.045295999999999879e+02
1.015557099999999991e+03 2.046930000000000121e+02
1.015322800000000029e+03 2.048563000000000045e+02
1.015087300000000027e+03 2.050193999999999903e+02
1.014850800000000049e+03 2.051825000000000045e+02
1.014613100000000031e+03 2.053455999999999904e+02
1.014374299999999948e+03 2.055084999999999980e+02
1.014134400000000028e+03 2.056714000000000055e+02
1.013893299999999954e+03 2.058341000000000065e+02
1.013651200000000017e+03 2.059968000000000075e+02
1.013407900000000041e+03 2.061595000000000084e+02
1.013163499999999999e+03 2.063220000000000027e+02
1.012918000000000006e+03 2.064844999999999970e+02
1.012671399999999949e+03 2.066468000000000131e+02
1.012423700000000053e+03 2.068092000000000041e+02
1.012174800000000005e+03 2.069713999999999885e+02
1.011924899999999980e+03 2.071334999999999980e+02
1.011673900000000003e+03 2.072956000000000074e+02
1.011421699999999987e+03 2.074576000000000136e+02
1.011168499999999995e+03 2.076194999999999879e+02
1.010914099999999962e+03 2.077812999999999874e+02
1.010658699999999953e+03 2.079430999999999869e+02
1.010402100000000019e+03 2.081048000000000116e+02
1.010144400000000019e+03 2.082664000000000044e+02
1.009885700000000043e+03 2.084278999999999940e+02
1.009625800000000027e+03 2.085894000000000119e+02
1.009364900000000034e+03 2.087507999999999981e+02
1.009102800000000002e+03 2.089121000000000095e+02
1.008839699999999993e+03 2.090733999999999924e+02
1.008575399999999945e+03 2.092344999999999970e+02
1.008310100000000034e+03 2.093956000000000017e+02
1.008043699999999944e+03 2.095566000000000031e+02
1.007776200000000017e+03 2.097176000000000045e+02
1.007507600000000025e+03 2.098785000000000025e+02
1.007237899999999968e+03 2.100392999999999972e+02
1.006967099999999959e+03 2.101999999999999886e+02
1.006695200000000000e+03 2.103607000000000085e+02
1.006422299999999950e+03 2.105212999999999965e+02
1.006148199999999974e+03 2.106818000000000097e+02
1.005873100000000022e+03 2.108422999999999945e+02
1.005596900000000005e+03 2.110027000000000044e+02
1.005319600000000037e+03 2.111630000000000109e+02
1.005041200000000003e+03 2.113232999999999890e+02
1.004761799999999994e+03 2.114834999999999923e+02
1.004481300000000033e+03 2.116435999999999922e+02
1.004199600000000032e+03 2.118035999999999888e+02
1.003916900000000055e+03 2.119636000000000138e+02
1.003633199999999988e+03 2.121236000000000104e+02
1.003348299999999995e+03 2.122834000000000003e+02
1.003062400000000025e+03 2.124431999999999903e+02
1.002775399999999991e+03 2.126030000000000086e+02
1.002487300000000005e+03 2.127625999999999920e+02
1.002198200000000043e+03 2.129222000000000037e+02
1.001907900000000041e+03 2.130817999999999870e+02
1.001616599999999949e+03 2.132412999999999954e+02
1.001324299999999994e+03 2.134007000000000005e+02
1.001030799999999999e+03 2.135600000000000023e+02
1.000736300000000028e+03 2.137193000000000040e+02
1.000440699999999993e+03 2.138786000000000058e+02
1.000144099999999980e+03 2.140378000000000043e+02
9.998463000000000420e+02 2.141968999999999994e+02
9.995475000000000136e+02 2.143559999999999945e+02
9.992477000000000089e+02 2.145149999999999864e+02
9.989466999999999643e+02 2.146739000000000033e+02
9.986446999999999434e+02 2.148327999999999918e+02
9.983416999999999462e+02 2.149916000000000054e+02
9.980375000000000227e+02 2.151503999999999905e+02
9.977323000000000093e+02 2.153091000000000008e+02
9.974261000000000195e+02 2.154678000000000111e+02
9.971186999999999898e+02 2.156263999999999896e+02
9.968103999999999587e+02 2.157849999999999966e+02
9.965009000000000015e+02 2.159435000000000002e+02
9.961903999999999542e+02 2.161019000000000005e+02
9.958787999999999556e+02 2.162603000000000009e+02
9.955661999999999807e+02 2.164187000000000012e+02
9.952523999999999660e+02 2.165769999999999982e+02
9.949376999999999498e+02 2.167351999999999919e+02
9.946218000000000075e+02 2.168934000000000140e+02
9.943048999999999751e+02 2.170516000000000076e+02
9.939869999999999663e+02 2.172096999999999980e+02
9.936680000000000064e+02 2.173677999999999884e+02
9.933478999999999814e+02 2.175258000000000038e+02
9.930267999999999802e+02 2.176836999999999875e+02
9.927046000000000276e+02 2.178415999999999997e+02
9.923813000000000102e+02 2.179995000000000118e+02
9.920570000000000164e+02 2.181572999999999922e+02
9.917315999999999576e+02 2.183151000000000010e+02
9.914052000000000362e+02 2.184728000000000065e+02
9.910777000000000498e+02 2.186305000000000121e+02
9.907490999999999985e+02 2.187881999999999891e+02
9.904194999999999709e+02 2.189457999999999913e+02
9.900887999999999920e+02 2.191033999999999935e+02
9.897571000000000367e+02 2.192608999999999924e+02
9.894243000000000166e+02 2.194183999999999912e+02
9.890905000000000200e+02 2.195757999999999868e+02
9.887555999999999585e+02 2.197332000000000107e+02
9.884195999999999458e+02 2.198906000000000063e+02
9.880825999999999567e+02 2.200480000000000018e+02
9.877445000000000164e+02 2.202052999999999940e+02
9.874053999999999860e+02 2.203625000000000114e+02
9.870652000000000044e+02 2.205197000000000003e+02
9.867238999999999578e+02 2.206768999999999892e+02
9.863816000000000486e+02 2.208341000000000065e+02
9.860381999999999607e+02 2.209911999999999921e+02
9.856938000000000102e+02 2.211483000000000061e+02
9.853482999999999947e+02 2.213053999999999917e+02
9.850017000000000280e+02 2.214624000000000024e+02
9.846540999999999713e+02 2.216194000000000131e+02
9.843053999999999633e+02 2.217763999999999953e+02
9.839556999999999789e+02 2.219333000000000027e+02
9.836049000000000433e+02 2.220903000000000134e+02
9.832530000000000427e+02 2.222471999999999923e+02
9.829000999999999522e+02 2.224039999999999964e+02
9.825461000000000240e+02 2.225609000000000037e+02
9.821911000000000058e+02 2.227177000000000078e+02
9.818350000000000364e+02 2.228745000000000118e+02
9.814778000000000020e+02 2.230312000000000126e+02
9.811195999999999913e+02 2.231879999999999882e+02
9.807603000000000293e+02 2.233446999999999889e+02
9.803999000000000024e+02 2.235013999999999896e+02
9.800384999999999991e+02 2.236580999999999904e+02
9.796760000000000446e+02 2.238147999999999911e+02
9.793125000000000000e+02 2.239713999999999885e+02
9.789478000000000293e+02 2.241279999999999859e+02
9.785821999999999434e+02 2.242846999999999866e+02
9.782154000000000451e+02 2.244413000000000125e+02
9.778476000000000568e+02 2.245978000000000065e+02
9.774787000000000035e+02 2.247544000000000040e+02
9.771086999999999989e+02 2.249110000000000014e+02
9.767377000000000180e+02 2.250674999999999955e+02
9.763655999999999722e+02 2.252239999999999895e+02
9.759923999999999751e+02 2.253805999999999869e+02
9.756182000000000016e+02 2.255371000000000095e+02
9.752428999999999633e+02 2.256936000000000035e+02
9.748664999999999736e+02 2.258500999999999976e+02
9.744890000000000327e+02 2.260065999999999917e+02
9.741105000000000018e+02 2.261630999999999858e+02
9.737308000000000447e+02 2.263195000000000050e+02
9.733500999999999976e+02 2.264759999999999991e+02
9.729683999999999742e+02 2.266324999999999932e+02
9.725855000000000246e+02 2.267889999999999873e+02
9.722015999999999849e+02 2.269454000000000065e+02
9.718165999999999940e+02 2.271019000000000005e+02
9.714305000000000518e+02 2.272583999999999946e+02
9.710433000000000447e+02 2.274148999999999887e+02
9.706549999999999727e+02 2.275714000000000112e+02
9.702657000000000380e+02 2.277278000000000020e+02
9.698751999999999498e+02 2.278842999999999961e+02
9.694836999999999989e+02 2.280407999999999902e+02
9.690910999999999831e+02 2.281973000000000127e+02
9.686974000000000160e+02 2.283538000000000068e+02
9.683025000000000091e+02 2.285104000000000042e+02
9.679066000000000258e+02 2.286668999999999983e+02
9.675096999999999525e+02 2.288233999999999924e+02
9.671115999999999531e+02 2.289799999999999898e+02
9.667124000000000024e+02 2.291365999999999872e+02
9.663120999999999867e+02 2.292931000000000097e+02
9.659107000000000198e+02 2.294497000000000071e+02
9.655081999999999880e+02 2.296064000000000078e+02
9.651046000000000049e+02 2.297630000000000052e+02
9.646998999999999569e+02 2.299197000000000060e+02
9.642940999999999576e+02 2.300763000000000034e+02
9.638872000000000071e+02 2.302330000000000041e+02
9.634791999999999916e+02 2.303898000000000081e+02
9.630700000000000500e+02 2.305465000000000089e+02
9.626598000000000184e+02 2.307033000000000129e+02
9.622483999999999469e+02 2.308600999999999885e+02
9.618359000000000378e+02 2.310168999999999926e+02
9.614222999999999502e+02 2.311738000000000000e+02
9.610076000000000249e+02 2.313306000000000040e+02
9.605916999999999462e+02 2.314875999999999863e+02
9.601747000000000298e+02 2.316444999999999936e+02
9.597566000000000486e+02 2.318015000000000043e+02
9.593374000000000024e+02 2.319584999999999866e+02
9.589170000000000300e+02 2.321156000000000006e+02
9.584954999999999927e+02 2.322726999999999862e+02
9.580728000000000293e+02 2.324298000000000002e+02
9.576490999999999758e+02 2.325869999999999891e+02
9.572241000000000213e+02 2.327442000000000064e+02
9.567980999999999767e+02 2.329014999999999986e+02
9.563708000000000311e+02 2.330587999999999909e+02
9.559424999999999955e+02 2.332161000000000115e+02
9.555130000000000337e+02 2.333736000000000104e+02
9.550823000000000320e+02 2.335310000000000059e+02
9.546504999999999654e+02 2.336885000000000048e+02
9.542174999999999727e+02 2.338461000000000070e+02
9.537833000000000538e+02 2.340037000000000091e+02
9.533479999999999563e+02 2.341613000000000113e+02
9.529115000000000464e+02 2.343190999999999917e+02
9.524738999999999578e+02 2.344767999999999972e+02
9.520349999999999682e+02 2.346347000000000094e+02
9.515950000000000273e+02 2.347925999999999931e+02
9.511539000000000215e+02 2.349506000000000085e+02
9.507115000000000009e+02 2.351085999999999956e+02
9.502679000000000542e+02 2.352666999999999859e+02
9.498232000000000426e+02 2.354248000000000047e+02
9.493772999999999911e+02 2.355831000000000017e+02
9.489301000000000386e+02 2.357413999999999987e+02
9.484818000000000211e+02 2.358997999999999990e+02
9.480322999999999638e+02 2.360581999999999994e+02
9.475815999999999804e+02 2.362167000000000030e+02
9.471295999999999822e+02 2.363753000000000100e+02
9.466765000000000327e+02 2.365339999999999918e+02
9.462220999999999549e+02 2.366928000000000054e+02
9.457664999999999509e+02 2.368515999999999906e+02
9.453097000000000207e+02 2.370106000000000108e+02
9.448515999999999622e+02 2.371696000000000026e+02
9.443923999999999523e+02 2.373286999999999978e+02
9.439317999999999529e+02 2.374878999999999962e+02
9.434701000000000022e+02 2.376471999999999980e+02
9.430071000000000367e+02 2.378066000000000031e+02
9.425429000000000315e+02 2.379661000000000115e+02
9.420774000000000115e+02 2.381256999999999948e+02
9.416105999999999767e+02 2.382853000000000065e+02
9.411426000000000158e+02 2.384450999999999965e+02
9.406733000000000402e+02 2.386049999999999898e+02
9.402028000000000247e+02 2.387649999999999864e+02
9.397309000000000196e+02 2.389250999999999863e+02
9.392577999999999747e+02 2.390852999999999895e+02
9.387835000000000036e+02 2.392455999999999960e+02
9.383078000000000429e+02 2.394061000000000092e+02
9.378307999999999538e+02 2.395665999999999940e+02
9.373524999999999636e+02 2.397273000000000138e+02
9.368730000000000473e+02 2.398881000000000085e+02
9.363921000000000276e+02 2.400490000000000066e+02
9.359098999999999933e+02 2.402101000000000113e+02
9.354263999999999442e+02 2.403711999999999875e+02
9.349415000000000191e+02 2.405324999999999989e+02
9.344552999999999656e+02 2.406939999999999884e+02
9.339678000000000111e+02 2.408555000000000064e+02
9.334790000000000418e+02 2.410172000000000025e+02
9.329887999999999693e+02 2.411791000000000054e+02
9.324972000000000207e+02 2.413411000000000115e+02
9.320042999999999438e+02 2.415031999999999925e+02
9.315099999999999909e+02 2.416655000000000086e+02
9.310143000000000484e+02 2.418278999999999996e+02
9.305172999999999774e+02 2.419904999999999973e+02
9.300188000000000557e+02 2.421531999999999982e+02
9.295190000000000055e+02 2.423161000000000058e+02
9.290177999999999656e+02 2.424790999999999883e+02
9.285152000000000498e+02 2.426423000000000059e+02
9.280111000000000558e+02 2.428057000000000016e+02
9.275057000000000471e+02 2.429692000000000007e+02
9.269987999999999602e+02 2.431330000000000098e+02
9.264904000000000224e+02 2.432967999999999904e+02
9.259806999999999562e+02 2.434609000000000094e+02
9.254695000000000391e+02 2.436251000000000033e+02
9.249568000000000438e+02 2.437896000000000072e+02
9.244425999999999704e+02 2.439541999999999859e+02
9.239270000000000209e+02 2.441189999999999998e+02
9.234098999999999933e+02 2.442839999999999918e+02
9.228913000000000011e+02 2.444490999999999872e+02
9.223712000000000444e+02 2.446144999999999925e+02
9.218496000000000095e+02 2.447801000000000045e+02
9.213265000000000100e+02 2.449458999999999946e+02
9.208019000000000460e+02 2.451118999999999915e+02
9.202757000000000289e+02 2.452780999999999949e+02
9.197480000000000473e+02 2.454445000000000050e+02
9.192187000000000126e+02 2.456110999999999933e+02
9.186879000000000133e+02 2.457779999999999916e+02
9.181554999999999609e+02 2.459449999999999932e+02
9.176214999999999691e+02 2.461123000000000047e+02
9.170859000000000378e+02 2.462798999999999978e+02
9.165487000000000535e+02 2.464476999999999975e+02
9.160099999999999909e+02 2.466157000000000039e+02
9.154695000000000391e+02 2.467838999999999885e+02
9.149275000000000091e+02 2.469524000000000115e+02
9.143837999999999511e+02 2.471211999999999875e+02
9.138383999999999787e+02 2.472901999999999987e+02
9.132913999999999533e+02 2.474593999999999880e+02
9.127427000000000135e+02 2.476288999999999874e+02
9.121923000000000457e+02 2.477986999999999966e+02
9.116402000000000498e+02 2.479687999999999874e+02
9.110864000000000260e+02 2.481391000000000133e+02
9.105308999999999742e+02 2.483096999999999923e+02
9.099736000000000331e+02 2.484806000000000097e+02
9.094144999999999754e+02 2.486518000000000086e+02
9.088537000000000035e+02 2.488232999999999890e+02
9.082911000000000286e+02 2.489951000000000079e+02
9.077268000000000256e+02 2.491671000000000049e+02
9.071606000000000449e+02 2.493394999999999868e+02
9.065924999999999727e+02 2.495122000000000071e+02
9.060226999999999862e+02 2.496852000000000089e+02
9.054510000000000218e+02 2.498584999999999923e+02
9.048773999999999660e+02 2.500321999999999889e+02
9.043019000000000460e+02 2.502061999999999955e+02
9.037246000000000095e+02 2.503805000000000121e+02
9.031453000000000202e+02 2.505552000000000135e+02
9.025641000000000531e+02 2.507301999999999964e+02
9.019809000000000196e+02 2.509055999999999926e+02
9.013958000000000084e+02 2.510812999999999988e+02
9.008087000000000444e+02 2.512573999999999899e+02
9.002196000000000140e+02 2.514338999999999942e+02
8.996284000000000560e+02 2.516107000000000085e+02
8.990353000000000065e+02 2.517879000000000076e+02
8.984400000000000546e+02 2.519654999999999916e+02
8.978427000000000362e+02 2.521434999999999889e+02
8.972432999999999765e+02 2.523218999999999994e+02
8.966417999999999893e+02 2.525006999999999948e+02
8.960380999999999858e+02 2.526800000000000068e+02
8.954323000000000548e+02 2.528596000000000004e+02
8.948242999999999938e+02 2.530397000000000105e+02
8.942140000000000555e+02 2.532202000000000055e+02
8.936015999999999622e+02 2.534011999999999887e+02
8.929868999999999915e+02 2.535826000000000136e+02
8.923699000000000296e+02 2.537643999999999949e+02
8.917507000000000517e+02 2.539467999999999961e+02
8.911290999999999940e+02 2.541296000000000106e+02
8.905051999999999452e+02 2.543128000000000100e+02
8.898789000000000442e+02 2.544966000000000008e+02
8.892501999999999498e+02 2.546809000000000083e+02
8.886190000000000282e+02 2.548656000000000006e+02
8.879854000000000269e+02 2.550509000000000128e+02
8.873493999999999460e+02 2.552367000000000132e+02
8.867107999999999493e+02 2.554231000000000051e+02
8.860696000000000367e+02 2.556099000000000103e+02
8.854258999999999560e+02 2.557974000000000103e+02
8.847795999999999594e+02 2.559853999999999985e+02
8.841307000000000471e+02 2.561739000000000033e+02
8.834791000000000167e+02 2.563630999999999744e+02
8.828247999999999820e+02 2.565527999999999906e+02
8.821676999999999680e+02 2.567431000000000267e+02
8.815078999999999496e+02 2.569341000000000008e+02
8.808452999999999520e+02 2.571256000000000199e+02
8.801798000000000002e+02 2.573177999999999770e+02
8.795113999999999805e+02 2.575106999999999857e+02
8.788401999999999816e+02 2.577040999999999826e+02
8.781658999999999651e+02 2.578983000000000061e+02
8.774886999999999944e+02 2.580932000000000244e+02
8.768084000000000060e+02 2.582887000000000057e+02
8.761250000000000000e+02 2.584850000000000136e+02
8.754384000000000015e+02 2.586818999999999846e+02
8.747486999999999853e+02 2.588795999999999822e+02
8.740557999999999765e+02 2.590781000000000063e+02
8.733596000000000004e+02 2.592773000000000252e+02
8.726599999999999682e+02 2.594773000000000138e+02
8.719570999999999685e+02 2.596780999999999722e+02
8.712507000000000517e+02 2.598797000000000139e+02
8.705408999999999651e+02 2.600821000000000254e+02
8.698274999999999864e+02 2.602853000000000065e+02
8.691105000000000018e+02 2.604893999999999892e+02
8.683899000000000115e+02 2.606943999999999733e+02
8.676654999999999518e+02 2.609003000000000156e+02
8.669373000000000502e+02 2.611071000000000026e+02
8.643473000000000184e+02 2.618414000000000215e+02
8.617572999999999865e+02 2.625736999999999739e+02
8.591672999999999547e+02 2.633043000000000120e+02
8.565773000000000366e+02 2.640330999999999904e+02
8.539873000000000047e+02 2.647604999999999791e+02
8.513972999999999729e+02 2.654863000000000284e+02
8.488073000000000548e+02 2.662108000000000061e+02
8.462173000000000229e+02 2.669340000000000259e+02
8.436272999999999911e+02 2.676560999999999808e+02
8.410372999999999593e+02 2.683770000000000095e+02
8.384473000000000411e+02 2.690967999999999734e+02
8.358573000000000093e+02 2.698156999999999925e+02
8.332672999999999774e+02 2.705335999999999785e+02
8.306772999999999456e+02 2.712506999999999948e+02
8.280873000000000275e+02 2.719667999999999779e+02
8.254972999999999956e+02 2.726820999999999913e+02
8.229072999999999638e+02 2.733965999999999781e+02
8.203173000000000457e+02 2.741102999999999952e+02
8.177273000000000138e+02 2.748231000000000108e+02
8.151372999999999820e+02 2.755350000000000250e+02
8.125472999999999502e+02 2.762461000000000126e+02
8.099573000000000320e+02 2.769562999999999988e+02
8.073673000000000002e+02 2.776655000000000086e+02
8.047772999999999683e+02 2.783738000000000170e+02
8.021873000000000502e+02 2.790808999999999855e+02
7.995973000000000184e+02 2.797868000000000279e+02
7.970072999999999865e+02 2.804914999999999736e+02
7.944172999999999547e+02 2.811947999999999865e+02
7.918273000000000366e+02 2.818967000000000098e+02
7.892373000000000047e+02 2.825969000000000051e+02
7.866472999999999729e+02 2.832953999999999724e+02
7.840573000000000548e+02 2.839920000000000186e+02
7.814673000000000229e+02 2.846865000000000236e+02
7.788772999999999911e+02 2.853788999999999874e+02
7.762872999999999593e+02 2.860688000000000102e+02
7.736973000000000411e+02 2.867561000000000035e+02
7.711073000000000093e+02 2.874406000000000176e+02
7.685172999999999774e+02 2.881222000000000207e+02
7.659272999999999456e+02 2.888004999999999995e+02
7.633373000000000275e+02 2.894753999999999792e+02
7.607472999999999956e+02 2.901467000000000098e+02
7.581572999999999638e+02 2.908140999999999963e+02
7.555673000000000457e+02 2.914773999999999887e+02
7.529773000000000138e+02 2.921363999999999805e+02
7.503872999999999820e+02 2.927907999999999902e+02
7.477972999999999502e+02 2.934404999999999859e+02
7.452073000000000320e+02 2.940851999999999862e+02
7.426173000000000002e+02 2.947246000000000095e+02
7.400272999999999683e+02 2.953584999999999923e+02
7.374373000000000502e+02 2.959868000000000166e+02
7.348473000000000184e+02 2.966093000000000188e+02
7.322572999999999865e+02 2.972255999999999858e+02
7.296672999999999547e+02 2.978356999999999744e+02
7.270773000000000366e+02 2.984393000000000029e+02
7.244873000000000047e+02 2.990362999999999829e+02
7.218972999999999729e+02 2.996263999999999896e+02
7.193073000000000548e+02 3.002096999999999980e+02
7.167173000000000229e+02 3.007857999999999947e+02
7.141272999999999911e+02 3.013546999999999798e+02
7.115372999999999593e+02 3.019162000000000035e+02
7.089473000000000411e+02 3.024703000000000088e+02
7.063573000000000093e+02 3.030167999999999893e+02
7.037672999999999774e+02 3.035557000000000016e+02
7.011772999999999456e+02 3.040867999999999824e+02
6.985873000000000275e+02 3.046102000000000203e+02
6.959972999999999956e+02 3.051256999999999948e+02
6.934072999999999638e+02 3.056333000000000197e+02
6.908173000000000457e+02 3.061329000000000065e+02
6.882273000000000138e+02 3.066247000000000185e+02
6.856372999999999820e+02 3.071084000000000174e+02
6.830472999999999502e+02 3.075842000000000098e+02
6.804573000000000320e+02 3.080520000000000209e+02
6.778673000000000002e+02 3.085119000000000256e+02
6.752772999999999683e+02 3.089637999999999920e+02
6.726873000000000502e+02 3.094078000000000088e+02
6.700973000000000184e+02 3.098439000000000192e+02
6.675072999999999865e+02 3.102721999999999980e+02
6.649172999999999547e+02 3.106927000000000021e+02
6.623273000000000366e+02 3.111053999999999746e+02
6.597373000000000047e+02 3.115104000000000042e+02
6.571472999999999729e+02 3.119076999999999771e+02
6.545573000000000548e+02 3.122975000000000136e+02
6.519673000000000229e+02 3.126797000000000253e+02
6.493772999999999911e+02 3.130545000000000186e+02
6.467872999999999593e+02 3.134218999999999937e+02
6.441973000000000411e+02 3.137819999999999823e+02
6.416073000000000093e+02 3.141347999999999843e+02
6.390172999999999774e+02 3.144805000000000064e+02
6.364272999999999456e+02 3.148190000000000168e+02
6.338373000000000275e+02 3.151505999999999972e+02
6.312472999999999956e+02 3.154751999999999725e+02
6.286572999999999638e+02 3.157930000000000064e+02
6.260673000000000457e+02 3.161039999999999850e+02
6.234773000000000138e+02 3.164082999999999970e+02
6.208872999999999820e+02 3.167060000000000173e+02
6.182972999999999502e+02 3.169970999999999890e+02
6.157073000000000320e+02 3.172817999999999756e+02
6.131173000000000002e+02 3.175602000000000089e+02
6.105272999999999683e+02 3.178322000000000003e+02
6.079373000000000502e+02 3.180980999999999881e+02
6.053473000000000184e+02 3.183577999999999975e+02
6.027572999999999865e+02 3.186114999999999782e+02
6.001672999999999547e+02 3.188591999999999871e+02
5.975773000000000366e+02 3.191009999999999991e+02
5.949873000000000047e+02 3.193369000000000142e+02
5.923972999999999729e+02 3.195672000000000139e+02
5.898073000000000548e+02 3.197918000000000234e+02
5.872173000000000229e+02 3.200106999999999857e+02
5.846272999999999911e+02 3.202241999999999962e+02
5.820372999999999593e+02 3.204322000000000230e+02
5.794473000000000411e+02 3.206349000000000160e+02
5.768573000000000093e+02 3.208322000000000003e+02
5.742672999999999774e+02 3.210242999999999824e+02
5.716772999999999456e+02 3.212112000000000194e+02
5.690873000000000275e+02 3.213929999999999723e+02
5.664972999999999956e+02 3.215697999999999865e+02
5.639072999999999638e+02 3.217416000000000054e+02
5.613173000000000457e+02 3.219083999999999719e+02
5.587273000000000138e+02 3.220704999999999814e+02
5.561372999999999820e+02 3.222277000000000271e+02
5.535472999999999502e+02 3.223802000000000021e+02
5.509573000000000320e+02 3.225280000000000200e+02
5.483673000000000002e+02 3.226712999999999738e+02
5.457772999999999683e+02 3.228099000000000274e+02
5.431873000000000502e+02 3.229440999999999917e+02
5.405973000000000184e+02 3.230738000000000056e+02
5.380072999999999865e+02 3.231990999999999872e+02
5.354172999999999547e+02 3.233201000000000249e+02
5.328273000000000366e+02 3.234368000000000052e+02
5.302373000000000047e+02 3.235491999999999848e+02
5.276472999999999729e+02 3.236575000000000273e+02
5.250573000000000548e+02 3.237615999999999872e+02
5.224673000000000229e+02 3.238616000000000099e+02
5.198772999999999911e+02 3.239576000000000136e+02
5.172872999999999593e+02 3.240495999999999981e+02
5.146973000000000411e+02 3.241376000000000204e+02
5.121073000000000093e+02 3.242216999999999985e+02
5.095172999999999774e+02 3.243018999999999892e+02
5.069273000000000025e+02 3.243783000000000243e+02
5.043373000000000275e+02 3.244508999999999901e+02
5.017472999999999956e+02 3.245197999999999752e+02
4.991573000000000206e+02 3.245849000000000046e+02
4.965672999999999888e+02 3.246464000000000283e+02
4.939773000000000138e+02 3.247042000000000144e+02
4.913872999999999820e+02 3.247585000000000264e+02
4.887973000000000070e+02 3.248091999999999757e+02
4.862072999999999752e+02 3.248564000000000078e+02
4.836173000000000002e+02 3.249001000000000090e+02
4.810273000000000252e+02 3.249402999999999793e+02
4.784372999999999934e+02 3.249771999999999821e+02
4.758473000000000184e+02 3.250106000000000108e+02
4.732572999999999865e+02 3.250407000000000153e+02
4.706673000000000116e+02 3.250674999999999955e+02
4.680772999999999797e+02 3.250908999999999764e+02
4.654873000000000047e+02 3.251111999999999966e+02
4.628972999999999729e+02 3.251281999999999925e+02
4.603072999999999979e+02 3.251419999999999959e+02
4.577173000000000229e+02 3.251526000000000067e+02
4.551272999999999911e+02 3.251600999999999999e+02
4.525373000000000161e+02 3.251644999999999754e+02
4.499472999999999843e+02 3.251657999999999902e+02
4.473573000000000093e+02 3.251639999999999873e+02
4.447672999999999774e+02 3.251591999999999985e+02
4.421773000000000025e+02 3.251514000000000237e+02
4.395873000000000275e+02 3.251406000000000063e+02
4.369972999999999956e+02 3.251268999999999778e+02
4.344073000000000206e+02 3.251102000000000203e+02
4.318172999999999888e+02 3.250907000000000266e+02
4.292273000000000138e+02 3.250681999999999903e+02
4.266372999999999820e+02 3.250428999999999746e+02
4.240473000000000070e+02 3.250147000000000048e+02
4.214572999999999752e+02 3.249837999999999738e+02
4.188673000000000002e+02 3.249499999999999886e+02
4.162773000000000252e+02 3.249134999999999991e+02
4.136872999999999934e+02 3.248741999999999734e+02
4.110973000000000184e+02 3.248322000000000003e+02
4.085072999999999865e+02 3.247875000000000227e+02
4.059173000000000116e+02 3.247400999999999840e+02
4.033272999999999797e+02 3.246899999999999977e+02
4.007373000000000047e+02 3.246372999999999820e+02
3.981472999999999729e+02 3.245819000000000187e+02
3.955572999999999979e+02 3.245240000000000009e+02
3.929673000000000229e+02 3.244633999999999787e+02
3.903772999999999911e+02 3.244003000000000156e+02
3.877873000000000161e+02 3.243346000000000231e+02
3.851972999999999843e+02 3.242663999999999760e+02
3.826073000000000093e+02 3.241956999999999880e+02
3.800172999999999774e+02 3.241224000000000274e+02
3.774273000000000025e+02 3.240466999999999871e+02
3.748373000000000275e+02 3.239685000000000059e+02
3.722472999999999956e+02 3.238879000000000019e+02
3.696573000000000206e+02 3.238048000000000002e+02
3.670672999999999888e+02 3.237192999999999756e+02
3.644773000000000138e+02 3.236313999999999851e+02
3.618872999999999820e+02 3.235410999999999717e+02
3.592973000000000070e+02 3.234485000000000241e+02
3.567072999999999752e+02 3.233534000000000219e+02
3.541173000000000002e+02 3.232561000000000035e+02
3.515273000000000252e+02 3.231564000000000192e+02
3.489372999999999934e+02 3.230543999999999869e+02
3.463473000000000184e+02 3.229501000000000204e+02
3.437572999999999865e+02 3.228435000000000059e+02
3.411673000000000116e+02 3.227346999999999753e+02
3.385772999999999797e+02 3.226236000000000104e+02
3.359873000000000047e+02 3.225101999999999975e+02
3.333972999999999729e+02 3.223947000000000003e+02
3.308072999999999979e+02 3.222769000000000119e+02
3.282173000000000229e+02 3.221569000000000074e+02
3.256272999999999911e+02 3.220346999999999866e+02
3.230373000000000161e+02 3.219103999999999814e+02
3.204472999999999843e+02 3.217839000000000169e+02
3.178573000000000093e+02 3.216551999999999794e+02
3.152672999999999774e+02 3.215244000000000142e+02
3.126773000000000025e+02 3.213915000000000077e+02
3.100873000000000275e+02 3.212563999999999851e+02
3.074972999999999956e+02 3.211193000000000097e+02
3.049073000000000206e+02 3.209800999999999931e+02
3.023172999999999888e+02 3.208387999999999920e+02
2.997273000000000138e+02 3.206954000000000065e+02
2.971372999999999820e+02 3.205500000000000114e+02
2.945473000000000070e+02 3.204024999999999750e+02
2.919572999999999752e+02 3.202531000000000176e+02
2.893673000000000002e+02 3.201016000000000190e+02
2.867773000000000252e+02 3.199481000000000108e+02
2.841872999999999934e+02 3.197925999999999931e+02
2.815973000000000184e+02 3.196351000000000226e+02
2.790072999999999865e+02 3.194755999999999858e+02
2.764173000000000116e+02 3.193142000000000280e+02
2.738272999999999797e+02 3.191508999999999787e+02
2.712373000000000047e+02 3.189855999999999767e+02
2.686472999999999729e+02 3.188183000000000220e+02
2.660572999999999979e+02 3.186492000000000075e+02
2.634673000000000229e+02 3.184782000000000153e+02
2.608772999999999911e+02 3.183052000000000135e+02
2.582873000000000161e+02 3.181304000000000087e+02
