2.590000000000000000e+02 1.050400000000000000e+00
2.615899999999999750e+02 1.050200000000000022e+00
2.641800000000000068e+02 1.049900000000000055e+00
2.667699999999999818e+02 1.049700000000000077e+00
2.693600000000000136e+02 1.049400000000000110e+00
2.719499999999999886e+02 1.049199999999999910e+00
2.745400000000000205e+02 1.048899999999999944e+00
2.771299999999999955e+02 1.048699999999999966e+00
2.797200000000000273e+02 1.048399999999999999e+00
2.823100000000000023e+02 1.048200000000000021e+00
2.848999999999999773e+02 1.047900000000000054e+00
2.874900000000000091e+02 1.047700000000000076e+00
2.900799999999999841e+02 1.047400000000000109e+00
2.926700000000000159e+02 1.047099999999999920e+00
2.952599999999999909e+02 1.046899999999999942e+00
2.978500000000000227e+02 1.046599999999999975e+00
3.004399999999999977e+02 1.046300000000000008e+00
3.030299999999999727e+02 1.046100000000000030e+00
3.056200000000000045e+02 1.045800000000000063e+00
3.082099999999999795e+02 1.045500000000000096e+00
3.108000000000000114e+02 1.045199999999999907e+00
3.133899999999999864e+02 1.043299999999999894e+00
3.159800000000000182e+02 1.041199999999999903e+00
3.185699999999999932e+02 1.039099999999999913e+00
3.211600000000000250e+02 1.036000000000000032e+00
3.237500000000000000e+02 1.032699999999999951e+00
3.263399999999999750e+02 1.029500000000000082e+00
3.289300000000000068e+02 1.026200000000000001e+00
3.315199999999999818e+02 1.022899999999999920e+00
3.341100000000000136e+02 1.019500000000000073e+00
3.366999999999999886e+02 1.016100000000000003e+00
3.392900000000000205e+02 1.012599999999999945e+00
3.418799999999999955e+02 1.009100000000000108e+00
3.444700000000000273e+02 1.005600000000000049e+00
3.470600000000000023e+02 1.002000000000000002e+00
3.496499999999999773e+02 9.982999999999999652e-01
3.522400000000000091e+02 9.946000000000000396e-01
3.548299999999999841e+02 9.908000000000000140e-01
3.574200000000000159e+02 9.869999999999999885e-01
3.600099999999999909e+02 9.831999999999999629e-01
3.626000000000000227e+02 9.791999999999999593e-01
3.651899999999999977e+02 9.751999999999999558e-01
3.677799999999999727e+02 9.711999999999999522e-01
3.703700000000000045e+02 9.669999999999999707e-01
3.729599999999999795e+02 9.627999999999999892e-01
3.755500000000000114e+02 9.585000000000000187e-01
3.781399999999999864e+02 9.542000000000000481e-01
3.807300000000000182e+02 9.496999999999999886e-01
3.833199999999999932e+02 9.452000000000000401e-01
3.859100000000000250e+02 9.405999999999999917e-01
3.885000000000000000e+02 9.358999999999999542e-01
3.910899999999999750e+02 9.310000000000000497e-01
3.936800000000000068e+02 9.261000000000000343e-01
3.962699999999999818e+02 9.211000000000000298e-01
3.988600000000000136e+02 9.159000000000000474e-01
4.014499999999999886e+02 9.105999999999999650e-01
4.040400000000000205e+02 9.051000000000000156e-01
4.066299999999999955e+02 8.994999999999999662e-01
4.092200000000000273e+02 8.938000000000000389e-01
4.118100000000000023e+02 8.879000000000000226e-01
4.143999999999999773e+02 8.817000000000000393e-01
4.169900000000000091e+02 8.753999999999999559e-01
4.195799999999999841e+02 8.688000000000000167e-01
4.221700000000000159e+02 8.619999999999999885e-01
4.247599999999999909e+02 8.548999999999999932e-01
4.273500000000000227e+02 8.475000000000000311e-01
4.299399999999999977e+02 8.397000000000000020e-01
4.325299999999999727e+02 8.315000000000000169e-01
4.351200000000000045e+02 8.227999999999999758e-01
4.377099999999999795e+02 8.135000000000000009e-01
4.403000000000000114e+02 8.035999999999999810e-01
4.428899999999999864e+02 7.927999999999999492e-01
4.454800000000000182e+02 7.809000000000000385e-01
4.480699999999999932e+02 7.674999999999999600e-01
4.506600000000000250e+02 7.519000000000000128e-01
4.532500000000000000e+02 7.325000000000000400e-01
4.558399999999999750e+02 7.042000000000000481e-01
4.564875000000000114e+02 6.927999999999999714e-01
4.571349999999999909e+02 6.576999999999999513e-01
