2.833999999999999773e+02 1.082000000000000073e+00
3.117400000000000091e+02 1.082000000000000073e+00
3.400799999999999841e+02 1.082000000000000073e+00
3.684199999999999591e+02 1.082000000000000073e+00
3.967599999999999341e+02 1.082000000000000073e+00
4.250999999999999659e+02 1.082000000000000073e+00
4.534399999999999977e+02 1.082000000000000073e+00
4.817799999999999727e+02 1.081866486991745369e+00
5.101199999999998909e+02 1.076740896906589251e+00
5.384599999999999227e+02 1.066115546525994162e+00
5.667999999999999545e+02 1.051256579193043716e+00
5.951399999999998727e+02 1.034775762625904649e+00
6.234800000000000182e+02 9.937558310140310880e-01
6.305649999999998272e+02 9.772377705441809281e-01
6.376499999999999773e+02 9.576354122409922454e-01
6.447349999999997863e+02 9.323051504014175928e-01
6.465062499999999091e+02 9.242644686428945766e-01
6.482774999999998045e+02 9.149341872375421625e-01
6.487203124999999773e+02 9.123145450691051428e-01
6.491631249999998090e+02 9.095416389946306968e-01
6.492184765624998590e+02 9.091828575460716433e-01
6.492738281249999091e+02 9.088211579865819179e-01
6.493291796874998454e+02 9.084564689445057128e-01
6.493845312499998954e+02 9.080887160873629682e-01
6.494398828124999454e+02 9.077178219466267572e-01
6.494952343749999955e+02 9.073437057295384855e-01
6.495505859374999318e+02 9.069662831155104188e-01
6.496059374999998681e+02 9.065854660368861673e-01
6.496612890624999181e+02 9.062011624414135769e-01
6.497166406250000819e+02 9.058132760350741108e-01
6.497719921875000182e+02 9.054217060033511455e-01
6.497858300781250591e+02 9.053232256600868277e-01
6.497996679687499864e+02 9.052245068133319972e-01
6.498031274414063319e+02 9.051997896343590977e-01
6.498065869140624500e+02 9.051750574144442618e-01
6.498100463867186818e+02 9.051503101263930207e-01
6.498109112548828534e+02 9.051441209468268356e-01
6.498117761230469114e+02 9.051379308233444831e-01
6.498119923400878406e+02 9.051363831449362740e-01
6.498122085571288835e+02 9.051348354075173797e-01
6.498124247741699264e+02 9.051332876110635972e-01
6.498126409912110830e+02 9.051317397555702637e-01
6.498127490997313771e+02 9.051309658056720941e-01
6.498128031539916947e+02 9.051305788251894358e-01
6.498128301811218535e+02 9.051303853335689320e-01
6.498128572082520122e+02 9.051301918410050718e-01
6.498128707218170348e+02 9.051300950943751422e-01
6.498128741002083189e+02 9.051300709076942619e-01
6.498128774785996029e+02 9.051300467213180267e-01
6.498128808569908870e+02 9.051300225434839586e-01
6.498128842353820573e+02 9.051299985278258298e-01
6.498128876137733414e+02 9.051299746998435758e-01
6.498128909921646255e+02 9.051299499740466104e-01
6.498128943705557958e+02 9.051299257873719473e-01
6.498128977489470799e+02 9.051299016007199327e-01
6.498129011273383639e+02 9.051298774141268710e-01
6.498129045057296480e+02 9.051298532275681152e-01
6.498129078841208184e+02 9.051298290410416669e-01
6.498129112625121024e+02 9.051298048545771691e-01
6.498129146409033865e+02 9.051297806681429803e-01
6.498129180192946706e+02 9.051297564817460950e-01
6.498129213976858409e+02 9.051297322953848479e-01
6.498129247760770113e+02 9.051297081090994290e-01
6.498129281544684090e+02 9.051296839228024638e-01
6.498129315328596931e+02 9.051296597366033092e-01
6.498129349112508635e+02 9.051296355504105939e-01
6.498129382896420339e+02 9.051296113642686159e-01
6.498129416680334316e+02 9.051295871781640523e-01
6.498129450464247157e+02 9.051295629921056740e-01
6.498129484248158860e+02 9.051295388060877078e-01
6.498129518032070564e+02 9.051295146201173702e-01
6.498129551815984541e+02 9.051294904341798953e-01
6.498129585599897382e+02 9.051294662482868292e-01
6.498129619383809086e+02 9.051294420624304005e-01
6.498129653167720789e+02 9.051294178766440268e-01
6.498129686951634767e+02 9.051293936908725302e-01
6.498129720735547608e+02 9.051293695051344512e-01
6.498129754519459311e+02 9.051293453194664274e-01
6.498129788303371015e+02 9.051293211338306000e-01
6.498129822087283856e+02 9.051292969482199746e-01
6.498129855871197833e+02 9.051292727626781831e-01
6.498129889655109537e+02 9.051292485771584850e-01
6.498129923439021240e+02 9.051292243916746472e-01
6.498129957222934081e+02 9.051292002062504283e-01
6.498129991006848059e+02 9.051291760208585169e-01
6.498129991006878754e+02 9.051291760208496351e-01
6.498129991006910586e+02 9.051309614597788933e-01
6.498130059630419737e+02 9.051310217910765177e-01
6.498130094470079712e+02 9.051310524207913932e-01
6.498130130365485684e+02 9.051310839786244067e-01
6.498130168372388198e+02 9.051311173927240050e-01
6.498130210602279249e+02 9.051311545194754560e-01
