2.833999999999999773e+02 -1.650336228849226217e+01
3.117400000000000091e+02 -1.702319723633957338e+01
3.400799999999999841e+02 -1.754918259927079305e+01
3.684199999999999591e+02 -1.808151404456054578e+01
3.967599999999999341e+02 -1.862039732037291628e+01
4.250999999999999659e+02 -1.916604900158805336e+01
4.534399999999999977e+02 -1.971869730840652934e+01
4.817799999999999727e+02 -2.027858300673005587e+01
5.101199999999998909e+02 -2.084596040067082612e+01
5.384599999999999227e+02 -2.142109842915287388e+01
5.667999999999999545e+02 -2.200428188046763012e+01
5.951399999999998727e+02 -2.259581274091418734e+01
6.234800000000000182e+02 -2.319601169636545990e+01
6.252512499999999136e+02 -2.323381960945955882e+01
6.256940624999999727e+02 -2.324327709543469922e+01
6.258047656249998454e+02 -2.324564181152803499e+01
6.258601171875000091e+02 -2.324682422127905568e+01
6.258877929687499773e+02 -2.324741543908180574e+01
6.259016308593750182e+02 -2.324771105121525139e+01
6.259050903320312500e+02 -2.324778495458528482e+01
6.259053065490721792e+02 -2.324778957355032816e+01
6.259053606033324968e+02 -2.324779072829166537e+01
6.259053876304626556e+02 -2.324779130566229668e+01
6.259054011440277918e+02 -2.324779159434772424e+01
6.259054079008101326e+02 -2.324779173869030302e+01
6.259054087454080673e+02 -2.324779175673325682e+01
6.259054091677069209e+02 -2.324779176575457385e+01
6.259054093788564614e+02 -2.324779177026534072e+01
6.259054093792686899e+02 -2.324779177027737376e+01
6.259054093796812595e+02 -2.324779177028623423e+01
6.259054093798873737e+02 -2.324779177028895916e+01
6.259054093799904877e+02 -2.324779177029028787e+01
6.259054093800419878e+02 -2.324779177029109789e+01
6.259054093800679084e+02 -2.324779177029149935e+01
6.259054093800807550e+02 -2.324779177029155264e+01
6.259054093800840519e+02 -2.324779177029168409e+01
6.259054093800871215e+02 -2.324779177029169119e+01
6.259054093800903047e+02 -2.324779177029172317e+01
6.259054093800936016e+02 -2.324779177029184041e+01
