2.833999999999999773e+02 -1.286768180316168930e+01
3.117400000000000091e+02 -1.330122962547506837e+01
3.400799999999999841e+02 -1.373854381149799053e+01
3.684199999999999591e+02 -1.417972987006539043e+01
3.967599999999999341e+02 -1.462489823747614359e+01
4.250999999999999659e+02 -1.507416461792471551e+01
4.534399999999999977e+02 -1.552765035567184349e+01
4.817799999999999727e+02 -1.598548284275489273e+01
5.101199999999998909e+02 -1.644779596659899212e+01
5.384599999999999227e+02 -1.691473060255446015e+01
5.667999999999999545e+02 -1.738643515716845656e+01
5.951399999999998727e+02 -1.786306616893053345e+01
6.234800000000000182e+02 -1.834478897434435041e+01
6.252512499999999136e+02 -1.837506965140230974e+01
6.256940624999999727e+02 -1.838264303981291903e+01
6.258047656249998454e+02 -1.838453658830039927e+01
6.258601171875000091e+02 -1.838548339275926224e+01
6.258877929687499773e+02 -1.838595680254304909e+01
6.259016308593750182e+02 -1.838619350932363616e+01
6.259050903320312500e+02 -1.838625268621555264e+01
6.259053065490721792e+02 -1.838625638477387625e+01
6.259053606033324968e+02 -1.838625730941350866e+01
6.259053876304626556e+02 -1.838625777173330533e+01
6.259054011440277918e+02 -1.838625800289324985e+01
6.259054079008101326e+02 -1.838625811847317593e+01
6.259054087454080673e+02 -1.838625813292072309e+01
6.259054091677069209e+02 -1.838625814014442739e+01
6.259054093788564614e+02 -1.838625814375630796e+01
6.259054093792686899e+02 -1.838625814376559120e+01
6.259054093796812595e+02 -1.838625814377266821e+01
6.259054093798873737e+02 -1.838625814377506984e+01
6.259054093799904877e+02 -1.838625814377623513e+01
6.259054093800419878e+02 -1.838625814377689949e+01
6.259054093800679084e+02 -1.838625814377721568e+01
6.259054093800807550e+02 -1.838625814377730805e+01
6.259054093800840519e+02 -1.838625814377738976e+01
6.259054093800871215e+02 -1.838625814377739687e+01
6.259054093800903047e+02 -1.838625814377743595e+01
6.259054093800936016e+02 -1.838625814377750700e+01
