2.833999999999999773e+02 -5.348190133235586785e+00
3.117400000000000091e+02 -5.459674702845670247e+00
3.400799999999999841e+02 -5.540091853617433948e+00
3.684199999999999591e+02 -5.622321749595475815e+00
3.967599999999999341e+02 -5.706497677194367846e+00
4.250999999999999659e+02 -5.792770366587090436e+00
4.534399999999999977e+02 -5.881311486003543365e+00
4.817799999999999727e+02 -5.972268947772021441e+00
5.101199999999998909e+02 -6.064183229867480485e+00
5.384599999999999227e+02 -6.150169783496034270e+00
5.667999999999999545e+02 -6.236529015492845218e+00
5.951399999999998727e+02 -6.330624300378261182e+00
6.234800000000000182e+02 -6.405722728183969927e+00
6.305649999999998272e+02 -6.424322455874922788e+00
6.376499999999999773e+02 -6.446245250805229254e+00
6.447349999999997863e+02 -6.474405419804414308e+00
6.465062499999999091e+02 -6.483319237915664779e+00
6.482774999999998045e+02 -6.493654561934207869e+00
6.487203124999999773e+02 -6.496555458073153488e+00
6.491631249999998090e+02 -6.499625855139729680e+00
6.492184765624998590e+02 -6.500023118703029290e+00
6.492738281249999091e+02 -6.500423612050927780e+00
6.493291796874998454e+02 -6.500827414474027677e+00
6.493845312499998954e+02 -6.501234608555213512e+00
6.494398828124999454e+02 -6.501645280364197532e+00
6.494952343749999955e+02 -6.502059519667129805e+00
6.495505859374999318e+02 -6.502477420152743548e+00
6.496059374999998681e+02 -6.502899079676560667e+00
6.496612890624999181e+02 -6.503324600524834409e+00
6.497166406250000819e+02 -6.503754089700786167e+00
6.497719921875000182e+02 -6.504187659234557550e+00
6.497858300781250591e+02 -6.504296702808086472e+00
6.497996679687499864e+02 -6.504406010601979204e+00
6.498031274414063319e+02 -6.504433379058394138e+00
6.498065869140624500e+02 -6.504460764178023879e+00
6.498100463867186818e+02 -6.504488165991097581e+00
6.498109112548828534e+02 -6.504495019056211191e+00
6.498117761230469114e+02 -6.504501873167093606e+00
6.498119923400878406e+02 -6.504503586858255915e+00
6.498122085571288835e+02 -6.504505300614802366e+00
6.498124247741699264e+02 -6.504507014436747170e+00
6.498126409912110830e+02 -6.504508728324106315e+00
6.498127490997313771e+02 -6.504509585292348461e+00
6.498128031539916947e+02 -6.504510013782569544e+00
6.498128301811218535e+02 -6.504510228029218410e+00
6.498128572082520122e+02 -6.504510442276905557e+00
6.498128707218170348e+02 -6.504510549401133268e+00
6.498128741002083189e+02 -6.504510576182235049e+00
6.498128774785996029e+02 -6.504510602963450516e+00
6.498128808569908870e+02 -6.504510629747392692e+00
6.498128842353820573e+02 -6.504510656583044614e+00
6.498128876137733414e+02 -6.504510683478478050e+00
6.498128909921646255e+02 -6.504510710087929581e+00
6.498128943705557958e+02 -6.504510736869010934e+00
6.498128977489470799e+02 -6.504510763650069194e+00
6.498129011273383639e+02 -6.504510790431079492e+00
6.498129045057296480e+02 -6.504510817212048934e+00
6.498129078841208184e+02 -6.504510843992994396e+00
6.498129112625121024e+02 -6.504510870773897224e+00
6.498129146409033865e+02 -6.504510897554736992e+00
6.498129180192946706e+02 -6.504510924335557220e+00
6.498129213976858409e+02 -6.504510951116340145e+00
6.498129247760770113e+02 -6.504510977897052904e+00
6.498129281544684090e+02 -6.504511004677766550e+00
6.498129315328596931e+02 -6.504511031458400261e+00
6.498129349112508635e+02 -6.504511058239019761e+00
6.498129382896420339e+02 -6.504511085019594852e+00
6.498129416680334316e+02 -6.504511111800125533e+00
6.498129450464247157e+02 -6.504511138580606477e+00
6.498129484248158860e+02 -6.504511165361043901e+00
6.498129518032070564e+02 -6.504511192141451126e+00
6.498129551815984541e+02 -6.504511218921832594e+00
6.498129585599897382e+02 -6.504511245702158995e+00
6.498129619383809086e+02 -6.504511272482444539e+00
6.498129653167720789e+02 -6.504511299262683011e+00
6.498129686951634767e+02 -6.504511326042880626e+00
6.498129720735547608e+02 -6.504511352823053372e+00
6.498129754519459311e+02 -6.504511379603169274e+00
6.498129788303371015e+02 -6.504511406383254091e+00
6.498129822087283856e+02 -6.504511433163301604e+00
6.498129855871197833e+02 -6.504511459943293161e+00
6.498129889655109537e+02 -6.504511486723240310e+00
6.498129923439021240e+02 -6.504511513503168807e+00
6.498129957222934081e+02 -6.504511540283050230e+00
6.498129991006848059e+02 -6.504511567062897903e+00
6.498129991006878754e+02 -6.504511567062913890e+00
6.498129991006910586e+02 -6.504512135860402111e+00
6.498130059630419737e+02 -6.504512225127388803e+00
6.498130094470079712e+02 -6.504512270447460942e+00
6.498130130365485684e+02 -6.504512317140820343e+00
6.498130168372388198e+02 -6.504512366580730287e+00
6.498130210602279249e+02 -6.504512421513916287e+00
