2.833999999999999773e+02 -1.411888898049492092e+01
3.117400000000000091e+02 -1.430377461773578851e+01
3.400799999999999841e+02 -1.449968598259365749e+01
3.684199999999999591e+02 -1.470545755802044319e+01
3.967599999999999341e+02 -1.492191403947968276e+01
4.250999999999999659e+02 -1.514999921941779526e+01
4.534399999999999977e+02 -1.539080091851826282e+01
4.817799999999999727e+02 -1.564554726658651695e+01
5.101199999999998909e+02 -1.591471382733126205e+01
5.384599999999999227e+02 -1.621374184797578977e+01
5.667999999999999545e+02 -1.654681240818536381e+01
5.951399999999998727e+02 -1.693023174455028723e+01
6.234800000000000182e+02 -1.745677426514517805e+01
6.305649999999998272e+02 -1.764616119706218811e+01
6.376499999999999773e+02 -1.788068172130556022e+01
6.447349999999997863e+02 -1.820100029274273012e+01
6.465062499999999091e+02 -1.830710281227539582e+01
6.482774999999998045e+02 -1.843308156729592895e+01
6.487203124999999773e+02 -1.846902277227152922e+01
6.491631249999998090e+02 -1.850734586530376191e+01
6.492184765624998590e+02 -1.851232559687191426e+01
6.492738281249999091e+02 -1.851735076994454943e+01
6.493291796874998454e+02 -1.852242250666396828e+01
6.493845312499998954e+02 -1.852754197583700346e+01
6.494398828124999454e+02 -1.853271039569803946e+01
6.494952343749999955e+02 -1.853792903687957860e+01
6.495505859374999318e+02 -1.854319922562291723e+01
6.496059374999998681e+02 -1.854852234723928461e+01
6.496612890624999181e+02 -1.855389984985676932e+01
6.497166406250000819e+02 -1.855933324847904942e+01
6.497719921875000182e+02 -1.856482412938380122e+01
6.497858300781250591e+02 -1.856620602427766897e+01
6.497996679687499864e+02 -1.856759164206127011e+01
6.498031274414063319e+02 -1.856793863137372114e+01
6.498065869140624500e+02 -1.856828585548303323e+01
6.498100463867186818e+02 -1.856863331481725155e+01
6.498109112548828534e+02 -1.856872021645436277e+01
6.498117761230469114e+02 -1.856880713282706452e+01
6.498119923400878406e+02 -1.856882886422342338e+01
6.498122085571288835e+02 -1.856885059654101156e+01
6.498124247741699264e+02 -1.856887232978020208e+01
6.498126409912110830e+02 -1.856889406394111219e+01
6.498127490997313771e+02 -1.856890493136745590e+01
6.498128031539916947e+02 -1.856891036516685034e+01
6.498128301811218535e+02 -1.856891308208816582e+01
6.498128572082520122e+02 -1.856891579902415756e+01
6.498128707218170348e+02 -1.856891715749754468e+01
6.498128741002083189e+02 -1.856891749711633111e+01
6.498128774785996029e+02 -1.856891783673188456e+01
6.498128808569908870e+02 -1.856891817625479391e+01
6.498128842353820573e+02 -1.856891851401979210e+01
6.498128876137733414e+02 -1.856891884975005880e+01
6.498128909921646255e+02 -1.856891919521373779e+01
6.498128943705557958e+02 -1.856891953483241409e+01
6.498128977489470799e+02 -1.856891987445066761e+01
6.498129011273383639e+02 -1.856892021406807913e+01
6.498129045057296480e+02 -1.856892055368497552e+01
6.498129078841208184e+02 -1.856892089330132123e+01
6.498129112625121024e+02 -1.856892123291684626e+01
6.498129146409033865e+02 -1.856892157253176379e+01
6.498129180192946706e+02 -1.856892191214616261e+01
6.498129213976858409e+02 -1.856892225176002498e+01
6.498129247760770113e+02 -1.856892259137278245e+01
6.498129281544684090e+02 -1.856892293098554347e+01
6.498129315328596931e+02 -1.856892327059698999e+01
6.498129349112508635e+02 -1.856892361020825533e+01
6.498129382896420339e+02 -1.856892394981879946e+01
6.498129416680334316e+02 -1.856892428942867568e+01
6.498129450464247157e+02 -1.856892462903785557e+01
6.498129484248158860e+02 -1.856892496864641728e+01
6.498129518032070564e+02 -1.856892530825431820e+01
6.498129551815984541e+02 -1.856892564786175015e+01
6.498129585599897382e+02 -1.856892598746842538e+01
6.498129619383809086e+02 -1.856892632707451085e+01
6.498129653167720789e+02 -1.856892666667960512e+01
6.498129686951634767e+02 -1.856892700628440096e+01
6.498129720735547608e+02 -1.856892734588871008e+01
6.498129754519459311e+02 -1.856892768549197470e+01
6.498129788303371015e+02 -1.856892802509476326e+01
6.498129822087283856e+02 -1.856892836469709707e+01
6.498129855871197833e+02 -1.856892870429847520e+01
6.498129889655109537e+02 -1.856892904389934884e+01
6.498129923439021240e+02 -1.856892938349972866e+01
6.498129957222934081e+02 -1.856892972309931267e+01
6.498129991006848059e+02 -1.856893006269834956e+01
6.498129991006878754e+02 -1.856893006269848811e+01
6.498129991006910586e+02 -1.856891070663672494e+01
6.498130059630419737e+02 -1.856891020980678064e+01
6.498130094470079712e+02 -1.856890995756991813e+01
6.498130130365485684e+02 -1.856890969769002453e+01
6.498130168372388198e+02 -1.856890942252359622e+01
6.498130210602279249e+02 -1.856890911678323874e+01
