2.833999999999999773e+02 9.383877175385945790e+00
3.117400000000000091e+02 1.003638234964149589e+01
3.400799999999999841e+02 1.074766531882582399e+01
3.684199999999999591e+02 1.151823718084492931e+01
3.967599999999999341e+02 1.234864847970705171e+01
4.250999999999999659e+02 1.323949114952861450e+01
4.534399999999999977e+02 1.419140065634863213e+01
4.817799999999999727e+02 1.520505835869869671e+01
5.101199999999998909e+02 1.628119411093224400e+01
5.384599999999999227e+02 1.742058913684572374e+01
5.667999999999999545e+02 1.862407920529641103e+01
5.951399999999998727e+02 1.989255814439502501e+01
6.234800000000000182e+02 2.122698173665515498e+01
6.252512499999999136e+02 2.131259574066503504e+01
6.256940624999999727e+02 2.133404014158865536e+01
6.258047656249998454e+02 2.133940379916601415e+01
6.258601171875000091e+02 2.134208601160083418e+01
6.258877929687499773e+02 2.134342721373286977e+01
6.259016308593750182e+02 2.134409783877834244e+01
6.259050903320312500e+02 2.134426549719609767e+01
6.259053065490721792e+02 2.134427597624155482e+01
6.259053606033324968e+02 2.134427859591966126e+01
6.259053876304626556e+02 2.134427990575866829e+01
6.259054011440277918e+02 2.134428056067802615e+01
6.259054079008101326e+02 2.134428088813761093e+01
6.259054087454080673e+02 2.134428092907019092e+01
6.259054091677069209e+02 2.134428094953619492e+01
6.259054093788564614e+02 2.134428095976933903e+01
6.259054093792686899e+02 2.134428095978874751e+01
6.259054093796812595e+02 2.134428095982793749e+01
6.259054093798873737e+02 2.134428095983840024e+01
6.259054093799904877e+02 2.134428095983383500e+01
6.259054093800419878e+02 2.134428095983155060e+01
6.259054093800679084e+02 2.134428095983059848e+01
6.259054093800807550e+02 2.134428095983012597e+01
6.259054093800840519e+02 2.134428095982964990e+01
6.259054093800871215e+02 2.134428095982945806e+01
6.259054093800903047e+02 2.134428095982945806e+01
6.259054093800936016e+02 2.134428095982964990e+01
