2.833999999999999773e+02 1.004659739888987380e+00
3.117400000000000091e+02 1.000844683186677742e+00
3.400799999999999841e+02 9.969659142933996465e-01
3.684199999999999591e+02 9.930216217118902344e-01
3.967599999999999341e+02 9.890098867279931705e-01
4.250999999999999659e+02 9.849286749969207166e-01
4.534399999999999977e+02 9.807758272314121006e-01
4.817799999999999727e+02 9.765490488731842778e-01
5.101199999999998909e+02 9.722458986099670186e-01
5.384599999999999227e+02 9.678637755776835494e-01
5.667999999999999545e+02 9.633999050601314007e-01
5.951399999999998727e+02 9.588513224658710143e-01
6.234800000000000182e+02 9.542148553226594832e-01
6.252512499999999136e+02 9.539220817503535343e-01
6.256940624999999727e+02 9.538488325530645184e-01
6.258047656249998454e+02 9.538305167622924685e-01
6.258601171875000091e+02 9.538213583430439346e-01
6.258877929687499773e+02 9.538167790024429937e-01
6.259016308593750182e+02 9.538144892993960511e-01
6.259050903320312500e+02 9.538139168702238768e-01
6.259053065490721792e+02 9.538138810933550760e-01
6.259053606033324968e+02 9.538138721491369321e-01
6.259053876304626556e+02 9.538138676770275826e-01
6.259054011440277918e+02 9.538138654409733519e-01
6.259054079008101326e+02 9.538138643229460145e-01
6.259054087454080673e+02 9.538138641831925835e-01
6.259054091677069209e+02 9.538138641133157014e-01
6.259054093788564614e+02 9.538138640783776490e-01
6.259054093792686899e+02 9.538138640782410915e-01
6.259054093796812595e+02 9.538138640781732569e-01
6.259054093798873737e+02 9.538138640781730349e-01
6.259054093799904877e+02 9.538138640781731459e-01
6.259054093800419878e+02 9.538138640781727018e-01
6.259054093800679084e+02 9.538138640781725908e-01
6.259054093800807550e+02 9.538138640781727018e-01
6.259054093800840519e+02 9.538138640781734789e-01
6.259054093800871215e+02 9.538138640781731459e-01
6.259054093800903047e+02 9.538138640781724797e-01
6.259054093800936016e+02 9.538138640781717026e-01
