2.833999999999999773e+02 -1.648061326383066216e+01
3.117400000000000091e+02 -1.712005777109056481e+01
3.400799999999999841e+02 -1.776675261076396595e+01
3.684199999999999591e+02 -1.842094643184239544e+01
3.967599999999999341e+02 -1.908290112256255711e+01
4.250999999999999659e+02 -1.975289284075732610e+01
4.534399999999999977e+02 -2.043121314910082731e+01
4.817799999999999727e+02 -2.111817026875740311e+01
5.101199999999998909e+02 -2.181409046705447352e+01
5.384599999999999227e+02 -2.251931959731469135e+01
5.667999999999999545e+02 -2.323422481197095735e+01
5.951399999999998727e+02 -2.395919647366878991e+01
6.234800000000000182e+02 -2.469465029336578965e+01
6.252512499999999136e+02 -2.474097416343677480e+01
6.256940624999999727e+02 -2.475256181100095887e+01
6.258047656249998454e+02 -2.475545914087440025e+01
6.258601171875000091e+02 -2.475690786852731051e+01
6.258877929687499773e+02 -2.475763224803429807e+01
6.259016308593750182e+02 -2.475799444170820607e+01
6.259050903320312500e+02 -2.475808499053508882e+01
6.259053065490721792e+02 -2.475809064984214913e+01
6.259053606033324968e+02 -2.475809206466900392e+01
6.259053876304626556e+02 -2.475809277208240644e+01
6.259054011440277918e+02 -2.475809312578919119e+01
6.259054079008101326e+02 -2.475809330264247876e+01
6.259054087454080673e+02 -2.475809332474924673e+01
6.259054091677069209e+02 -2.475809333580249927e+01
6.259054093788564614e+02 -2.475809334132922146e+01
6.259054093792686899e+02 -2.475809334134553907e+01
6.259054093796812595e+02 -2.475809334135635353e+01
6.259054093798873737e+02 -2.475809334135895057e+01
6.259054093799904877e+02 -2.475809334136020823e+01
6.259054093800419878e+02 -2.475809334136096851e+01
6.259054093800679084e+02 -2.475809334136133799e+01
6.259054093800807550e+02 -2.475809334136140194e+01
6.259054093800840519e+02 -2.475809334136146589e+01
6.259054093800871215e+02 -2.475809334136150142e+01
6.259054093800903047e+02 -2.475809334136155471e+01
6.259054093800936016e+02 -2.475809334136167195e+01
