2.833999999999999773e+02 -1.585661130452852596e+01
3.117400000000000091e+02 -1.626793192845517666e+01
3.400799999999999841e+02 -1.669839335732831387e+01
3.684199999999999591e+02 -1.714154848806030884e+01
3.967599999999999341e+02 -1.759842792629660124e+01
4.250999999999999659e+02 -1.807020267977823735e+01
4.534399999999999977e+02 -1.855821292832460401e+01
4.817799999999999727e+02 -1.906412580808479973e+01
5.101199999999998909e+02 -1.959505935998240744e+01
5.384599999999999227e+02 -2.020584618950006472e+01
5.667999999999999545e+02 -2.090167977278121825e+01
5.951399999999998727e+02 -2.168382058824682801e+01
6.234800000000000182e+02 -2.292192901286804485e+01
6.305649999999998272e+02 -2.338799779548622837e+01
6.376499999999999773e+02 -2.396038108980595283e+01
6.447349999999997863e+02 -2.473410834308050710e+01
6.465062499999999091e+02 -2.498844387892367180e+01
6.482774999999998045e+02 -2.528921189210375431e+01
6.487203124999999773e+02 -2.537478314250439126e+01
6.491631249999998090e+02 -2.546591133998394341e+01
6.492184765624998590e+02 -2.547774401806749367e+01
6.492738281249999091e+02 -2.548968267740648130e+01
6.493291796874998454e+02 -2.550172993113445585e+01
6.493845312499998954e+02 -2.551388850100948602e+01
6.494398828124999454e+02 -2.552616122384575448e+01
6.494952343749999955e+02 -2.553855105842606577e+01
6.495505859374999318e+02 -2.555106109297539874e+01
6.496059374999998681e+02 -2.556369455321479478e+01
6.496612890624999181e+02 -2.557645481108277608e+01
6.497166406250000819e+02 -2.558934539418040188e+01
6.497719921875000182e+02 -2.560236999600823893e+01
6.497858300781250591e+02 -2.560564753641070368e+01
6.497996679687499864e+02 -2.560893375624705826e+01
6.498031274414063319e+02 -2.560975667473693562e+01
6.498065869140624500e+02 -2.561058014061883981e+01
6.498100463867186818e+02 -2.561140415488923239e+01
6.498109112548828534e+02 -2.561161024425827648e+01
6.498117761230469114e+02 -2.561181636798068340e+01
6.498119923400878406e+02 -2.561186790428079618e+01
6.498122085571288835e+02 -2.561191944272863807e+01
6.498124247741699264e+02 -2.561197098332501199e+01
6.498126409912110830e+02 -2.561202252607017016e+01
6.498127490997313771e+02 -2.561204829824899321e+01
6.498128031539916947e+02 -2.561206118453963398e+01
6.498128301811218535e+02 -2.561206762773525369e+01
6.498128572082520122e+02 -2.561207407096511091e+01
6.498128707218170348e+02 -2.561207729259264454e+01
6.498128741002083189e+02 -2.561207809800048807e+01
6.498128774785996029e+02 -2.561207890339960258e+01
6.498128808569908870e+02 -2.561207970855051030e+01
6.498128842353820573e+02 -2.561208050899020705e+01
6.498128876137733414e+02 -2.561208130397743332e+01
6.498128909921646255e+02 -2.561208212504808301e+01
6.498128943705557958e+02 -2.561208293045560680e+01
6.498128977489470799e+02 -2.561208373586218912e+01
6.498129011273383639e+02 -2.561208454126670375e+01
6.498129045057296480e+02 -2.561208534666995718e+01
6.498129078841208184e+02 -2.561208615207190320e+01
6.498129112625121024e+02 -2.561208695747178865e+01
6.498129146409033865e+02 -2.561208776287034894e+01
6.498129180192946706e+02 -2.561208856826759117e+01
6.498129213976858409e+02 -2.561208937366349048e+01
6.498129247760770113e+02 -2.561209017905677499e+01
6.498129281544684090e+02 -2.561209098445011989e+01
6.498129315328596931e+02 -2.561209178984025314e+01
6.498129349112508635e+02 -2.561209259522993875e+01
6.498129382896420339e+02 -2.561209340061783024e+01
6.498129416680334316e+02 -2.561209420600421538e+01
6.498129450464247157e+02 -2.561209501138893785e+01
6.498129484248158860e+02 -2.561209581677217173e+01
6.498129518032070564e+02 -2.561209662215373228e+01
6.498129551815984541e+02 -2.561209742753410268e+01
6.498129585599897382e+02 -2.561209823291274290e+01
6.498129619383809086e+02 -2.561209903828998691e+01
6.498129653167720789e+02 -2.561209984366482573e+01
6.498129686951634767e+02 -2.561210064903894690e+01
6.498129720735547608e+02 -2.561210145441185659e+01
6.498129754519459311e+02 -2.561210225978228650e+01
6.498129788303371015e+02 -2.561210306515152624e+01
6.498129822087283856e+02 -2.561210387051969661e+01
6.498129855871197833e+02 -2.561210467588555062e+01
6.498129889655109537e+02 -2.561210548125030684e+01
6.498129923439021240e+02 -2.561210628661378763e+01
6.498129957222934081e+02 -2.561210709197527891e+01
6.498129991006848059e+02 -2.561210789733546989e+01
6.498129991006878754e+02 -2.561210789733581095e+01
6.498129991006910586e+02 -2.561205602673570070e+01
6.498130059630419737e+02 -2.561205448265134166e+01
6.498130094470079712e+02 -2.561205369873166049e+01
6.498130130365485684e+02 -2.561205289105822303e+01
6.498130168372388198e+02 -2.561205203587634571e+01
6.498130210602279249e+02 -2.561205108567465416e+01
