2.833999999999999773e+02 8.416436876161096370e-01
3.117400000000000091e+02 1.959371539165059017e+00
3.400799999999999841e+02 3.599524701959074591e+00
3.684199999999999591e+02 5.286129251537362350e+00
3.967599999999999341e+02 7.022146654103046615e+00
4.250999999999999659e+02 8.810925768496016275e+00
4.534399999999999977e+02 1.065627942105202663e+01
4.817799999999999727e+02 1.256431455539108200e+01
5.101199999999998909e+02 1.460456966989585226e+01
5.384599999999999227e+02 1.751905465817863572e+01
5.667999999999999545e+02 2.112460109645838457e+01
5.951399999999998727e+02 2.505021635101642374e+01
6.234800000000000182e+02 3.290058364195281371e+01
6.305649999999998272e+02 3.591548852096600797e+01
6.376499999999999773e+02 3.948426157542333925e+01
6.447349999999997863e+02 4.408714095915104991e+01
6.465062499999999091e+02 4.554752995028579932e+01
6.482774999999998045e+02 4.724242552162055375e+01
6.487203124999999773e+02 4.771842246399172893e+01
6.491631249999998090e+02 4.822235335241167320e+01
6.492184765624998590e+02 4.828756328214441140e+01
6.492738281249999091e+02 4.835330536993900097e+01
6.493291796874998454e+02 4.841959266726225763e+01
6.493845312499998954e+02 4.848643876743532388e+01
6.494398828124999454e+02 4.855385783770881147e+01
6.494952343749999955e+02 4.862186465371836874e+01
6.495505859374999318e+02 4.869047463675386211e+01
6.496059374999998681e+02 4.875970389390057136e+01
6.496612890624999181e+02 4.882956926152469634e+01
6.497166406250000819e+02 4.890008835235652640e+01
6.497719921875000182e+02 4.897127960652402834e+01
6.497858300781250591e+02 4.898918468975941920e+01
6.497996679687499864e+02 4.900713329719330602e+01
6.498031274414063319e+02 4.901162728649590150e+01
6.498065869140624500e+02 4.901612402065921970e+01
6.498100463867186818e+02 4.902062350465745055e+01
6.498109112548828534e+02 4.902174880589646477e+01
6.498117761230469114e+02 4.902287427939450026e+01
6.498119923400878406e+02 4.902315567469379687e+01
6.498122085571288835e+02 4.902343708076239892e+01
6.498124247741699264e+02 4.902371849760446310e+01
6.498126409912110830e+02 4.902399992522100547e+01
6.498127490997313771e+02 4.902414064307176744e+01
6.498128031539916947e+02 4.902421100300686874e+01
6.498128301811218535e+02 4.902424618322632455e+01
6.498128572082520122e+02 4.902428136361778144e+01
6.498128707218170348e+02 4.902429895387671621e+01
6.498128741002083189e+02 4.902430335144693174e+01
6.498128774785996029e+02 4.902430774902503430e+01
6.498128808569908870e+02 4.902431214674341220e+01
6.498128842353820573e+02 4.902431654707482522e+01
6.498128876137733414e+02 4.902432095042509275e+01
6.498128909921646255e+02 4.902432533933571079e+01
6.498128943705557958e+02 4.902432973690393680e+01
6.498128977489470799e+02 4.902433413446782851e+01
6.498129011273383639e+02 4.902433853202133207e+01
6.498129045057296480e+02 4.902434292956861839e+01
6.498129078841208184e+02 4.902434732710990062e+01
6.498129112625121024e+02 4.902435172464029733e+01
6.498129146409033865e+02 4.902435612216493865e+01
6.498129180192946706e+02 4.902436051968295061e+01
6.498129213976858409e+02 4.902436491719452505e+01
6.498129247760770113e+02 4.902436931469275549e+01
6.498129281544684090e+02 4.902437371219262019e+01
6.498129315328596931e+02 4.902437810967521159e+01
6.498129349112508635e+02 4.902438250715633217e+01
6.498129382896420339e+02 4.902438690462847148e+01
6.498129416680334316e+02 4.902439130209378249e+01
6.498129450464247157e+02 4.902439569955080856e+01
6.498129484248158860e+02 4.902440009700055157e+01
6.498129518032070564e+02 4.902440449444168991e+01
6.498129551815984541e+02 4.902440889187703732e+01
6.498129585599897382e+02 4.902441328930412823e+01
6.498129619383809086e+02 4.902441768672485267e+01
6.498129653167720789e+02 4.902442208413300051e+01
6.498129686951634767e+02 4.902442648153829197e+01
6.498129720735547608e+02 4.902443087893750828e+01
6.498129754519459311e+02 4.902443527632411246e+01
6.498129788303371015e+02 4.902443967370500388e+01
6.498129822087283856e+02 4.902444407108117730e+01
6.498129855871197833e+02 4.902444846844534254e+01
6.498129889655109537e+02 4.902445286580518058e+01
6.498129923439021240e+02 4.902445726315866636e+01
6.498129957222934081e+02 4.902446166050136611e+01
6.498129991006848059e+02 4.902446605783823230e+01
6.498129991006878754e+02 4.902446605783990918e+01
6.498129991006910586e+02 4.902449477730802840e+01
6.498130059630419737e+02 4.902450547004583825e+01
6.498130094470079712e+02 4.902451089866212897e+01
6.498130130365485684e+02 4.902451649177171333e+01
6.498130168372388198e+02 4.902452241387341303e+01
6.498130210602279249e+02 4.902452899398177522e+01
