2.833999999999999773e+02 -1.606504999998529470e+01
3.117400000000000091e+02 -1.666913250408932967e+01
3.400799999999999841e+02 -1.729254182983043364e+01
3.684199999999999591e+02 -1.793310155757615831e+01
3.967599999999999341e+02 -1.859219104995484528e+01
4.250999999999999659e+02 -1.927137539420682444e+01
4.534399999999999977e+02 -1.997244306364471456e+01
4.817799999999999727e+02 -2.069768367304825318e+01
5.101199999999998909e+02 -2.145890297044429573e+01
5.384599999999999227e+02 -2.235362311891767106e+01
5.667999999999999545e+02 -2.338606855288217545e+01
5.951399999999998727e+02 -2.453897801376643883e+01
6.234800000000000182e+02 -2.648111532386272771e+01
6.305649999999998272e+02 -2.722598430994368712e+01
6.376499999999999773e+02 -2.813944037273043719e+01
6.447349999999997863e+02 -2.937198723538122991e+01
6.465062499999999091e+02 -2.977661134289667189e+01
6.482774999999998045e+02 -3.025478369720402583e+01
6.487203124999999773e+02 -3.039076644361216495e+01
6.491631249999998090e+02 -3.053555056769946674e+01
6.492184765624998590e+02 -3.055434809033188159e+01
6.492738281249999091e+02 -3.057331346923667326e+01
6.493291796874998454e+02 -3.059245084293855044e+01
6.493845312499998954e+02 -3.061176452199932640e+01
6.494398828124999454e+02 -3.063125899920463269e+01
6.494952343749999955e+02 -3.065093896051162758e+01
6.495505859374999318e+02 -3.067080929688616564e+01
6.496059374999998681e+02 -3.069087511705791016e+01
6.496612890624999181e+02 -3.071114176133401585e+01
6.497166406250000819e+02 -3.073161481655780847e+01
6.497719921875000182e+02 -3.075230013232276605e+01
6.497858300781250591e+02 -3.075750533890112948e+01
6.497996679687499864e+02 -3.076272429205808834e+01
6.498031274414063319e+02 -3.076403118992129393e+01
6.498065869140624500e+02 -3.076533895474954150e+01
6.498100463867186818e+02 -3.076664758812078659e+01
6.498109112548828534e+02 -3.076697488235685896e+01
6.498117761230469114e+02 -3.076730223100197037e+01
6.498119923400878406e+02 -3.076738407666755748e+01
6.498122085571288835e+02 -3.076746592573476136e+01
6.498124247741699264e+02 -3.076754777820483966e+01
6.498126409912110830e+02 -3.076762963407815121e+01
6.498127490997313771e+02 -3.076767056329165939e+01
6.498128031539916947e+02 -3.076769102821723934e+01
6.498128301811218535e+02 -3.076770126075965095e+01
6.498128572082520122e+02 -3.076771149335624500e+01
6.498128707218170348e+02 -3.076771660967455091e+01
6.498128741002083189e+02 -3.076771788875568348e+01
6.498128774785996029e+02 -3.076771916782427141e+01
6.498128808569908870e+02 -3.076772044653593952e+01
6.498128842353820573e+02 -3.076772171846911164e+01
6.498128876137733414e+02 -3.076772298255747984e+01
6.498128909921646255e+02 -3.076772428417441319e+01
6.498128943705557958e+02 -3.076772556325505903e+01
6.498128977489470799e+02 -3.076772684233430155e+01
6.498129011273383639e+02 -3.076772812141032531e+01
6.498129045057296480e+02 -3.076772940048436666e+01
6.498129078841208184e+02 -3.076773067955642205e+01
6.498129112625121024e+02 -3.076773195862520183e+01
6.498129146409033865e+02 -3.076773323769201696e+01
6.498129180192946706e+02 -3.076773451675673954e+01
6.498129213976858409e+02 -3.076773579581936602e+01
6.498129247760770113e+02 -3.076773707487795662e+01
6.498129281544684090e+02 -3.076773835393671774e+01
6.498129315328596931e+02 -3.076773963299036652e+01
6.498129349112508635e+02 -3.076774091204335093e+01
6.498129382896420339e+02 -3.076774219109355712e+01
6.498129416680334316e+02 -3.076774347014149669e+01
6.498129450464247157e+02 -3.076774474918685343e+01
6.498129484248158860e+02 -3.076774602822986537e+01
6.498129518032070564e+02 -3.076774730727024831e+01
6.498129551815984541e+02 -3.076774858630875542e+01
6.498129585599897382e+02 -3.076774986534467615e+01
6.498129619383809086e+02 -3.076775114437840486e+01
6.498129653167720789e+02 -3.076775242340838190e+01
6.498129686951634767e+02 -3.076775370243729668e+01
6.498129720735547608e+02 -3.076775498146422905e+01
6.498129754519459311e+02 -3.076775626048740619e+01
6.498129788303371015e+02 -3.076775753950866843e+01
6.498129822087283856e+02 -3.076775881852831418e+01
6.498129855871197833e+02 -3.076776009754431485e+01
6.498129889655109537e+02 -3.076776137655873811e+01
6.498129923439021240e+02 -3.076776265557115408e+01
6.498129957222934081e+02 -3.076776393458034775e+01
6.498129991006848059e+02 -3.076776521358761585e+01
6.498129991006878754e+02 -3.076776521358813810e+01
6.498129991006910586e+02 -3.076769058259246847e+01
6.498130059630419737e+02 -3.076768860525638161e+01
6.498130094470079712e+02 -3.076768760137819925e+01
6.498130130365485684e+02 -3.076768656708116367e+01
6.498130168372388198e+02 -3.076768547194539138e+01
6.498130210602279249e+02 -3.076768425512829808e+01
