2.833999999999999773e+02 -1.619032552111550771e+01
3.117400000000000091e+02 -1.668436813382617956e+01
3.400799999999999841e+02 -1.721565630357933330e+01
3.684199999999999591e+02 -1.776184150909065096e+01
3.967599999999999341e+02 -1.832409927024365714e+01
4.250999999999999659e+02 -1.890376376112117640e+01
4.534399999999999977e+02 -1.950236013582518879e+01
4.817799999999999727e+02 -2.012204317337187121e+01
5.101199999999998909e+02 -2.078042245755511175e+01
5.384599999999999227e+02 -2.148741168389759082e+01
5.667999999999999545e+02 -2.225509236048041828e+01
5.951399999999998727e+02 -2.311625343680861278e+01
6.234800000000000182e+02 -2.448578063060527299e+01
6.305649999999998272e+02 -2.500236746453462189e+01
6.376499999999999773e+02 -2.563684423554033032e+01
6.447349999999997863e+02 -2.649463073651345368e+01
6.465062499999999091e+02 -2.677663658122597212e+01
6.482774999999998045e+02 -2.711015563369720383e+01
6.487203124999999773e+02 -2.720505105353985797e+01
6.491631249999998090e+02 -2.730611210493498930e+01
6.492184765624998590e+02 -2.731923477466830619e+01
6.492738281249999091e+02 -2.733247503748948048e+01
6.493291796874998454e+02 -2.734583579321026647e+01
6.493845312499998954e+02 -2.735932006218886414e+01
6.494398828124999454e+02 -2.737293099246728545e+01
6.494952343749999955e+02 -2.738667186744295989e+01
6.495505859374999318e+02 -2.740054611416245223e+01
6.496059374999998681e+02 -2.741455731225957848e+01
6.496612890624999181e+02 -2.742870920363427345e+01
6.497166406250000819e+02 -2.744300570293442476e+01
6.497719921875000182e+02 -2.745745090891670515e+01
6.497858300781250591e+02 -2.746108594467279929e+01
6.497996679687499864e+02 -2.746473061113482217e+01
6.498031274414063319e+02 -2.746564329072597843e+01
6.498065869140624500e+02 -2.746655657770429926e+01
6.498100463867186818e+02 -2.746747047317562362e+01
6.498109112548828534e+02 -2.746769904224894177e+01
6.498117761230469114e+02 -2.746792764944081000e+01
6.498119923400878406e+02 -2.746798480719680313e+01
6.498122085571288835e+02 -2.746804196733589620e+01
6.498124247741699264e+02 -2.746809912985904845e+01
6.498126409912110830e+02 -2.746815629476647658e+01
6.498127490997313771e+02 -2.746818487811480836e+01
6.498128031539916947e+02 -2.746819917001225519e+01
6.498128301811218535e+02 -2.746820631601679352e+01
6.498128572082520122e+02 -2.746821346205931036e+01
6.498128707218170348e+02 -2.746821703509455048e+01
6.498128741002083189e+02 -2.746821792835442366e+01
6.498128774785996029e+02 -2.746821882160465833e+01
6.498128808569908870e+02 -2.746821971458031797e+01
6.498128842353820573e+02 -2.746822060234456586e+01
6.498128876137733414e+02 -2.746822148407742858e+01
6.498128909921646255e+02 -2.746822239466311188e+01
6.498128943705557958e+02 -2.746822328792265111e+01
6.498128977489470799e+02 -2.746822418118109610e+01
6.498129011273383639e+02 -2.746822507443730288e+01
6.498129045057296480e+02 -2.746822596769209923e+01
6.498129078841208184e+02 -2.746822686094542476e+01
6.498129112625121024e+02 -2.746822775419648011e+01
6.498129146409033865e+02 -2.746822864744605397e+01
6.498129180192946706e+02 -2.746822954069417477e+01
6.498129213976858409e+02 -2.746823043394080344e+01
6.498129247760770113e+02 -2.746823132718456151e+01
6.498129281544684090e+02 -2.746823222042831603e+01
6.498129315328596931e+02 -2.746823311366856046e+01
6.498129349112508635e+02 -2.746823400690827555e+01
6.498129382896420339e+02 -2.746823490014602598e+01
6.498129416680334316e+02 -2.746823579338211729e+01
6.498129450464247157e+02 -2.746823668661636120e+01
6.498129484248158860e+02 -2.746823757984889269e+01
6.498129518032070564e+02 -2.746823847307962296e+01
6.498129551815984541e+02 -2.746823936630904583e+01
6.498129585599897382e+02 -2.746824025953653603e+01
6.498129619383809086e+02 -2.746824115276245237e+01
6.498129653167720789e+02 -2.746824204598572194e+01
6.498129686951634767e+02 -2.746824293920819926e+01
6.498129720735547608e+02 -2.746824383242932299e+01
6.498129754519459311e+02 -2.746824472564769692e+01
6.498129788303371015e+02 -2.746824561886476346e+01
6.498129822087283856e+02 -2.746824651208062207e+01
6.498129855871197833e+02 -2.746824740529392272e+01
6.498129889655109537e+02 -2.746824829850599770e+01
6.498129923439021240e+02 -2.746824919171665869e+01
6.498129957222934081e+02 -2.746825008492513476e+01
6.498129991006848059e+02 -2.746825097813215422e+01
6.498129991006878754e+02 -2.746825097813252370e+01
6.498129991006910586e+02 -2.746819360017063616e+01
6.498130059630419737e+02 -2.746819189689150775e+01
6.498130094470079712e+02 -2.746819103214986413e+01
6.498130130365485684e+02 -2.746819014120544367e+01
6.498130168372388198e+02 -2.746818919785448543e+01
6.498130210602279249e+02 -2.746818814968718314e+01
