2.833999999999999773e+02 1.039199613399492961e+00
3.117400000000000091e+02 1.038664465940850601e+00
3.400799999999999841e+02 1.038118986025905244e+00
3.684199999999999591e+02 1.037563022766961440e+00
3.967599999999999341e+02 1.036996414817129120e+00
4.250999999999999659e+02 1.036418989770077959e+00
4.534399999999999977e+02 1.035830563496703549e+00
4.817799999999999727e+02 1.035230939411615259e+00
5.101199999999998909e+02 1.034619907661265215e+00
5.384599999999999227e+02 1.033997244224271306e+00
5.667999999999999545e+02 1.033362709913009603e+00
5.951399999999998727e+02 1.032716049263765701e+00
6.234800000000000182e+02 1.032056989300653260e+00
6.252512499999999136e+02 1.032015379800427013e+00
6.256940624999999727e+02 1.032004969671679540e+00
6.258047656249998454e+02 1.032002366654571013e+00
6.258601171875000091e+02 1.032001065073266277e+00
6.258877929687499773e+02 1.032000414264425237e+00
6.259016308593750182e+02 1.032000088855457243e+00
6.259050903320312500e+02 1.032000007502741790e+00
6.259053065490721792e+02 1.032000002418190787e+00
6.259053606033324968e+02 1.032000001147052703e+00
6.259053876304626556e+02 1.032000000511483551e+00
6.259054011440277918e+02 1.032000000193699307e+00
6.259054079008101326e+02 1.032000000034807075e+00
6.259054087454080673e+02 1.032000000014945629e+00
6.259054091677069209e+02 1.032000000005014684e+00
6.259054093788564614e+02 1.032000000000049322e+00
6.259054093792686899e+02 1.032000000000030004e+00
6.259054093796812595e+02 1.032000000000020457e+00
6.259054093798873737e+02 1.032000000000020457e+00
6.259054093799904877e+02 1.032000000000020457e+00
6.259054093800419878e+02 1.032000000000020234e+00
6.259054093800679084e+02 1.032000000000020234e+00
6.259054093800807550e+02 1.032000000000020234e+00
6.259054093800840519e+02 1.032000000000020012e+00
6.259054093800871215e+02 1.032000000000020234e+00
6.259054093800903047e+02 1.032000000000020234e+00
6.259054093800936016e+02 1.032000000000020234e+00
