2.833999999999999773e+02 -1.616757836125246328e+01
3.117400000000000091e+02 -1.665563491306940591e+01
3.400799999999999841e+02 -1.717807450818116877e+01
3.684199999999999591e+02 -1.771521416582468689e+01
3.967599999999999341e+02 -1.826821888993686116e+01
4.250999999999999659e+02 -1.883841099948822162e+01
4.534399999999999977e+02 -1.942730219149755300e+01
4.817799999999999727e+02 -2.003698664905020621e+01
5.101199999999998909e+02 -2.068339273916213017e+01
5.384599999999999227e+02 -2.138580053208703902e+01
5.667999999999999545e+02 -2.215482683123376617e+01
5.951399999999998727e+02 -2.301750875910232352e+01
6.234800000000000182e+02 -2.438858874418302491e+01
6.305649999999998272e+02 -2.490564864651716093e+01
6.376499999999999773e+02 -2.554069898415974293e+01
6.447349999999997863e+02 -2.639924634521364055e+01
6.465062499999999091e+02 -2.668149841416740742e+01
6.482774999999998045e+02 -2.701530607236059822e+01
6.487203124999999773e+02 -2.711028308858875846e+01
6.491631249999998090e+02 -2.721143078310939956e+01
6.492184765624998590e+02 -2.722456468404667618e+01
6.492738281249999091e+02 -2.723781627421224272e+01
6.493291796874998454e+02 -2.725118845577559057e+01
6.493845312499998954e+02 -2.726468425155054831e+01
6.494398828124999454e+02 -2.727830681213846731e+01
6.494952343749999955e+02 -2.729205942360610138e+01
6.495505859374999318e+02 -2.730594551578595031e+01
6.496059374999998681e+02 -2.731996867122175132e+01
6.496612890624999181e+02 -2.733413263485514832e+01
6.497166406250000819e+02 -2.734844132451603116e+01
6.497719921875000182e+02 -2.736289884229260139e+01
6.497858300781250591e+02 -2.736653697537672159e+01
6.497996679687499864e+02 -2.737018474702990289e+01
6.498031274414063319e+02 -2.737109820415410155e+01
6.498065869140624500e+02 -2.737201226916135610e+01
6.498100463867186818e+02 -2.737292694315841501e+01
6.498109112548828534e+02 -2.737315570694088862e+01
6.498117761230469114e+02 -2.737338450887303765e+01
6.498119923400878406e+02 -2.737344171531896109e+01
6.498122085571288835e+02 -2.737349892414993491e+01
6.498124247741699264e+02 -2.737355613536691123e+01
6.498126409912110830e+02 -2.737361334897012455e+01
6.498127490997313771e+02 -2.737364195666706834e+01
6.498128031539916947e+02 -2.737365626073900771e+01
6.498128301811218535e+02 -2.737366341283082960e+01
6.498128572082520122e+02 -2.737367056496066908e+01
6.498128707218170348e+02 -2.737367414103958296e+01
6.498128741002083189e+02 -2.737367503506038346e+01
6.498128774785996029e+02 -2.737367592907155256e+01
6.498128808569908870e+02 -2.737367682280866532e+01
6.498128842353820573e+02 -2.737367771134417183e+01
6.498128876137733414e+02 -2.737367859385962632e+01
6.498128909921646255e+02 -2.737367950517367277e+01
6.498128943705557958e+02 -2.737368039919412510e+01
6.498128977489470799e+02 -2.737368129321349386e+01
6.498129011273383639e+02 -2.737368218723062441e+01
6.498129045057296480e+02 -2.737368308124634453e+01
6.498129078841208184e+02 -2.737368397526059383e+01
6.498129112625121024e+02 -2.737368486927256939e+01
6.498129146409033865e+02 -2.737368576328307768e+01
6.498129180192946706e+02 -2.737368665729211514e+01
6.498129213976858409e+02 -2.737368755129966758e+01
6.498129247760770113e+02 -2.737368844530434941e+01
6.498129281544684090e+02 -2.737368933930903125e+01
6.498129315328596931e+02 -2.737369023331019946e+01
6.498129349112508635e+02 -2.737369112731083831e+01
6.498129382896420339e+02 -2.737369202130952672e+01
6.498129416680334316e+02 -2.737369291530653470e+01
6.498129450464247157e+02 -2.737369380930169172e+01
6.498129484248158860e+02 -2.737369470329516119e+01
6.498129518032070564e+02 -2.737369559728681878e+01
6.498129551815984541e+02 -2.737369649127716542e+01
6.498129585599897382e+02 -2.737369738526558294e+01
6.498129619383809086e+02 -2.737369827925241950e+01
6.498129653167720789e+02 -2.737369917323662349e+01
6.498129686951634767e+02 -2.737370006722003168e+01
6.498129720735547608e+02 -2.737370096120208629e+01
6.498129754519459311e+02 -2.737370185518138399e+01
6.498129788303371015e+02 -2.737370274915938140e+01
6.498129822087283856e+02 -2.737370364313616378e+01
6.498129855871197833e+02 -2.737370453711039531e+01
6.498129889655109537e+02 -2.737370543108340826e+01
6.498129923439021240e+02 -2.737370632505498946e+01
6.498129957222934081e+02 -2.737370721902439996e+01
6.498129991006848059e+02 -2.737370811299235029e+01
6.498129991006878754e+02 -2.737370811299272688e+01
6.498129991006910586e+02 -2.737365084290028250e+01
6.498130059630419737e+02 -2.737364914777978697e+01
6.498130094470079712e+02 -2.737364828718022736e+01
6.498130130365485684e+02 -2.737364740050339407e+01
6.498130168372388198e+02 -2.737364646167104709e+01
6.498130210602279249e+02 -2.737364541852442201e+01
