2.833999999999999773e+02 -1.181072161373655582e+01
3.117400000000000091e+02 -1.205286272940719172e+01
3.400799999999999841e+02 -1.229850754929946177e+01
3.684199999999999591e+02 -1.254774646416286288e+01
3.967599999999999341e+02 -1.280067467542995630e+01
4.250999999999999659e+02 -1.305739253288901836e+01
4.534399999999999977e+02 -1.331800590530650119e+01
4.817799999999999727e+02 -1.358262658801578660e+01
5.101199999999998909e+02 -1.385137275209287822e+01
5.384599999999999227e+02 -1.412436944045761678e+01
5.667999999999999545e+02 -1.440174911708536776e+01
5.951399999999998727e+02 -1.468365227652486382e+01
6.234800000000000182e+02 -1.497022812212594900e+01
6.252512499999999136e+02 -1.498829782890408424e+01
6.256940624999999727e+02 -1.499281820858843162e+01
6.258047656249998454e+02 -1.499394848824265125e+01
6.258601171875000091e+02 -1.499451365578645223e+01
6.258877929687499773e+02 -1.499479624648803977e+01
6.259016308593750182e+02 -1.499493754357138009e+01
6.259050903320312500e+02 -1.499497286802271212e+01
6.259053065490721792e+02 -1.499497507580327849e+01
6.259053606033324968e+02 -1.499497562774846848e+01
6.259053876304626556e+02 -1.499497590372104483e+01
6.259054011440277918e+02 -1.499497604170738363e+01
6.259054079008101326e+02 -1.499497611070048642e+01
6.259054087454080673e+02 -1.499497611932469177e+01
6.259054091677069209e+02 -1.499497612363671273e+01
6.259054093788564614e+02 -1.499497612579276939e+01
6.259054093792686899e+02 -1.499497612579615335e+01
6.259054093796812595e+02 -1.499497612580038997e+01
6.259054093798873737e+02 -1.499497612580289641e+01
6.259054093799904877e+02 -1.499497612580410255e+01
6.259054093800419878e+02 -1.499497612580480421e+01
6.259054093800679084e+02 -1.499497612580514172e+01
6.259054093800807550e+02 -1.499497612580522699e+01
6.259054093800840519e+02 -1.499497612580536199e+01
6.259054093800871215e+02 -1.499497612580534778e+01
6.259054093800903047e+02 -1.499497612580536376e+01
6.259054093800936016e+02 -1.499497612580541528e+01
