2.833999999999999773e+02 1.070999999999999952e+00
3.117400000000000091e+02 1.070999999999999952e+00
3.400799999999999841e+02 1.070999999999999952e+00
3.684199999999999591e+02 1.070999999999999952e+00
3.967599999999999341e+02 1.070999999999999952e+00
4.250999999999999659e+02 1.070999999999999952e+00
4.534399999999999977e+02 1.070999999999999952e+00
4.817799999999999727e+02 1.070999999999999952e+00
5.101199999999998909e+02 1.070999999999999952e+00
5.384599999999999227e+02 1.062314594928197575e+00
5.667999999999999545e+02 1.049520169744431186e+00
5.951399999999998727e+02 1.035398580748882802e+00
6.234800000000000182e+02 9.954770672854683644e-01
6.305649999999998272e+02 9.790508731372250528e-01
6.376499999999999773e+02 9.595564420149784723e-01
6.447349999999997863e+02 9.343547599720734009e-01
6.465062499999999091e+02 9.263502686486534410e-01
6.482774999999998045e+02 9.170580797955970587e-01
6.487203124999999773e+02 9.144482708194570098e-01
6.491631249999998090e+02 9.116853218477674048e-01
6.492184765624998590e+02 9.113277936172162752e-01
6.492738281249999091e+02 9.109673491541387946e-01
6.493291796874998454e+02 9.106039170758015722e-01
6.493845312499998954e+02 9.102374230375434028e-01
6.494398828124999454e+02 9.098677895574640573e-01
6.494952343749999955e+02 9.094949358281497753e-01
6.495505859374999318e+02 9.091187775129859761e-01
6.496059374999998681e+02 9.087392265268036118e-01
6.496612890624999181e+02 9.083561907982398154e-01
6.497166406250000819e+02 9.079695740124418268e-01
6.497719921875000182e+02 9.075792753321938466e-01
6.497858300781250591e+02 9.074811130944077098e-01
6.497996679687499864e+02 9.073827124593744076e-01
6.498031274414063319e+02 9.073580748498836224e-01
6.498065869140624500e+02 9.073334222060588372e-01
6.498100463867186818e+02 9.073087545006990329e-01
6.498109112548828534e+02 9.073025852178354667e-01
6.498117761230469114e+02 9.072964149914692911e-01
6.498119923400878406e+02 9.072948722874042415e-01
6.498122085571288835e+02 9.072933295243541529e-01
6.498124247741699264e+02 9.072917867022948224e-01
6.498126409912110830e+02 9.072902438212221421e-01
6.498127490997313771e+02 9.072894723585440691e-01
6.498128031539916947e+02 9.072890866216736239e-01
6.498128301811218535e+02 9.072888937518593933e-01
6.498128572082520122e+02 9.072887008811031384e-01
6.498128707218170348e+02 9.072886044453771781e-01
6.498128741002083189e+02 9.072885803364219015e-01
6.498128774785996029e+02 9.072885562277729354e-01
6.498128808569908870e+02 9.072885321276843440e-01
6.498128842353820573e+02 9.072885081901479465e-01
6.498128876137733414e+02 9.072884844407191895e-01
6.498128909921646255e+02 9.072884597914047111e-01
6.498128943705557958e+02 9.072884356824563179e-01
6.498128977489470799e+02 9.072884115735301291e-01
6.498129011273383639e+02 9.072883874646636704e-01
6.498129045057296480e+02 9.072883633558306293e-01
6.498129078841208184e+02 9.072883392470311170e-01
6.498129112625121024e+02 9.072883151382930000e-01
6.498129146409033865e+02 9.072882910295859693e-01
6.498129180192946706e+02 9.072882669209164641e-01
6.498129213976858409e+02 9.072882428122813758e-01
6.498129247760770113e+02 9.072882187037228929e-01
6.498129281544684090e+02 9.072881945951535299e-01
6.498129315328596931e+02 9.072881704866819774e-01
6.498129349112508635e+02 9.072881463782165312e-01
6.498129382896420339e+02 9.072881222698027104e-01
6.498129416680334316e+02 9.072880981614256379e-01
6.498129450464247157e+02 9.072880740530950838e-01
6.498129484248158860e+02 9.072880499448044977e-01
6.498129518032070564e+02 9.072880258365623174e-01
6.498129551815984541e+02 9.072880017283532217e-01
6.498129585599897382e+02 9.072879776201880908e-01
6.498129619383809086e+02 9.072879535120598193e-01
6.498129653167720789e+02 9.072879294040024911e-01
6.498129686951634767e+02 9.072879052959590407e-01
6.498129720735547608e+02 9.072878811879493410e-01
6.498129754519459311e+02 9.072878570800104736e-01
6.498129788303371015e+02 9.072878329721036916e-01
6.498129822087283856e+02 9.072878088642226668e-01
6.498129855871197833e+02 9.072877847564083664e-01
6.498129889655109537e+02 9.072877606486192681e-01
6.498129923439021240e+02 9.072877365408641426e-01
6.498129957222934081e+02 9.072877124331695242e-01
6.498129991006848059e+02 9.072876883255069913e-01
6.498129991006878754e+02 9.072876883254978875e-01
6.498129991006910586e+02 9.072894778865280285e-01
6.498130059630419737e+02 9.072895386284210995e-01
6.498130094470079712e+02 9.072895694665912281e-01
6.498130130365485684e+02 9.072896012391967746e-01
6.498130168372388198e+02 9.072896348807014677e-01
6.498130210602279249e+02 9.072896722601273556e-01
