2.833999999999999773e+02 -1.651688084796684919e+01
3.117400000000000091e+02 -1.703840799304835585e+01
3.400799999999999841e+02 -1.759455977758891976e+01
3.684199999999999591e+02 -1.816556934425209846e+01
3.967599999999999341e+02 -1.875259659167626580e+01
4.250999999999999659e+02 -1.935695668392884983e+01
4.534399999999999977e+02 -1.998015158576335537e+01
4.817799999999999727e+02 -2.062423905053113771e+01
5.101199999999998909e+02 -2.130426253482189480e+01
5.384599999999999227e+02 -2.218315041765363915e+01
5.667999999999999545e+02 -2.324038969482856842e+01
5.951399999999998727e+02 -2.442629017695674420e+01
6.234800000000000182e+02 -2.599714950284705495e+01
6.305649999999998272e+02 -2.655255299118537238e+01
6.376499999999999773e+02 -2.723542127129675094e+01
6.447349999999997863e+02 -2.815990945970016313e+01
6.465062499999999091e+02 -2.846417070605962962e+01
6.482774999999998045e+02 -2.882422225128237159e+01
6.487203124999999773e+02 -2.892670915807785192e+01
6.491631249999998090e+02 -2.903587564078301853e+01
6.492184765624998590e+02 -2.905005236221782283e+01
6.492738281249999091e+02 -2.906435648843541131e+01
6.493291796874998454e+02 -2.907879116233787897e+01
6.493845312499998954e+02 -2.909335965749261277e+01
6.494398828124999454e+02 -2.910806538586941272e+01
6.494952343749999955e+02 -2.912291190615614767e+01
6.495505859374999318e+02 -2.913790293274952958e+01
6.496059374999998681e+02 -2.915304234544367645e+01
6.496612890624999181e+02 -2.916833419992216392e+01
6.497166406250000819e+02 -2.918378273912035326e+01
6.497719921875000182e+02 -2.919939240554062465e+01
6.497858300781250591e+02 -2.920332053895313962e+01
6.497996679687499864e+02 -2.920725910758106991e+01
6.498031274414063319e+02 -2.920824538910416379e+01
6.498065869140624500e+02 -2.920923232875500020e+01
6.498100463867186818e+02 -2.921021992773194143e+01
6.498109112548828534e+02 -2.921046693063516742e+01
6.498117761230469114e+02 -2.921071397484135446e+01
6.498119923400878406e+02 -2.921077574234864471e+01
6.498122085571288835e+02 -2.921083751243817517e+01
6.498124247741699264e+02 -2.921089928511089084e+01
6.498126409912110830e+02 -2.921096106036705820e+01
6.498127490997313771e+02 -2.921099194896449447e+01
6.498128031539916947e+02 -2.921100739350514885e+01
6.498128301811218535e+02 -2.921101511583596277e+01
6.498128572082520122e+02 -2.921102283820789580e+01
6.498128707218170348e+02 -2.921102669940905017e+01
6.498128741002083189e+02 -2.921102766471050316e+01
6.498128774785996029e+02 -2.921102863000134064e+01
6.498128808569908870e+02 -2.921102959499146579e+01
6.498128842353820573e+02 -2.921103055427303019e+01
6.498128876137733414e+02 -2.921103150694797534e+01
6.498128909921646255e+02 -2.921103249122774415e+01
6.498128943705557958e+02 -2.921103345652879923e+01
6.498128977489470799e+02 -2.921103442182868548e+01
6.498129011273383639e+02 -2.921103538712609549e+01
6.498129045057296480e+02 -2.921103635242197427e+01
6.498129078841208184e+02 -2.921103731771627565e+01
6.498129112625121024e+02 -2.921103828300806882e+01
6.498129146409033865e+02 -2.921103924829830234e+01
6.498129180192946706e+02 -2.921104021358691227e+01
6.498129213976858409e+02 -2.921104117887387730e+01
6.498129247760770113e+02 -2.921104214415773725e+01
6.498129281544684090e+02 -2.921104310944165050e+01
6.498129315328596931e+02 -2.921104407472166997e+01
6.498129349112508635e+02 -2.921104504000114233e+01
6.498129382896420339e+02 -2.921104600527844042e+01
6.498129416680334316e+02 -2.921104697055396926e+01
6.498129450464247157e+02 -2.921104793582744819e+01
6.498129484248158860e+02 -2.921104890109916141e+01
6.498129518032070564e+02 -2.921104986636881051e+01
6.498129551815984541e+02 -2.921105083163701721e+01
6.498129585599897382e+02 -2.921105179690317755e+01
6.498129619383809086e+02 -2.921105276216763613e+01
6.498129653167720789e+02 -2.921105372742918505e+01
6.498129686951634767e+02 -2.921105469268988486e+01
6.498129720735547608e+02 -2.921105565794907832e+01
6.498129754519459311e+02 -2.921105662320531948e+01
6.498129788303371015e+02 -2.921105758846009692e+01
6.498129822087283856e+02 -2.921105855371357052e+01
6.498129855871197833e+02 -2.921105951896427300e+01
6.498129889655109537e+02 -2.921106048421365742e+01
6.498129923439021240e+02 -2.921106144946150351e+01
6.498129957222934081e+02 -2.921106241470688047e+01
6.498129991006848059e+02 -2.921106337995073687e+01
6.498129991006878754e+02 -2.921106337995114188e+01
6.498129991006910586e+02 -2.921100052913112677e+01
6.498130059630419737e+02 -2.921099863665856233e+01
6.498130094470079712e+02 -2.921099767586495233e+01
6.498130130365485684e+02 -2.921099668595797283e+01
6.498130168372388198e+02 -2.921099563782338393e+01
6.498130210602279249e+02 -2.921099447322987785e+01
