2.833999999999999773e+02 3.662397239975850027e+01
3.117400000000000091e+02 4.156084653097805415e+01
3.400799999999999841e+02 4.655092050741185972e+01
3.684199999999999591e+02 5.159501615989408663e+01
3.967599999999999341e+02 5.669399177164086723e+01
4.250999999999999659e+02 6.184874418501483007e+01
4.534399999999999977e+02 6.706021109094098165e+01
4.817799999999999727e+02 7.232937352094180028e+01
5.101199999999998909e+02 7.765725856453505571e+01
5.384599999999999227e+02 8.304494233804678061e+01
5.667999999999999545e+02 8.849355323471452550e+01
5.951399999999998727e+02 9.400427549051522647e+01
6.234800000000000182e+02 9.957835310551897123e+01
6.252512499999999136e+02 9.992886605424899926e+01
6.256940624999999727e+02 1.000165337938018695e+02
6.258047656249998454e+02 1.000384531989892594e+02
6.258601171875000091e+02 1.000494132721832159e+02
6.258877929687499773e+02 1.000548934014343843e+02
6.259016308593750182e+02 1.000576334892244574e+02
6.259050903320312500e+02 1.000583185133722139e+02
6.259053065490721792e+02 1.000583613276384227e+02
6.259053606033324968e+02 1.000583720311536808e+02
6.259053876304626556e+02 1.000583773829109333e+02
6.259054011440277918e+02 1.000583800587893961e+02
6.259054079008101326e+02 1.000583813967288336e+02
6.259054087454080673e+02 1.000583815639712668e+02
6.259054091677069209e+02 1.000583816475924266e+02
6.259054093788564614e+02 1.000583816894029496e+02
6.259054093792686899e+02 1.000583816894752545e+02
6.259054093796812595e+02 1.000583816896020437e+02
6.259054093798873737e+02 1.000583816896476037e+02
6.259054093799904877e+02 1.000583816896478879e+02
6.259054093800419878e+02 1.000583816896477458e+02
6.259054093800679084e+02 1.000583816896481437e+02
6.259054093800807550e+02 1.000583816896481153e+02
6.259054093800840519e+02 1.000583816896473479e+02
6.259054093800871215e+02 1.000583816896470069e+02
6.259054093800903047e+02 1.000583816896476606e+02
6.259054093800936016e+02 1.000583816896479732e+02
