2.833999999999999773e+02 -1.107194817493764560e+01
3.117400000000000091e+02 -1.134046668526464252e+01
3.400799999999999841e+02 -1.159794747812075677e+01
3.684199999999999591e+02 -1.186357437201541387e+01
3.967599999999999341e+02 -1.213803416047464445e+01
4.250999999999999659e+02 -1.242211087179088480e+01
4.534399999999999977e+02 -1.271670617728152308e+01
4.817799999999999727e+02 -1.302279894337870125e+01
5.101199999999998909e+02 -1.333958192205489723e+01
5.384599999999999227e+02 -1.367113648396655989e+01
5.667999999999999545e+02 -1.402936631290716107e+01
5.951399999999998727e+02 -1.442756748597624927e+01
6.234800000000000182e+02 -1.492058358721944344e+01
6.305649999999998272e+02 -1.508485833594629000e+01
6.376499999999999773e+02 -1.528196517687866063e+01
6.447349999999997863e+02 -1.554050958928850257e+01
6.465062499999999091e+02 -1.562356279053338248e+01
6.482774999999998045e+02 -1.572056770511251500e+01
6.487203124999999773e+02 -1.574792894720229341e+01
6.491631249999998090e+02 -1.577695209602528514e+01
6.492184765624998590e+02 -1.578071197897691746e+01
6.492738281249999091e+02 -1.578450352117778976e+01
6.493291796874998454e+02 -1.578832749893195952e+01
6.493845312499998954e+02 -1.579218472076586011e+01
6.494398828124999454e+02 -1.579607602933430321e+01
6.494952343749999955e+02 -1.580000230347008205e+01
6.495505859374999318e+02 -1.580396446039892844e+01
6.496059374999998681e+02 -1.580796345812722414e+01
6.496612890624999181e+02 -1.581200029802680085e+01
6.497166406250000819e+02 -1.581607602763472187e+01
6.497719921875000182e+02 -1.582019174368735648e+01
6.497858300781250591e+02 -1.582122705405482677e+01
6.497996679687499864e+02 -1.582226495361940444e+01
6.498031274414063319e+02 -1.582252483526057674e+01
6.498065869140624500e+02 -1.582278488018952878e+01
6.498100463867186818e+02 -1.582304508870210746e+01
6.498109112548828534e+02 -1.582311016642454682e+01
6.498117761230469114e+02 -1.582317525439447436e+01
6.498119923400878406e+02 -1.582319152798864259e+01
6.498122085571288835e+02 -1.582320780222347167e+01
6.498124247741699264e+02 -1.582322407709919787e+01
6.498126409912110830e+02 -1.582324035261590467e+01
6.498127490997313771e+02 -1.582324849061478389e+01
6.498128031539916947e+02 -1.582325255967420397e+01
6.498128301811218535e+02 -1.582325459421893754e+01
6.498128572082520122e+02 -1.582325662877386563e+01
6.498128707218170348e+02 -1.582325764605509555e+01
6.498128741002083189e+02 -1.582325790037572411e+01
6.498128774785996029e+02 -1.582325815469457453e+01
6.498128808569908870e+02 -1.582325840896218949e+01
6.498128842353820573e+02 -1.582325866225669841e+01
6.498128876137733414e+02 -1.582325891442483545e+01
6.498128909921646255e+02 -1.582325917198121168e+01
6.498128943705557958e+02 -1.582325942630175142e+01
6.498128977489470799e+02 -1.582325968062204602e+01
6.498129011273383639e+02 -1.582325993494176508e+01
6.498129045057296480e+02 -1.582326018926113775e+01
6.498129078841208184e+02 -1.582326044358015338e+01
6.498129112625121024e+02 -1.582326069789861656e+01
6.498129146409033865e+02 -1.582326095221667472e+01
6.498129180192946706e+02 -1.582326120653438650e+01
6.498129213976858409e+02 -1.582326146085172702e+01
6.498129247760770113e+02 -1.582326171516832503e+01
6.498129281544684090e+02 -1.582326196948495678e+01
6.498129315328596931e+02 -1.582326222380068081e+01
6.498129349112508635e+02 -1.582326247811630004e+01
6.498129382896420339e+02 -1.582326273243142900e+01
6.498129416680334316e+02 -1.582326298674612097e+01
6.498129450464247157e+02 -1.582326324106034576e+01
6.498129484248158860e+02 -1.582326349537414956e+01
6.498129518032070564e+02 -1.582326374968751459e+01
6.498129551815984541e+02 -1.582326400400055988e+01
6.498129585599897382e+02 -1.582326425831310779e+01
6.498129619383809086e+02 -1.582326451262527200e+01
6.498129653167720789e+02 -1.582326476693677542e+01
6.498129686951634767e+02 -1.582326502124805323e+01
6.498129720735547608e+02 -1.582326527555901308e+01
6.498129754519459311e+02 -1.582326552986928370e+01
6.498129788303371015e+02 -1.582326578417922569e+01
6.498129822087283856e+02 -1.582326603848888169e+01
6.498129855871197833e+02 -1.582326629279787511e+01
6.498129889655109537e+02 -1.582326654710655411e+01
6.498129923439021240e+02 -1.582326680141490272e+01
6.498129957222934081e+02 -1.582326705572269177e+01
6.498129991006848059e+02 -1.582326731003013975e+01
6.498129991006878754e+02 -1.582326731003026055e+01
6.498129991006910586e+02 -1.582325659497169035e+01
6.498130059630419737e+02 -1.582325645463687103e+01
6.498130094470079712e+02 -1.582325638338985208e+01
6.498130130365485684e+02 -1.582325630998404620e+01
6.498130168372388198e+02 -1.582325623226039824e+01
6.498130210602279249e+02 -1.582325614590079077e+01
