2.833999999999999773e+02 1.010826199716760687e+00
3.117400000000000091e+02 1.010300405867922136e+00
3.400799999999999841e+02 1.009755312487061296e+00
3.684199999999999591e+02 1.009190578601233179e+00
3.967599999999999341e+02 1.008605842006588649e+00
4.250999999999999659e+02 1.008000717937490354e+00
4.534399999999999977e+02 1.007374797599166483e+00
4.817799999999999727e+02 1.006727646547830313e+00
5.101199999999998909e+02 1.006058802899733040e+00
5.384599999999999227e+02 1.005367775347729253e+00
5.667999999999999545e+02 1.004654040960506700e+00
5.951399999999998727e+02 1.003917042735550602e+00
6.234800000000000182e+02 1.003156186872059985e+00
6.252512499999999136e+02 1.003107826992050144e+00
6.256940624999999727e+02 1.003095722057196548e+00
6.258047656249998454e+02 1.003092694887494973e+00
6.258601171875000091e+02 1.003091181162218959e+00
6.258877929687499773e+02 1.003090424264472702e+00
6.259016308593750182e+02 1.003090045806821706e+00
6.259050903320312500e+02 1.003089951191495022e+00
6.259053065490721792e+02 1.003089945278024864e+00
6.259053606033324968e+02 1.003089943799657213e+00
6.259053876304626556e+02 1.003089943060473166e+00
6.259054011440277918e+02 1.003089942690881253e+00
6.259054079008101326e+02 1.003089942506085519e+00
6.259054087454080673e+02 1.003089942482985775e+00
6.259054091677069209e+02 1.003089942471436125e+00
6.259054093788564614e+02 1.003089942465661188e+00
6.259054093792686899e+02 1.003089942465642093e+00
6.259054093796812595e+02 1.003089942465630546e+00
6.259054093798873737e+02 1.003089942465628992e+00
6.259054093799904877e+02 1.003089942465628326e+00
6.259054093800419878e+02 1.003089942465627660e+00
6.259054093800679084e+02 1.003089942465627438e+00
6.259054093800807550e+02 1.003089942465627438e+00
6.259054093800840519e+02 1.003089942465627438e+00
6.259054093800871215e+02 1.003089942465627660e+00
6.259054093800903047e+02 1.003089942465627660e+00
6.259054093800936016e+02 1.003089942465627216e+00
