CASO;pATIVA;pREATIVA;dATIVA;dREATIVA
1;18966.8;-6255.1;18340.2;-449.6
2;15208.7;-6469.0;14609.8;-656.7
3;15345.3;-6532.4;14748.0;-643.7
4;14450.6;-5948.7;13839.1;-695.1
5;17680.9;-6727.1;17077.1;-519.6
6;12476.5;-3312.9;11792.3;-803.8
7;19172.8;-6155.3;18541.4;-441.6
8;14964.9;-6316.7;14362.6;-667.7
9;16759.6;-6866.3;16165.3;-568.7
10;15808.5;-6714.5;15214.4;-620.7
11;18692.0;-6402.0;18072.0;-467.6
12;12858.2;-4009.4;12193.6;-785.4
13;15685.9;-6675.4;15091.3;-627.7
14;15584.6;-6636.3;14989.2;-633.7
15;18130.5;-6590.1;17520.5;-495.6
16;14410.2;-5913.0;13798.1;-694.1
17;15934.1;-6753.2;15340.5;-614.7
18;14772.8;-6192.1;14167.4;-676.8
19;16295.7;-6836.3;15702.8;-598.7
20;17197.7;-6823.9;16599.7;-539.6
21;14408.3;-5911.0;13796.1;-694.1
22;18151.9;-6583.2;17541.5;-493.6
23;17738.7;-6711.4;17134.1;-516.6
24;17064.2;-6852.6;16467.5;-554.7
25;17737.7;-6711.7;17133.1;-516.6
26;15089.3;-6391.0;14488.7;-655.7
27;16021.8;-6777.0;15428.6;-609.7
28;14674.3;-6122.8;14067.3;-680.9
29;15778.5;-6703.0;15184.4;-619.7
30;17112.7;-6843.5;16515.6;-550.7
31;15076.4;-6385.9;14475.7;-657.7
32;15564.7;-6628.4;14969.2;-633.7
33;15083.4;-6391.3;14482.7;-658.7
34;14823.0;-6226.1;14218.5;-672.7
35;15112.0;-6405.0;14511.8;-653.7
36;16202.8;-6802.4;15609.8;-589.7
37;14383.9;-5892.1;13771.1;-697.1
38;16616.8;-6868.2;16023.1;-581.7
39;19029.0;-6236.8;18401.3;-449.6
40;17469.0;-6782.3;16867.9;-530.6
41;15905.2;-6739.2;15311.5;-611.7
42;14756.0;-6182.1;14150.4;-677.8
43;14985.7;-6328.8;14383.6;-666.7
44;19086.3;-6207.2;18457.3;-446.6
45;16308.8;-6838.8;15715.8;-598.7
46;15170.0;-6443.5;14570.8;-653.7
47;16543.5;-6857.6;15950.1;-580.7
48;19785.8;-5742.7;19136.0;-412.6
49;16426.1;-6848.6;15833.0;-587.7
50;17257.3;-6822.1;16658.7;-540.6
51;16726.4;-6864.6;16132.2;-569.7
52;15638.3;-6657.4;15043.2;-630.7
53;14338.8;-5853.8;13725.0;-700.2
54;15642.2;-6658.7;15047.2;-629.7
55;15875.2;-6730.8;15281.5;-612.7
56;17206.8;-6823.2;16608.7;-539.6
57;17632.2;-6740.2;17029.0;-522.6
58;17789.4;-6697.0;17184.2;-514.6
59;16702.4;-6863.8;16108.2;-571.7
60;17715.3;-6721.3;17111.1;-519.6
61;14970.8;-6320.1;14368.6;-667.7
62;18334.0;-6528.5;17720.7;-484.6
63;17086.4;-6845.1;16489.6;-549.7
64;15729.7;-6691.3;15135.3;-626.7
65;17039.0;-6853.9;16442.5;-556.7
66;16097.0;-6786.5;15503.7;-601.7
67;18128.5;-6589.4;17518.5;-494.6
68;18792.1;-6359.5;18170.1;-462.6
69;19932.9;-5622.9;19278.1;-402.6
70;13922.3;-5445.3;13297.6;-722.5
71;13848.5;-5363.9;13221.6;-728.6
72;15385.2;-6544.2;14788.0;-643.7
73;16487.3;-6855.2;15894.0;-585.7
74;17694.1;-6724.3;17090.1;-519.6
75;16755.6;-6864.5;16161.3;-567.7
76;12918.4;-4107.8;12256.7;-781.4
77;15714.9;-6687.2;15120.3;-628.7
78;17615.1;-6741.6;17012.0;-521.6
79;16610.8;-6868.0;16017.1;-581.7
80;17503.4;-6773.6;16901.9;-528.6
81;15857.3;-6725.3;15263.4;-613.7
82;15891.3;-6735.8;15297.5;-613.7
83;16534.5;-6855.1;15941.1;-579.7
84;16911.8;-6861.4;16316.4;-560.7
85;16552.7;-6854.0;15959.1;-577.7
86;16425.1;-6848.8;15832.0;-587.7
87;15112.0;-6405.0;14511.8;-653.7
88;16854.4;-6862.5;16259.3;-562.7
89;16429.1;-6849.6;15836.0;-587.7
90;18124.5;-6588.7;17514.5;-492.6
91;18245.3;-6559.9;17633.6;-489.6
92;16532.6;-6854.2;15939.1;-579.7
93;15603.5;-6645.3;15008.2;-633.7
94;15168.1;-6441.7;14568.8;-653.7
95;16932.0;-6856.8;16336.4;-556.7
96;16348.9;-6840.4;15755.9;-593.7
97;15653.2;-6657.6;15058.2;-625.7
98;16297.7;-6836.5;15704.8;-598.7
99;15198.9;-6459.9;14599.8;-654.7
100;17398.1;-6798.2;16797.8;-534.6
101;15481.4;-6592.1;14885.1;-637.7
102;18287.1;-6543.6;17674.6;-487.6
103;16896.6;-6862.2;16301.4;-560.7
104;17216.8;-6825.9;16618.7;-541.6
105;14416.2;-5916.6;13804.1;-693.1
106;16510.4;-6853.2;15917.0;-580.7
107;17468.0;-6781.8;16866.9;-529.6
108;14646.9;-6101.3;14039.3;-681.9
109;15781.5;-6705.5;15187.4;-620.7
110;16281.7;-6833.1;15688.8;-598.7
111;13961.3;-5490.3;13337.7;-722.5
112;16755.6;-6864.5;16161.3;-567.7
113;17644.4;-6733.9;17041.1;-519.6
114;14800.3;-6211.8;14195.5;-674.8
115;16810.1;-6863.4;16215.3;-565.7
116;14064.4;-5597.2;13443.8;-716.4
117;16155.8;-6799.6;15562.7;-597.7
118;13569.0;-5034.0;12933.3;-740.8
119;18113.3;-6594.3;17503.5;-495.6
120;16911.8;-6861.4;16316.4;-560.7
121;16183.9;-6804.0;15590.7;-595.7
122;14939.3;-6304.6;14336.6;-668.7
123;18368.3;-6524.1;17754.7;-481.6
124;19556.2;-5907.0;18913.8;-419.6
125;13180.4;-4507.6;12529.9;-763.1
126;18301.4;-6534.6;17688.7;-483.6
127;18968.8;-6251.2;18342.2;-447.6
128;16790.9;-6867.1;16196.3;-568.7
129;14243.1;-5764.6;13626.9;-704.2
130;17677.9;-6729.7;17074.1;-521.6
131;15920.1;-6747.3;15326.5;-613.7
132;15220.7;-6470.7;14621.9;-653.7
133;14194.1;-5722.4;13576.9;-708.3
134;17148.0;-6836.2;16550.6;-545.7
135;17557.2;-6760.8;16955.0;-526.6
136;15191.9;-6455.2;14592.8;-653.7
137;17098.6;-6847.0;16501.6;-552.7
138;14334.8;-5850.7;13721.0;-700.2
139;17571.4;-6757.7;16969.0;-527.6
140;16299.7;-6836.4;15706.8;-597.7
141;15912.1;-6743.6;15318.5;-612.7
142;16051.9;-6782.8;15458.6;-608.7
143;17680.9;-6727.1;17077.1;-519.6
144;17484.2;-6777.0;16882.9;-527.6
145;17110.6;-6846.7;16513.6;-552.7
146;16454.4;-6843.7;15861.0;-581.7
147;16351.0;-6841.9;15757.9;-594.7
148;17258.3;-6824.2;16659.7;-542.6
149;16612.8;-6865.1;16019.1;-579.7
150;17369.6;-6804.4;16769.8;-536.6
151;15707.9;-6680.8;15113.3;-625.7
152;12263.8;-2875.0;11567.1;-814.9
153;17974.9;-6647.3;17367.3;-504.6
154;19935.0;-5620.1;19280.1;-401.6
155;16963.4;-6855.3;16367.4;-556.7
156;16054.9;-6783.1;15461.6;-607.7
157;15994.9;-6768.6;15401.6;-609.7
158;16028.9;-6777.9;15435.6;-609.7
159;16252.7;-6834.6;15659.8;-605.7
160;14373.1;-5882.0;13760.1;-697.1
161;15362.3;-6540.8;14765.0;-644.7
162;14576.0;-6051.3;13967.3;-689.0
163;16637.0;-6862.3;16043.1;-575.7
164;15731.7;-6693.7;15137.3;-627.7
165;17056.0;-6852.7;16459.5;-553.7
166;15930.1;-6752.1;15336.5;-614.7
167;17883.8;-6669.3;17277.3;-508.6
168;16579.7;-6859.4;15986.1;-578.7
169;19942.1;-5617.5;19287.1;-402.6
170;13118.8;-4419.6;12465.9;-768.2
171;15154.3;-6432.9;14554.8;-653.7
172;17738.7;-6711.4;17134.1;-516.6
173;20528.6;-5076.3;19850.6;-374.5
174;15810.5;-6715.6;15216.4;-620.7
175;16297.7;-6836.5;15704.8;-598.7
176;15849.3;-6723.8;15255.4;-614.7
177;18468.3;-6493.9;17852.8;-480.6
178;15744.8;-6695.3;15150.3;-625.7
179;17364.6;-6804.6;16764.8;-536.6
180;15692.0;-6678.0;15097.3;-628.7
181;14126.8;-5657.6;13507.8;-712.3
182;16751.6;-6864.8;16157.2;-568.7
183;17064.2;-6852.6;16467.5;-554.7
184;18401.0;-6515.6;17786.7;-482.6
185;16037.9;-6777.1;15444.6;-607.7
186;15200.9;-6460.7;14601.8;-654.7
187;17166.3;-6836.0;16568.6;-546.6
188;16621.8;-6869.3;16028.1;-581.7
189;16695.3;-6864.7;16101.2;-571.7
190;16098.9;-6787.3;15505.7;-601.7
191;18175.4;-6575.8;17564.5;-493.6
192;16844.3;-6861.5;16249.3;-562.7
193;19447.6;-5989.3;18808.7;-430.6
194;18095.0;-6604.2;17485.5;-500.6
195;17330.3;-6817.8;16730.8;-545.6
196;13553.6;-5017.9;12917.3;-744.8
197;17233.0;-6828.1;16634.7;-543.6
198;16926.9;-6859.4;16331.4;-558.7
199;17584.6;-6752.3;16982.0;-524.6
200;17982.1;-6647.4;17374.4;-507.6
201;15558.7;-6624.9;14963.2;-632.7
202;17608.9;-6745.0;17006.0;-522.6
203;15289.0;-6505.6;14690.9;-649.7
204;19531.5;-5923.9;18889.7;-421.6
205;14029.6;-5548.4;13407.7;-716.4
206;13337.1;-4737.1;12693.1;-758.0
207;13513.0;-4967.6;12875.3;-747.9
208;14750.1;-6178.3;14144.4;-678.8
209;14380.0;-5888.4;13767.1;-697.1
210;19535.7;-5915.0;18893.7;-417.6
211;15680.0;-6671.3;15085.3;-626.7
212;14013.8;-5540.0;13391.7;-715.4
213;18101.1;-6602.2;17491.5;-499.6
214;15251.4;-6488.8;14652.9;-654.7
215;14183.6;-5708.7;13565.9;-708.3
216;17694.1;-6724.3;17090.1;-519.6
217;17269.6;-6821.6;16670.7;-542.6
218;15497.3;-6597.4;14901.1;-636.7
219;18599.1;-6436.8;17980.9;-469.6
220;16438.1;-6845.8;15845.0;-583.7
221;18955.4;-6263.0;18329.2;-451.6
222;17064.2;-6852.6;16467.5;-554.7
223;18858.8;-6325.7;18235.1;-463.6
224;16412.0;-6851.0;15818.9;-590.7
225;14211.8;-5736.5;13594.9;-706.3
226;20391.8;-5208.4;19719.5;-377.6
227;15319.7;-6521.8;14721.9;-648.7
228;15893.3;-6737.5;15299.5;-614.7
229;15065.4;-6380.3;14464.7;-657.7
230;15885.4;-6733.3;15291.5;-613.7
231;16625.9;-6868.6;16032.1;-581.7
232;16554.7;-6853.0;15961.1;-576.7
233;17331.3;-6817.5;16731.8;-545.6
234;19253.2;-6107.2;18619.5;-438.6
235;16023.8;-6777.3;15430.6;-609.7
236;14189.4;-5716.7;13571.9;-709.3
237;14268.5;-5787.2;13653.0;-702.2
238;15120.8;-6410.7;14520.8;-653.7
239;13474.4;-4914.7;12835.2;-747.9
240;17610.0;-6741.2;17007.0;-520.6
241;15395.1;-6550.1;14798.0;-644.7
242;15707.0;-6680.3;15112.3;-625.7
243;16218.8;-6805.2;15625.8;-588.7
244;13921.3;-5443.7;13296.6;-722.5
245;14799.3;-6209.7;14194.5;-673.8
246;17355.5;-6811.5;16755.8;-541.6
247;17258.3;-6824.2;16659.7;-542.6
248;15485.3;-6593.0;14889.1;-636.7
249;19287.1;-6083.0;18652.5;-433.6
250;14072.3;-5606.2;13451.8;-717.4
251;15651.2;-6655.8;15056.2;-624.7
252;15838.4;-6720.9;15244.4;-615.7
253;11709.7;-1516.6;10973.5;-846.8
254;19504.6;-5950.2;18863.7;-429.6
255;16837.2;-6859.5;16242.3;-560.7
256;14497.6;-5983.3;13887.2;-689.0
257;19705.8;-5801.9;19058.9;-412.6
258;17204.8;-6823.7;16606.7;-539.6
259;16942.2;-6858.9;16346.4;-559.7
260;15217.7;-6470.8;14618.8;-654.7
261;16402.9;-6847.8;15809.9;-589.7
262;13711.5;-5209.6;13080.5;-734.7
263;17559.2;-6758.0;16957.0;-524.6
264;15604.6;-6646.5;15009.2;-634.7
265;16447.2;-6844.6;15854.0;-582.7
266;18251.5;-6560.7;17639.6;-491.6
267;16700.4;-6864.0;16106.2;-571.7
268;16659.1;-6864.4;16065.2;-575.7
269;16686.2;-6865.3;16092.2;-572.7
270;15006.4;-6337.7;14404.7;-661.7
271;17629.3;-6739.9;17026.0;-522.6
272;18828.2;-6337.6;18205.1;-463.6
273;17502.4;-6774.1;16900.9;-528.6
274;17714.3;-6720.9;17110.1;-519.6
275;14772.8;-6192.1;14167.4;-676.8
276;14788.4;-6207.5;14183.5;-677.8
277;13851.3;-5368.3;13224.6;-728.6
278;18296.2;-6537.5;17683.6;-483.6
279;15798.6;-6709.1;15204.4;-619.7
280;18585.6;-6444.8;17967.9;-470.6
281;14929.3;-6300.2;14326.6;-668.7
282;15494.3;-6596.6;14898.1;-636.7
283;16380.0;-6839.7;15786.9;-588.7
284;17772.1;-6701.4;17167.2;-514.6
285;16323.9;-6837.5;15730.9;-595.7
286;16575.7;-6859.3;15982.1;-579.7
287;16249.7;-6834.4;15656.8;-605.7
288;16519.4;-6857.3;15926.0;-582.7
289;14384.9;-5894.2;13772.1;-698.1
290;16360.0;-6844.9;15766.9;-595.7
291;15912.1;-6743.6;15318.5;-612.7
292;16128.8;-6798.0;15535.7;-602.7
293;17047.0;-6853.5;16450.5;-555.7
294;15094.2;-6396.3;14493.7;-656.7
295;16080.8;-6783.8;15487.6;-601.7
296;15729.7;-6692.3;15135.3;-627.7
297;16922.9;-6858.4;16327.4;-558.7
298;17545.0;-6765.2;16943.0;-527.6
299;14643.0;-6097.2;14035.3;-681.9
300;17204.8;-6823.7;16606.7;-539.6
301;19723.6;-5779.2;19075.9;-406.6
302;13803.8;-5311.4;13175.5;-728.6
303;14849.6;-6246.5;14245.5;-673.7
304;14768.8;-6191.0;14163.4;-677.8
305;15760.7;-6700.1;15166.3;-623.7
306;18963.6;-6257.9;18337.2;-450.6
307;16243.7;-6833.0;15650.8;-605.7
308;15073.4;-6385.8;14472.7;-658.7
309;17266.4;-6824.2;16667.7;-543.6
310;15225.6;-6472.6;14626.9;-652.7
311;18114.3;-6595.7;17504.5;-496.6
312;16733.6;-6858.9;16139.2;-565.7
313;18566.2;-6454.3;17948.9;-473.6
314;15129.6;-6414.3;14529.8;-650.7
315;21408.2;-4020.3;20686.4;-326.5
316;17610.0;-6741.3;17007.0;-520.6
317;17320.1;-6818.6;16720.8;-544.6
318;16137.8;-6796.7;15544.7;-599.7
319;15019.1;-6350.1;14417.7;-658.7
320;14788.4;-6207.5;14183.5;-677.8
321;15996.8;-6769.5;15403.6;-609.7
322;14903.7;-6282.5;14300.6;-669.7
323;16696.3;-6864.4;16102.2;-571.7
324;14856.5;-6252.6;14252.5;-674.7
325;17265.4;-6823.4;16666.7;-542.6
326;17831.0;-6688.3;17225.2;-514.6
327;15049.7;-6372.0;14448.7;-659.7
328;18232.0;-6564.1;17620.6;-490.6
329;15827.4;-6715.5;15233.4;-614.7
330;18165.2;-6577.6;17554.5;-492.6
331;16956.2;-6856.9;16360.4;-557.7
332;18113.3;-6595.5;17503.5;-496.6
333;14576.0;-6051.3;13967.3;-689.0
334;16041.9;-6778.2;15448.6;-607.7
335;18670.7;-6407.9;18051.0;-466.6
336;15200.9;-6460.7;14601.8;-654.7
337;12896.4;-4069.7;12233.7;-781.4
338;13043.9;-4301.2;12387.8;-768.3
339;12151.8;-2627.9;11448.0;-820.8
340;12773.3;-3860.6;12104.6;-788.5
341;15539.9;-6620.3;14944.1;-636.7
342;18379.6;-6523.8;17765.7;-483.6
343;15486.3;-6593.2;14890.1;-636.7
344;16764.7;-6864.7;16170.3;-567.7
345;16037.9;-6777.1;15444.6;-607.7
346;16236.7;-6832.9;15643.8;-607.7
347;15944.0;-6757.2;15350.5;-614.7
348;15930.1;-6752.1;15336.5;-614.7
349;16996.6;-6855.4;16400.5;-556.7
350;14285.0;-5803.3;13670.0;-701.2
351;17923.3;-6659.3;17316.3;-506.6
352;17770.1;-6701.9;17165.2;-514.6
353;15898.2;-6740.4;15304.5;-614.7
354;17575.4;-6755.7;16973.0;-525.6
355;15064.5;-6379.1;14463.7;-657.7
356;15332.6;-6525.9;14735.0;-645.7
357;16483.4;-6854.1;15890.0;-585.7
358;15907.1;-6741.2;15313.5;-612.7
359;15478.4;-6590.1;14882.1;-636.7
360;15107.0;-6402.3;14506.7;-653.7
361;15299.8;-6513.4;14701.9;-649.7
362;17804.7;-6692.3;17199.2;-513.6
363;13042.1;-4298.3;12385.8;-769.3
364;16812.1;-6862.7;16217.3;-564.7
365;15829.4;-6714.4;15235.4;-613.7
366;17445.7;-6795.1;16844.9;-537.6
367;17090.5;-6844.1;16493.6;-549.7
368;11720.7;-1552.3;10985.5;-848.8
369;17200.8;-6822.4;16602.7;-538.6
370;16766.7;-6865.1;16172.3;-567.7
371;16262.6;-6836.5;15669.8;-604.7
372;15448.4;-6579.2;14852.1;-638.7
373;17657.7;-6727.4;17054.1;-517.6
374;15536.9;-6619.5;14941.1;-637.7
375;19329.3;-6057.1;18693.6;-430.6
376;17167.3;-6836.8;16569.6;-547.7
377;19849.9;-5694.2;19198.0;-409.6
378;14922.4;-6293.6;14319.6;-667.7
379;13344.0;-4748.2;12700.1;-760.0
380;17425.4;-6793.5;16824.9;-533.6
381;17654.6;-6727.7;17051.1;-516.6
382;16284.7;-6835.5;15691.8;-599.7
383;13694.0;-5189.7;13062.4;-736.7
384;15481.4;-6590.9;14885.1;-636.7
385;17257.3;-6824.4;16658.7;-542.6
386;15913.1;-6743.7;15319.5;-612.7
387;16032.9;-6779.6;15439.6;-609.7
388;15929.1;-6748.8;15335.5;-612.7
389;14677.2;-6125.9;14070.4;-680.9
390;15339.5;-6530.6;14742.0;-645.7
391;13877.6;-5396.9;13251.6;-726.6
392;19211.9;-6129.9;18579.5;-437.6
393;15436.6;-6575.5;14840.0;-641.7
394;17023.9;-6854.4;16427.5;-556.7
395;14535.8;-6018.7;13926.2;-691.0
396;17559.2;-6760.7;16957.0;-526.6
397;13155.4;-4467.7;12503.9;-762.2
398;17771.1;-6701.5;17166.2;-514.6
399;16162.8;-6800.4;15569.7;-596.7
400;19801.4;-5726.1;19151.0;-408.6
401;14072.3;-5607.8;13451.8;-718.4
402;16347.9;-6840.2;15754.9;-593.7
403;16840.3;-6860.4;16245.3;-561.7
404;18297.2;-6537.2;17684.6;-483.6
405;15521.2;-6609.0;14925.1;-636.7
406;16366.9;-6843.4;15773.9;-592.7
407;12727.4;-3786.5;12056.5;-793.5
408;14849.6;-6246.5;14245.5;-673.7
409;16980.4;-6859.0;16384.5;-558.7
410;18082.8;-6608.5;17473.4;-501.6
411;15754.7;-6698.5;15160.3;-624.7
412;19710.1;-5793.6;19062.9;-409.6
413;19200.6;-6137.5;18568.4;-438.6
414;16122.8;-6794.4;15529.7;-600.7
415;12298.9;-2946.6;11604.1;-812.9
416;13311.1;-4696.5;12666.1;-756.0
417;14934.3;-6300.8;14331.6;-667.7
418;18104.1;-6600.5;17494.5;-498.6
419;16744.6;-6863.9;16150.2;-568.7
420;12804.6;-3913.1;12137.6;-782.5
421;15845.4;-6722.6;15251.4;-615.7
422;18948.0;-6273.3;18322.2;-453.6
423;15604.6;-6646.5;15009.2;-634.7
424;14979.7;-6328.1;14377.6;-668.7
425;19708.0;-5800.3;19060.9;-412.6
426;16313.9;-6836.9;15720.9;-596.7
427;15425.8;-6562.9;14829.0;-641.7
428;16809.0;-6865.9;16214.3;-567.7
429;16251.7;-6834.6;15658.8;-605.7
430;15509.2;-6601.3;14913.1;-634.7
431;18259.6;-6558.3;17647.6;-490.6
432;18104.1;-6600.5;17494.5;-498.6
433;17638.4;-6738.2;17035.0;-522.6
434;16051.9;-6784.1;15458.6;-609.7
435;18151.9;-6583.0;17541.5;-493.6
436;16140.8;-6797.4;15547.7;-599.7
437;17005.7;-6855.6;16409.5;-557.7
438;17963.9;-6648.4;17356.3;-504.6
439;17578.5;-6754.8;16976.0;-525.6
440;19247.0;-6108.3;18613.5;-436.6
441;16979.3;-6859.2;16383.5;-558.7
442;13459.9;-4896.7;12820.2;-749.9
443;14307.6;-5825.1;13693.0;-702.2
444;18500.9;-6478.2;17884.8;-475.6
445;15673.0;-6666.2;15078.3;-624.7
446;16872.5;-6861.1;16277.4;-560.7
447;14815.1;-6220.7;14210.5;-673.8
448;17908.0;-6666.0;17301.3;-508.6
449;15583.6;-6636.9;14988.2;-634.7
450;18686.9;-6400.7;18067.0;-464.6
451;15340.5;-6531.0;14743.0;-645.7
452;18108.2;-6599.7;17498.5;-498.6
453;17353.5;-6811.2;16753.8;-541.6
454;15025.1;-6353.0;14423.7;-658.7
455;18073.7;-6607.8;17464.4;-499.6
456;14728.5;-6161.5;14122.4;-678.8
457;14860.3;-6257.1;14256.5;-674.7
458;17434.6;-6795.4;16833.9;-536.6
459;15189.9;-6449.3;14590.8;-649.7
460;15234.6;-6477.7;14635.9;-652.7
461;15652.2;-6657.4;15057.2;-625.7
462;14570.3;-6043.7;13961.3;-688.0
463;17983.2;-6647.1;17375.4;-507.6
464;17246.2;-6824.6;16647.7;-542.6
465;16107.8;-6790.6;15514.7;-600.7
466;16039.9;-6777.5;15446.6;-607.7
467;16978.3;-6860.6;16382.5;-559.7
468;19206.6;-6134.0;18574.5;-437.6
469;17684.0;-6724.8;17080.1;-518.6
470;15378.3;-6543.3;14781.0;-645.7
471;17532.9;-6765.2;16931.0;-526.6
472;16028.9;-6777.9;15435.6;-609.7
473;15893.3;-6737.5;15299.5;-614.7
474;19382.8;-6026.6;18745.6;-430.6
475;15528.0;-6612.7;14932.1;-635.7
476;15425.8;-6562.9;14829.0;-641.7
477;13028.5;-4281.6;12371.8;-772.3
478;13914.6;-5438.1;13289.6;-725.5
479;16978.3;-6859.4;16382.5;-558.7
480;15073.4;-6385.8;14472.7;-658.7
481;17091.5;-6844.5;16494.6;-549.7
482;14385.8;-5895.2;13773.1;-698.1
483;14955.9;-6317.7;14353.6;-668.7
484;17354.5;-6811.2;16754.8;-541.6
485;18689.0;-6403.9;18069.0;-468.6
486;17214.9;-6825.4;16616.7;-541.6
487;18242.3;-6560.3;17630.6;-489.6
488;19106.0;-6195.8;18476.4;-446.6
489;17978.0;-6645.9;17370.4;-504.6
490;14706.7;-6147.5;14100.4;-678.8
491;16047.9;-6780.8;15454.6;-607.7
492;17280.6;-6823.3;16681.7;-544.6
493;15533.9;-6618.1;14938.1;-637.7
494;16980.4;-6859.0;16384.5;-558.7
495;13628.1;-5105.1;12994.4;-735.8
496;14852.5;-6248.5;14248.5;-673.7
497;17110.6;-6846.7;16513.6;-552.7
498;12574.3;-3502.0;11895.4;-799.7
499;14393.7;-5898.6;13781.1;-695.1
500;16194.8;-6801.6;15601.7;-590.7
501;13400.9;-4818.1;12759.2;-751.0
502;16319.9;-6835.1;15726.9;-593.7
503;14901.8;-6280.0;14298.6;-669.7
504;15735.8;-6693.0;15141.3;-626.7
505;15794.6;-6707.9;15200.4;-619.7
506;16541.5;-6857.0;15948.1;-580.7
507;15288.0;-6504.2;14689.9;-648.7
508;16370.0;-6842.1;15776.9;-591.7
509;15225.6;-6472.8;14626.9;-652.7
510;17154.2;-6835.6;16556.6;-545.6
511;19088.4;-6207.3;18459.3;-447.6
512;16551.7;-6853.5;15958.1;-577.7
513;16510.4;-6853.2;15917.0;-580.7
514;14299.7;-5821.3;13685.0;-704.2
515;17388.9;-6799.8;16788.8;-534.6
516;14967.9;-6319.6;14365.6;-668.7
517;14883.9;-6270.6;14280.5;-670.7
518;17156.2;-6835.1;16558.6;-545.6
519;16527.5;-6855.8;15934.0;-580.7
520;18088.7;-6614.8;17479.5;-500.6
521;18659.3;-6414.9;18040.0;-468.6
522;15327.7;-6524.0;14730.0;-646.7
523;16436.1;-6845.9;15843.0;-583.7
524;19200.6;-6137.5;18568.4;-438.6
525;17848.2;-6682.3;17242.2;-511.6
526;17421.4;-6792.5;16820.9;-532.6
527;18425.6;-6503.5;17810.8;-479.6
528;15220.7;-6470.7;14621.9;-653.7
529;17293.7;-6818.7;16694.7;-541.6
530;18601.1;-6432.8;17982.9;-467.6
531;18960.6;-6258.7;18334.2;-450.6
532;14886.9;-6270.4;14283.5;-669.7
533;15802.5;-6713.2;15208.4;-620.7
534;16862.4;-6861.0;16267.4;-560.7
535;15740.8;-6696.0;15146.3;-627.7
536;15572.7;-6631.2;14977.2;-633.7
537;17374.7;-6804.2;16774.8;-537.6
538;15636.2;-6658.0;15041.2;-631.7
539;13290.8;-4670.6;12645.1;-758.1
540;16828.2;-6859.8;16233.3;-561.7
541;15517.2;-6605.6;14921.1;-635.7
542;15007.4;-6336.6;14405.7;-660.7
543;13650.4;-5135.7;13017.4;-736.7
544;17929.3;-6659.3;17322.3;-506.6
545;12592.5;-3536.6;11914.4;-800.7
546;13436.6;-4867.0;12796.2;-749.9
547;15766.6;-6702.4;15172.4;-622.7
548;18292.2;-6541.2;17679.6;-486.6
549;18430.7;-6503.3;17815.8;-480.6
550;14319.2;-5838.7;13705.0;-703.2
551;15925.1;-6747.5;15331.5;-612.7
552;13741.5;-5243.9;13111.5;-732.7
553;17926.3;-6659.1;17319.3;-506.6
554;13795.0;-5303.5;13166.5;-729.6
555;15987.9;-6763.5;15394.6;-607.7
556;17961.8;-6646.8;17354.3;-502.6
557;15857.3;-6725.3;15263.4;-613.7
558;18704.2;-6396.9;18084.0;-466.6
559;14786.4;-6206.2;14181.4;-677.8
560;16844.3;-6861.5;16249.3;-562.7
561;17657.7;-6727.4;17054.1;-517.6
562;15991.9;-6768.1;15398.6;-610.7
563;18560.2;-6456.5;17942.9;-474.6
564;17143.0;-6837.8;16545.6;-546.7
565;13530.2;-4992.7;12893.3;-747.8
566;23081.9;-1003.8;22235.6;-247.5
567;17313.0;-6817.3;16713.8;-542.6
568;16406.0;-6848.1;15812.9;-589.7
569;13919.2;-5447.6;13294.6;-724.5
570;16363.0;-6845.9;15769.9;-595.7
571;15459.6;-6583.1;14863.1;-639.7
572;17305.9;-6820.4;16706.8;-544.6
573;16849.3;-6859.8;16254.3;-560.7
574;19362.1;-6040.5;18725.6;-431.6
575;16461.3;-6849.8;15868.0;-585.7
576;17089.5;-6844.5;16492.6;-549.7
577;16850.3;-6859.8;16255.3;-560.7
578;15980.0;-6763.8;15386.5;-610.7
579;15915.1;-6744.2;15321.5;-612.7
580;18077.5;-6616.5;17468.4;-500.6
581;17535.9;-6765.2;16934.0;-526.6
582;15181.1;-6445.2;14581.8;-650.7
583;14387.8;-5894.7;13775.1;-696.1
584;16108.8;-6789.4;15515.7;-599.7
585;18177.4;-6572.7;17566.5;-491.6
586;16177.8;-6804.4;15584.7;-596.7
587;19178.0;-6151.3;18546.4;-440.6
588;14939.3;-6304.6;14336.6;-668.7
589;16459.3;-6848.5;15866.0;-584.7
590;12139.8;-2596.0;11434.9;-819.8
591;15233.5;-6476.5;14634.9;-651.7
592;15711.0;-6682.1;15116.3;-626.7
593;17080.3;-6846.4;16483.5;-550.7
594;19119.5;-6187.9;18489.4;-446.6
595;16284.7;-6835.5;15691.8;-599.7
596;18676.8;-6403.1;18057.0;-464.6
597;17333.3;-6817.2;16733.8;-545.6
598;17883.8;-6669.3;17277.3;-508.6
599;15452.4;-6582.0;14856.1;-639.7
600;18558.2;-6457.0;17940.9;-474.6
601;14450.6;-5948.7;13839.1;-695.1
602;17056.0;-6852.7;16459.5;-553.7
603;14648.8;-6103.2;14041.3;-681.9
604;15362.3;-6539.7;14765.0;-643.7
605;13824.2;-5335.5;13196.5;-727.6
606;15364.3;-6543.6;14767.0;-646.7
607;16812.1;-6862.7;16217.3;-564.7
608;16107.8;-6791.9;15514.7;-601.7
609;14005.9;-5538.9;13383.7;-720.4
610;18704.2;-6396.9;18084.0;-466.6
611;16789.8;-6867.3;16195.3;-568.7
612;17920.3;-6659.8;17313.3;-506.6
613;17546.9;-6765.5;16945.0;-527.6
614;15125.6;-6415.3;14525.8;-653.7
615;13041.1;-4298.1;12384.8;-770.3
616;14712.6;-6152.8;14106.4;-679.8
617;18289.1;-6543.8;17676.6;-488.6
618;14483.0;-5970.8;13872.2;-690.0
619;17594.7;-6749.8;16992.0;-524.6
620;15208.7;-6467.9;14609.8;-655.7
621;16884.5;-6861.4;16289.4;-560.7
622;13235.9;-4597.0;12588.0;-764.1
623;18187.6;-6572.4;17576.5;-492.6
624;16155.8;-6800.7;15562.7;-598.7
625;17715.3;-6721.3;17111.1;-519.6
626;16541.5;-6857.0;15948.1;-580.7
627;17563.3;-6756.2;16961.0;-524.6
628;16051.9;-6784.1;15458.6;-609.7
629;17473.0;-6781.9;16871.9;-529.6
630;13742.5;-5244.7;13112.5;-732.7
631;14442.8;-5939.4;13831.1;-694.1
632;17440.6;-6796.7;16839.9;-538.6
633;16155.8;-6800.7;15562.7;-598.7
634;15845.4;-6722.6;15251.4;-615.7
635;15923.1;-6748.2;15329.5;-613.7
636;17063.1;-6852.9;16466.5;-554.7
637;15238.5;-6479.9;14639.9;-652.7
638;17079.3;-6847.9;16482.5;-551.7
639;14712.6;-6152.8;14106.4;-679.8
640;15547.9;-6620.5;14952.2;-634.7
641;17878.7;-6671.5;17272.3;-508.6
642;18024.9;-6622.0;17416.4;-501.6
643;14415.2;-5915.6;13803.1;-693.1
644;17632.2;-6740.2;17029.0;-522.6
645;14507.4;-5996.2;13897.2;-693.0
646;17455.9;-6792.1;16854.9;-536.6
647;13115.0;-4413.9;12461.9;-768.2
648;14383.9;-5892.1;13771.1;-697.1
649;15376.3;-6543.6;14779.0;-646.7
650;15947.0;-6756.6;15353.5;-613.7
651;18627.6;-6428.7;18008.9;-470.6
652;17741.7;-6710.4;17137.1;-516.6
653;18886.6;-6303.3;18262.2;-457.6
654;18258.5;-6562.5;17646.6;-493.6
655;15752.8;-6695.9;15158.3;-623.7
656;15780.5;-6705.1;15186.4;-620.7
657;18020.7;-6636.8;17412.4;-506.6
658;16291.7;-6834.5;15698.8;-597.7
659;15962.0;-6758.2;15368.5;-610.7
660;14024.5;-5555.1;13402.7;-718.4
661;16043.9;-6779.3;15450.6;-607.7
662;11710.6;-1520.9;10974.5;-847.8
663;15468.5;-6585.8;14872.1;-637.7
664;14605.4;-6078.2;13997.3;-688.9
665;17387.8;-6801.0;16787.8;-535.6
666;15425.8;-6562.9;14829.0;-641.7
667;15677.0;-6670.5;15082.3;-626.7
668;18493.7;-6482.0;17877.8;-476.6
669;14491.7;-5979.5;13881.2;-689.0
670;16756.6;-6864.9;16162.3;-567.7
671;13119.8;-4418.2;12466.9;-766.2
672;16370.0;-6842.1;15776.9;-591.7
673;16912.8;-6861.7;16317.4;-560.7
674;17668.8;-6729.3;17065.1;-520.6
675;14733.4;-6166.3;14127.4;-679.8
676;16760.6;-6863.6;16166.3;-566.7
677;16758.6;-6866.4;16164.3;-568.7
678;16192.8;-6803.8;15599.7;-592.7
679;16472.3;-6851.1;15879.0;-584.7
680;16998.6;-6857.0;16402.5;-558.7
681;16892.6;-6860.3;16297.4;-559.7
682;14576.0;-6051.3;13967.3;-689.0
683;14250.9;-5771.1;13635.0;-703.2
684;20482.9;-5114.3;19806.6;-372.6
685;19476.6;-5965.2;18836.7;-426.6
686;13932.0;-5456.7;13307.7;-721.5
687;16978.3;-6860.6;16382.5;-559.7
688;17275.6;-6824.4;16676.7;-545.6
689;17486.2;-6776.4;16884.9;-527.6
690;16455.3;-6845.6;15862.0;-582.7
691;14692.0;-6137.8;14085.4;-680.9
692;15919.1;-6747.1;15325.5;-613.7
693;15407.1;-6556.0;14810.0;-644.7
694;16447.2;-6844.6;15854.0;-582.7
695;15776.5;-6702.5;15182.4;-619.7
696;16005.8;-6773.9;15412.6;-610.7
697;17938.4;-6659.3;17331.3;-507.6
698;18293.2;-6538.6;17680.6;-484.6
699;14271.5;-5789.2;13656.0;-702.2
700;15459.6;-6583.1;14863.1;-639.7
701;14916.5;-6291.8;14313.6;-669.7
702;18287.1;-6542.9;17674.6;-486.6
703;16125.8;-6795.4;15532.7;-600.7
704;18666.5;-6409.7;18047.0;-466.6
705;15426.8;-6562.4;14830.0;-640.7
706;16268.8;-6833.7;15675.8;-602.7
707;14004.0;-5536.5;13381.7;-720.4
708;18419.5;-6505.2;17804.8;-479.6
709;15623.3;-6656.1;15028.2;-634.7
710;13781.3;-5291.7;13152.5;-732.6
711;15239.5;-6480.5;14640.9;-652.7
712;12469.8;-3300.2;11785.3;-803.8
713;16171.8;-6803.5;15578.7;-597.7
714;16413.0;-6848.7;15819.9;-588.7
715;16706.4;-6863.8;16112.2;-571.7
716;18750.4;-6379.2;18129.0;-467.6
717;15721.8;-6686.7;15127.3;-625.7
718;17576.5;-6753.6;16974.0;-524.6
719;16749.6;-6863.1;16155.2;-567.7
720;15900.2;-6740.2;15306.5;-613.7
721;12833.3;-3967.4;12167.6;-786.5
722;17817.8;-6690.2;17212.2;-513.6
723;15386.2;-6544.9;14789.0;-643.7
724;16252.7;-6834.6;15659.8;-605.7
725;14129.6;-5663.0;13510.8;-713.3
726;16696.3;-6864.4;16102.2;-571.7
727;16407.9;-6848.8;15814.9;-589.7
728;16273.8;-6832.0;15680.8;-600.7
729;16000.8;-6772.1;15407.6;-610.7
730;17991.1;-6646.7;17383.4;-507.6
731;17848.2;-6682.3;17242.2;-511.6
732;17443.8;-6793.9;16842.9;-537.6
733;21927.8;-3237.8;21173.8;-297.5
734;15225.6;-6471.6;14626.9;-651.7
735;15591.5;-6639.3;14996.2;-632.7
736;14547.6;-6031.8;13938.2;-693.0
737;16952.2;-6856.4;16356.4;-557.7
738;15083.4;-6391.3;14482.7;-658.7
739;11850.0;-1897.6;11124.7;-841.8
740;14223.6;-5747.4;13606.9;-706.3
741;16343.9;-6838.4;15750.9;-592.7
742;17921.3;-6657.8;17314.3;-505.6
743;13666.9;-5152.6;13034.4;-734.7
744;15208.7;-6467.9;14609.8;-655.7
745;15991.9;-6768.1;15398.6;-610.7
746;15012.3;-6341.6;14410.7;-660.7
747;17114.7;-6842.5;16517.6;-549.7
748;16229.7;-6831.2;15636.8;-607.7
749;16762.7;-6864.8;16168.3;-567.7
750;15020.1;-6350.6;14418.7;-658.7
751;18816.0;-6338.5;18193.1;-461.6
752;16220.8;-6806.0;15627.8;-588.7
753;18401.0;-6515.6;17786.7;-482.6
754;15490.3;-6595.0;14894.1;-636.7
755;17212.8;-6824.8;16614.7;-540.6
756;15097.2;-6399.0;14496.7;-657.7
757;14649.8;-6104.8;14042.3;-682.9
758;15056.6;-6374.6;14455.7;-658.7
759;16149.8;-6799.1;15556.7;-598.7
760;15859.3;-6726.1;15265.4;-613.7
761;18823.1;-6335.9;18200.1;-460.6
762;14329.0;-5847.2;13715.0;-702.2
763;14420.2;-5920.4;13808.1;-694.1
764;19098.7;-6203.1;18469.4;-448.6
765;17247.2;-6824.4;16648.7;-542.6
766;13143.9;-4450.2;12491.9;-762.2
767;17057.1;-6852.3;16460.5;-553.7
768;16618.8;-6868.8;16025.1;-581.7
769;12722.6;-3776.5;12051.5;-792.5
770;15606.6;-6648.4;15011.2;-635.7
771;16194.8;-6801.6;15601.7;-590.7
772;17452.8;-6794.1;16851.9;-537.6
773;17828.9;-6689.2;17223.2;-514.6
774;16380.0;-6839.7;15786.9;-588.7
775;17962.8;-6648.8;17355.3;-504.6
776;15981.0;-6761.9;15387.5;-608.7
777;14802.2;-6214.2;14197.5;-674.8
778;14677.2;-6125.9;14070.3;-680.9
779;17132.0;-6840.9;16534.6;-549.7
780;13020.8;-4272.2;12363.8;-774.3
781;17362.5;-6807.6;16762.8;-538.6
782;14395.7;-5899.9;13783.1;-695.1
783;15630.3;-6658.0;15035.2;-633.7
784;17071.1;-6854.3;16474.5;-554.7
785;18274.8;-6555.6;17662.6;-490.6
786;13047.7;-4308.6;12391.8;-769.3
787;14886.9;-6270.4;14283.5;-669.7
788;16305.8;-6837.6;15712.8;-598.7
789;15233.5;-6476.5;14634.9;-651.7
790;17674.8;-6730.0;17071.1;-521.6
791;12818.0;-3936.7;12151.6;-782.5
792;16828.2;-6859.8;16233.3;-561.7
793;16937.0;-6860.2;16341.4;-559.7
794;16305.8;-6837.6;15712.8;-598.7
795;18078.6;-6617.4;17469.4;-501.6
796;14196.1;-5724.7;13578.9;-708.3
797;18092.0;-6606.1;17482.5;-501.6
798;15061.6;-6376.4;14460.7;-657.7
799;17440.6;-6796.7;16839.9;-538.6
800;15683.0;-6673.0;15088.3;-627.7
801;17590.7;-6749.4;16988.0;-523.6
802;17535.9;-6765.2;16934.0;-526.6
803;13818.3;-5330.7;13190.5;-728.6
804;15967.1;-6760.1;15373.5;-611.7
805;16065.9;-6783.1;15472.6;-605.7
806;15827.4;-6715.5;15233.4;-614.7
807;14968.9;-6322.3;14366.6;-670.7
808;19358.1;-6037.5;18721.6;-428.6
809;16573.7;-6860.1;15980.1;-580.7
810;18849.5;-6332.5;18226.1;-464.6
811;15277.2;-6497.8;14678.9;-649.7
812;14470.3;-5959.6;13859.2;-691.0
813;16443.3;-6844.6;15850.0;-583.7
814;15288.0;-6505.3;14689.9;-649.7
815;20285.6;-5309.7;19617.4;-383.6
816;16633.9;-6866.2;16040.1;-578.7
817;18164.2;-6578.1;17553.5;-492.6
818;15855.3;-6724.7;15261.4;-613.7
819;15680.0;-6671.3;15085.3;-626.7
820;16173.8;-6803.8;15580.7;-597.7
821;16818.0;-6862.7;16223.3;-563.7
822;17649.4;-6731.7;17046.1;-518.6
823;16021.8;-6777.0;15428.6;-609.7
824;15094.2;-6396.3;14493.7;-656.7
825;14456.5;-5948.2;13845.1;-691.1
826;16096.0;-6786.2;15502.7;-601.7
827;17184.6;-6830.9;16586.6;-544.6
828;16989.5;-6856.0;16393.5;-556.7
829;16194.8;-6801.6;15601.7;-590.7
830;15225.6;-6471.6;14626.9;-651.7
831;16466.4;-6849.5;15873.0;-584.7
832;17183.7;-6830.0;16585.6;-544.6
833;16159.9;-6798.8;15566.7;-596.7
834;16413.0;-6848.7;15819.9;-588.7
835;15974.0;-6762.0;15380.5;-610.7
836;17765.0;-6704.9;17160.2;-515.6
837;15494.3;-6596.6;14898.1;-636.7
838;16532.6;-6854.2;15939.1;-579.7
839;16887.7;-6860.4;16292.4;-560.7
840;17440.6;-6796.7;16839.9;-538.6
841;18746.3;-6380.8;18125.0;-467.6
842;17359.5;-6813.0;16759.8;-542.6
843;17229.0;-6826.5;16630.7;-542.6
844;13804.7;-5313.1;13176.5;-728.6
845;17243.2;-6823.8;16644.7;-541.6
846;20117.7;-5465.6;19456.3;-392.6
847;14849.6;-6246.5;14245.5;-673.7
848;14537.8;-6019.4;13928.2;-690.0
849;15862.3;-6725.1;15268.4;-611.7
850;17942.4;-6657.7;17335.3;-506.6
851;17107.6;-6846.2;16510.6;-551.7
852;15427.8;-6562.8;14831.0;-640.7
853;16160.8;-6799.5;15567.7;-596.7
854;17972.9;-6647.9;17365.3;-504.6
855;17348.5;-6811.7;16748.8;-542.6
856;20356.1;-5253.5;19685.5;-385.6
857;17915.2;-6661.3;17308.3;-506.6
858;16813.1;-6861.7;16218.3;-563.7
859;17255.2;-6824.0;16656.7;-541.6
860;15643.2;-6658.9;15048.2;-629.7
861;14607.3;-6078.4;13999.3;-687.9
862;16515.3;-6853.6;15922.0;-579.7
863;17041.1;-6852.4;16444.5;-555.7
864;13926.2;-5448.9;13301.7;-722.5
865;15357.3;-6538.0;14760.0;-644.7
866;15606.6;-6646.9;15011.2;-634.7
867;16671.2;-6865.8;16077.2;-575.7
868;15791.5;-6707.5;15197.4;-619.7
869;16971.4;-6855.8;16375.4;-556.7
870;16384.1;-6839.6;15790.9;-588.7
871;18009.6;-6639.2;17401.4;-506.6
872;13415.3;-4837.9;12774.2;-749.9
873;19023.9;-6238.1;18396.3;-449.6
874;18614.3;-6431.8;17995.9;-469.6
875;16306.8;-6838.0;15713.8;-598.7
876;17317.0;-6817.1;16717.8;-542.6
877;17243.2;-6823.8;16644.7;-541.6
878;15002.5;-6335.5;14400.7;-662.7
879;16498.3;-6855.7;15905.0;-583.7
880;17534.9;-6764.5;16933.0;-526.6
881;16743.6;-6862.9;16149.2;-567.7
882;17992.2;-6646.7;17384.4;-508.6
883;16380.0;-6839.7;15786.9;-588.7
884;16360.0;-6844.9;15766.9;-595.7
885;14955.0;-6310.3;14352.6;-668.7
886;15618.4;-6653.9;15023.2;-634.7
887;15459.6;-6583.1;14863.1;-639.7
888;19108.1;-6194.2;18478.4;-446.6
889;16621.8;-6869.3;16028.1;-581.7
890;14571.2;-6044.8;13962.3;-688.0
891;16892.6;-6860.3;16297.4;-559.7
892;15903.1;-6741.8;15309.5;-613.7
893;11306.1;-264.9;10533.1;-873.2
894;17025.0;-6850.8;16428.5;-554.7
895;13674.6;-5165.8;13042.4;-736.7
896;17191.7;-6825.7;16593.7;-540.6
897;14634.0;-6097.2;14026.3;-685.9
898;13828.1;-5342.4;13200.6;-730.6
899;17052.1;-6851.6;16455.5;-553.7
900;13767.8;-5273.4;13138.5;-731.6
901;15481.4;-6593.2;14885.1;-638.7
902;16562.7;-6856.2;15969.1;-577.7
903;17253.2;-6824.3;16654.7;-542.6
904;17475.1;-6780.9;16873.9;-529.6
905;16160.8;-6799.5;15567.7;-596.7
906;14844.6;-6243.2;14240.5;-673.7
907;19482.7;-5966.4;18842.7;-429.6
908;15219.7;-6470.3;14620.8;-653.7
909;19274.7;-6091.1;18640.5;-434.6
910;15470.5;-6585.4;14874.1;-636.7
911;18177.4;-6572.7;17566.5;-491.6
912;18021.8;-6630.6;17413.4;-502.6
913;14497.6;-5984.5;13887.2;-690.0
914;16817.0;-6862.9;16222.3;-563.7
915;17494.3;-6773.6;16892.9;-526.6
916;17399.1;-6800.2;16798.8;-536.6
917;15893.3;-6737.5;15299.5;-614.7
918;16728.5;-6860.0;16134.2;-566.7
919;15568.7;-6630.4;14973.2;-633.7
920;14290.0;-5808.7;13675.0;-702.2
921;17876.8;-6669.2;17270.3;-507.6
922;15295.8;-6511.7;14697.9;-649.7
923;18552.0;-6459.3;17934.9;-474.6
924;17233.0;-6828.1;16634.7;-543.6
925;14745.2;-6173.6;14139.4;-677.8
926;15959.0;-6755.3;15365.5;-609.7
927;15746.7;-6695.6;15152.3;-624.7
928;14785.4;-6205.7;14180.4;-677.8
929;17062.1;-6852.9;16465.5;-554.7
930;15425.8;-6562.9;14829.0;-641.7
931;18979.1;-6245.4;18352.3;-446.6
932;17672.8;-6730.6;17069.1;-521.6
933;14768.8;-6191.0;14163.4;-677.8
934;16192.8;-6803.8;15599.7;-592.7
935;15848.3;-6723.5;15254.4;-614.7
936;13654.3;-5139.6;13021.4;-735.7
937;17789.4;-6697.0;17184.2;-514.6
938;17822.9;-6687.4;17217.2;-512.6
939;17776.2;-6698.8;17171.2;-513.6
940;15466.5;-6585.7;14870.1;-638.7
941;18020.7;-6636.8;17412.4;-506.6
942;15875.2;-6730.8;15281.5;-612.7
943;17795.6;-6693.9;17190.2;-513.6
944;19287.1;-6081.0;18652.5;-432.6
945;16455.3;-6845.6;15862.0;-582.7
946;13889.3;-5409.3;13263.6;-725.5
947;15696.0;-6677.3;15101.3;-626.7
948;17300.9;-6815.0;16701.7;-539.6
949;18277.9;-6547.5;17665.6;-488.6
950;14355.5;-5866.1;13742.0;-698.1
951;15906.2;-6741.1;15312.5;-612.7
952;16614.9;-6867.2;16021.1;-581.7
953;16950.3;-6856.1;16354.4;-557.7
954;17758.9;-6705.8;17154.2;-514.6
955;14653.8;-6107.6;14046.3;-682.9
956;15517.2;-6606.5;14921.1;-636.7
957;17920.3;-6659.8;17313.3;-506.6
958;16883.5;-6861.6;16288.4;-560.7
959;16976.3;-6859.2;16380.5;-558.7
960;18118.4;-6592.1;17508.5;-494.6
961;16401.0;-6845.1;15807.9;-588.7
962;17109.7;-6847.8;16512.6;-553.7
963;15700.9;-6682.0;15106.3;-627.7
964;14008.8;-5540.1;13386.7;-718.4
965;14089.8;-5620.0;13469.8;-713.4
966;16347.9;-6839.3;15754.9;-592.7
967;15891.3;-6736.8;15297.5;-614.7
968;15138.5;-6419.2;14538.8;-650.7
969;16758.6;-6866.4;16164.3;-568.7
970;14752.0;-6180.4;14146.4;-678.8
971;16412.0;-6851.0;15818.9;-590.7
972;16190.8;-6801.7;15597.7;-591.7
973;14834.7;-6232.7;14230.5;-670.7
974;12482.4;-3319.9;11798.3;-801.8
975;18681.8;-6401.4;18062.0;-463.6
976;16756.6;-6864.9;16162.3;-567.7
977;11905.7;-2044.4;11184.7;-839.8
978;15514.2;-6603.4;14918.1;-634.7
979;16885.6;-6862.3;16290.4;-561.7
980;15845.4;-6722.6;15251.4;-615.7
981;17195.6;-6825.0;16597.7;-539.6
982;14615.1;-6083.6;14007.3;-685.9
983;16518.4;-6857.4;15925.0;-582.7
984;16135.8;-6795.6;15542.7;-598.7
985;15918.1;-6746.8;15324.5;-613.7
986;15858.3;-6725.7;15264.4;-613.7
987;16552.7;-6852.9;15959.1;-576.7
988;17790.5;-6696.5;17185.2;-514.6
989;15345.3;-6534.8;14748.0;-645.7
990;15547.9;-6620.5;14952.2;-634.7
991;16487.3;-6856.5;15894.0;-586.7
992;16023.8;-6777.3;15430.6;-609.7
993;16869.4;-6861.6;16274.4;-560.7
994;17429.5;-6794.5;16828.9;-534.6
995;18399.0;-6514.8;17784.7;-481.6
996;16030.9;-6778.9;15437.6;-609.7
997;12512.6;-3385.0;11830.3;-803.7
998;16107.8;-6790.6;15514.7;-600.7
999;16813.1;-6861.7;16218.3;-563.7
1000;15912.1;-6743.6;15318.5;-612.7
