CASO;pATIVA;pREATIVA;dATIVA;dREATIVA
1;98089.8;-12522.8;94711.8;23320.9
2;97539.4;-13254.9;94208.4;23195.2
3;97552.0;-13305.9;94229.6;23199.0
4;97405.4;-13414.5;94082.7;23155.4
5;97900.6;-12830.7;94546.4;23275.2
6;97070.0;-13877.1;93780.6;23076.1
7;98126.4;-12457.0;94742.4;23328.4
8;97477.6;-13369.6;94157.3;23183.1
9;97775.0;-12977.6;94428.7;23248.8
10;97632.3;-13166.2;94297.7;23211.8
11;98051.4;-12560.3;94674.5;23313.6
12;97132.4;-13761.3;93832.2;23088.3
13;97620.9;-13151.6;94282.6;23207.3
14;97596.7;-13225.7;94266.7;23205.0
15;97975.1;-12663.3;94605.1;23296.8
16;97394.7;-13458.5;94077.3;23153.9
17;97649.5;-13119.4;94309.7;23214.4
18;97453.6;-13355.5;94127.6;23168.6
19;97719.8;-13048.2;94376.8;23232.0
20;97846.8;-12846.9;94488.4;23259.3
21;97392.9;-13471.6;94077.3;23153.8
22;97978.9;-12670.6;94610.2;23297.0
23;97920.8;-12743.1;94555.9;23279.0
24;97819.1;-12916.4;94468.3;23256.7
25;97918.7;-12758.3;94555.8;23279.0
26;97519.3;-13285.1;94190.4;23189.7
27;97657.8;-13121.3;94319.5;23217.5
28;97432.6;-13431.3;94115.7;23165.3
29;97623.3;-13193.1;94291.4;23209.5
30;97830.8;-12872.9;94474.7;23257.2
31;97511.7;-13291.4;94183.3;23189.5
32;97601.8;-13166.9;94263.5;23204.7
33;97501.2;-13375.9;94184.3;23189.6
34;97459.3;-13354.9;94134.1;23172.3
35;97522.4;-13269.1;94191.6;23191.0
36;97678.8;-13061.2;94334.0;23220.8
37;97394.8;-13435.7;94074.1;23153.5
38;97751.0;-13000.3;94405.5;23244.0
39;98103.4;-12490.5;94722.2;23323.7
40;97879.6;-12793.8;94517.6;23269.6
41;97646.3;-13128.1;94307.5;23214.0
42;97452.0;-13359.9;94126.4;23167.3
43;97482.8;-13380.7;94164.5;23184.3
44;98115.8;-12464.8;94731.7;23325.4
45;97727.0;-13003.0;94378.0;23232.2
46;97531.7;-13270.8;94202.1;23193.7
47;97750.4;-12968.1;94399.9;23242.1
48;98219.7;-12331.0;94828.2;23354.8
49;97736.3;-13023.0;94391.9;23237.6
50;97850.6;-12839.7;94491.9;23261.0
51;97774.7;-12929.5;94421.5;23248.4
52;97608.6;-13180.8;94273.2;23205.7
53;97385.5;-13461.9;94067.7;23151.9
54;97611.9;-13170.5;94275.2;23205.7
55;97642.9;-13119.8;94302.2;23212.7
56;97848.4;-12835.3;94488.5;23259.4
57;97894.5;-12798.1;94535.0;23274.7
58;97928.4;-12729.0;94562.3;23280.6
59;97769.8;-12946.0;94418.2;23246.1
60;97909.3;-12820.5;94554.6;23277.6
61;97484.8;-13330.1;94159.4;23183.2
62;98011.1;-12628.7;94639.7;23303.3
63;97827.4;-12876.5;94471.4;23256.8
64;97624.0;-13144.6;94284.9;23207.8
65;97808.5;-12958.4;94463.1;23256.3
66;97665.2;-13089.5;94323.2;23219.5
67;97970.4;-12697.6;94605.1;23296.8
68;98058.2;-12598.1;94688.3;23318.8
69;98246.0;-12293.1;94851.3;23357.5
70;97311.6;-13533.2;93997.0;23135.5
71;97288.8;-13585.7;93980.3;23134.5
72;97568.1;-13208.4;94233.0;23200.5
73;97742.7;-12995.8;94395.5;23240.4
74;97912.5;-12756.9;94548.5;23275.4
75;97771.4;-12982.3;94425.7;23248.7
76;97143.8;-13747.7;93842.8;23091.1
77;97609.5;-13250.6;94284.8;23207.7
78;97894.5;-12783.1;94532.8;23274.4
79;97756.6;-12958.6;94405.5;23243.9
80;97871.5;-12875.4;94520.9;23270.0
81;97640.9;-13132.9;94302.0;23212.4
82;97642.5;-13128.3;94303.4;23213.9
83;97748.5;-12969.7;94397.9;23241.0
84;97802.7;-12895.2;94447.0;23251.7
85;97748.7;-12987.6;94401.0;23242.3
86;97732.4;-13046.0;94390.9;23237.6
87;97523.4;-13262.1;94191.6;23191.0
88;97796.8;-12902.5;94441.5;23251.0
89;97738.3;-13007.5;94391.9;23237.6
90;97974.9;-12664.5;94605.0;23296.7
91;98000.9;-12633.3;94629.0;23300.2
92;97748.0;-12973.0;94397.8;23241.0
93;97604.6;-13175.6;94267.8;23205.2
94;97535.0;-13246.2;94202.0;23193.6
95;97796.6;-12969.4;94451.2;23252.0
96;97729.3;-13001.3;94380.3;23232.7
97;97616.8;-13154.7;94278.3;23205.8
98;97722.9;-13024.6;94376.8;23232.0
99;97539.4;-13240.8;94206.3;23195.0
100;97857.3;-12902.0;94509.0;23266.7
101;97588.7;-13182.7;94251.8;23203.7
102;98003.5;-12629.7;94631.3;23300.7
103;97792.3;-12957.5;94444.9;23251.5
104;97849.9;-12837.1;94490.6;23260.5
105;97397.3;-13445.8;94078.4;23153.9
106;97749.0;-12964.8;94397.6;23240.6
107;97880.6;-12785.8;94517.6;23269.6
108;97436.6;-13383.3;94112.5;23161.0
109;97626.6;-13166.8;94291.4;23210.5
110;97719.8;-13040.3;94375.7;23231.8
111;97313.6;-13546.9;94001.3;23137.0
112;97774.8;-12956.9;94425.6;23248.7
113;97893.9;-12810.2;94536.1;23274.8
114;97452.7;-13381.7;94130.8;23172.0
115;97786.8;-12932.7;94435.1;23250.4
116;97334.0;-13527.2;94021.2;23143.3
117;97669.5;-13108.0;94330.7;23220.2
118;97241.8;-13660.8;93938.8;23119.8
119;97975.1;-12656.8;94603.9;23296.6
120;97792.5;-12964.2;94446.0;23251.6
121;97671.1;-13116.9;94333.9;23220.6
122;97482.9;-13316.4;94155.1;23181.7
123;98011.7;-12633.3;94641.0;23303.7
124;98187.6;-12371.1;94798.4;23347.0
125;97182.9;-13700.4;93879.2;23102.7
126;98006.8;-12619.4;94633.5;23301.9
127;98095.3;-12496.6;94713.8;23321.0
128;97781.3;-12966.3;94434.0;23249.2
129;97362.9;-13466.2;94043.9;23148.7
130;97899.6;-12831.1;94545.3;23275.2
131;97647.2;-13122.4;94307.6;23214.2
132;97540.0;-13264.2;94210.5;23195.4
133;97347.3;-13530.9;94036.4;23148.1
134;97839.4;-12852.2;94480.9;23257.6
135;97887.2;-12793.6;94526.3;23272.7
136;97538.2;-13244.4;94205.2;23194.0
137;97822.9;-12924.6;94473.5;23257.0
138;97387.3;-13441.4;94066.7;23151.9
139;97889.2;-12780.3;94526.5;23272.9
140;97724.1;-13016.8;94376.9;23232.1
141;97640.7;-13171.2;94307.5;23214.1
142;97661.3;-13102.1;94320.8;23218.9
143;97902.2;-12819.6;94546.4;23275.3
144;97870.1;-12878.8;94519.8;23269.9
145;97833.9;-12850.7;94474.6;23257.2
146;97743.4;-12978.0;94393.2;23238.0
147;97729.7;-12998.0;94380.3;23232.7
148;97848.6;-12854.3;94491.9;23261.0
149;97756.6;-12958.5;94405.5;23244.0
150;97863.6;-12814.5;94502.8;23265.4
151;97623.2;-13142.6;94283.8;23207.6
152;97041.8;-13888.3;93750.6;23068.2
153;97960.8;-12696.7;94593.8;23291.9
154;98235.3;-12377.8;94852.4;23357.5
155;97810.1;-12891.0;94454.4;23252.3
156;97663.2;-13088.2;94320.8;23218.9
157;97661.2;-13089.0;94318.3;23217.2
158;97660.8;-13104.8;94320.5;23218.5
159;97724.4;-13005.7;94375.5;23231.4
160;97390.8;-13457.7;94073.0;23153.4
161;97557.5;-13273.2;94230.8;23199.2
162;97423.5;-13395.0;94099.8;23159.0
163;97756.8;-12976.6;94408.7;23245.3
164;97617.7;-13199.3;94285.9;23207.8
165;97820.3;-12879.2;94464.2;23256.4
166;97651.5;-13104.9;94309.7;23214.4
167;97942.7;-12712.8;94576.1;23287.8
168;97751.7;-12965.7;94401.2;23243.6
169;98249.8;-12279.0;94853.4;23357.6
170;97171.6;-13716.1;93868.6;23096.8
171;97530.6;-13252.0;94197.9;23191.5
172;97910.2;-12820.7;94555.9;23279.0
173;98347.5;-12154.5;94943.8;23379.3
174;97638.5;-13120.7;94297.7;23211.8
175;97722.3;-13029.4;94376.8;23232.0
176;97636.0;-13161.9;94301.0;23212.3
177;98025.0;-12598.1;94650.8;23307.9
178;97624.3;-13155.5;94287.1;23209.1
179;97859.5;-12843.8;94502.8;23265.3
180;97622.5;-13140.5;94282.6;23207.4
181;97343.4;-13488.4;94025.8;23146.2
182;97778.2;-12932.4;94425.6;23248.6
183;97822.6;-12890.9;94468.3;23256.7
184;98020.1;-12604.9;94646.2;23306.1
185;97663.6;-13084.8;94320.6;23218.7
186;97540.0;-13243.5;94207.3;23195.1
187;97831.2;-12914.3;94481.1;23257.9
188;97756.3;-12973.8;94407.6;23245.1
189;97768.1;-12944.0;94416.2;23246.0
190;97666.1;-13082.5;94323.2;23219.5
191;97986.9;-12647.4;94615.4;23298.4
192;97795.2;-12906.7;94440.4;23250.8
193;98166.3;-12441.4;94785.6;23344.7
194;97968.8;-12701.5;94603.8;23296.3
195;97848.5;-12883.1;94496.5;23264.9
196;97245.2;-13614.7;93935.6;23118.6
197;97849.3;-12842.0;94490.7;23260.7
198;97805.4;-12896.2;94450.1;23251.9
199;97892.1;-12772.1;94528.6;23274.1
200;97961.3;-12699.2;94594.9;23293.0
201;97592.0;-13232.3;94262.5;23204.7
202;97893.3;-12791.7;94532.8;23274.3
203;97554.2;-13238.5;94222.1;23197.3
204;98184.2;-12370.2;94794.3;23345.8
205;97332.5;-13503.2;94015.9;23141.9
206;97195.9;-13727.7;93897.6;23105.8
207;97242.8;-13625.4;93934.2;23116.1
208;97450.9;-13361.4;94125.4;23167.3
209;97387.9;-13486.4;94074.1;23153.4
210;98181.5;-12388.1;94794.3;23346.8
211;97611.3;-13223.5;94282.5;23207.2
212;97327.3;-13514.5;94011.8;23140.7
213;97971.3;-12683.0;94603.8;23296.4
214;97542.3;-13290.6;94216.8;23196.7
215;97349.3;-13515.3;94036.3;23147.9
216;97912.7;-12755.8;94548.5;23275.4
217;97850.1;-12854.1;94494.0;23264.1
218;97593.2;-13185.9;94257.0;23203.9
219;98041.7;-12575.1;94665.8;23310.5
220;97737.4;-13022.1;94393.0;23237.8
221;98087.9;-12522.8;94709.6;23320.8
222;97826.7;-12860.5;94468.3;23256.7
223;98074.2;-12530.3;94695.9;23319.6
224;97731.5;-13031.5;94387.8;23236.4
225;97356.7;-13482.8;94039.6;23148.3
226;98312.9;-12251.6;94919.8;23372.7
227;97560.1;-13216.9;94225.4;23197.6
228;97644.1;-13117.1;94303.4;23213.9
229;97509.7;-13278.8;94179.1;23188.3
230;97643.6;-13113.9;94302.3;23213.8
231;97759.8;-12954.7;94408.6;23245.2
232;97752.2;-12963.0;94401.1;23242.3
233;97856.7;-12829.3;94497.5;23264.9
234;98141.2;-12463.5;94760.0;23333.4
235;97656.3;-13138.0;94320.5;23218.5
236;97351.3;-13501.1;94036.4;23148.0
237;97356.2;-13563.8;94051.1;23150.1
238;97525.9;-13257.8;94193.6;23191.0
239;97228.4;-13705.2;93929.9;23113.6
240;97894.5;-12783.1;94532.8;23274.4
241;97564.4;-13263.9;94237.1;23200.7
242;97612.0;-13225.4;94283.7;23207.5
243;97676.5;-13078.7;94334.2;23221.1
244;97309.0;-13552.3;93997.0;23135.5
245;97454.7;-13367.0;94130.8;23171.9
246;97862.1;-12817.8;94501.7;23265.2
247;97847.4;-12863.5;94491.9;23261.0
248;97589.1;-13187.2;94252.9;23203.7
249;98149.4;-12424.1;94763.3;23334.8
250;97336.2;-13519.0;94022.3;23143.5
251;97613.5;-13171.9;94277.3;23205.8
252;97640.5;-13121.7;94299.9;23212.2
253;96958.7;-14001.8;93674.3;23039.5
254;98177.8;-12387.6;94790.0;23345.4
255;97781.6;-13006.6;94440.4;23250.8
256;97409.6;-13418.7;94088.2;23157.0
257;98209.7;-12342.3;94818.6;23351.8
258;97845.9;-12853.1;94488.4;23259.3
259;97808.5;-12895.2;94453.3;23252.1
260;97544.4;-13232.0;94210.5;23195.3
261;97732.8;-13002.0;94384.7;23236.3
262;97279.9;-13576.0;93968.1;23124.7
263;97883.6;-12820.8;94526.4;23272.7
264;97599.9;-13209.9;94267.9;23205.2
265;97739.5;-13005.9;94393.1;23237.9
266;97994.3;-12681.9;94629.0;23300.2
267;97768.8;-12952.6;94418.2;23246.1
268;97758.6;-12992.8;94412.9;23245.6
269;97766.4;-12956.0;94416.1;23245.9
270;97491.6;-13356.0;94170.7;23186.6
271;97889.1;-12838.5;94534.9;23274.6
272;98065.6;-12565.1;94691.7;23319.3
273;97874.9;-12844.0;94519.9;23270.0
274;97915.4;-12776.0;94554.6;23277.6
275;97448.9;-13389.9;94127.6;23168.6
276;97450.5;-13377.6;94127.7;23169.8
277;97298.1;-13545.8;93984.3;23134.6
278;98005.7;-12619.5;94632.4;23301.8
279;97635.0;-13125.3;94294.6;23211.8
280;98037.9;-12595.1;94664.7;23310.3
281;97478.3;-13316.4;94150.0;23180.6
282;97583.9;-13248.5;94255.9;23203.8
283;97722.4;-13077.6;94384.6;23236.1
284;97925.7;-12736.2;94560.1;23279.4
285;97724.5;-13020.9;94378.1;23232.4
286;97750.1;-12977.5;94401.2;23243.5
287;97722.5;-13019.3;94375.5;23231.4
288;97738.5;-13042.6;94397.7;23240.8
289;97387.5;-13490.2;94074.1;23153.5
290;97730.6;-12998.6;94381.4;23232.8
291;97649.4;-13106.2;94307.5;23214.1
292;97665.8;-13113.2;94327.4;23219.9
293;97822.1;-12865.7;94464.1;23256.4
294;97514.4;-13322.3;94190.4;23189.7
295;97662.0;-13111.8;94323.0;23219.3
296;97625.0;-13144.3;94285.9;23207.8
297;97795.5;-12956.0;94448.1;23251.8
298;97883.4;-12807.5;94524.2;23272.5
299;97434.9;-13395.7;94112.5;23161.0
300;97844.8;-12861.5;94488.4;23259.4
301;98216.0;-12330.6;94823.8;23353.1
302;97290.6;-13560.2;93977.9;23129.9
303;97457.6;-13395.3;94138.3;23173.6
304;97448.3;-13394.5;94127.5;23168.5
305;97629.3;-13139.8;94290.2;23209.2
306;98090.9;-12514.2;94711.7;23320.9
307;97718.1;-13051.3;94375.4;23231.3
308;97513.5;-13278.8;94183.2;23188.4
309;97853.1;-12826.8;94493.0;23263.1
310;97543.8;-13264.2;94214.6;23196.5
311;97974.3;-12662.2;94603.9;23296.6
312;97765.9;-13002.0;94422.5;23248.5
313;98026.6;-12649.4;94660.5;23310.1
314;97526.0;-13263.9;94194.7;23191.1
315;98464.5;-12012.9;95054.4;23414.4
316;97889.7;-12818.9;94532.8;23274.4
317;97854.3;-12839.9;94496.4;23264.8
318;97667.3;-13109.9;94328.5;23220.0
319;97500.8;-13293.6;94171.8;23187.8
320;97444.8;-13420.6;94127.7;23169.8
321;97658.0;-13112.1;94318.3;23217.2
322;97475.0;-13324.1;94146.7;23175.3
323;97769.7;-12946.3;94418.2;23246.0
324;97454.3;-13420.7;94138.3;23173.7
325;97852.7;-12829.9;94492.9;23263.1
326;97934.2;-12722.3;94567.6;23282.1
327;97508.7;-13278.6;94178.1;23188.2
328;98000.1;-12638.2;94628.9;23300.0
329;97634.9;-13155.1;94298.8;23212.0
330;97986.1;-12646.9;94614.4;23297.3
331;97810.2;-12890.4;94454.4;23252.3
332;97963.5;-12741.8;94603.9;23296.6
333;97423.3;-13396.3;94099.8;23159.0
334;97661.4;-13101.5;94320.7;23218.8
335;98048.6;-12560.7;94671.4;23312.4
336;97537.4;-13263.0;94207.3;23195.1
337;97135.3;-13761.2;93835.5;23089.8
338;97158.6;-13740.1;93858.0;23093.9
339;97027.1;-13905.0;93736.5;23062.7
340;97122.1;-13793.6;93825.4;23085.1
341;97594.4;-13199.4;94260.3;23204.4
342;98014.6;-12619.5;94642.0;23303.8
343;97592.6;-13182.8;94255.9;23203.8
344;97782.0;-12926.1;94428.8;23248.8
345;97664.3;-13080.5;94320.6;23218.8
346;97723.1;-13014.3;94375.4;23231.2
347;97653.6;-13103.7;94311.8;23214.5
348;97652.3;-13099.6;94309.7;23214.4
349;97812.1;-12891.2;94456.7;23254.7
350;97373.5;-13457.2;94054.2;23150.2
351;97945.2;-12730.4;94581.4;23288.2
352;97925.3;-12738.7;94560.1;23279.3
353;97649.7;-13103.4;94307.4;23214.0
354;97890.0;-12781.6;94527.5;23273.0
355;97508.9;-13277.8;94178.1;23188.3
356;97555.9;-13269.4;94228.5;23198.8
357;97737.2;-13037.2;94395.4;23240.4
358;97648.4;-13113.4;94307.5;23214.0
359;97580.1;-13248.5;94251.8;23202.6
360;97523.7;-13259.5;94191.5;23190.9
361;97557.8;-13219.4;94223.2;23197.4
362;97922.9;-12784.7;94564.4;23280.8
363;97157.6;-13748.4;93857.9;23092.8
364;97786.4;-12942.4;94436.2;23250.5
365;97639.3;-13122.6;94298.8;23212.1
366;97875.5;-12808.8;94515.4;23269.3
367;97829.6;-12860.4;94471.4;23256.9
368;96961.6;-13987.6;93675.4;23040.7
369;97845.7;-12854.7;94488.4;23259.3
370;97774.4;-12982.2;94428.8;23248.9
371;97723.4;-13013.3;94375.5;23231.6
372;97579.4;-13209.6;94245.5;23202.2
373;97903.8;-12758.3;94539.2;23275.0
374;97594.4;-13192.5;94259.3;23204.4
375;98156.9;-12411.5;94769.6;23335.3
376;97839.3;-12854.0;94481.1;23257.9
377;98232.4;-12321.1;94840.7;23356.5
378;97474.3;-13345.0;94149.9;23180.5
379;97203.1;-13675.0;93897.7;23105.9
380;97874.8;-12794.1;94512.2;23268.1
381;97903.6;-12759.8;94539.2;23275.0
382;97722.0;-13024.6;94375.7;23231.8
383;97277.6;-13578.8;93965.9;23124.5
384;97587.2;-13195.0;94251.8;23202.6
385;97843.6;-12891.7;94491.9;23261.0
386;97648.5;-13113.2;94307.6;23214.2
387;97664.2;-13080.7;94320.6;23218.6
388;97648.8;-13124.9;94309.7;23214.4
389;97434.0;-13428.3;94116.8;23165.4
390;97562.8;-13218.0;94228.5;23198.9
391;97305.4;-13534.8;93990.5;23134.9
392;98132.8;-12446.6;94747.7;23328.9
393;97581.6;-13193.8;94245.4;23201.1
394;97818.7;-12870.2;94460.9;23255.1
395;97416.2;-13398.6;94092.5;23158.5
396;97889.3;-12778.5;94526.4;23272.7
397;97176.2;-13724.6;93875.0;23097.3
398;97925.3;-12738.7;94560.1;23279.4
399;97673.8;-13082.9;94331.7;23220.3
400;98225.4;-12316.8;94832.4;23355.0
401;97333.2;-13541.0;94022.3;23143.4
402;97729.7;-12998.2;94380.3;23232.7
403;97794.0;-12915.1;94440.4;23250.8
404;98003.1;-12645.5;94633.4;23301.9
405;97596.3;-13177.6;94259.1;23204.2
406;97720.5;-13085.9;94383.4;23233.9
407;97113.8;-13824.8;93820.9;23084.5
408;97460.1;-13377.1;94138.3;23173.6
409;97813.2;-12882.4;94456.6;23254.5
410;97970.2;-12689.6;94603.7;23296.2
411;97629.9;-13128.7;94289.2;23209.2
412;98208.1;-12359.5;94819.6;23352.9
413;98132.1;-12450.9;94747.6;23328.7
414;97663.6;-13116.1;94325.4;23219.8
415;97050.1;-13869.0;93756.9;23068.7
416;97199.4;-13694.3;93896.4;23104.4
417;97481.8;-13317.7;94154.0;23181.7
418;97970.3;-12690.1;94603.8;23296.4
419;97770.3;-12983.4;94424.6;23248.6
420;97125.6;-13789.3;93828.7;23086.6
421;97642.2;-13116.5;94300.9;23212.3
422;98083.4;-12555.1;94709.6;23320.7
423;97596.7;-13234.5;94267.9;23205.2
424;97489.7;-13322.9;94163.5;23183.3
425;98210.3;-12338.6;94818.6;23351.8
426;97719.1;-13061.0;94378.0;23232.2
427;97576.3;-13225.6;94244.3;23201.0
428;97788.3;-12921.4;94435.1;23250.4
429;97720.8;-13031.7;94375.5;23231.4
430;97593.3;-13186.1;94257.1;23204.1
431;98001.9;-12626.7;94629.1;23300.4
432;97972.9;-12671.2;94603.8;23296.4
433;97896.9;-12780.5;94535.0;23274.7
434;97663.7;-13085.1;94320.8;23218.9
435;97982.3;-12666.3;94613.2;23297.1
436;97665.7;-13122.0;94328.5;23220.0
437;97806.2;-12935.1;94456.8;23254.9
438;97948.6;-12747.2;94587.7;23289.8
439;97892.6;-12768.8;94528.6;23274.0
440;98144.2;-12441.0;94760.0;23333.4
441;97812.7;-12885.8;94456.6;23254.5
442;97231.3;-13642.0;93923.7;23112.4
443;97376.4;-13493.3;94062.5;23150.5
444;98032.2;-12586.5;94657.0;23308.3
445;97616.7;-13175.1;94281.4;23207.1
446;97785.5;-12993.0;94442.7;23251.2
447;97458.1;-13362.9;94134.0;23172.1
448;97940.8;-12756.0;94580.3;23288.1
449;97601.6;-13190.0;94266.7;23205.0
450;98050.0;-12562.8;94673.5;23313.5
451;97564.1;-13209.2;94228.6;23198.9
452;97970.4;-12690.1;94603.9;23296.5
453;97859.3;-12831.7;94500.7;23265.2
454;97502.1;-13290.8;94172.8;23187.9
455;97972.7;-12671.5;94603.6;23296.1
456;97447.6;-13378.0;94124.2;23167.1
457;97457.8;-13394.4;94138.4;23173.8
458;97869.5;-12847.0;94514.3;23268.2
459;97535.8;-13261.7;94205.2;23193.9
460;97540.5;-13290.0;94214.7;23196.6
461;97612.3;-13187.9;94278.3;23205.8
462;97414.3;-13456.5;94098.8;23159.0
463;97964.6;-12676.1;94594.9;23293.0
464;97841.6;-12899.9;94490.8;23260.9
465;97667.1;-13075.8;94323.2;23219.6
466;97659.4;-13115.5;94320.7;23218.8
467;97805.9;-12936.3;94456.6;23254.5
468;98124.4;-12507.4;94747.7;23328.9
469;97913.6;-12748.6;94548.4;23275.3
470;97567.1;-13209.1;94231.9;23200.4
471;97879.9;-12828.3;94523.1;23270.4
472;97662.8;-13090.5;94320.5;23218.6
473;97642.5;-13128.3;94303.4;23213.9
474;98160.2;-12420.4;94775.1;23338.9
475;97595.2;-13186.5;94259.2;23204.2
476;97580.2;-13197.1;94244.3;23201.0
477;97147.8;-13813.3;93856.8;23092.7
478;97297.0;-13626.8;93994.9;23135.4
479;97812.0;-12891.3;94456.6;23254.5
480;97512.0;-13290.2;94183.2;23188.4
481;97829.3;-12862.8;94471.5;23256.9
482;97385.4;-13506.4;94074.1;23153.5
483;97478.8;-13359.9;94157.2;23182.9
484;97862.1;-12811.3;94500.7;23265.2
485;98042.3;-12620.1;94673.5;23313.6
486;97849.8;-12837.8;94490.5;23260.5
487;97995.7;-12670.3;94628.9;23300.1
488;98113.1;-12489.7;94732.8;23326.6
489;97954.6;-12742.9;94593.8;23291.9
490;97448.6;-13362.2;94123.0;23166.7
491;97652.8;-13166.4;94320.7;23218.9
492;97846.2;-12883.5;94494.1;23264.3
493;97590.3;-13223.4;94259.3;23204.3
494;97813.5;-12880.4;94456.6;23254.5
495;97261.0;-13602.6;93951.3;23122.6
496;97464.9;-13341.8;94138.3;23173.6
497;97830.9;-12872.3;94474.6;23257.2
498;97090.6;-13826.5;93795.5;23079.5
499;97398.3;-13431.7;94077.2;23153.7
500;97679.0;-13060.0;94334.0;23220.7
501;97212.6;-13669.2;93907.2;23107.6
502;97717.8;-13071.7;94378.0;23232.3
503;97474.3;-13328.5;94146.7;23175.2
504;97624.7;-13146.9;94286.0;23208.0
505;97626.5;-13181.0;94293.5;23211.7
506;97748.5;-12983.1;94399.9;23241.1
507;97549.5;-13274.0;94222.1;23197.2
508;97733.3;-12991.0;94383.5;23234.9
509;97545.3;-13254.5;94214.6;23195.5
510;97828.4;-12933.6;94481.0;23257.7
511;98114.3;-12475.3;94731.7;23325.4
512;97746.3;-13005.7;94401.0;23242.2
513;97748.5;-12967.9;94397.6;23240.7
514;97376.3;-13458.3;94057.4;23150.5
515;97856.5;-12888.7;94506.0;23265.6
516;97483.1;-13335.7;94158.3;23183.1
517;97466.5;-13386.8;94146.6;23174.0
518;97834.5;-12889.1;94481.1;23257.8
519;97743.5;-13005.6;94397.8;23240.9
520;97962.5;-12747.6;94603.7;23296.3
521;98047.0;-12571.5;94671.3;23312.2
522;97556.2;-13260.5;94227.5;23197.7
523;97737.0;-13025.0;94393.0;23237.8
524;98132.5;-12448.2;94747.6;23328.7
525;97939.8;-12706.8;94571.8;23285.3
526;97869.5;-12832.9;94512.2;23268.0
527;98022.5;-12594.9;94647.4;23306.4
528;97532.1;-13323.6;94210.5;23195.4
529;97854.0;-12826.8;94494.1;23264.4
530;98037.8;-12602.5;94665.8;23310.5
531;98090.9;-12514.3;94711.7;23320.9
532;97467.2;-13381.8;94146.6;23174.1
533;97633.2;-13151.6;94296.6;23211.8
534;97794.9;-12923.6;94442.6;23251.1
535;97624.2;-13156.7;94287.1;23209.0
536;97601.7;-13174.1;94264.6;23204.9
537;97865.6;-12806.9;94503.8;23265.4
538;97607.2;-13190.9;94273.1;23205.6
539;97191.8;-13700.9;93889.2;23104.2
540;97782.6;-12986.4;94438.3;23250.7
541;97579.6;-13286.5;94257.1;23204.2
542;97500.7;-13288.2;94170.7;23186.7
543;97263.8;-13644.4;93960.5;23123.9
544;97944.1;-12739.4;94581.5;23288.3
545;97092.8;-13825.9;93797.7;23079.7
546;97224.8;-13647.5;93917.5;23111.1
547;97629.8;-13137.0;94290.3;23209.3
548;98005.9;-12617.9;94632.4;23301.8
549;98019.7;-12614.5;94647.5;23307.4
550;97372.3;-13524.5;94062.5;23150.7
551;97649.2;-13114.5;94308.7;23214.3
552;97284.8;-13573.0;93973.3;23128.1
553;97943.9;-12740.8;94581.4;23288.3
554;97288.1;-13578.6;93977.8;23129.8
555;97654.4;-13125.6;94316.2;23216.1
556;97957.2;-12684.5;94587.7;23289.7
557;97638.7;-13149.2;94302.0;23212.4
558;98045.4;-12618.4;94676.7;23313.8
559;97452.6;-13362.5;94127.7;23169.7
560;97784.5;-12985.9;94440.4;23250.8
561;97903.0;-12763.7;94539.2;23275.0
562;97660.4;-13095.5;94318.2;23216.1
563;98030.4;-12621.2;94660.5;23310.0
564;97835.6;-12879.7;94480.9;23257.6
565;97240.3;-13650.7;93935.4;23117.4
566;98719.6;-11625.5;95280.4;23464.8
567;97854.1;-12827.1;94494.3;23264.7
568;97727.1;-13050.9;94385.7;23236.3
569;97303.6;-13592.0;93996.9;23135.4
570;97728.2;-13015.9;94381.4;23232.8
571;97585.1;-13202.6;94250.6;23202.4
572;97849.1;-12863.4;94494.3;23264.6
573;97795.6;-12910.9;94441.4;23250.9
574;98159.1;-12421.8;94773.9;23337.7
575;97743.6;-12976.4;94393.2;23239.1
576;97829.0;-12864.8;94471.4;23256.8
577;97794.3;-12920.1;94441.5;23250.9
578;97657.3;-13105.0;94316.1;23214.9
579;97643.3;-13151.3;94307.6;23214.2
580;97974.1;-12662.2;94603.6;23296.1
581;97886.5;-12785.8;94524.2;23271.4
582;97532.6;-13271.1;94203.2;23193.8
583;97397.4;-13437.4;94077.1;23153.6
584;97662.4;-13109.8;94323.3;23219.6
585;97987.6;-12642.8;94615.5;23298.4
586;97673.6;-13091.1;94332.8;23220.5
587;98126.5;-12457.0;94742.4;23328.5
588;97482.8;-13317.1;94155.1;23181.7
589;97737.8;-13018.7;94393.2;23239.1
590;97025.1;-13913.0;93735.4;23061.5
591;97545.5;-13252.8;94214.6;23196.5
592;97622.5;-13147.7;94283.8;23207.6
593;97828.6;-12867.9;94471.4;23256.8
594;98116.4;-12466.6;94732.9;23326.7
595;97724.0;-13010.1;94375.7;23231.8
596;98046.2;-12583.1;94672.4;23313.4
597;97853.9;-12849.7;94497.5;23265.0
598;97939.4;-12736.2;94576.1;23287.8
599;97579.0;-13233.6;94248.5;23202.3
600;98025.9;-12654.1;94660.5;23310.0
601;97404.5;-13420.9;94082.7;23155.4
602;97819.4;-12885.5;94464.2;23256.4
603;97434.9;-13395.8;94112.5;23161.0
604;97556.0;-13285.2;94230.8;23199.2
605;97283.5;-13620.4;93979.0;23131.1
606;97551.1;-13319.6;94230.8;23199.2
607;97787.4;-12927.9;94435.2;23250.4
608;97666.2;-13082.2;94323.2;23219.6
609;97325.3;-13515.5;94009.7;23140.5
610;98053.0;-12568.4;94677.7;23314.8
611;97780.7;-12971.1;94434.0;23249.1
612;97946.3;-12715.7;94580.4;23288.2
613;97885.9;-12789.4;94524.2;23272.5
614;97526.1;-13262.4;94194.6;23191.1
615;97158.5;-13734.5;93856.9;23092.8
616;97446.0;-13381.6;94123.0;23166.8
617;98001.9;-12640.7;94631.3;23300.7
618;97407.1;-13415.9;94085.0;23156.8
619;97893.7;-12774.5;94530.7;23274.2
620;97539.3;-13255.6;94208.4;23195.2
621;97785.2;-12996.0;94442.7;23251.3
622;97186.3;-13724.8;93886.7;23103.4
623;97989.9;-12644.8;94618.5;23299.5
624;97673.5;-13078.2;94330.7;23220.2
625;97920.5;-12738.7;94554.7;23277.7
626;97747.7;-12988.7;94399.9;23241.1
627;97888.3;-12786.1;94526.4;23272.8
628;97663.7;-13084.8;94320.8;23218.9
629;97879.8;-12792.0;94517.7;23269.7
630;97285.4;-13568.1;93973.3;23128.1
631;97402.6;-13420.3;94080.6;23155.2
632;97876.8;-12793.5;94514.4;23268.3
633;97675.1;-13066.4;94330.7;23220.2
634;97632.2;-13190.7;94300.9;23212.3
635;97646.7;-13132.4;94308.6;23214.3
636;97822.0;-12888.8;94467.3;23256.7
637;97546.4;-13252.7;94215.7;23196.6
638;97819.6;-12934.3;94471.4;23256.8
639;97448.7;-13361.7;94123.0;23166.8
640;97592.0;-13224.5;94261.4;23204.5
641;97940.4;-12716.0;94574.1;23286.8
642;97953.7;-12775.6;94598.2;23294.5
643;97396.2;-13453.4;94078.4;23153.9
644;97896.5;-12782.9;94535.0;23274.7
645;97405.6;-13455.8;94089.2;23157.1
646;97877.6;-12793.8;94515.5;23269.5
647;97172.2;-13711.9;93868.6;23095.8
648;97389.4;-13475.8;94074.1;23153.5
649;97561.0;-13254.1;94231.9;23200.4
650;97654.5;-13097.1;94311.8;23214.6
651;98043.0;-12573.2;94667.0;23310.8
652;97920.1;-12755.3;94556.9;23279.0
653;98069.6;-12579.1;94698.1;23319.9
654;98001.5;-12629.5;94629.1;23300.3
655;97627.1;-13142.0;94288.2;23209.1
656;97632.4;-13123.5;94291.4;23210.5
657;97960.9;-12719.0;94597.2;23293.5
658;97723.0;-13023.8;94376.8;23231.9
659;97652.3;-13120.4;94313.0;23214.8
660;97329.0;-13521.4;94014.9;23141.9
661;97663.9;-13083.6;94320.7;23218.8
662;96960.0;-13992.8;93674.3;23039.6
663;97583.9;-13218.9;94251.7;23202.5
664;97426.0;-13405.5;94104.1;23159.4
665;97864.8;-12826.6;94505.9;23265.6
666;97580.4;-13195.8;94244.3;23201.0
667;97619.9;-13158.9;94282.5;23207.2
668;98023.4;-12644.0;94656.0;23308.2
669;97404.5;-13435.6;94085.1;23156.9
670;97776.9;-12941.7;94425.7;23248.7
671;97171.7;-13715.3;93868.6;23096.9
672;97733.0;-12993.3;94383.5;23234.9
673;97802.7;-12895.2;94447.0;23251.7
674;97909.6;-12757.1;94545.3;23275.1
675;97445.8;-13390.9;94124.3;23167.1
676;97782.0;-12925.7;94428.7;23248.8
677;97776.8;-12942.6;94425.7;23248.7
678;97673.9;-13096.7;94334.0;23220.7
679;97742.7;-12983.8;94393.3;23239.2
680;97812.8;-12886.1;94456.7;23254.8
681;97799.1;-12900.3;94443.8;23251.4
682;97417.2;-13441.1;94099.8;23159.0
683;97357.5;-13534.9;94047.9;23148.8
684;98338.4;-12167.2;94935.5;23377.9
685;98170.6;-12432.1;94788.8;23345.0
686;97313.0;-13530.4;93998.1;23135.6
687;97805.6;-12938.5;94456.6;23254.5
688;97850.0;-12854.8;94494.0;23264.2
689;97871.5;-12868.9;94519.8;23269.9
690;97744.0;-12973.0;94393.2;23239.0
691;97440.3;-13393.5;94118.9;23166.5
692;97647.2;-13122.4;94307.6;23214.2
693;97570.8;-13230.1;94239.2;23200.8
694;97740.8;-12996.7;94393.1;23237.9
695;97631.8;-13129.2;94291.4;23209.5
696;97659.8;-13099.3;94318.3;23217.3
697;97949.7;-12711.8;94583.5;23288.4
698;98005.6;-12620.6;94632.4;23301.8
699;97362.3;-13519.8;94051.2;23150.1
700;97587.4;-13185.7;94250.6;23202.4
701;97476.1;-13319.2;94147.8;23180.4
702;97995.3;-12689.0;94631.3;23300.7
703;97669.0;-13082.9;94326.4;23219.8
704;98039.9;-12624.3;94671.4;23312.3
705;97568.0;-13287.6;94244.4;23201.0
706;97717.9;-13053.9;94375.6;23231.6
707;97325.2;-13515.7;94009.7;23140.5
708;98021.8;-12600.3;94647.4;23306.3
709;97605.1;-13185.5;94270.0;23205.4
710;97283.8;-13602.2;93976.7;23129.6
711;97545.9;-13256.3;94215.7;23196.6
712;97070.3;-13874.6;93780.5;23076.1
713;97671.0;-13103.5;94331.8;23220.4
714;97724.3;-13091.3;94388.8;23236.4
715;97769.7;-12953.6;94419.3;23246.1
716;98060.2;-12558.0;94684.0;23315.3
717;97625.4;-13134.3;94284.9;23207.8
718;97891.6;-12775.5;94528.6;23274.0
719;97776.7;-12942.6;94425.6;23248.6
720;97647.9;-13116.6;94307.5;23214.0
721;97127.3;-13778.2;93828.9;23086.9
722;97927.0;-12760.9;94565.5;23281.9
723;97556.0;-13297.6;94233.0;23200.5
724;97718.3;-13050.4;94375.5;23231.5
725;97340.7;-13508.2;94025.8;23146.2
726;97769.7;-12946.3;94418.2;23246.0
727;97729.7;-13031.2;94385.8;23236.3
728;97717.3;-13059.1;94375.6;23231.7
729;97658.3;-13110.1;94318.3;23217.2
730;97965.4;-12683.7;94596.9;23293.1
731;97938.7;-12714.8;94571.8;23285.3
732;97874.0;-12814.1;94514.4;23268.3
733;98541.9;-11878.3;95120.2;23428.2
734;97541.2;-13285.3;94214.6;23195.5
735;97605.7;-13166.9;94267.8;23205.1
736;97415.8;-13415.6;94094.6;23158.7
737;97801.9;-12952.2;94454.3;23252.2
738;97512.6;-13292.0;94184.3;23189.6
739;96984.0;-13971.5;93697.7;23046.6
740;97351.8;-13526.9;94040.7;23148.4
741;97728.8;-13004.3;94380.2;23232.6
742;97946.6;-12720.5;94581.4;23288.2
743;97273.7;-13585.7;93962.6;23124.1
744;97534.4;-13292.2;94208.4;23195.2
745;97660.1;-13097.8;94318.2;23216.1
746;97501.3;-13289.9;94171.7;23187.7
747;97829.4;-12883.0;94474.7;23257.2
748;97721.3;-13026.8;94375.2;23231.1
749;97778.2;-12953.2;94428.7;23248.8
750;97500.7;-13294.2;94171.8;23187.8
751;98068.4;-12538.2;94690.6;23319.1
752;97678.2;-13066.9;94334.2;23221.1
753;98018.5;-12616.7;94646.3;23306.1
754;97584.7;-13241.6;94255.9;23203.8
755;97842.0;-12895.6;94490.5;23260.5
756;97518.1;-13294.1;94190.4;23189.8
757;97436.6;-13383.2;94112.5;23161.1
758;97509.1;-13276.2;94178.1;23188.3
759;97673.5;-13070.9;94329.6;23220.1
760;97638.8;-13149.1;94302.1;23212.5
761;98057.7;-12616.0;94690.6;23319.2
762;97383.6;-13446.8;94063.6;23151.8
763;97398.0;-13440.8;94078.5;23154.0
764;98108.0;-12527.5;94732.8;23326.5
765;97850.7;-12832.7;94490.8;23260.9
766;97172.9;-13728.1;93871.8;23097.2
767;97820.4;-12892.6;94466.2;23256.4
768;97746.7;-13039.4;94406.6;23244.1
769;97119.4;-13784.2;93820.9;23084.5
770;97604.6;-13175.5;94267.9;23205.3
771;97675.9;-13081.8;94334.0;23220.7
772;97870.7;-12844.5;94515.5;23269.4
773;97931.4;-12741.9;94567.6;23282.1
774;97734.1;-12991.1;94384.6;23236.1
775;97956.0;-12692.3;94587.7;23289.8
776;97659.3;-13091.2;94316.1;23215.0
777;97457.1;-13349.8;94130.9;23172.0
778;97440.9;-13376.8;94116.8;23165.4
779;97836.6;-12851.7;94477.8;23257.5
780;97157.2;-13743.0;93856.7;23092.5
781;97853.7;-12880.2;94501.7;23265.3
782;97394.3;-13460.6;94077.2;23153.7
783;97609.8;-13165.1;94272.1;23205.5
784;97820.4;-12913.7;94469.3;23256.7
785;97999.9;-12654.7;94631.2;23300.5
786;97151.8;-13790.2;93858.0;23093.9
787;97474.6;-13327.3;94146.6;23174.1
788;97717.1;-13069.6;94376.9;23232.1
789;97541.2;-13284.7;94214.6;23196.5
790;97903.9;-12799.3;94545.3;23275.1
791;97128.1;-13772.0;93828.8;23086.7
792;97793.2;-12907.9;94438.3;23250.6
793;97802.8;-12922.8;94451.2;23252.0
794;97724.9;-13011.0;94376.9;23232.1
795;97967.7;-12709.7;94603.6;23296.2
796;97353.6;-13490.5;94037.4;23148.1
797;97974.9;-12657.2;94603.7;23296.3
798;97508.5;-13280.7;94178.1;23188.3
799;97874.3;-12811.7;94514.4;23268.3
800;97613.9;-13204.5;94282.6;23207.3
801;97891.3;-12791.9;94530.6;23274.2
802;97878.7;-12844.4;94524.2;23271.4
803;97279.7;-13647.5;93979.0;23131.1
804;97656.9;-13100.7;94315.0;23214.8
805;97665.7;-13084.4;94322.9;23219.1
806;97638.6;-13127.5;94298.8;23212.0
807;97488.1;-13305.5;94159.3;23183.2
808;98149.2;-12482.7;94771.9;23335.6
809;97752.5;-12959.5;94401.2;23243.5
810;98065.5;-12580.4;94693.8;23319.5
811;97553.5;-13229.6;94220.0;23197.1
812;97405.6;-13420.2;94083.9;23155.6
813;97743.4;-12977.9;94393.1;23237.9
814;97556.9;-13218.7;94222.1;23197.2
815;98304.7;-12214.2;94905.0;23368.5
816;97757.3;-12973.2;94408.7;23245.2
817;97977.7;-12708.0;94614.3;23297.2
818;97641.2;-13124.5;94301.0;23212.3
819;97616.2;-13186.3;94282.5;23207.2
820;97667.6;-13130.2;94331.8;23220.4
821;97790.6;-12925.9;94438.2;23250.5
822;97902.2;-12762.5;94538.1;23274.9
823;97659.5;-13109.0;94319.5;23217.5
824;97514.6;-13320.8;94190.4;23189.7
825;97404.8;-13425.9;94083.8;23155.5
826;97658.2;-13141.6;94323.1;23219.4
827;97835.4;-12910.6;94485.3;23258.1
828;97813.8;-12878.6;94456.7;23254.7
829;97677.4;-13071.6;94334.0;23220.7
830;97548.9;-13226.8;94214.6;23196.5
831;97734.6;-13043.8;94393.3;23239.2
832;97843.6;-12842.4;94484.2;23258.1
833;97672.5;-13085.3;94330.7;23220.3
834;97739.3;-12981.5;94388.8;23236.4
835;97656.2;-13113.0;94316.1;23214.9
836;97922.0;-12755.3;94559.1;23279.3
837;97592.4;-13184.3;94255.9;23203.8
838;97747.3;-12978.5;94397.8;23241.0
839;97795.3;-12926.7;94443.8;23251.3
840;97876.6;-12795.5;94514.4;23268.3
841;98062.1;-12544.2;94684.0;23315.3
842;97862.7;-12813.6;94501.7;23265.2
843;97849.9;-12837.4;94490.6;23260.6
844;97286.9;-13593.7;93978.9;23130.9
845;97845.3;-12871.8;94490.7;23260.8
846;98272.9;-12255.1;94875.8;23364.6
847;97458.6;-13387.7;94138.3;23173.6
848;97416.2;-13398.3;94092.5;23158.6
849;97642.0;-13125.5;94302.1;23212.5
850;97947.3;-12736.8;94584.6;23288.5
851;97833.1;-12856.2;94474.6;23257.1
852;97578.2;-13211.3;94244.4;23201.0
853;97676.1;-13065.9;94331.7;23220.3
854;97960.8;-12691.2;94592.8;23290.8
855;97861.0;-12812.5;94499.7;23265.2
856;98310.3;-12221.3;94912.5;23372.3
857;97935.5;-12795.1;94580.3;23288.1
858;97781.5;-12980.0;94436.2;23250.5
859;97842.0;-12903.8;94491.8;23261.0
860;97613.5;-13158.4;94275.2;23205.7
861;97428.7;-13386.0;94104.1;23159.5
862;97746.0;-12986.3;94397.7;23240.7
863;97813.1;-12932.3;94464.1;23256.4
864;97311.5;-13534.1;93997.0;23135.5
865;97565.1;-13216.4;94230.7;23199.1
866;97602.8;-13189.1;94267.9;23205.3
867;97765.7;-12947.4;94414.0;23245.6
868;97632.8;-13134.4;94293.5;23211.6
869;97802.5;-12948.1;94454.5;23252.4
870;97733.7;-12994.7;94384.6;23236.1
871;97962.9;-12702.2;94597.1;23293.3
872;97208.3;-13707.1;93908.3;23108.8
873;98102.2;-12500.1;94722.2;23322.6
874;98044.0;-12565.6;94666.9;23310.7
875;97727.1;-13001.8;94377.9;23232.2
876;97857.1;-12818.9;94496.3;23264.7
877;97846.7;-12860.9;94490.7;23260.8
878;97488.8;-13350.4;94166.6;23184.5
879;97746.4;-12976.4;94396.6;23240.5
880;97883.7;-12800.8;94523.1;23270.4
881;97776.6;-12937.1;94424.6;23248.6
882;97958.7;-12733.0;94597.0;23293.1
883;97726.7;-13038.3;94383.6;23236.1
884;97722.8;-13055.7;94381.4;23232.8
885;97485.5;-13310.4;94157.2;23182.9
886;97607.2;-13163.0;94269.0;23205.4
887;97582.2;-13224.6;94250.6;23202.4
888;98116.0;-12469.7;94732.9;23326.6
889;97758.9;-12954.3;94407.6;23245.1
890;97418.0;-13435.3;94099.8;23159.0
891;97797.8;-12909.6;94443.8;23251.5
892;97649.1;-13107.6;94307.5;23214.0
893;96881.2;-14134.7;93608.3;23023.9
894;97819.5;-12871.7;94462.0;23255.1
895;97273.2;-13596.4;93963.7;23124.2
896;97845.5;-12849.7;94487.3;23258.2
897;97432.4;-13400.5;94110.4;23159.8
898;97284.7;-13617.5;93980.1;23132.2
899;97820.8;-12875.7;94464.2;23256.4
900;97286.4;-13575.7;93975.5;23129.5
901;97585.3;-13208.3;94251.8;23203.7
902;97749.7;-12980.7;94401.1;23242.4
903;97851.3;-12834.7;94491.8;23260.9
904;97878.0;-12805.8;94517.7;23269.7
905;97670.7;-13098.2;94330.7;23220.3
906;97463.8;-13349.3;94138.2;23173.6
907;98178.8;-12379.9;94789.8;23345.1
908;97542.6;-13245.6;94210.5;23195.3
909;98140.8;-12467.4;94760.2;23333.6
910;97588.4;-13186.1;94251.7;23202.6
911;97984.0;-12667.5;94615.5;23298.4
912;97967.6;-12675.9;94598.2;23293.5
913;97407.6;-13426.3;94087.1;23157.0
914;97785.0;-12960.4;94437.2;23250.5
915;97874.1;-12850.2;94519.8;23269.9
916;97865.4;-12849.3;94510.0;23266.8
917;97642.3;-13130.0;94303.4;23213.9
918;97761.7;-13025.5;94421.5;23248.4
919;97600.5;-13176.2;94263.6;23204.8
920;97374.3;-13452.3;94054.3;23150.3
921;97939.2;-12724.8;94574.0;23286.7
922;97550.0;-13277.3;94223.2;23197.3
923;98025.2;-12651.9;94659.4;23309.9
924;97849.4;-12841.5;94490.7;23260.7
925;97449.4;-13365.7;94124.4;23167.3
926;97653.8;-13109.0;94312.9;23214.7
927;97626.9;-13136.3;94287.1;23209.1
928;97448.4;-13393.1;94127.7;23169.7
929;97821.4;-12886.1;94466.3;23256.7
930;97579.5;-13202.7;94244.3;23201.0
931;98093.0;-12512.9;94713.9;23321.1
932;97909.7;-12756.1;94545.3;23275.1
933;97452.8;-13360.9;94127.6;23168.5
934;97675.9;-13081.8;94334.0;23220.7
935;97635.2;-13168.0;94301.0;23212.3
936;97267.8;-13621.4;93961.5;23123.9
937;97929.1;-12724.1;94562.3;23280.6
938;97924.2;-12781.5;94565.5;23282.0
939;97925.4;-12738.5;94560.2;23279.5
940;97581.5;-13236.7;94251.6;23202.5
941;97967.7;-12669.1;94597.2;23293.5
942;97638.9;-13148.9;94302.2;23212.6
943;97930.8;-12725.8;94564.3;23280.7
944;98144.0;-12470.4;94764.3;23334.8
945;97744.2;-12971.4;94393.2;23239.0
946;97301.1;-13595.3;93994.6;23135.0
947;97621.7;-13146.6;94282.7;23207.4
948;97846.3;-12884.3;94494.2;23264.5
949;98004.0;-12625.7;94631.3;23300.6
950;97382.7;-13497.9;94069.8;23152.1
951;97645.9;-13131.4;94307.5;23214.0
952;97747.2;-13028.3;94405.5;23244.0
953;97807.1;-12913.0;94454.3;23252.2
954;97924.0;-12740.4;94559.0;23279.2
955;97437.8;-13375.2;94112.6;23161.1
956;97583.4;-13273.3;94259.1;23204.2
957;97948.0;-12703.8;94580.4;23288.2
958;97796.6;-12911.6;94442.7;23251.3
959;97808.7;-12914.5;94456.5;23254.5
960;97972.1;-12678.1;94604.0;23296.7
961;97733.4;-12997.0;94384.7;23236.2
962;97830.9;-12872.3;94474.6;23257.2
963;97620.2;-13157.7;94282.7;23207.5
964;97322.5;-13549.3;94011.7;23140.6
965;97336.1;-13520.6;94022.5;23143.7
966;97728.6;-13006.1;94380.3;23232.6
967;97638.2;-13161.1;94303.4;23213.9
968;97524.8;-13286.4;94196.8;23191.3
969;97777.8;-12935.3;94425.7;23248.7
970;97450.3;-13366.3;94125.4;23167.3
971;97737.9;-12991.2;94388.8;23236.4
972;97676.1;-13080.4;94333.9;23220.7
973;97451.1;-13428.6;94136.1;23172.4
974;97076.7;-13835.1;93781.6;23076.2
975;98049.7;-12558.4;94672.5;23313.5
976;97779.3;-12924.2;94425.7;23248.7
977;96999.3;-13947.4;93711.2;23051.3
978;97594.1;-13179.5;94257.1;23204.1
979;97796.2;-12920.7;94443.7;23251.3
980;97634.2;-13175.5;94300.9;23212.3
981;97844.6;-12856.6;94487.4;23258.2
982;97429.0;-13403.8;94107.2;23159.6
983;97748.4;-12969.0;94397.7;23240.8
984;97672.3;-13073.0;94328.5;23219.9
985;97645.3;-13136.3;94307.6;23214.2
986;97640.0;-13140.3;94302.0;23212.4
987;97749.9;-12979.2;94401.0;23242.3
988;97927.7;-12734.7;94562.3;23280.6
989;97564.9;-13210.3;94229.6;23198.9
990;97595.0;-13201.7;94261.4;23204.5
991;97746.2;-12970.8;94395.5;23240.5
992;97654.9;-13149.0;94320.5;23218.5
993;97792.5;-12941.6;94442.6;23251.2
994;97875.8;-12793.6;94513.3;23268.1
995;98020.0;-12605.7;94646.2;23306.1
996;97662.3;-13094.0;94320.6;23218.6
997;97083.1;-13829.5;93787.9;23077.6
998;97664.1;-13097.2;94323.2;23219.6
999;97789.4;-12920.6;94436.2;23250.5
1000;97648.0;-13116.1;94307.5;23214.1
