CASO;pATIVA;pREATIVA;dATIVA;dREATIVA
1;101999.7;-5692.0;98205.5;24240.8
2;96106.3;-15053.4;92888.3;22842.0
3;96230.6;-15439.3;93091.3;22892.5
4;94917.5;-16711.7;91781.5;22546.1
5;99856.4;-10434.6;96397.0;23775.5
8;95661.4;-16102.6;92535.5;22745.4
9;98449.3;-12333.6;95090.5;23421.6
10;96979.9;-14243.2;93738.7;23064.0
11;101579.5;-6652.5;97819.9;24134.2
13;96844.5;-14140.4;93568.8;23016.2
14;96640.5;-14730.2;93434.4;22979.9
15;100680.7;-8464.6;97033.3;23926.1
16;94822.6;-17096.4;91726.0;22531.7
17;97209.1;-13680.4;93905.2;23107.5
18;95418.2;-16003.7;92247.5;22668.7
19;97763.8;-13192.4;94451.2;23251.9
20;99208.6;-10923.9;95723.6;23579.6
21;94806.9;-17229.4;91724.9;22531.6
22;100709.2;-8484.0;97069.6;23935.1
23;100054.3;-9583.0;96479.3;23791.2
24;98943.6;-11633.0;95536.7;23530.8
25;100028.2;-9758.0;96477.2;23791.1
26;95904.8;-15363.9;92709.9;22797.0
27;97319.8;-13727.2;94037.4;23148.1
28;95208.4;-16752.6;92113.1;22636.2
29;96918.4;-14464.9;93704.0;23050.0
30;99062.4;-11187.6;95599.2;23546.3
31;95882.1;-15410.5;92690.7;22791.2
32;96668.3;-14330.2;93402.5;22973.2
33;95801.4;-16079.3;92701.4;22795.2
34;95505.2;-15873.6;92328.9;22694.2
35;95949.1;-15218.8;92737.9;22805.7
36;97664.2;-13074.2;94319.4;23217.4
37;94806.5;-16877.3;91679.1;22514.6
38;98236.7;-12573.2;94887.4;23367.6
39;102122.7;-5140.4;98280.3;24261.0
40;99636.8;-10240.1;96105.0;23691.2
41;97146.7;-13853.1;93862.3;23095.4
42;95399.7;-16040.8;92230.9;22660.4
43;95670.9;-16219.9;92565.8;22754.6
44;102231.4;-4727.4;98364.8;24283.7
45;97830.4;-12846.6;94470.4;23256.7
46;96019.4;-15257.7;92822.3;22829.4
47;98175.7;-12374.2;94785.6;23344.8
49;97953.9;-12957.0;94629.0;23300.2
50;99293.9;-10781.4;95798.8;23605.3
51;98464.9;-11972.0;95048.0;23410.8
52;96750.0;-14375.3;93501.2;23001.8
53;94718.6;-17189.2;91618.8;22500.5
54;96772.9;-14251.7;93506.7;23002.4
55;97128.9;-13765.6;93828.8;23086.7
56;99217.0;-10891.5;95728.1;23581.3
57;99851.1;-10150.2;96335.8;23751.5
58;100127.8;-9469.9;96544.8;23804.7
59;98422.1;-12035.3;95010.1;23401.9
60;99900.3;-10378.5;96438.3;23783.2
61;95716.4;-15738.2;92547.6;22750.0
62;100986.3;-7945.1;97312.8;24004.8
63;99028.8;-11200.8;95563.0;23538.9
64;96906.5;-14054.1;93624.4;23027.5
65;98854.9;-11999.7;95501.0;23521.1
66;97487.5;-13310.1;94159.3;23183.2
67;100622.2;-8827.9;97024.1;23925.7
68;101615.4;-7005.9;97936.2;24177.4
70;94094.5;-18010.0;91013.5;22346.7
72;96383.9;-14671.6;93140.0;22903.5
73;98065.2;-12669.3;94707.4;23320.4
74;99987.9;-9694.3;96421.2;23781.5
75;98440.1;-12354.9;95084.1;23420.9
77;96774.1;-14831.7;93608.2;23022.7
78;99862.8;-9942.8;96315.4;23745.4
79;98274.8;-12242.3;94875.8;23364.8
80;99578.2;-10921.4;96155.5;23706.0
81;97083.4;-13894.2;93797.8;23080.8
82;97140.3;-13787.6;93845.0;23091.5
83;98164.1;-12391.9;94775.0;23338.9
84;98763.9;-11555.7;95319.3;23474.6
85;98169.1;-12536.1;94803.6;23349.4
86;97921.9;-13146.2;94624.8;23300.0
87;95951.3;-15208.8;92739.0;22805.9
88;98672.0;-11684.7;95236.1;23456.2
89;97976.7;-12819.9;94631.2;23300.5
90;100665.4;-8489.8;97019.8;23924.3
91;100861.9;-8127.0;97193.7;23970.1
92;98160.5;-12400.4;94771.9;23335.6
93;96716.0;-14287.6;93448.8;22985.8
94;96033.7;-15097.6;92815.0;22829.0
95;98706.9;-12145.8;95354.0;23482.3
96;97887.6;-12772.1;94523.1;23270.3
97;96788.4;-14195.6;93515.5;23004.6
98;97797.7;-12982.6;94454.3;23252.2
99;96093.8;-15029.9;92871.0;22838.2
100;99404.8;-11245.9;96009.7;23658.8
101;96536.9;-14491.5;93281.8;22940.1
102;100926.9;-7991.1;97250.6;23991.7
103;98678.8;-12046.1;95303.4;23472.3
104;99238.4;-10862.2;95747.9;23587.6
105;94844.8;-16952.8;91731.8;22534.9
106;98118.5;-12445.4;94731.7;23325.4
107;99634.5;-10235.0;96101.9;23690.9
108;95218.6;-16293.8;92063.2;22623.0
109;96959.4;-14222.7;93711.2;23051.3
110;97749.4;-13163.9;94429.8;23248.9
111;94138.6;-18087.1;91072.7;22363.4
112;98469.0;-12165.1;95084.0;23420.8
113;99856.4;-10227.5;96355.6;23755.9
114;95431.2;-16228.7;92292.5;22684.9
115;98583.4;-11921.6;95172.6;23435.9
116;94279.1;-17933.2;91214.4;22401.3
117;97564.6;-13445.0;94266.6;23204.9
119;100644.5;-8508.4;96998.9;23919.8
120;98674.8;-12135.7;95315.1;23474.4
121;97583.4;-13507.7;94298.7;23211.9
122;95681.8;-15602.7;92491.2;22738.2
123;101028.8;-7940.0;97362.1;24014.6
126;100957.8;-7924.4;97276.9;23997.8
127;102044.1;-5378.6;98212.9;24242.3
128;98509.1;-12246.4;95142.9;23432.3
129;94608.1;-17189.4;91494.1;22465.8
130;99849.5;-10442.2;96389.7;23774.1
131;97184.9;-13742.8;93887.9;23103.7
132;96100.0;-15219.4;92905.5;22845.7
134;99125.1;-11027.7;95645.7;23563.3
135;99764.1;-10120.1;96231.2;23725.8
136;96086.5;-15041.0;92864.4;22837.4
137;98967.9;-11714.7;95581.0;23541.4
138;94734.1;-16986.5;91611.5;22500.1
139;99799.9;-9990.1;96251.3;23730.5
140;97813.7;-12879.5;94456.8;23254.8
141;97108.6;-14214.6;93879.1;23101.5
142;97402.3;-13507.6;94093.6;23158.6
143;99878.4;-10343.7;96405.4;23777.2
144;99551.7;-10967.2;96133.1;23700.9
145;99074.0;-11087.6;95597.1;23546.2
146;98036.8;-12567.6;94659.4;23309.8
147;97889.4;-12765.3;94524.1;23270.4
148;99267.1;-10978.2;95800.0;23605.5
149;98282.8;-12230.5;94883.2;23366.2
150;99477.7;-10497.0;95962.8;23646.9
151;96880.9;-14085.6;93600.6;23021.9
153;100408.6;-9059.6;96807.4;23871.6
155;98846.2;-11440.7;95394.2;23493.8
156;97423.3;-13389.6;94098.8;23159.0
157;97321.5;-13509.6;94004.4;23137.2
158;97352.0;-13573.4;94048.0;23149.9
159;97750.6;-12952.6;94397.7;23240.7
160;94761.9;-17148.3;91662.3;22511.4
161;96285.7;-15201.7;93112.0;22898.8
162;95120.0;-16433.2;91971.1;22598.9
163;98305.0;-12373.4;94930.3;23376.5
164;96842.0;-14521.1;93626.7;23027.8
165;98977.9;-11255.0;95513.8;23525.4
166;97206.9;-13661.8;93899.8;23106.0
167;100286.5;-9197.3;96685.4;23836.9
168;98235.8;-12296.9;94840.7;23356.5
171;96017.2;-15125.0;92799.8;22820.2
172;99940.3;-10342.2;96479.3;23791.2
174;97033.5;-13883.9;93740.8;23066.1
175;97788.4;-13047.2;94454.4;23252.2
176;97038.1;-14160.0;93791.2;23078.9
177;101228.6;-7421.0;97516.5;24052.9
178;96917.6;-14153.3;93652.1;23034.8
179;99432.6;-10786.3;95957.5;23644.4
180;96850.4;-14118.2;93572.2;23017.8
181;94421.6;-17463.9;91319.4;22424.0
182;98499.2;-11925.2;95079.8;23419.5
183;98975.6;-11422.7;95537.8;23531.0
184;101114.5;-7644.5;97416.3;24030.1
185;97400.2;-13418.0;94077.3;23153.7
186;96102.3;-15022.5;92879.4;22839.8
187;99067.3;-11557.6;95670.2;23569.6
188;98288.0;-12353.4;94908.2;23370.9
189;98413.0;-12045.7;95001.5;23398.9
190;97501.5;-13282.4;94170.7;23186.7
191;100768.2;-8305.3;97110.3;23944.0
192;98650.2;-11724.5;95217.0;23449.6
194;100575.8;-8923.4;96984.7;23914.9
195;99341.3;-11100.6;95906.9;23632.4
197;99259.3;-10829.7;95767.0;23594.4
198;98795.9;-11514.1;95348.6;23480.6
199;99826.1;-9944.9;96274.4;23736.2
200;100416.4;-9086.6;96821.1;23874.7
201;96594.0;-14795.0;93392.9;22970.3
202;99827.5;-10117.6;96303.0;23740.7
203;96228.4;-14928.1;93006.0;22870.0
205;94256.4;-17728.4;91165.0;22388.5
208;95391.7;-16050.3;92223.5;22659.7
209;94742.9;-17393.8;91672.8;22512.1
211;96749.9;-14757.4;93563.1;23015.3
212;94233.5;-17771.2;91144.1;22383.9
213;100606.4;-8726.1;96988.1;23915.6
214;96095.5;-15466.7;92939.2;22856.6
215;94481.6;-17679.4;91412.6;22445.7
216;99989.0;-9685.5;96421.2;23781.4
217;99274.0;-11006.2;95812.6;23608.5
218;96563.6;-14467.6;93307.7;22947.8
219;101426.9;-6984.9;97687.9;24101.5
220;97972.4;-12932.4;94646.2;23306.1
221;101988.1;-5685.1;98188.7;24236.5
222;99007.0;-11197.8;95537.8;23530.9
223;101829.6;-6007.1;98034.4;24198.2
224;97924.1;-12999.5;94602.5;23296.0
225;94554.5;-17280.1;91445.6;22456.9
227;96284.2;-14783.5;93047.6;22884.6
228;97152.3;-13735.4;93850.3;23091.8
229;95880.4;-15303.6;92673.3;22787.3
230;97138.0;-13749.1;93836.6;23089.9
231;98314.5;-12190.9;94912.5;23372.3
232;98207.1;-12334.5;94814.1;23350.1
233;99419.5;-10586.2;95911.2;23633.8
234;102475.8;-4041.0;98605.5;24341.2
235;97306.7;-13851.8;94043.8;23148.6
236;94500.3;-17557.9;91418.3;22447.6
238;95966.8;-15186.6;92752.8;22808.0
240;99858.9;-9942.6;96311.1;23744.9
241;96330.1;-15155.8;93155.0;22906.0
242;96782.6;-14752.9;93599.5;23021.7
243;97672.7;-13105.5;94334.0;23220.7
244;94074.3;-18189.6;91011.5;22346.6
245;95450.1;-16027.7;92287.2;22683.5
246;99457.7;-10523.8;95944.9;23642.4
247;99256.3;-11053.7;95800.0;23605.5
248;96543.1;-14491.6;93288.4;22941.0
250;94306.9;-17812.4;91231.6;22403.9
251;96771.7;-14313.6;93515.3;23004.4
252;97075.6;-13829.2;93779.5;23076.0
255;98522.1;-12522.6;95208.6;23449.0
256;94980.9;-16641.3;91843.2;22562.8
258;99204.6;-10975.4;95727.0;23581.1
259;98820.2;-11479.8;95370.7;23486.5
260;96123.7;-14986.3;92898.0;22844.1
261;97966.8;-12674.3;94597.1;23293.3
263;99729.6;-10402.1;96238.5;23727.2
264;96670.1;-14622.6;93450.9;22986.0
265;98000.8;-12790.0;94653.9;23308.1
266;100799.8;-8605.8;97200.1;23970.6
267;98418.0;-12057.6;95009.0;23401.7
268;98307.8;-12500.2;94956.1;23385.2
269;98389.6;-12147.4;94990.9;23397.1
270;95716.9;-16055.0;92594.0;22766.8
271;99792.0;-10515.3;96332.4;23749.0
272;101743.2;-6494.6;98004.7;24192.5
273;99619.6;-10631.4;96150.1;23705.4
274;99962.3;-9969.4;96436.3;23783.1
275;95381.3;-16321.3;92247.6;22668.8
276;95423.2;-16152.7;92273.2;22679.0
277;93981.8;-18189.1;90907.6;22324.7
278;100947.2;-7943.9;97267.5;23996.1
279;97024.0;-13898.7;93732.0;23060.9
280;101375.5;-7246.7;97668.1;24099.2
281;95673.0;-15607.1;92482.1;22736.7
282;96476.8;-15027.8;93299.3;22943.2
283;97834.0;-13402.3;94567.6;23282.1
284;100096.3;-9515.5;96516.6;23799.9
285;97848.5;-12848.2;94490.8;23260.8
286;98216.6;-12381.4;94832.4;23355.0
287;97746.3;-12977.4;94396.6;23240.5
288;98054.8;-13013.9;94754.8;23332.0
289;94746.7;-17416.2;91680.2;22514.7
290;97893.8;-12759.8;94528.6;23274.0
291;97184.3;-13689.9;93879.1;23101.5
292;97512.6;-13511.8;94220.0;23197.1
293;98976.5;-11244.2;95510.5;23523.8
294;95866.7;-15715.7;92716.4;22798.6
295;97427.8;-13576.2;94134.1;23172.3
296;96906.6;-14053.9;93624.6;23027.7
297;98719.9;-12004.2;95343.2;23480.0
298;99723.6;-10286.9;96212.2;23724.3
299;95202.8;-16396.4;92058.9;22622.6
300;99187.9;-11093.8;95727.0;23581.2
302;93907.1;-18325.4;90838.1;22307.1
303;95474.8;-16334.1;92356.3;22701.7
304;95370.0;-16367.1;92241.1;22666.0
305;96960.5;-13989.3;93674.3;23039.6
306;102020.4;-5490.8;98200.4;24240.5
307;97698.4;-13289.2;94393.1;23237.9
308;95890.4;-15291.7;92683.2;22790.5
309;99306.1;-10754.0;95808.4;23607.2
310;96100.9;-15263.4;92913.1;22848.7
311;100645.1;-8520.3;97001.1;23920.2
312;98387.0;-12552.8;95057.7;23414.9
313;101275.1;-7824.9;97648.8;24090.2
314;95974.9;-15185.6;92761.5;22811.0
316;99796.5;-10345.9;96306.0;23740.8
317;99379.2;-10744.1;95890.4;23630.5
318;97526.8;-13483.9;94230.9;23199.3
319;95813.9;-15411.1;92613.2;22770.5
320;95368.6;-16593.6;92273.2;22679.0
321;97302.2;-13674.3;94008.5;23139.3
322;95629.1;-15652.8;92439.7;22729.2
323;98415.8;-12047.1;95004.7;23399.3
324;95454.9;-16539.2;92367.0;22705.6
325;99300.1;-10764.4;95803.3;23606.0
326;100205.0;-9341.5;96612.8;23820.3
327;95863.1;-15332.3;92657.4;22779.9
328;100851.4;-8151.1;97185.0;23968.9
329;97022.2;-14118.9;93765.4;23069.4
330;100754.5;-8324.5;97097.8;23943.0
331;98840.4;-11448.4;95388.8;23492.2
332;100532.2;-9277.1;97000.0;23920.0
333;95119.7;-16435.6;91971.1;22598.9
334;97393.1;-13512.0;94083.8;23155.5
335;101552.2;-6703.4;97795.7;24131.3
336;96075.0;-15210.8;92876.3;22839.6
341;96602.2;-14573.7;93367.2;22962.9
342;101069.3;-7737.4;97377.6;24017.4
343;96544.6;-14487.9;93289.6;22941.2
344;98518.5;-11897.4;95097.1;23423.5
345;97401.0;-13411.9;94077.3;23153.9
346;97732.5;-12992.2;94382.4;23232.9
347;97234.9;-13628.9;93925.8;23112.4
348;97209.4;-13649.1;93900.9;23107.1
349;98893.8;-11380.7;95438.6;23505.7
350;94667.7;-17096.4;91550.1;22482.5
351;100308.5;-9370.2;96741.1;23855.3
352;100093.5;-9527.8;96515.5;23799.7
353;97160.6;-13718.2;93856.8;23092.7
354;99810.1;-9975.1;96260.7;23733.2
355;95880.6;-15300.6;92673.1;22787.0
356;96247.8;-15197.4;93068.9;22888.5
357;98000.3;-13039.1;94696.9;23319.7
358;97172.3;-13711.0;93868.5;23095.7
359;96458.5;-15012.2;93276.6;22939.8
360;95949.1;-15202.2;92735.7;22805.5
361;96252.0;-14825.1;93017.8;22877.0
362;100074.9;-9973.7;96567.7;23809.2
364;98572.3;-12043.2;95179.8;23439.2
365;97062.5;-13850.5;93767.7;23070.8
366;99598.7;-10330.7;96076.3;23686.5
367;99041.9;-11154.3;95570.3;23539.3
369;99199.7;-11009.4;95726.8;23580.9
370;98455.0;-12357.6;95101.2;23423.6
371;97755.7;-12950.8;94403.3;23243.7
372;96462.3;-14657.3;93223.5;22920.4
373;99935.4;-9771.7;96372.5;23764.2
374;96614.0;-14473.9;93364.0;22962.6
376;99153.4;-10984.6;95671.4;23570.0
378;95636.0;-15860.7;92474.5;22735.9
380;99581.4;-10315.1;96053.7;23680.0
381;99933.8;-9776.2;96371.4;23764.1
382;97782.3;-12973.6;94436.2;23250.5
384;96532.1;-14506.4;93278.7;22940.0
385;99219.7;-11293.3;95799.9;23605.4
386;97187.4;-13689.3;93882.4;23103.0
387;97384.9;-13430.0;94062.5;23150.5
388;97185.1;-13805.1;93897.7;23105.9
389;95215.7;-16725.1;92117.4;22637.7
390;96318.0;-14751.8;93079.6;22889.4
391;94025.6;-18121.4;90948.2;22329.2
392;102466.2;-3732.0;98549.9;24331.0
393;96456.5;-14593.2;93207.5;22917.0
394;98942.1;-11293.5;95479.7;23515.9
395;95053.1;-16521.1;91908.0;22580.1
396;99785.6;-10010.5;96238.4;23727.1
398;100094.7;-9519.5;96515.5;23799.8
399;97604.5;-13211.4;94273.1;23205.6
402;97885.6;-12772.1;94520.9;23270.1
403;98642.6;-11736.0;95210.7;23449.1
404;100918.2;-8170.4;97269.6;23996.2
405;96594.9;-14428.4;93336.5;22956.4
406;97809.2;-13445.4;94546.4;23275.2
408;95497.0;-16150.7;92356.3;22701.7
409;98876.7;-11397.8;95421.4;23497.8
410;100578.9;-8843.3;96974.0;23912.7
411;96953.8;-13989.0;93666.9;23039.0
413;102449.3;-3829.1;98538.1;24327.6
414;97503.0;-13518.7;94210.5;23195.3
417;95678.1;-15608.6;92487.8;22737.6
418;100595.9;-8808.8;96989.3;23915.8
419;98422.2;-12378.1;95067.4;23417.9
421;97081.8;-13819.4;93784.8;23076.4
422;101922.6;-6130.1;98177.3;24231.8
423;96639.7;-14827.8;93449.8;22985.9
424;95737.2;-15658.9;92560.4;22754.1
426;97775.5;-13258.6;94475.7;23257.3
427;96417.3;-14840.5;93201.9;22914.1
428;98596.0;-11805.2;95168.6;23435.8
429;97728.8;-13110.4;94397.6;23240.7
430;96574.0;-14456.0;93317.6;22951.1
431;100885.7;-8077.5;97213.8;23973.8
432;100628.5;-8572.3;96989.3;23915.8
433;99896.9;-9885.9;96345.0;23752.9
434;97415.7;-13394.4;94091.4;23158.3
435;100718.8;-8431.3;97072.8;23937.5
436;97519.8;-13565.0;94237.1;23200.7
437;98843.4;-11784.6;95447.3;23508.8
438;100341.8;-9470.8;96798.8;23869.6
439;99823.5;-9944.4;96271.1;23733.8
440;102486.9;-4464.7;98602.2;24340.8
441;98875.3;-11401.7;95420.4;23497.8
443;94644.3;-17504.1;91575.8;22492.3
444;101276.4;-7318.0;97557.6;24062.4
445;96792.0;-14381.8;93549.4;23014.3
446;98582.5;-12389.9;95254.2;23459.9
447;95472.5;-16017.0;92310.9;22688.8
448;100253.6;-9610.5;96718.0;23851.6
449;96673.5;-14461.1;93428.3;22979.7
450;101567.1;-6680.1;97809.5;24132.5
451;96320.0;-14737.7;93079.7;22889.6
452;100599.5;-8799.4;96992.5;23918.3
453;99445.7;-10611.9;95944.8;23642.3
454;95824.2;-15396.5;92622.7;22772.2
455;100600.2;-8617.8;96962.4;23910.8
456;95350.0;-16180.3;92194.7;22655.2
457;95497.4;-16292.0;92376.6;22709.4
458;99531.4;-10724.9;96064.6;23684.3
459;96050.9;-15162.3;92843.1;22833.0
460;96087.5;-15433.5;92924.1;22852.0
461;96750.7;-14462.4;93515.5;23004.6
462;95039.6;-17012.8;91958.6;22595.2
463;100442.2;-8905.4;96822.1;23874.7
464;99190.3;-11386.1;95782.8;23600.6
465;97516.5;-13256.7;94183.2;23188.5
466;97367.9;-13657.6;94079.6;23155.2
467;98805.2;-11851.4;95414.3;23496.6
469;99981.2;-9693.0;96413.6;23780.5
470;96375.8;-14680.2;93132.4;22901.7
471;99687.3;-10466.8;96200.3;23718.9
472;97369.2;-13454.8;94049.0;23150.0
473;97141.7;-13806.7;93849.2;23091.8
475;96605.7;-14420.1;93347.1;22958.3
476;96450.2;-14604.4;93201.9;22914.1
479;98873.5;-11408.8;95419.4;23496.7
480;95882.0;-15343.0;92681.1;22790.4
481;99041.6;-11156.4;95570.3;23539.4
483;95653.2;-16041.2;92517.5;22741.0
484;99458.7;-10516.7;95944.8;23642.3
485;101484.6;-7299.5;97816.8;24134.0
486;99230.2;-10876.9;95740.8;23584.4
487;100804.9;-8528.3;97192.6;23969.8
488;102232.1;-4930.0;98396.1;24290.9
489;100337.6;-9550.3;96808.6;23872.8
490;95328.1;-16134.6;92163.9;22648.3
491;97313.6;-14053.9;94085.0;23156.8
492;99260.4;-11209.4;95832.4;23612.8
493;96568.8;-14761.7;93359.7;22961.2
494;98877.1;-11394.7;95421.5;23497.9
496;95539.7;-15810.4;92359.6;22704.0
497;99066.3;-11138.5;95596.0;23546.1
499;94828.7;-16844.1;91699.7;22522.8
500;97652.6;-13089.9;94308.7;23214.3
502;97764.1;-13381.4;94483.2;23258.1
503;95622.1;-15678.0;92435.2;22728.6
504;96925.3;-14035.8;93642.4;23030.9
505;96951.3;-14340.4;93721.3;23053.9
506;98160.1;-12468.1;94782.4;23342.5
507;96179.9;-15271.3;93002.8;22868.6
508;97924.4;-12717.9;94555.8;23277.9
509;96113.2;-15145.4;92909.9;22848.4
510;99027.5;-11731.7;95655.3;23566.4
511;102233.1;-4734.4;98368.0;24285.0
512;98141.2;-12695.4;94799.4;23347.0
513;98118.2;-12454.1;94732.8;23325.5
514;94688.3;-17070.5;91570.2;22488.4
515;99413.8;-11124.6;95997.1;23655.9
516;95704.2;-15782.9;92540.0;22748.1
517;95535.2;-16232.3;92411.8;22721.6
518;99091.2;-11343.2;95658.5;23566.6
519;98112.1;-12685.9;94763.3;23334.8
520;100496.8;-9383.9;96977.3;23914.2
521;101523.0;-6776.5;97771.8;24126.8
522;96250.4;-15145.4;93063.5;22886.9
523;97965.6;-12960.0;94643.1;23303.9
524;102449.7;-3824.7;98538.1;24327.7
525;100234.9;-9280.7;96638.0;23825.3
526;99518.7;-10661.5;96036.5;23666.7
527;101162.2;-7541.2;97456.7;24039.4
528;96033.1;-15680.6;92905.4;22845.6
529;99346.9;-10693.2;95845.2;23616.1
530;101388.3;-7301.0;97693.1;24101.8
531;102012.5;-5519.4;98194.1;24239.1
532;95549.9;-16178.6;92421.2;22725.2
533;96992.7;-14136.6;93735.4;23061.5
534;98661.2;-11822.6;95245.7;23458.2
535;96910.0;-14173.8;93646.8;23033.4
536;96679.1;-14329.5;93414.2;22977.2
537;99491.8;-10465.8;95974.0;23650.1
538;96733.2;-14474.9;93498.1;23000.5
540;98539.7;-12386.4;95203.0;23446.1
541;96479.5;-15172.7;93332.3;22956.1
542;95796.7;-15427.3;92596.3;22767.2
544;100309.5;-9418.4;96750.5;23857.0
547;96973.3;-13970.3;93685.8;23044.3
548;100942.8;-7950.9;97263.1;23994.5
549;101158.0;-7639.8;97467.1;24041.0
551;97202.2;-13674.1;93896.4;23104.4
552;93795.7;-18570.1;90734.7;22279.3
553;100296.9;-9462.0;96743.2;23855.5
555;97266.7;-13778.7;93986.5;23134.8
556;100416.7;-8946.8;96798.7;23868.5
557;97059.4;-14057.5;93797.7;23080.8
558;101496.4;-7292.9;97831.8;24139.6
559;95438.3;-15974.7;92266.8;22677.5
560;98551.1;-12385.0;95216.0;23449.5
561;99934.6;-9778.3;96372.5;23764.2
562;97312.7;-13525.4;93997.0;23135.5
563;101315.9;-7541.1;97645.6;24089.7
564;99082.6;-11296.2;95640.4;23560.8
567;99382.9;-10634.3;95877.7;23628.4
568;97902.0;-13123.9;94598.3;23294.6
570;97888.7;-12811.7;94530.7;23274.2
571;96498.2;-14568.2;93249.9;22928.3
572;99316.5;-11010.5;95862.2;23620.6
573;98656.8;-11716.4;95223.3;23451.0
575;98045.2;-12557.4;94667.0;23310.8
576;99033.4;-11167.8;95563.1;23539.0
577;98650.2;-11769.6;95224.4;23452.2
578;97290.1;-13556.0;93976.7;23129.6
579;97139.3;-14033.4;93884.5;23103.1
580;100604.8;-8599.9;96965.6;23912.1
581;99744.1;-10076.6;96201.7;23720.4
582;96031.5;-15279.5;92838.5;22832.1
583;94819.5;-16866.0;91691.7;22518.4
584;97491.4;-13483.2;94190.5;23189.9
585;100776.3;-8275.7;97115.5;23947.2
586;97604.2;-13322.5;94290.3;23209.3
588;95681.8;-15603.2;92491.2;22738.2
589;97997.3;-12887.1;94666.9;23310.6
591;96125.7;-15116.3;92919.8;22850.6
592;96882.8;-14086.5;93602.8;23022.1
593;99026.1;-11178.9;95556.8;23538.5
594;102284.5;-4528.4;98408.8;24295.9
595;97790.8;-12902.9;94435.1;23250.4
596;101527.6;-6934.1;97803.0;24131.7
597;99386.5;-10827.8;95912.3;23634.9
598;100245.6;-9489.8;96685.4;23836.9
599;96434.8;-14918.7;93233.9;22921.0
600;101254.3;-7899.3;97637.4;24087.5
601;94916.5;-16720.3;91781.5;22546.1
602;98971.5;-11301.3;95513.8;23525.4
603;95211.0;-16399.7;92068.4;22624.4
604;96264.5;-15307.0;93106.9;22898.6
606;96242.9;-15462.6;93112.1;22899.0
607;98594.8;-11855.3;95174.6;23435.9
608;97516.5;-13263.2;94184.3;23189.6
609;94220.1;-17790.2;91131.2;22379.6
610;101584.9;-6681.6;97831.8;24139.7
611;98504.1;-12271.3;95141.9;23432.2
612;100344.3;-9100.1;96738.9;23854.9
613;99754.7;-10071.1;96213.3;23724.4
614;95967.0;-15194.0;92753.9;22808.2
616;95320.2;-16268.0;92172.4;22649.0
617;100923.4;-8026.0;97251.7;23991.9
618;94964.1;-16651.4;91825.8;22556.7
619;99835.9;-9936.5;96284.0;23738.2
620;96099.2;-15099.9;92887.2;22841.9
621;98595.6;-12386.9;95269.1;23463.2
623;100789.6;-8262.5;97129.1;23953.2
624;97601.6;-13168.4;94263.5;23204.7
625;100014.9;-9640.7;96443.4;23783.3
626;98151.1;-12534.3;94783.5;23344.6
627;99788.9;-10015.3;96242.8;23727.8
628;97417.0;-13392.4;94092.5;23158.6
629;99640.3;-10235.5;96108.2;23691.5
630;93798.5;-18567.4;90736.9;22279.5
631;94897.3;-16742.3;91763.2;22542.3
632;99599.6;-10290.8;96071.0;23685.1
633;97604.3;-13155.6;94264.6;23204.9
634;96997.5;-14402.1;93784.8;23076.4
635;97166.4;-13878.5;93889.1;23104.0
636;98982.1;-11369.5;95536.7;23530.7
637;96128.5;-15132.7;92925.2;22852.1
638;98932.7;-11794.7;95554.7;23538.4
639;95336.2;-16122.9;92171.3;22648.9
640;96579.8;-14774.2;93373.9;22964.8
641;100283.3;-9208.2;96683.2;23836.7
642;100388.1;-9645.3;96895.1;23894.6
643;94830.8;-17051.3;91729.5;22534.4
644;99874.4;-9980.5;96334.7;23751.5
645;94942.6;-17041.9;91854.1;22567.1
646;99619.0;-10266.4;96088.9;23687.5
648;94757.8;-17312.7;91679.1;22514.6
649;96324.2;-15044.1;93131.3;22901.6
650;97244.1;-13608.0;93933.0;23115.8
651;101475.1;-6876.0;97729.7;24115.4
652;100036.0;-9734.7;96482.6;23792.7
653;101788.0;-6558.9;98077.2;24208.1
654;100879.2;-8092.5;97208.6;23973.5
655;96951.3;-14000.4;93665.7;23037.8
656;97002.1;-13926.4;93711.2;23051.3
657;100460.6;-9188.2;96891.9;23894.2
658;97789.9;-12976.4;94444.9;23251.5
659;97254.0;-13713.3;93960.4;23123.8
660;94238.3;-17867.2;91160.4;22387.7
661;97407.7;-13404.7;94083.9;23155.6
663;96472.6;-14800.8;93257.4;22932.2
664;95149.5;-16445.6;92005.9;22608.9
665;99498.9;-10554.7;95996.0;23655.8
666;96451.5;-14600.6;93203.0;22915.2
667;96818.6;-14226.8;93553.8;23014.8
668;101192.2;-7889.5;97552.2;24059.7
669;94956.5;-16816.0;91838.5;22560.7
670;98502.7;-11945.3;95087.2;23421.1
672;97923.5;-12724.2;94555.8;23277.9
673;98763.9;-11555.6;95319.3;23474.6
674;99943.3;-9758.3;96380.3;23772.5
675;95334.3;-16349.2;92199.1;22655.9
676;98512.7;-11903.8;95091.6;23421.7
677;98498.6;-11998.8;95090.4;23421.4
678;97613.1;-13362.6;94307.5;23214.0
679;98063.4;-12536.2;94684.1;23315.5
680;98899.7;-11366.7;95442.9;23506.2
681;98728.3;-11608.6;95287.7;23467.2
682;95071.0;-16860.1;91973.3;22599.2
686;94111.7;-17978.4;91029.4;22350.8
687;98805.6;-11865.5;95417.3;23496.6
688;99283.4;-11003.4;95823.1;23611.3
689;99564.4;-10892.6;96134.2;23701.0
690;98044.8;-12552.6;94665.8;23310.4
691;95274.6;-16421.7;92141.6;22642.3
692;97184.6;-13737.3;93886.7;23103.4
693;96384.3;-14866.4;93170.1;22910.5
694;98015.2;-12695.5;94654.9;23308.1
695;96993.5;-13941.6;93703.9;23049.9
696;97332.8;-13502.3;94016.1;23142.2
697;100369.6;-9058.9;96762.1;23861.9
698;100944.5;-7951.9;97265.3;23994.8
700;96502.1;-14539.8;93249.9;22928.3
701;95644.9;-15641.6;92455.7;22731.7
702;100829.2;-8649.7;97246.5;23987.6
703;97549.1;-13225.8;94214.7;23196.6
704;101449.8;-7369.6;97786.5;24130.9
705;96354.5;-15284.7;93206.2;22915.5
706;97715.4;-13285.7;94412.9;23245.5
707;94218.7;-17797.0;91130.0;22377.4
708;101148.8;-7576.8;97446.3;24036.8
709;96724.7;-14412.5;93478.7;22996.6
711;96126.0;-15167.4;92927.3;22853.3
713;97584.9;-13408.8;94282.6;23207.4
714;97860.2;-13425.0;94603.9;23296.6
715;98416.4;-12139.7;95019.5;23402.4
716;101644.4;-6554.3;97885.9;24153.6
717;96900.2;-14050.7;93617.0;23025.9
718;99818.6;-9960.5;96268.0;23733.6
719;98483.6;-12011.3;95075.6;23419.3
720;97160.5;-13732.1;93859.1;23095.0
722;100123.9;-9742.6;96584.7;23814.8
723;96284.9;-15358.7;93140.1;22903.7
724;97705.1;-13268.8;94397.7;23240.9
725;94410.7;-17601.4;91323.8;22424.5
726;98415.7;-12047.8;95004.8;23399.4
727;97925.1;-12970.7;94598.4;23294.7
728;97719.1;-13298.6;94419.4;23246.2
729;97309.7;-13629.1;94009.7;23140.5
730;100454.1;-8905.1;96835.6;23876.5
731;100233.4;-9292.0;96637.9;23825.2
732;99583.0;-10423.3;96073.1;23685.2
734;96079.6;-15410.3;92911.1;22848.7
735;96706.3;-14295.2;93439.1;22982.9
736;95061.4;-16565.1;91923.2;22586.7
737;98755.8;-11997.9;95384.5;23490.7
738;95893.2;-15394.6;92701.3;22795.1
741;97877.8;-12786.4;94514.4;23268.2
742;100324.4;-9259.0;96741.1;23855.2
744;96053.8;-15445.6;92887.2;22841.9
745;97312.6;-13526.2;93997.0;23135.6
746;95808.3;-15418.5;92607.7;22767.8
747;99044.4;-11319.8;95600.3;23546.5
748;97712.6;-13101.0;94376.8;23231.9
749;98478.0;-12162.0;95093.8;23423.0
750;95815.1;-15409.3;92614.3;22770.6
751;101753.5;-6209.9;97971.0;24187.3
752;97679.7;-13055.8;94334.2;23221.1
753;101107.6;-7703.7;97417.3;24030.1
754;96480.5;-14970.0;93294.1;22942.9
755;99144.1;-11419.2;95733.5;23582.0
756;95897.8;-15469.8;92716.6;22799.9
757;95226.7;-16283.0;92070.6;22624.7
758;95868.7;-15316.8;92661.6;22782.3
759;97588.7;-13177.1;94250.6;23202.4
760;97065.4;-14057.2;93804.3;23081.6
761;101654.6;-7058.5;97999.3;24191.8
762;94724.3;-17003.0;91602.8;22497.1
763;94871.4;-16804.9;91742.6;22538.0
764;102156.9;-5464.8;98383.6;24288.1
765;99277.7;-10795.2;95782.8;23600.6
767;98956.7;-11447.1;95520.1;23525.8
768;98200.2;-12884.7;94899.8;23368.2
770;96733.1;-14273.4;93465.6;22990.0
771;97636.5;-13215.3;94309.7;23214.4
772;99551.2;-10705.6;96083.8;23687.2
773;100168.2;-9552.4;96604.6;23820.1
774;97937.6;-12705.3;94568.7;23282.1
775;100415.3;-8958.6;96798.8;23868.6
776;97294.8;-13536.1;93979.0;23131.1
777;95471.9;-15913.0;92296.9;22686.4
778;95274.7;-16217.2;92115.4;22637.6
779;99104.3;-11059.9;95626.7;23554.7
781;99377.6;-11108.7;95951.2;23643.9
782;94797.8;-17146.1;91703.9;22524.1
783;96754.6;-14235.2;93484.2;22999.3
784;98955.3;-11602.4;95545.1;23533.4
785;100870.5;-8311.3;97234.9;23981.5
787;95607.7;-15692.8;92421.2;22725.2
788;97750.2;-13359.9;94464.1;23256.4
789;96086.4;-15409.1;92918.7;22850.5
790;99888.7;-10166.6;96384.5;23773.8
792;98633.1;-11742.7;95201.0;23446.1
793;98771.4;-11752.2;95359.3;23484.7
794;97822.7;-12861.8;94464.1;23256.4
795;100546.7;-9039.6;96969.7;23912.3
796;94529.5;-17332.6;91423.9;22450.5
797;100621.3;-8557.3;96978.5;23914.5
798;95870.9;-15321.8;92664.8;22783.6
799;99594.3;-10336.4;96072.0;23685.1
800;96775.8;-14620.3;93568.5;23015.8
801;99809.7;-10098.0;96279.8;23737.9
802;99665.6;-10628.9;96203.7;23720.5
804;97277.7;-13570.6;93964.8;23124.3
805;97445.2;-13358.6;94118.9;23166.6
806;97059.7;-13856.8;93765.4;23069.5
807;95740.9;-15520.2;92545.4;22749.7
809;98221.8;-12309.5;94827.1;23353.6
810;101743.3;-6614.7;98028.0;24196.6
811;96224.1;-14873.8;92992.9;22865.5
812;94939.6;-16694.1;91803.4;22549.7
813;98026.1;-12583.6;94649.6;23307.7
814;96237.7;-14841.1;93003.9;22869.8
816;98298.2;-12356.1;94919.9;23372.8
817;100669.3;-8877.8;97089.5;23942.6
818;97091.2;-13814.8;93794.5;23079.4
819;96791.8;-14470.8;93563.2;23015.4
820;97550.6;-13642.1;94283.8;23207.6
821;98607.1;-11860.6;95190.3;23443.8
822;99925.4;-9792.6;96364.0;23761.5
823;97340.0;-13604.2;94039.5;23148.2
824;95866.3;-15712.4;92715.4;22798.6
825;94928.6;-16708.8;91793.4;22548.3
826;97418.8;-13768.9;94157.2;23182.9
827;99092.1;-11533.7;95694.4;23574.7
828;98891.5;-11368.3;95434.2;23504.1
829;97651.2;-13100.2;94308.7;23214.3
830;96139.0;-14965.2;92912.1;22848.7
831;97973.5;-13096.2;94675.6;23313.7
832;99175.9;-10950.2;95691.3;23574.4
833;97595.4;-13244.7;94267.9;23205.3
834;97977.7;-12638.4;94603.9;23296.6
835;97273.8;-13654.8;93973.4;23128.2
836;100057.9;-9750.3;96509.9;23797.8
837;96552.5;-14481.3;93297.2;22943.1
838;98162.0;-12401.0;94773.9;23337.7
839;98688.2;-11837.1;95278.2;23464.5
840;99600.3;-10293.0;96072.0;23685.1
841;101648.3;-6479.4;97878.6;24153.1
842;99460.4;-10517.8;95946.9;23643.5
843;99254.8;-10836.7;95762.6;23591.8
845;99229.8;-11119.9;95780.5;23600.2
847;95482.5;-16269.9;92356.3;22701.7
848;95055.8;-16516.3;91910.4;22580.6
849;97118.6;-13790.2;93820.9;23084.4
850;100326.7;-9401.1;96768.4;23863.4
851;99063.3;-11118.4;95589.5;23545.3
852;96451.3;-14623.6;93206.3;22916.6
853;97612.3;-13146.1;94272.0;23205.5
854;100418.7;-8952.3;96802.2;23870.3
855;99455.4;-10521.2;95941.6;23641.0
857;100214.9;-9923.3;96732.6;23853.5
858;98526.2;-12349.3;95181.0;23442.4
859;99194.3;-11405.5;95791.5;23602.8
860;96779.4;-14204.2;93506.7;23002.5
861;95164.2;-16360.2;92011.2;22610.4
862;98110.5;-12544.8;94738.1;23326.9
863;98891.5;-11795.3;95505.3;23521.5
864;94099.9;-18001.0;91018.8;22348.0
865;96342.5;-14722.0;93102.2;22895.7
866;96712.6;-14424.4;93466.7;22990.1
867;98368.7;-12111.6;94961.5;23386.9
868;97008.4;-13938.6;93720.1;23053.6
869;98787.3;-11900.0;95402.7;23495.5
870;97941.8;-12699.6;94573.0;23286.6
871;100451.6;-9081.9;96862.9;23887.6
873;102098.7;-5299.2;98274.0;24258.5
874;101465.4;-6891.1;97720.0;24111.3
875;97828.7;-12845.7;94468.3;23256.7
876;99389.7;-10618.8;95882.9;23628.8
877;99242.1;-11033.7;95780.5;23600.2
878;95728.9;-15930.3;92588.4;22761.9
879;98102.2;-12481.2;94719.1;23321.4
880;99730.8;-10168.3;96200.4;23719.1
881;98484.9;-11947.8;95067.3;23417.8
882;100383.3;-9406.4;96836.9;23876.9
883;97881.4;-13071.3;94565.5;23282.0
884;97832.2;-13182.5;94528.6;23274.0
885;95708.2;-15568.8;92515.4;22739.9
886;96747.9;-14241.3;93477.4;22995.1
887;96461.5;-14830.5;93249.9;22928.4
888;102272.3;-4579.4;98399.2;24292.0
889;98310.1;-12195.4;94908.2;23370.8
890;95073.1;-16801.9;91967.7;22598.3
891;98730.0;-11625.1;95291.8;23467.4
892;97166.0;-13714.1;93862.3;23095.3
894;98950.2;-11290.9;95488.0;23516.4
896;99197.0;-10933.5;95712.1;23577.7
897;95187.2;-16446.8;92047.9;22618.3
899;98978.4;-11250.9;95513.7;23525.2
901;96510.7;-14677.8;93281.9;22940.2
902;98197.1;-12433.4;94818.5;23351.6
903;99284.4;-10787.8;95789.2;23602.3
904;99632.7;-10310.1;96111.4;23693.8
905;97577.8;-13379.6;94270.0;23205.4
906;95533.3;-15831.0;92354.9;22701.2
908;96122.8;-15007.9;92900.2;22845.3
909;102475.8;-4615.4;98634.7;24354.2
910;96521.6;-14514.3;93268.0;22935.9
911;100752.1;-8454.1;97115.4;23947.1
912;100524.4;-8754.4;96895.0;23894.3
913;94971.5;-16713.4;91842.1;22562.6
914;98561.7;-12159.1;95188.2;23443.8
915;99600.0;-10717.3;96142.7;23703.8
916;99481.3;-10807.4;96018.1;23661.4
917;97137.6;-13835.6;93849.3;23091.8
918;98357.2;-12718.5;95053.3;23414.2
919;96668.8;-14343.5;93404.8;22973.6
920;94671.1;-17084.9;91552.8;22484.5
921;100263.1;-9338.4;96680.1;23834.5
922;96185.5;-15295.3;93013.4;22873.5
923;101246.0;-7913.3;97627.8;24081.6
924;99260.5;-10827.6;95768.0;23594.4
925;95381.5;-16064.1;92214.1;22658.3
926;97249.9;-13614.9;93940.8;23119.9
927;96943.6;-14007.8;93658.2;23035.0
928;95397.4;-16313.7;92265.7;22677.3
929;98985.9;-11334.5;95535.6;23530.6
930;96450.8;-14605.9;93203.0;22915.2
931;102032.6;-5513.1;98219.3;24243.0
932;99947.0;-9750.7;96383.4;23773.7
933;95411.6;-16019.0;92242.2;22667.2
934;97633.8;-13220.3;94307.5;23214.1
935;97034.4;-14183.9;93791.1;23078.8
937;100128.5;-9464.8;96544.8;23804.8
938;100101.1;-9914.6;96589.0;23817.1
939;100108.6;-9507.6;96529.1;23801.7
940;96454.2;-14928.6;93257.3;22929.0
941;100522.8;-8744.1;96891.9;23894.2
942;97092.0;-14022.9;93828.6;23086.5
943;100135.2;-9456.7;96551.3;23806.5
944;102480.6;-4838.9;98656.6;24360.8
945;98046.0;-12543.3;94665.7;23310.3
947;96861.0;-14112.6;93582.6;23018.4
948;99281.0;-11195.6;95853.8;23617.9
949;100917.5;-8012.6;97242.1;23984.9
950;94699.2;-17520.8;91640.3;22506.6
951;97144.8;-13900.2;93867.5;23095.6
952;98198.0;-12810.9;94884.3;23366.4
953;98805.4;-11653.2;95381.4;23488.5
954;100071.1;-9570.9;96496.3;23794.9
955;95232.6;-16266.1;92075.0;22625.3
956;96485.4;-15145.3;93332.4;22956.3
957;100348.1;-9072.9;96738.9;23854.9
958;98703.6;-11653.7;95267.0;23463.1
959;98827.2;-11688.0;95412.1;23496.2
960;100637.9;-8630.0;97009.4;23920.6
961;97964.2;-12673.4;94593.8;23291.9
962;99065.4;-11144.4;95595.9;23545.9
963;96860.6;-14136.1;93585.9;23019.9
965;94328.6;-17806.5;91255.4;22408.5
966;97881.1;-12782.4;94517.6;23269.7
967;97099.5;-14092.3;93849.1;23091.6
968;95965.2;-15394.0;92781.6;22815.5
969;98510.0;-11915.6;95090.4;23421.4
970;95392.4;-16052.5;92224.5;22659.8
971;97975.1;-12655.6;94603.8;23296.4
972;97637.6;-13192.5;94307.4;23214.0
973;95420.0;-16611.1;92338.7;22696.4
975;101565.3;-6679.8;97807.3;24132.2
976;98508.5;-11904.0;95087.2;23421.1
978;96581.4;-14443.9;93324.0;22953.7
979;98696.1;-11768.2;95276.2;23463.4
980;97022.6;-14240.8;93786.9;23077.6
981;99189.9;-11006.8;95715.3;23578.1
982;95161.0;-16486.5;92024.0;22612.4
983;98129.7;-12440.9;94743.5;23328.6
984;97564.7;-13204.3;94228.5;23198.8
985;97159.2;-13900.5;93884.6;23103.3
986;97071.5;-13989.8;93799.9;23081.1
987;98193.4;-12383.9;94806.9;23349.7
988;100128.7;-9476.9;96547.0;23805.0
989;96328.2;-14733.5;93088.0;22891.0
990;96606.7;-14589.9;93374.9;22964.8
991;98090.3;-12491.3;94707.5;23320.6
992;97288.6;-13979.4;94043.9;23148.7
993;98646.6;-11967.3;95253.1;23459.8
994;99583.2;-10316.6;96056.2;23681.7
995;101110.6;-7654.9;97413.0;24028.7
996;97377.5;-13449.6;94057.4;23150.5
998;97501.0;-13371.4;94183.2;23188.4
999;98610.8;-11787.0;95183.0;23442.5
1000;97179.1;-13704.2;93875.0;23097.4
