CASO;pATIVA;pREATIVA;dATIVA;dREATIVA
1;96868.8;-10095.7;93221.6;20899.4
2;95699.9;-11525.7;92140.4;20662.0
3;95749.7;-11351.6;92181.6;20673.4
4;95482.1;-11801.9;91939.0;20610.7
5;96472.4;-10507.7;92852.4;20821.2
6;94851.3;-12488.2;91348.2;20481.7
7;96928.1;-10037.5;93276.5;20915.2
8;95639.2;-11540.2;92081.4;20644.7
9;96201.2;-10888.6;92603.8;20760.1
10;95889.3;-11268.4;92315.1;20697.0
11;96769.7;-10235.1;93130.8;20885.9
12;94969.2;-12383.8;91460.2;20516.0
13;95844.8;-11362.0;92275.1;20690.9
14;95816.1;-11337.3;92246.5;20686.4
15;96607.4;-10436.7;92981.0;20853.9
16;95469.2;-11777.4;91925.2;20608.6
17;95932.1;-11259.5;92356.1;20705.1
18;95578.4;-11687.2;92028.3;20631.9
19;96069.6;-11073.1;92482.8;20730.8
20;96329.0;-10775.4;92723.4;20794.8
21;95469.7;-11761.6;91925.2;20608.6
22;96614.5;-10413.6;92987.2;20856.4
23;96494.2;-10582.7;92876.3;20825.6
24;96292.6;-10778.1;92688.4;20782.5
25;96494.6;-10565.3;92876.3;20825.6
26;95673.3;-11555.6;92115.5;20653.0
27;95961.0;-11209.1;92382.5;20708.1
28;95546.5;-11652.6;91995.7;20624.5
29;95883.8;-11246.5;92308.6;20696.2
30;96301.8;-10803.3;92698.1;20787.7
31;95669.8;-11558.2;92112.3;20652.6
32;95808.6;-11412.7;92242.2;20685.9
33;95678.0;-11417.4;92113.4;20652.8
34;95599.3;-11653.1;92047.1;20637.2
35;95675.2;-11566.3;92117.8;20655.5
36;95996.2;-11197.3;92416.4;20717.5
37;95457.6;-11821.8;91915.7;20607.8
38;96159.4;-10953.4;92565.7;20752.6
39;96884.6;-10090.3;93236.5;20904.8
40;96407.6;-10681.2;92796.4;20813.2
41;95916.7;-11266.7;92341.6;20704.3
42;95575.0;-11690.9;92025.0;20630.4
43;95650.1;-11488.1;92089.8;20647.3
44;96911.3;-10065.1;93261.2;20911.1
45;96069.2;-11114.8;92484.0;20732.1
46;95689.7;-11530.6;92130.7;20656.9
47;96128.8;-11030.3;92538.6;20747.9
48;97116.9;-9782.9;93449.7;20957.3
49;96100.0;-11027.7;92510.8;20740.0
50;96346.0;-10755.2;92739.3;20798.2
51;96187.7;-10964.6;92593.3;20758.3
52;95834.6;-11359.2;92265.4;20687.7
53;95442.9;-11815.0;91901.0;20604.8
54;95835.4;-11369.5;92266.4;20687.8
55;95903.8;-11300.5;92330.2;20701.6
56;96329.7;-10783.9;92724.5;20794.9
57;96458.2;-10590.3;92841.8;20820.1
58;96510.0;-10565.7;92891.1;20827.8
59;96183.3;-10963.2;92588.9;20757.7
60;96491.1;-10486.7;92869.9;20823.0
61;95642.7;-11581.3;92086.6;20647.0
62;96661.9;-10358.1;93030.8;20861.6
63;96293.8;-10818.3;92690.7;20784.0
64;95860.2;-11352.1;92289.8;20691.9
65;96288.0;-10716.1;92681.1;20782.0
66;95980.7;-11212.3;92401.7;20711.0
67;96608.6;-10400.2;92980.9;20853.8
68;96809.8;-10111.4;93165.2;20891.3
69;97167.9;-9722.7;93496.7;20966.7
70;95324.6;-11974.9;91792.0;20580.2
71;95302.3;-11965.7;91769.7;20573.2
72;95761.5;-11466.5;92198.3;20675.5
73;96115.7;-11025.2;92525.8;20744.6
74;96478.7;-10595.7;92861.7;20821.6
75;96200.1;-10888.7;92602.7;20759.9
76;94981.1;-12368.6;91471.3;20518.6
77;95860.3;-11191.9;92282.6;20691.6
78;96448.6;-10619.6;92833.5;20819.6
79;96156.6;-11000.3;92564.5;20752.4
80;96425.1;-10543.5;92807.9;20815.0
81;95899.5;-11290.4;92325.8;20701.0
82;95908.8;-11284.3;92334.4;20701.9
83;96125.4;-11035.5;92535.5;20747.7
84;96241.5;-10895.8;92643.1;20772.8
85;96134.2;-11000.1;92542.7;20749.2
86;96101.7;-10989.7;92510.7;20738.9
87;95676.0;-11569.6;92118.8;20655.5
88;96226.7;-10913.3;92629.3;20770.4
89;96101.7;-11041.6;92512.8;20740.0
90;96607.4;-10435.6;92980.9;20853.8
91;96640.8;-10393.9;93011.5;20858.5
92;96125.5;-11033.1;92535.4;20747.6
93;95817.2;-11395.0;92249.7;20686.7
94;95688.7;-11555.7;92130.7;20656.8
95;96250.3;-10782.2;92647.4;20775.3
96;96076.5;-11102.8;92490.7;20734.2
97;95837.3;-11375.0;92268.6;20690.0
98;96068.7;-11097.3;92482.8;20730.8
99;95698.9;-11541.2;92140.2;20661.6
100;96385.3;-10575.5;92770.3;20808.4
101;95781.3;-11443.6;92216.8;20679.8
102;96652.4;-10380.6;93022.1;20859.5
103;96241.7;-10830.9;92640.9;20772.5
104;96332.3;-10776.7;92726.7;20795.2
105;95468.7;-11791.0;91925.4;20608.8
106;96119.3;-11048.9;92530.0;20745.0
107;96406.3;-10687.0;92795.3;20813.1
108;95535.6;-11732.0;91988.2;20622.7
109;95883.0;-11289.3;92309.6;20696.2
110;96067.9;-11084.1;92481.6;20730.4
111;95336.9;-11940.3;91802.7;20583.2
112;96199.0;-10919.8;92602.7;20759.9
113;96461.0;-10569.5;92843.9;20820.4
114;95593.3;-11636.9;92040.8;20634.6
115;96213.8;-10909.3;92616.6;20766.3
116;95363.8;-11897.8;91827.4;20591.7
117;95992.9;-11160.9;92411.7;20716.5
118;95229.5;-12025.6;91700.8;20559.9
119;96602.5;-10448.3;92976.7;20852.4
120;96245.1;-10807.3;92643.0;20772.7
121;95996.1;-11136.7;92414.1;20717.0
122;95634.7;-11615.6;92080.0;20644.2
123;96673.6;-10333.1;93041.3;20868.4
124;97049.0;-9884.3;93387.6;20937.0
125;95078.5;-12253.9;91562.0;20531.6
126;96655.7;-10379.1;93025.4;20861.0
127;96871.4;-10117.5;93224.7;20899.5
128;96208.3;-10880.6;92610.3;20763.8
129;95419.6;-11868.9;91880.5;20599.4
130;96472.2;-10509.7;92852.4;20821.1
131;95923.1;-11267.1;92347.9;20704.7
132;95707.0;-11502.5;92146.6;20662.3
133;95405.1;-11824.0;91864.6;20595.1
134;96311.7;-10803.0;92707.6;20790.5
135;96432.4;-10637.1;92818.6;20817.2
136;95698.9;-11541.2;92140.1;20661.5
137;96302.3;-10737.4;92695.9;20785.3
138;95441.7;-11841.4;91901.0;20604.7
139;96434.4;-10647.1;92820.8;20818.6
140;96068.5;-11106.8;92482.9;20732.0
141;95922.8;-11199.3;92344.8;20704.5
142;95967.2;-11218.8;92389.0;20710.0
143;96473.1;-10520.9;92853.5;20821.3
144;96415.2;-10552.8;92798.6;20813.6
145;96301.1;-10823.0;92698.1;20787.6
146;96107.7;-11060.8;92519.2;20741.7
147;96076.5;-11104.4;92490.7;20734.3
148;96346.6;-10736.6;92739.3;20798.2
149;96157.7;-10998.7;92565.6;20752.5
150;96370.2;-10727.7;92761.9;20807.7
151;95852.1;-11363.9;92282.5;20691.4
152;94779.1;-12614.2;91282.2;20471.0
153;96557.7;-10486.6;92934.7;20842.1
154;97172.1;-9602.8;93496.7;20966.7
155;96255.7;-10872.8;92655.9;20778.0
156;95967.9;-11232.9;92390.1;20710.0
157;95952.7;-11254.3;92376.1;20707.6
158;95962.6;-11222.9;92384.6;20708.2
159;96060.7;-11128.7;92476.2;20728.8
160;95454.2;-11800.5;91911.6;20605.7
161;95755.6;-11401.5;92190.0;20673.9
162;95520.1;-11756.3;91974.0;20616.9
163;96164.6;-10962.5;92571.0;20755.1
164;95865.3;-11278.7;92291.8;20692.0
165;96286.5;-10833.4;92684.2;20782.3
166;95929.3;-11275.8;92354.1;20705.0
167;96532.2;-10530.2;92911.4;20838.0
168;96142.3;-11014.4;92551.1;20750.8
169;97171.0;-9725.1;93499.8;20966.9
170;95062.3;-12275.0;91546.9;20526.0
171;95686.3;-11558.9;92128.5;20656.5
172;96498.4;-10469.3;92876.3;20825.6
173;97347.3;-9487.7;93661.5;21002.2
174;95887.3;-11323.6;92315.1;20697.0
175;96068.9;-11091.8;92482.8;20730.9
176;95899.6;-11261.3;92324.7;20698.9
177;96703.0;-10310.5;93068.7;20874.8
178;95868.7;-11326.8;92297.1;20692.4
179;96371.4;-10694.8;92761.8;20807.7
180;95850.6;-11367.5;92281.2;20691.0
181;95379.8;-11911.3;91843.4;20593.3
182;96198.0;-10947.6;92602.6;20759.8
183;96291.7;-10808.0;92688.4;20782.5
184;96682.3;-10339.2;93049.8;20869.2
185;95964.2;-11240.7;92386.8;20708.6
186;95699.1;-11539.0;92140.3;20661.7
187;96320.8;-10711.3;92712.9;20792.0
188;96162.0;-10972.9;92568.8;20752.9
189;96179.9;-10969.1;92585.8;20757.5
190;95980.5;-11219.6;92401.8;20711.1
191;96623.2;-10418.8;92995.6;20857.0
192;96221.1;-10919.5;92624.1;20768.1
193;97017.6;-9868.6;93357.2;20929.5
194;96598.4;-10413.9;92971.4;20850.0
195;96366.6;-10666.2;92756.3;20806.8
196;95220.2;-12093.4;91694.5;20559.4
197;96334.7;-10772.3;92728.9;20795.5
198;96246.4;-10883.9;92647.3;20775.2
199;96439.9;-10642.5;92826.1;20818.9
200;96561.3;-10477.0;92937.9;20843.3
201;95805.9;-11345.7;92237.1;20685.7
202;96444.6;-10610.6;92829.4;20819.5
203;95726.9;-11491.1;92165.7;20670.0
204;97040.8;-9897.6;93380.3;20936.5
205;95356.6;-11937.3;91821.8;20589.9
206;95155.0;-12107.4;91630.8;20540.8
207;95209.0;-12103.9;91683.9;20557.4
208;95574.9;-11690.9;92024.9;20630.3
209;95456.9;-11763.1;91912.7;20605.8
210;97043.4;-9880.0;93382.4;20936.6
211;95848.0;-11258.2;92274.0;20690.8
212;95353.2;-11940.2;91818.5;20586.5
213;96601.1;-10428.4;92974.5;20850.1
214;95718.6;-11437.6;92155.1;20665.0
215;95403.0;-11849.0;91863.4;20594.9
216;96478.6;-10598.5;92861.7;20821.6
217;96350.0;-10728.2;92742.4;20800.4
218;95785.1;-11434.6;92220.2;20680.3
219;96744.5;-10265.8;93107.5;20880.8
220;96105.8;-11020.2;92516.0;20740.3
221;96866.2;-10104.7;93219.5;20899.1
222;96290.5;-10838.7;92688.4;20782.5
223;96827.7;-10162.7;93184.1;20893.8
224;96097.7;-11030.6;92508.5;20737.5
225;95403.1;-11881.1;91864.9;20595.6
226;97299.8;-9480.9;93615.7;20990.1
227;95736.5;-11495.0;92175.2;20671.7
228;95908.4;-11294.4;92334.4;20702.0
229;95665.5;-11582.9;92109.0;20652.3
230;95903.8;-11303.5;92330.3;20701.8
231;96161.5;-10992.3;92568.9;20752.9
232;96136.5;-11023.3;92545.8;20749.3
233;96364.5;-10730.2;92756.3;20806.9
234;96956.1;-9973.5;93301.5;20918.1
235;95963.1;-11181.9;92383.5;20708.2
236;95403.5;-11861.3;91864.5;20595.0
237;95436.9;-11690.7;91888.9;20601.2
238;95677.2;-11568.7;92120.0;20655.7
239;95195.8;-12014.6;91667.2;20553.4
240;96447.6;-10621.3;92832.4;20819.5
241;95767.2;-11383.4;92200.4;20675.6
242;95857.7;-11236.6;92282.4;20691.4
243;95998.3;-11179.6;92417.7;20718.1
244;95325.5;-11953.2;91792.0;20580.2
245;95592.4;-11656.7;92040.7;20633.5
246;96366.9;-10729.6;92758.7;20807.5
247;96346.9;-10728.6;92739.3;20798.2
248;95783.7;-11437.5;92218.9;20680.0
249;96963.4;-9997.7;93309.0;20918.8
250;95369.0;-11900.8;91832.5;20592.0
251;95837.9;-11357.8;92268.5;20690.0
252;95895.6;-11311.3;92322.6;20698.7
253;94609.2;-12822.0;91123.5;20434.5
254;97035.4;-9898.2;93374.9;20933.9
255;96226.6;-10770.2;92623.0;20768.0
256;95495.3;-11778.0;91950.7;20611.9
257;97088.2;-9825.5;93423.6;20951.4
258;96329.2;-10768.1;92723.5;20794.9
259;96251.0;-10877.4;92651.6;20776.6
260;95703.6;-11537.0;92144.5;20662.2
261;96094.1;-11071.3;92506.4;20737.4
262;95264.9;-12046.3;91736.4;20565.7
263;96434.6;-10606.1;92819.7;20818.3
264;95820.9;-11351.9;92251.8;20686.8
265;96107.6;-11032.9;92518.1;20741.5
266;96642.6;-10338.4;93011.6;20858.6
267;96183.6;-10955.3;92588.9;20757.7
268;96169.1;-10930.2;92574.4;20756.7
269;96179.0;-10957.5;92584.7;20757.3
270;95654.6;-11506.9;92095.1;20650.9
271;96457.6;-10529.3;92838.7;20820.0
272;96824.8;-10138.0;93180.8;20893.2
273;96419.9;-10611.1;92805.8;20814.9
274;96480.9;-10565.3;92862.9;20821.9
275;95580.0;-11649.8;92028.3;20631.9
276;95588.3;-11652.8;92036.5;20633.3
277;95302.9;-12003.2;91771.8;20573.3
278;96654.5;-10381.0;93024.3;20860.8
279;95887.2;-11323.8;92315.0;20696.7
280;96742.6;-10249.7;93105.3;20880.5
281;95629.9;-11625.4;92075.8;20643.9
282;95787.7;-11345.3;92219.1;20680.2
283;96090.1;-10964.8;92498.1;20736.0
284;96505.6;-10568.6;92886.8;20826.4
285;96072.4;-11096.4;92486.3;20732.6
286;96142.6;-11001.4;92551.1;20750.7
287;96061.1;-11118.2;92476.1;20728.8
288;96127.0;-10940.4;92533.2;20746.3
289;95460.3;-11754.2;91915.8;20607.9
290;96078.8;-11100.6;92492.8;20734.4
291;95919.1;-11286.8;92344.8;20704.5
292;95990.1;-11164.6;92409.2;20715.7
293;96283.8;-10844.7;92682.2;20782.2
294;95676.3;-11507.9;92116.6;20653.1
295;95972.6;-11198.6;92393.5;20710.6
296;95860.3;-11351.4;92289.8;20692.0
297;96246.5;-10820.1;92645.3;20774.1
298;96427.1;-10632.4;92813.4;20816.9
299;95535.9;-11718.4;91988.2;20622.6
300;96329.6;-10758.3;92723.5;20794.9
301;97093.9;-9821.7;93428.9;20951.9
302;95293.6;-12011.8;91762.9;20570.1
303;95611.8;-11583.2;92056.6;20638.9
304;95579.0;-11645.8;92027.2;20631.8
305;95872.6;-11337.4;92301.3;20693.7
306;96867.4;-10109.8;93220.6;20899.4
307;96061.2;-11084.5;92475.1;20728.6
308;95668.1;-11576.1;92111.2;20652.5
309;96349.0;-10758.7;92742.4;20800.3
310;95707.5;-11495.1;92146.7;20662.5
311;96603.8;-10444.0;92977.7;20852.5
312;96200.5;-10853.6;92601.4;20759.5
313;96739.8;-10185.0;93100.1;20880.1
314;95677.7;-11563.5;92120.1;20655.9
315;97611.5;-9104.5;93902.9;21050.2
316;96448.9;-10576.9;92832.4;20819.5
317;96362.4;-10720.4;92754.2;20806.7
318;95990.3;-11165.3;92409.4;20716.0
319;95654.3;-11590.5;92098.4;20651.2
320;95591.3;-11585.3;92036.5;20633.3
321;95953.7;-11228.6;92376.1;20707.6
322;95622.7;-11637.2;92069.4;20642.2
323;96183.3;-10961.4;92588.9;20757.6
324;95615.3;-11529.4;92057.7;20639.1
325;96346.9;-10759.7;92740.4;20800.3
326;96519.5;-10551.1;92899.7;20830.8
327;95663.2;-11586.6;92106.9;20652.0
328;96637.5;-10394.9;93008.4;20858.2
329;95895.6;-11278.2;92321.4;20697.4
330;96620.8;-10423.5;92993.5;20856.8
331;96253.2;-10877.3;92653.8;20776.9
332;96606.6;-10339.7;92976.7;20852.5
333;95520.2;-11755.5;91974.0;20616.9
334;95966.1;-11219.4;92387.9;20709.7
335;96766.0;-10243.8;93127.6;20884.5
336;95700.1;-11514.2;92140.2;20661.7
337;94974.4;-12374.4;91464.8;20517.0
338;95024.8;-12309.6;91511.6;20524.0
339;94743.3;-12666.0;91249.1;20462.9
340;94954.4;-12391.0;91445.6;20507.7
341;95797.4;-11396.0;92230.8;20684.2
342;96676.6;-10342.0;93044.4;20868.6
343;95783.6;-11439.9;92219.0;20680.0
344;96200.4;-10946.4;92604.9;20760.2
345;95964.1;-11242.5;92386.8;20708.6
346;96058.6;-11126.5;92474.0;20728.4
347;95936.0;-11268.1;92360.2;20705.3
348;95929.1;-11278.8;92354.1;20705.0
349;96270.4;-10851.5;92669.4;20778.8
350;95431.4;-11850.8;91891.1;20602.4
351;96549.0;-10482.2;92926.0;20841.0
352;96505.7;-10565.2;92886.8;20826.3
353;95915.7;-11292.1;92341.5;20703.2
354;96434.6;-10645.2;92820.9;20818.7
355;95665.5;-11583.9;92109.0;20652.3
356;95741.6;-11426.5;92177.4;20672.1
357;96117.1;-10966.7;92524.7;20744.4
358;95916.2;-11284.0;92341.7;20704.3
359;95784.9;-11357.8;92216.8;20679.7
360;95674.8;-11573.6;92117.8;20655.4
361;95728.6;-11504.7;92167.9;20671.2
362;96512.6;-10495.2;92891.2;20828.1
363;95025.1;-12298.6;91511.6;20524.0
364;96214.3;-10896.5;92616.6;20766.4
365;95894.4;-11312.7;92321.4;20697.5
366;96393.7;-10685.9;92783.0;20812.6
367;96293.2;-10832.0;92690.7;20784.1
368;94611.1;-12830.0;91125.8;20435.0
369;96329.3;-10765.5;92723.5;20794.8
370;96202.6;-10881.0;92604.9;20760.3
371;96063.2;-11121.5;92478.3;20729.0
372;95772.9;-11434.7;92208.3;20678.9
373;96459.5;-10622.6;92844.1;20820.7
374;95796.9;-11407.9;92230.7;20684.2
375;96982.4;-9976.7;93326.5;20920.8
376;96318.8;-10792.2;92713.9;20792.0
377;97143.0;-9740.4;93473.6;20962.8
378;95630.0;-11596.2;92074.7;20643.7
379;95153.3;-12174.0;91631.9;20541.0
380;96387.2;-10710.5;92777.7;20811.1
381;96459.5;-10622.0;92844.1;20820.6
382;96067.3;-11102.4;92481.6;20730.5
383;95255.9;-12056.7;91728.0;20564.2
384;95781.7;-11434.8;92216.8;20679.8
385;96348.4;-10689.3;92739.3;20798.2
386;95920.6;-11280.3;92345.8;20704.6
387;95962.9;-11243.3;92385.6;20708.4
388;95926.8;-11257.0;92351.1;20704.9
389;95546.5;-11653.7;91995.8;20626.5
390;95740.4;-11487.4;92178.5;20672.2
391;95309.6;-11998.0;91778.2;20575.0
392;96944.6;-10024.0;93292.0;20916.1
393;95772.1;-11452.1;92208.1;20678.7
394;96274.7;-10856.1;92673.8;20780.5
395;95505.3;-11773.9;91960.4;20614.8
396;96431.9;-10652.2;92818.7;20818.3
397;95071.3;-12244.3;91554.6;20530.0
398;96505.7;-10566.3;92886.8;20826.4
399;95991.8;-11188.0;92411.8;20716.6
400;97116.9;-9790.7;93450.0;20957.7
401;95370.2;-11871.1;91832.5;20591.9
402;96076.5;-11103.9;92490.7;20734.2
403;96220.3;-10913.8;92623.0;20768.0
404;96655.5;-10354.1;93024.4;20860.8
405;95792.7;-11430.2;92227.5;20681.8
406;96086.7;-10967.6;92494.9;20734.6
407;94932.3;-12385.0;91423.8;20500.5
408;95610.6;-11611.7;92056.6;20638.9
409;96263.4;-10866.6;92663.1;20778.5
410;96592.3;-10432.7;92966.3;20848.7
411;95869.0;-11349.4;92298.2;20692.6
412;97092.2;-9797.9;93426.7;20951.5
413;96940.3;-10025.6;93287.8;20915.8
414;95987.9;-11167.4;92407.1;20715.6
415;94796.5;-12603.0;91298.9;20472.9
416;95145.9;-12164.4;91624.3;20539.0
417;95631.4;-11619.7;92077.0;20644.1
418;96601.3;-10421.8;92974.6;20850.2
419;96198.9;-10890.1;92601.6;20759.7
420;94957.3;-12381.7;91448.2;20508.6
421;95895.4;-11314.2;92322.6;20698.8
422;96863.0;-10071.9;93215.4;20899.0
423;95821.8;-11307.1;92250.8;20686.8
424;95644.8;-11584.6;92088.8;20647.3
425;97091.4;-9824.5;93426.7;20951.5
426;96072.8;-11048.0;92485.1;20732.2
427;95772.2;-11420.2;92207.0;20678.5
428;96213.4;-10923.1;92616.6;20766.3
429;96061.6;-11104.0;92476.2;20728.8
430;95788.5;-11430.3;92223.3;20681.6
431;96643.0;-10395.4;93013.8;20858.9
432;96600.7;-10441.3;92974.6;20850.2
433;96457.6;-10611.8;92841.8;20820.2
434;95965.6;-11237.6;92388.0;20709.9
435;96616.9;-10412.8;92989.3;20856.5
436;95990.8;-11148.4;92409.4;20716.1
437;96275.6;-10795.2;92672.5;20780.0
438;96555.9;-10445.6;92931.6;20841.9
439;96439.8;-10644.2;92826.0;20818.9
440;96955.4;-9997.2;93301.5;20918.0
441;96262.4;-10865.6;92662.1;20778.4
442;95186.4;-12134.9;91662.9;20550.0
443;95438.1;-11790.3;91895.6;20604.1
444;96714.9;-10301.3;93080.1;20877.5
445;95844.3;-11339.2;92273.9;20690.6
446;96238.7;-10775.8;92635.5;20770.8
447;95595.1;-11647.4;92043.0;20637.0
448;96544.1;-10462.5;92920.8;20840.6
449;95813.3;-11382.2;92245.5;20686.4
450;96767.5;-10236.5;93128.7;20885.8
451;95741.2;-11491.8;92179.5;20672.2
452;96601.3;-10419.2;92974.6;20852.3
453;96367.2;-10716.4;92758.7;20807.5
454;95654.4;-11590.7;92098.5;20651.4
455;96586.1;-10461.4;92961.2;20848.5
456;95564.4;-11685.8;92014.6;20627.9
457;95614.0;-11581.5;92058.8;20640.2
458;96394.7;-10644.6;92782.9;20812.3
459;95698.4;-11524.4;92139.0;20660.4
460;95715.3;-11455.4;92152.9;20663.7
461;95838.6;-11340.1;92268.6;20690.0
462;95522.3;-11680.6;91973.0;20616.8
463;96561.6;-10498.7;92938.9;20843.4
464;96346.6;-10679.0;92737.1;20797.8
465;95983.6;-11219.2;92404.9;20711.3
466;95966.7;-11204.7;92387.8;20709.7
467;96263.4;-10807.0;92661.1;20778.4
468;96943.3;-9961.3;93288.9;20916.0
469;96470.8;-10610.2;92854.6;20821.4
470;95756.0;-11472.9;92193.2;20674.3
471;96424.2;-10620.3;92810.2;20816.6
472;95962.1;-11239.3;92384.6;20708.2
473;95908.8;-11282.3;92334.4;20702.0
474;96994.5;-9945.7;93337.3;20922.0
475;95794.4;-11419.4;92228.6;20684.0
476;95771.0;-11451.7;92207.0;20678.5
477;95028.7;-12190.4;91510.3;20523.6
478;95331.4;-11831.5;91791.9;20580.0
479;96262.6;-10862.3;92662.1;20778.4
480;95668.6;-11565.3;92111.2;20652.5
481;96293.3;-10831.0;92690.7;20784.1
482;95463.2;-11714.3;91916.8;20608.0
483;95637.1;-11557.5;92080.2;20644.5
484;96366.7;-10733.5;92758.7;20807.5
485;96772.0;-10162.6;93130.8;20885.9
486;96332.3;-10776.2;92726.7;20795.2
487;96640.8;-10357.0;93010.5;20858.4
488;96914.6;-10035.6;93263.5;20911.6
489;96560.2;-10424.0;92934.7;20842.2
490;95547.1;-11720.6;91999.2;20627.2
491;95970.3;-11122.0;92387.9;20709.8
492;96353.8;-10685.4;92744.6;20801.7
493;95798.3;-11368.2;92230.7;20684.1
494;96264.4;-10866.5;92664.1;20778.5
495;95242.3;-12064.3;91714.9;20562.5
496;95609.1;-11649.7;92056.6;20638.9
497;96301.9;-10805.4;92698.1;20787.6
498;94883.6;-12494.0;91380.0;20488.5
499;95462.2;-11816.1;91920.0;20608.3
500;95996.1;-11197.7;92416.3;20717.3
501;95172.9;-12146.2;91649.9;20545.5
502;96075.3;-11021.1;92486.2;20732.4
503;95621.7;-11635.1;92068.4;20642.1
504;95863.9;-11344.3;92293.0;20692.2
505;95889.6;-11259.1;92314.8;20696.5
506;96127.1;-11017.0;92536.5;20747.8
507;95727.5;-11447.9;92164.7;20669.9
508;96082.2;-11097.6;92496.0;20734.7
509;95706.9;-11508.6;92146.7;20662.4
510;96320.0;-10676.7;92710.7;20790.7
511;96912.7;-10057.8;93262.3;20911.2
512;96133.7;-10982.4;92541.7;20749.1
513;96119.4;-11046.7;92530.0;20745.0
514;95435.2;-11841.1;91894.4;20603.9
515;96379.8;-10616.4;92767.2;20808.2
516;95639.4;-11582.9;92083.5;20644.9
517;95617.7;-11576.1;92062.1;20641.8
518;96317.7;-10758.2;92711.8;20790.7
519;96124.4;-11002.4;92533.3;20746.4
520;96599.4;-10335.4;92969.4;20848.9
521;96765.0;-10240.4;93126.4;20883.2
522;95740.9;-11440.5;92177.3;20671.9
523;96106.0;-11012.5;92516.0;20740.3
524;96940.2;-10027.6;93287.8;20915.8
525;96523.7;-10551.0;92903.9;20832.2
526;96386.3;-10674.3;92775.6;20811.0
527;96687.9;-10336.9;93055.1;20869.7
528;95711.9;-11400.9;92146.6;20662.3
529;96352.7;-10751.6;92745.7;20801.9
530;96748.6;-10233.4;93110.5;20880.8
531;96867.4;-10109.9;93220.6;20899.3
532;95621.8;-11576.3;92066.2;20641.9
533;95888.6;-11289.5;92315.0;20696.8
534;96232.9;-10885.8;92634.4;20770.7
535;95864.4;-11329.1;92293.0;20692.3
536;95810.2;-11405.2;92243.3;20686.1
537;96372.2;-10729.1;92763.9;20807.8
538;95835.0;-11348.5;92265.3;20687.7
539;95137.0;-12174.6;91616.0;20538.6
540;96221.7;-10818.3;92620.9;20767.8
541;95798.2;-11267.9;92225.4;20681.7
542;95650.7;-11599.0;92095.2;20651.0
543;95251.7;-11978.8;91720.3;20563.0
544;96549.2;-10475.3;92926.1;20841.1
545;94885.1;-12487.7;91381.3;20489.9
546;95182.8;-12139.4;91659.5;20548.4
547;95874.8;-11334.5;92303.4;20695.9
548;96652.2;-10385.5;93022.3;20859.6
549;96690.8;-10313.2;93057.2;20871.9
550;95444.4;-11728.1;91898.7;20604.3
551;95926.2;-11272.2;92351.0;20704.8
552;95275.4;-12026.3;91745.8;20568.4
553;96549.1;-10473.6;92926.1;20841.0
554;95293.1;-11992.0;91761.8;20569.9
555;95952.8;-11220.5;92374.9;20707.3
556;96553.7;-10510.7;92931.6;20841.9
557;95900.3;-11272.0;92325.8;20701.0
558;96775.9;-10152.0;93134.0;20887.3
559;95586.5;-11673.4;92035.5;20633.2
560;96225.5;-10809.2;92624.0;20768.1
561;96459.7;-10618.8;92844.1;20820.7
562;95952.8;-11250.4;92376.0;20707.4
563;96737.6;-10235.1;93100.0;20879.9
564;96311.6;-10775.2;92706.5;20790.4
565;95217.5;-12058.1;91690.2;20559.0
566;98082.7;-8469.6;94331.4;21153.6
567;96357.5;-10742.1;92750.0;20804.4
568;96097.5;-11007.4;92507.4;20737.5
569;95327.9;-11898.8;91792.0;20580.1
570;96080.6;-11084.5;92493.8;20734.4
571;95775.3;-11434.9;92210.5;20679.3
572;96357.6;-10706.8;92748.9;20803.2
573;96221.4;-10915.1;92624.1;20768.2
574;96987.7;-9954.4;93331.0;20921.5
575;96107.8;-11060.7;92519.3;20741.9
576;96293.4;-10828.8;92690.7;20784.0
577;96222.8;-10904.6;92625.1;20768.2
578;95950.7;-11248.6;92373.8;20706.1
579;95922.2;-11233.5;92345.8;20704.6
580;96589.2;-10463.3;92964.2;20848.6
581;96422.9;-10662.1;92810.3;20816.7
582;95697.7;-11516.8;92137.9;20659.2
583;95459.0;-11814.9;91916.8;20608.0
584;95986.1;-11182.3;92405.9;20713.3
585;96623.1;-10421.6;92995.6;20857.0
586;95993.7;-11172.0;92413.0;20716.9
587;96930.3;-10034.9;93278.5;20915.2
588;95634.7;-11615.1;92080.0;20644.2
589;96109.4;-11016.4;92519.3;20741.8
590;94738.0;-12665.8;91243.8;20461.4
591;95712.4;-11503.3;92151.8;20663.6
592;95852.4;-11359.6;92282.5;20691.5
593;96293.4;-10828.1;92690.6;20782.9
594;96914.0;-10059.5;93263.6;20911.8
595;96066.7;-11117.5;92481.6;20730.5
596;96768.0;-10216.2;93128.6;20884.6
597;96366.4;-10704.2;92757.4;20806.9
598;96533.0;-10503.0;92911.4;20838.0
599;95775.4;-11401.1;92209.3;20679.0
600;96739.6;-10179.9;93100.0;20879.9
601;95482.3;-11798.5;91939.0;20610.7
602;96286.7;-10827.4;92684.2;20782.3
603;95537.2;-11715.2;91989.3;20622.8
604;95755.8;-11374.4;92188.9;20673.8
605;95299.0;-11919.3;91764.2;20570.5
606;95760.2;-11313.4;92190.0;20673.9
607;96213.6;-10914.8;92616.6;20766.4
608;95983.8;-11214.3;92404.9;20713.3
609;95351.9;-11943.3;91817.4;20586.3
610;96783.2;-10210.8;93143.0;20888.3
611;96208.5;-10876.6;92610.2;20763.8
612;96546.1;-10506.0;92924.0;20840.9
613;96427.6;-10651.2;92814.4;20816.9
614;95677.4;-11565.9;92120.0;20655.8
615;95024.4;-12315.9;91511.5;20523.9
616;95549.1;-11698.3;92000.3;20627.3
617;96652.8;-10370.2;93022.2;20859.5
618;95494.7;-11786.2;91950.5;20611.6
619;96443.7;-10635.0;92829.2;20819.2
620;95699.8;-11523.0;92140.4;20661.9
621;96239.2;-10772.3;92635.6;20771.1
622;95109.2;-12177.7;91589.0;20536.1
623;96624.5;-10416.8;92996.8;20857.2
624;95991.5;-11195.6;92411.7;20716.4
625;96487.0;-10597.1;92869.9;20823.0
626;96128.4;-11009.9;92537.5;20747.8
627;96433.5;-10642.8;92819.8;20818.4
628;95966.6;-11237.6;92389.0;20710.0
629;96409.9;-10680.7;92798.4;20813.2
630;95275.2;-12030.8;91745.8;20568.4
631;95477.8;-11805.1;91934.7;20609.4
632;96392.9;-10700.9;92782.9;20812.5
633;95991.1;-11204.3;92411.7;20716.5
634;95899.7;-11210.5;92322.6;20698.8
635;95924.8;-11251.5;92348.9;20704.8
636;96291.4;-10813.9;92688.4;20782.5
637;95713.5;-11501.3;92152.9;20663.7
638;96297.1;-10734.5;92690.6;20782.9
639;95548.3;-11719.3;92000.3;20627.3
640;95801.0;-11359.7;92232.9;20685.4
641;96532.2;-10528.1;92911.4;20837.9
642;96584.7;-10331.5;92954.5;20845.4
643;95469.0;-11781.5;91925.3;20608.7
644;96457.6;-10606.9;92841.8;20820.1
645;95500.5;-11723.6;91953.9;20613.1
646;96397.6;-10693.3;92787.1;20812.8
647;95057.7;-12284.5;91542.9;20525.9
648;95459.5;-11772.6;91915.7;20607.9
649;95757.9;-11422.2;92193.2;20674.2
650;95935.9;-11271.0;92360.3;20705.3
651;96755.7;-10254.5;93117.9;20882.4
652;96495.8;-10565.0;92877.4;20825.7
653;96839.8;-10085.5;93193.5;20895.5
654;96642.0;-10395.4;93012.7;20858.8
655;95869.3;-11342.0;92298.2;20692.6
656;95881.3;-11333.0;92309.6;20696.2
657;96579.0;-10432.4;92953.4;20845.3
658;96067.4;-11100.9;92481.7;20730.7
659;95944.5;-11241.0;92367.6;20705.7
660;95356.2;-11920.4;91820.7;20588.8
661;95965.4;-11238.7;92387.9;20709.7
662;94608.7;-12831.8;91123.6;20434.6
663;95779.5;-11408.2;92213.6;20679.4
664;95526.7;-11734.5;91979.6;20617.7
665;96376.4;-10704.4;92767.1;20808.2
666;95771.0;-11452.3;92207.0;20678.5
667;95843.7;-11354.9;92274.0;20690.7
668;96713.5;-10242.4;93077.1;20877.4
669;95495.7;-11763.2;91950.6;20611.7
670;96198.5;-10938.3;92602.7;20760.0
671;95062.3;-12276.0;91547.0;20526.1
672;96082.3;-11096.2;92496.0;20734.7
673;96241.5;-10895.8;92643.1;20772.8
674;96464.2;-10614.1;92848.3;20820.9
675;95567.3;-11668.3;92016.7;20628.0
676;96199.1;-10948.9;92603.8;20760.1
677;96199.5;-10934.0;92603.8;20760.0
678;95996.4;-11160.8;92415.2;20717.2
679;96111.6;-11050.4;92522.5;20744.2
680;96272.5;-10852.5;92671.4;20779.9
681;96235.8;-10902.6;92637.8;20771.3
682;95522.4;-11699.1;91974.1;20616.9
683;95424.4;-11761.6;91880.6;20599.6
684;97331.6;-9510.8;93647.0;20997.3
685;97025.2;-9866.0;93364.5;20932.1
686;95325.8;-11974.6;91793.1;20580.4
687;96263.5;-10804.9;92661.1;20778.4
688;96352.4;-10722.3;92744.5;20801.6
689;96415.3;-10571.0;92799.6;20813.6
690;96107.7;-11062.6;92519.3;20741.8
691;95547.1;-11692.0;91998.0;20626.8
692;95922.0;-11268.3;92346.9;20704.7
693;95766.4;-11430.0;92201.7;20676.0
694;96107.2;-11043.1;92518.1;20741.5
695;95880.2;-11332.8;92308.6;20696.2
696;95953.3;-11244.7;92376.2;20707.8
697;96548.5;-10502.4;92926.2;20841.3
698;96654.5;-10380.5;93024.3;20860.7
699;95432.8;-11769.6;91889.0;20601.2
700;95774.6;-11449.7;92210.5;20679.3
701;95624.1;-11633.0;92070.6;20642.5
702;96655.2;-10302.4;93022.1;20859.5
703;95986.6;-11203.7;92407.1;20715.6
704;96768.5;-10168.5;93127.5;20884.4
705;95778.0;-11318.6;92208.0;20678.6
706;96065.0;-11074.6;92478.4;20729.2
707;95351.9;-11942.9;91817.3;20586.2
708;96684.6;-10338.3;93052.0;20869.6
709;95825.7;-11368.1;92257.1;20687.3
710;95288.7;-11967.2;91756.6;20569.5
711;95713.7;-11496.7;92152.9;20663.8
712;94845.7;-12498.6;91343.0;20480.6
713;95993.9;-11162.8;92412.9;20716.7
714;96103.2;-10921.6;92508.6;20737.6
715;96186.9;-10947.4;92592.0;20757.8
716;96793.7;-10195.1;93152.7;20890.5
717;95859.8;-11359.0;92289.7;20691.8
718;96437.7;-10644.1;92824.0;20818.8
719;96198.2;-10936.7;92602.6;20759.8
720;95916.2;-11280.2;92341.6;20704.2
721;94961.7;-12385.4;91452.7;20514.3
722;96512.8;-10524.5;92892.5;20829.5
723;95767.5;-11334.0;92198.3;20675.5
724;96062.4;-11083.8;92476.2;20728.8
725;95383.9;-11888.0;91846.5;20593.4
726;96183.3;-10960.6;92588.9;20757.6
727;96096.5;-11036.0;92507.5;20737.5
728;96066.3;-11065.0;92479.5;20729.3
729;95953.5;-11232.5;92376.1;20707.6
730;96563.2;-10488.0;92940.0;20843.5
731;96524.0;-10546.6;92903.9;20832.2
732;96393.6;-10680.8;92783.0;20812.5
733;97745.7;-8947.8;94025.3;21082.6
734;95708.6;-11468.4;92146.7;20662.5
735;95815.8;-11401.5;92248.6;20686.6
736;95507.2;-11756.6;91961.6;20615.1
737;96256.3;-10795.9;92653.7;20776.8
738;95671.1;-11556.7;92113.4;20652.8
739;94655.9;-12766.0;91167.3;20445.6
740;95411.0;-11817.0;91870.1;20595.8
741;96074.3;-11104.7;92488.6;20734.0
742;96548.4;-10493.8;92926.0;20841.0
743;95250.4;-12057.8;91722.5;20563.4
744;95701.7;-11476.3;92140.4;20661.9
745;95952.9;-11249.1;92376.0;20707.4
746;95653.0;-11594.6;92097.3;20651.1
747;96302.3;-10791.1;92698.1;20787.7
748;96058.9;-11111.7;92473.8;20728.2
749;96200.3;-10916.9;92603.8;20760.1
750;95654.4;-11590.1;92098.4;20651.2
751;96820.5;-10170.3;93177.6;20892.9
752;95997.9;-11190.6;92417.7;20718.1
753;96682.6;-10328.6;93049.8;20869.2
754;95786.8;-11363.3;92219.0;20680.1
755;96335.2;-10699.6;92726.6;20795.1
756;95675.9;-11541.3;92117.6;20655.1
757;95536.8;-11730.7;91989.3;20622.8
758;95665.3;-11585.3;92108.9;20652.1
759;95989.9;-11204.8;92410.5;20716.2
760;95901.5;-11270.3;92326.9;20701.2
761;96827.0;-10053.1;93179.7;20893.1
762;95441.8;-11838.7;91900.9;20604.5
763;95469.6;-11798.3;91926.5;20609.0
764;96914.7;-9994.9;93262.4;20911.4
765;96343.2;-10766.6;92737.1;20797.8
766;95068.9;-12251.9;91552.3;20528.6
767;96288.3;-10812.5;92685.3;20782.5
768;96163.7;-10878.1;92566.7;20752.7
769;94926.8;-12442.7;91420.7;20500.4
770;95820.7;-11389.4;92252.9;20687.0
771;95996.8;-11176.6;92416.3;20717.3
772;96398.4;-10638.3;92786.1;20812.7
773;96519.0;-10530.3;92898.6;20830.7
774;96084.6;-11092.8;92498.1;20736.0
775;96554.0;-10506.0;92931.6;20841.9
776;95950.3;-11258.3;92373.8;20706.2
777;95593.0;-11670.8;92041.8;20634.7
778;95543.8;-11719.7;91995.8;20626.5
779;96308.1;-10811.4;92704.4;20788.2
780;95020.1;-12314.0;91507.1;20523.4
781;96373.4;-10643.2;92761.8;20807.6
782;95464.7;-11781.2;91921.0;20608.3
783;95829.5;-11384.4;92261.2;20687.4
784;96293.7;-10779.1;92689.5;20782.6
785;96650.8;-10356.3;93020.0;20859.2
786;95029.2;-12231.7;91512.7;20524.1
787;95619.3;-11639.2;92066.2;20641.9
788;96072.6;-11030.9;92484.0;20732.1
789;95714.1;-11460.9;92151.8;20663.6
790;96465.8;-10565.1;92848.3;20821.0
791;94956.6;-12400.7;91448.4;20509.9
792;96217.7;-10923.6;92620.9;20767.8
793;96249.6;-10851.7;92649.5;20776.4
794;96069.4;-11111.1;92484.0;20732.1
795;96590.8;-10410.8;92964.2;20848.7
796;95403.1;-11876.1;91864.6;20595.2
797;96594.6;-10461.2;92969.4;20848.9
798;95665.5;-11582.7;92109.0;20652.2
799;96393.6;-10686.1;92783.0;20812.5
800;95847.9;-11287.1;92275.1;20690.9
801;96444.2;-10617.3;92829.2;20819.1
802;96425.7;-10586.8;92810.3;20816.7
803;95301.5;-11871.2;91764.1;20570.4
804;95943.8;-11261.1;92367.6;20705.8
805;95968.1;-11233.4;92390.3;20710.3
806;95894.4;-11310.0;92321.4;20697.4
807;95641.5;-11610.3;92086.6;20647.0
808;96990.3;-9875.9;93330.9;20921.4
809;96141.9;-11018.6;92551.0;20750.6
810;96828.0;-10112.2;93183.0;20893.7
811;95719.9;-11510.5;92159.5;20668.7
812;95490.3;-11788.6;91946.3;20611.2
813;96105.2;-11065.5;92517.1;20740.5
814;95726.2;-11509.4;92165.7;20670.0
815;97271.9;-9589.2;93592.3;20984.8
816;96163.3;-10967.0;92569.9;20755.1
817;96619.7;-10362.1;92990.4;20856.7
818;95899.1;-11303.9;92325.8;20699.9
819;95845.0;-11324.6;92274.1;20690.8
820;95995.9;-11116.3;92412.9;20716.8
821;96218.1;-10906.1;92620.7;20767.6
822;96459.5;-10621.2;92844.0;20820.5
823;95961.5;-11223.0;92383.5;20708.1
824;95676.3;-11507.9;92116.6;20653.1
825;95483.8;-11791.5;91940.1;20610.9
826;95981.1;-11148.1;92399.7;20711.0
827;96326.5;-10702.8;92718.2;20792.4
828;96268.8;-10862.7;92668.3;20778.7
829;95996.5;-11190.5;92416.3;20717.3
830;95705.9;-11534.3;92146.7;20662.5
831;96114.8;-10968.7;92522.4;20742.1
832;96323.0;-10791.8;92718.1;20792.3
833;95991.8;-11185.5;92411.7;20716.6
834;96095.9;-11080.4;92508.6;20737.6
835;95948.8;-11239.5;92371.7;20706.0
836;96505.1;-10547.4;92885.7;20826.2
837;95783.9;-11437.5;92219.1;20680.2
838;96125.6;-11029.4;92535.4;20747.6
839;96234.5;-10877.6;92635.7;20771.1
840;96393.0;-10699.8;92782.9;20812.5
841;96793.2;-10209.3;93152.6;20890.4
842;96366.8;-10732.1;92758.7;20807.5
843;96333.5;-10776.0;92727.8;20795.4
844;95295.4;-11970.9;91763.0;20570.1
845;96341.4;-10730.3;92734.0;20797.7
846;97229.2;-9646.6;93553.1;20977.0
847;95611.2;-11592.6;92056.6;20638.9
848;95505.3;-11773.9;91960.4;20614.9
849;95900.6;-11297.9;92327.0;20701.4
850;96550.5;-10472.4;92927.3;20841.5
851;96300.0;-10821.1;92697.0;20787.5
852;95772.7;-11437.4;92208.0;20678.6
853;95991.2;-11203.8;92411.8;20716.6
854;96557.4;-10498.9;92934.7;20842.0
855;96366.6;-10734.2;92758.6;20807.4
856;97288.6;-9549.0;93607.2;20987.3
857;96548.5;-10388.9;92921.9;20840.8
858;96221.0;-10834.0;92620.7;20767.5
859;96349.4;-10666.0;92739.2;20798.0
860;95834.9;-11381.3;92266.4;20687.8
861;95528.2;-11748.5;91981.6;20617.7
862;96120.1;-11026.7;92530.1;20746.1
863;96287.1;-10762.2;92682.1;20782.1
864;95324.7;-11974.6;91792.0;20580.3
865;95748.3;-11477.6;92185.8;20673.6
866;95821.3;-11372.3;92252.9;20687.0
867;96169.7;-10979.0;92576.4;20756.9
868;95887.3;-11316.2;92314.8;20696.5
869;96258.1;-10806.5;92656.0;20778.2
870;96085.9;-11089.3;92499.2;20736.1
871;96572.7;-10457.3;92948.2;20844.0
872;95182.8;-12079.0;91657.2;20547.9
873;96884.7;-10081.4;93236.4;20904.7
874;96749.9;-10263.6;93112.7;20881.2
875;96069.2;-11115.5;92484.0;20732.1
876;96357.3;-10746.8;92750.1;20804.5
877;96340.8;-10742.2;92734.0;20797.7
878;95650.0;-11538.3;92092.0;20648.7
879;96118.5;-11042.9;92528.9;20744.8
880;96423.1;-10650.3;92810.3;20816.6
881;96197.0;-10945.6;92601.6;20759.7
882;96567.3;-10428.4;92942.0;20843.6
883;96085.3;-11041.9;92497.1;20735.9
884;96081.2;-11035.9;92492.8;20734.4
885;95634.8;-11617.9;92080.2;20644.5
886;95824.7;-11394.7;92257.0;20687.2
887;95776.3;-11407.7;92210.5;20679.3
888;96914.0;-10058.0;93263.5;20911.6
889;96161.2;-10994.9;92568.8;20752.8
890;95520.8;-11713.8;91973.0;20616.8
891;96237.3;-10892.7;92638.8;20771.3
892;95915.9;-11288.7;92341.6;20704.3
893;94475.0;-12930.5;90995.7;20404.2
894;96275.9;-10853.1;92674.8;20780.6
895;95253.1;-12042.2;91724.6;20563.6
896;96327.8;-10778.5;92722.3;20792.6
897;95533.8;-11718.7;91986.0;20622.4
898;95300.2;-11918.8;91765.3;20570.6
899;96286.3;-10837.2;92684.2;20782.2
900;95282.6;-12012.0;91752.3;20569.1
901;95782.5;-11414.9;92216.8;20679.8
902;96137.2;-11004.3;92545.9;20749.4
903;96344.6;-10762.1;92738.1;20797.9
904;96410.4;-10666.2;92798.4;20813.3
905;95992.4;-11171.1;92411.8;20716.6
906;95608.3;-11643.3;92055.5;20638.8
907;97030.4;-9909.9;93370.6;20933.3
908;95704.1;-11526.2;92144.6;20662.2
909;96962.0;-9962.6;93306.8;20918.5
910;95781.2;-11443.3;92216.7;20679.6
911;96623.9;-10398.2;92995.6;20857.0
912;96577.6;-10476.8;92953.5;20845.4
913;95495.5;-11770.6;91950.7;20611.9
914;96219.4;-10868.8;92620.7;20767.5
915;96419.2;-10600.0;92804.7;20814.7
916;96382.1;-10662.5;92771.3;20810.5
917;95908.9;-11279.3;92334.4;20702.0
918;96194.9;-10822.8;92594.3;20758.3
919;95809.0;-11406.4;92242.2;20686.0
920;95434.5;-11850.2;91894.2;20603.6
921;96532.4;-10517.8;92911.4;20837.9
922;95731.2;-11437.9;92167.8;20670.1
923;96735.3;-10187.1;93095.9;20879.7
924;96334.7;-10772.6;92728.9;20795.5
925;95575.0;-11688.2;92024.9;20630.3
926;95942.9;-11254.5;92366.4;20705.5
927;95867.9;-11348.1;92297.1;20692.4
928;95586.8;-11638.6;92034.5;20633.2
929;96291.3;-10817.6;92688.4;20782.5
930;95771.3;-11447.2;92207.0;20678.5
931;96873.0;-10098.8;93225.8;20900.7
932;96464.2;-10614.7;92848.3;20821.0
933;95577.5;-11684.5;92027.2;20631.8
934;95995.7;-11177.4;92415.2;20717.3
935;95899.8;-11253.2;92324.7;20698.9
936;95249.8;-12019.8;91720.3;20563.1
937;96509.8;-10569.2;92891.1;20827.8
938;96518.1;-10489.9;92896.5;20829.5
939;96508.0;-10562.3;92888.9;20826.6
940;95779.2;-11385.8;92212.6;20679.4
941;96577.3;-10481.7;92953.4;20845.3
942;95905.0;-11267.3;92330.1;20701.5
943;96510.0;-10567.2;92891.2;20828.0
944;96967.0;-9944.4;93311.0;20918.9
945;96107.6;-11064.1;92519.3;20741.8
946;95316.1;-11907.3;91780.4;20575.3
947;95851.0;-11362.8;92281.3;20691.1
948;96356.5;-10678.9;92746.9;20802.1
949;96649.9;-10386.1;93020.0;20859.3
950;95450.8;-11757.4;91906.3;20605.2
951;95917.0;-11259.9;92341.7;20704.3
952;96161.7;-10899.9;92565.6;20752.6
953;96254.0;-10852.0;92653.7;20776.8
954;96501.0;-10571.8;92882.5;20826.0
955;95538.7;-11732.9;91991.4;20623.9
956;95798.2;-11287.5;92226.4;20681.8
957;96544.6;-10518.2;92923.0;20840.9
958;96233.8;-10897.1;92635.6;20771.1
959;96258.2;-10837.4;92657.0;20778.3
960;96605.5;-10424.2;92978.8;20853.6
961;96091.7;-11079.2;92504.4;20737.3
962;96301.8;-10805.4;92698.1;20787.6
963;95852.6;-11351.3;92282.3;20691.3
964;95354.8;-11899.5;91818.4;20586.4
965;95371.7;-11893.9;91834.8;20592.4
966;96074.5;-11102.2;92488.6;20734.1
967;95910.2;-11242.1;92334.4;20701.9
968;95684.2;-11529.1;92125.3;20656.2
969;96199.3;-10942.9;92603.8;20760.0
970;95575.1;-11687.4;92024.9;20630.3
971;96096.3;-11073.7;92508.5;20737.6
972;95995.6;-11179.7;92415.2;20717.2
973;95608.2;-11524.5;92050.3;20637.4
974;94850.3;-12540.3;91349.2;20481.9
975;96767.2;-10240.7;93128.7;20885.7
976;96197.8;-10953.0;92602.7;20760.0
977;94670.7;-12754.6;91181.4;20447.1
978;95790.5;-11432.1;92225.4;20681.7
979;96234.2;-10884.9;92635.7;20771.1
980;95898.0;-11248.3;92322.6;20698.8
981;96328.0;-10770.1;92722.4;20792.7
982;95529.2;-11725.6;91981.7;20618.9
983;96121.8;-11041.7;92532.2;20746.2
984;95988.6;-11206.3;92409.3;20715.9
985;95921.5;-11253.5;92345.8;20704.7
986;95901.1;-11278.9;92326.8;20701.1
987;96134.9;-11011.8;92543.8;20749.2
988;96510.3;-10559.9;92891.1;20827.9
989;95742.4;-11489.1;92180.6;20672.3
990;95799.9;-11389.7;92232.9;20685.4
991;96115.8;-11050.6;92526.8;20744.6
992;95965.4;-11156.7;92384.5;20708.2
993;96234.8;-10865.3;92635.5;20770.8
994;96390.5;-10706.3;92780.8;20811.2
995;96681.2;-10339.9;93048.7;20869.2
996;95963.4;-11233.1;92385.6;20708.3
997;94861.8;-12523.7;91359.9;20484.7
998;95983.4;-11199.4;92403.9;20711.2
999;96217.8;-10915.2;92620.7;20767.5
1000;95919.5;-11280.2;92344.7;20704.5
