CASO;pATIVA;pREATIVA;dATIVA;dREATIVA
1;85325.9;-12766.9;81219.2;17847.5
2;83359.2;-15611.3;79458.3;17402.5
3;83165.6;-17732.8;79530.5;17421.7
4;82968.5;-16071.9;79096.7;17310.9
5;84436.5;-15532.4;80615.3;17693.6
6;81778.2;-18922.9;78155.5;17067.4
7;85501.3;-11969.5;81312.8;17871.1
8;83071.6;-17113.6;79345.1;17373.5
9;84054.5;-15452.2;80189.6;17585.9
10;83566.8;-16074.7;79743.6;17468.4
11;85250.0;-12442.0;81096.4;17812.3
12;82106.8;-17474.0;78335.4;17114.0
13;83627.8;-15164.2;79690.1;17456.2
14;83426.5;-16479.3;79644.3;17445.0
15;84934.1;-12986.9;80823.3;17750.5
16;82864.4;-16849.2;79084.0;17306.5
17;83763.8;-14981.7;79813.3;17486.9
18;83146.3;-15815.3;79254.9;17348.7
19;83858.9;-15486.8;79981.2;17528.9
20;84434.3;-13901.4;80398.1;17635.8
21;82825.4;-17154.6;79084.0;17306.5
22;84911.6;-13217.9;80827.9;17751.4
23;84729.2;-13352.2;80647.3;17701.6
24;84226.8;-15125.1;80333.4;17623.1
25;84680.0;-13758.6;80645.3;17701.5
26;83276.0;-15885.6;79402.9;17387.2
27;83732.0;-15564.6;79854.3;17495.1
28;82928.8;-17286.7;79212.3;17333.7
29;83479.3;-16680.7;79729.5;17464.8
30;84373.9;-14100.0;80358.0;17627.4
31;83268.2;-15915.9;79399.4;17386.6
32;83573.2;-15128.3;79627.6;17442.9
33;82975.3;-18312.9;79400.7;17387.0
34;83164.7;-15839.7;79277.9;17356.5
35;83316.1;-15573.6;79407.6;17392.3
36;83907.2;-14633.3;79924.0;17515.3
37;82936.1;-16147.3;79071.9;17305.0
38;84009.9;-15335.0;80125.7;17570.9
39;85420.3;-12220.8;81254.2;17853.3
40;84590.7;-13562.5;80524.2;17670.8
41;83713.8;-15276.9;79797.1;17482.2
42;83135.9;-15843.5;79247.2;17346.9
43;83001.0;-17771.3;79355.9;17375.8
44;85458.0;-12011.5;81271.0;17859.9
45;83978.9;-14525.3;79986.8;17529.6
46;83303.9;-15914.5;79437.7;17396.3
47;84099.3;-14321.1;80094.1;17561.3
48;85810.3;-11458.1;81586.0;17937.3
49;83912.1;-15477.9;80037.9;17546.4
50;84473.8;-13799.6;80428.0;17644.6
51;84192.5;-14193.7;80175.5;17582.3
52;83557.8;-15579.8;79668.3;17449.7
53;82862.1;-16626.3;79053.3;17299.9
54;83597.6;-15257.8;79669.5;17450.0
55;83745.2;-14916.1;79785.1;17476.8
56;84456.7;-13767.5;80405.2;17636.0
57;84576.9;-14222.6;80594.8;17691.5
58;84751.2;-13304.4;80665.0;17706.0
59;84180.9;-14240.8;80168.7;17578.2
60;84445.6;-15570.4;80630.4;17696.3
61;83189.9;-16179.5;79349.5;17374.1
62;85025.2;-13006.5;80923.9;17776.2
63;84366.9;-14036.4;80343.0;17624.0
64;83657.4;-15059.1;79708.6;17460.2
65;84066.8;-16297.4;80317.6;17621.9
66;83861.3;-14802.1;79895.1;17504.1
67;84831.4;-13843.5;80822.2;17750.4
68;85081.6;-14162.5;81135.5;17822.0
69;85902.8;-11210.7;81656.5;17950.0
70;82681.0;-16545.8;78846.3;17245.7
71;82544.9;-17419.2;78809.2;17237.5
72;83476.8;-15310.0;79546.9;17426.7
73;84009.8;-14878.4;80066.2;17557.7
74;84694.1;-13452.7;80621.9;17694.6
75;84046.8;-15507.0;80188.4;17584.6
76;82142.3;-17434.0;78368.9;17120.4
77;83288.7;-17994.7;79699.1;17459.6
78;84641.9;-13622.1;80587.2;17687.8
79;84131.8;-14266.1;80122.4;17569.5
80;84319.5;-15904.8;80539.4;17675.5
81;83690.3;-15217.4;79764.3;17474.7
82;83732.3;-15055.6;79788.6;17478.5
83;84096.5;-14318.5;80090.8;17560.9
84;84296.8;-14024.8;80266.0;17603.4
85;84042.3;-14861.2;80098.5;17561.9
86;83837.0;-16082.3;80037.8;17546.3
87;83321.7;-15533.8;79408.7;17393.4
88;84262.7;-14078.3;80236.1;17596.7
89;83964.8;-15036.4;80038.0;17546.5
90;84928.6;-13009.9;80820.1;17747.2
91;84994.0;-12903.9;80876.9;17759.8
92;84094.2;-14359.7;80090.7;17560.8
93;83593.2;-15162.0;79652.8;17445.7
94;83353.9;-15486.5;79436.6;17396.1
95;84057.2;-16028.9;80272.8;17605.5
96;83994.7;-14511.2;80002.3;17535.8
97;83620.4;-15112.6;79675.8;17451.4
98;83934.0;-14862.7;79981.3;17529.0
99;83366.6;-15472.0;79448.8;17401.7
100;84218.4;-16315.5;80484.7;17659.2
101;83530.7;-15220.4;79593.5;17435.7
102;85019.9;-12860.6;80899.3;17764.9
103;84120.0;-15422.7;80256.6;17600.9
104;84460.1;-13788.8;80411.7;17639.6
105;82906.1;-16500.5;79084.3;17307.0
106;84082.4;-14324.2;80073.8;17558.5
107;84594.0;-13525.8;80523.2;17669.7
108;83080.3;-15953.8;79200.2;17330.1
109;83578.2;-15887.5;79730.6;17464.9
110;83881.2;-15289.2;79979.7;17527.1
111;82660.9;-16905.8;78869.7;17249.8
112;84120.3;-14894.2;80187.4;17584.6
113;84544.6;-14540.5;80601.2;17692.1
114;83075.6;-16519.6;79270.0;17353.3
115;84196.1;-14495.0;80216.5;17591.4
116;82680.5;-17062.3;78912.6;17263.1
117;83789.7;-15545.7;79914.4;17512.1
118;82352.9;-18019.5;78675.2;17202.3
119;84931.3;-12944.5;80814.7;17744.5
120;84079.6;-15787.1;80264.9;17603.3
121;83754.4;-15887.3;79922.2;17513.3
122;83228.3;-15711.2;79330.2;17371.3
123;85030.3;-13173.0;80950.1;17780.9
124;85697.4;-11610.4;81481.8;17909.8
125;82274.2;-17229.2;78487.6;17152.0
126;85030.5;-12813.7;80905.0;17766.8
127;85397.3;-12155.7;81222.4;17847.8
128;84084.8;-15318.2;80207.8;17588.4
129;82872.8;-16232.3;79013.8;17285.0
130;84440.0;-15490.1;80614.2;17693.5
131;83746.3;-15064.5;79804.8;17484.2
132;83302.7;-16079.8;79458.8;17404.1
133;82687.1;-17545.7;78982.8;17276.3
134;84422.4;-13838.5;80377.2;17630.1
135;84599.7;-13767.3;80560.2;17683.9
136;83364.3;-15481.7;79447.6;17401.5
137;84178.2;-15663.6;80352.4;17624.6
138;82916.3;-16170.7;79053.2;17298.8
139;84644.5;-13476.4;80571.7;17684.6
140;83966.7;-14602.6;79983.5;17529.2
141;83557.5;-16555.3;79797.4;17482.7
142;83807.4;-15081.2;79872.6;17498.8
143;84471.0;-15263.6;80617.5;17693.9
144;84304.0;-15975.9;80531.7;17672.5
145;84409.2;-13788.9;80356.9;17626.3
146;84047.8;-14423.5;80048.9;17551.8
147;84000.1;-14481.2;80004.4;17535.8
148;84416.3;-14298.3;80429.1;17644.6
149;84134.2;-14294.7;80125.5;17569.7
150;84537.8;-13652.1;80477.8;17654.9
151;83647.3;-15057.0;79697.9;17459.2
152;81753.7;-18200.9;78038.7;17041.7
153;84807.7;-13460.4;80746.1;17730.8
154;85597.7;-13843.3;81658.6;17950.1
155;84320.8;-14000.9;80288.8;17610.0
156;83845.1;-14773.6;79873.7;17499.0
157;83812.2;-14797.3;79841.5;17491.9
158;83787.0;-15135.2;79857.5;17495.4
159;83964.2;-14540.1;79972.8;17525.8
160;82868.5;-16695.1;79069.6;17303.6
161;83288.4;-16785.9;79537.2;17423.6
162;83036.7;-15994.6;79159.5;17325.4
163;84078.9;-14872.7;80139.6;17572.2
164;83484.4;-16500.3;79710.7;17461.4
165;84361.6;-13970.4;80329.0;17622.5
166;83776.5;-14855.9;79811.2;17485.7
167;84795.5;-13238.8;80705.1;17719.5
168;84118.5;-14295.7;80111.4;17564.1
169;85923.0;-11055.8;81660.8;17950.4
170;82236.4;-17290.1;78454.1;17145.6
171;83343.4;-15499.4;79427.1;17395.4
172;84447.6;-15670.0;80647.3;17701.6
173;86218.6;-10548.5;81924.3;18021.5
174;83699.9;-14972.2;79743.6;17468.4
175;83916.9;-15006.5;79981.3;17529.0
176;83591.9;-16003.7;79761.0;17473.3
177;85120.4;-12686.8;80986.2;17787.7
178;83624.9;-15417.4;79719.3;17462.1
179;84446.8;-14412.0;80476.7;17654.7
180;83640.9;-15050.5;79690.3;17457.4
181;82798.9;-16338.9;78948.1;17270.6
182;84202.6;-14203.4;80187.3;17584.5
183;84304.4;-14492.7;80334.4;17623.1
184;85095.7;-12724.8;80964.1;17783.5
185;83838.8;-14766.2;79866.0;17497.1
186;83369.5;-15480.6;79453.0;17402.0
187;84216.8;-15577.7;80382.9;17632.1
188;84095.0;-14664.0;80133.0;17571.4
189;84178.0;-14239.0;80165.4;17577.7
190;83872.5;-14718.9;79896.3;17504.3
191;84954.1;-12947.2;80839.8;17752.6
192;84255.9;-14102.3;80231.6;17594.0
193;85462.4;-13209.6;81426.5;17902.8
194;84805.2;-13933.1;80805.1;17743.7
195;84341.4;-15157.0;80461.5;17651.0
196;82476.0;-16863.1;78662.4;17199.3
197;84462.2;-13798.5;80415.2;17641.3
198;84302.1;-14032.8;80272.6;17605.2
199;84656.2;-13443.1;80580.2;17686.4
200;84806.9;-13550.5;80756.4;17733.2
201;83401.6;-16538.8;79626.3;17442.6
202;84596.0;-13990.0;80584.9;17687.5
203;83388.8;-15629.1;79492.4;17411.8
204;85691.1;-11585.2;81472.2;17906.8
205;82745.5;-16435.1;78902.4;17256.4
206;82208.1;-18401.4;78564.8;17174.6
207;82451.3;-16933.3;78643.9;17195.2
208;83133.4;-15848.2;79245.1;17346.6
209;82787.3;-17369.5;79070.8;17304.9
210;85663.4;-11846.6;81472.2;17906.9
211;83378.1;-17180.2;79686.9;17455.8
212;82731.8;-16476.2;78892.7;17254.5
213;84867.9;-13439.2;80808.3;17744.0
214;83205.7;-16999.8;79475.9;17407.6
215;82729.7;-17155.8;78978.4;17275.7
216;84700.1;-13402.0;80621.9;17694.6
217;84402.0;-14456.7;80434.4;17646.0
218;83539.8;-15236.7;79605.2;17437.7
219;85197.7;-12533.1;81051.4;17804.9
220;83917.7;-15480.8;80044.4;17549.1
221;85337.2;-12638.3;81214.9;17846.0
222;84377.7;-13867.7;80333.4;17623.1
223;85331.7;-12333.8;81171.7;17829.2
224;83896.2;-15514.0;80026.2;17543.5
225;82834.2;-16357.8;78988.5;17281.2
226;85943.9;-12559.7;81867.2;18007.6
227;83432.1;-15371.2;79506.4;17414.2
228;83749.1;-14911.3;79788.7;17478.7
229;83297.1;-15583.0;79387.8;17382.8
230;83749.2;-14891.6;79786.4;17478.3
231;84142.4;-14294.9;80134.2;17571.6
232;84112.6;-14293.9;80104.7;17562.2
233;84515.9;-13706.9;80461.6;17652.2
234;85439.2;-12812.6;81348.4;17881.9
235;83680.4;-16008.6;79857.4;17495.3
236;82768.9;-16850.7;78981.6;17276.0
237;82539.0;-19122.9;79023.9;17287.5
238;83331.6;-15509.4;79416.0;17393.8
239;82199.9;-18972.7;78629.4;17189.1
240;84642.7;-13605.1;80586.0;17687.6
241;83299.6;-16823.1;79554.3;17428.2
242;83365.0;-17360.7;79696.8;17459.1
243;83888.7;-14813.9;79926.6;17516.3
244;82635.9;-16934.5;78846.3;17245.7
245;83133.6;-16028.7;79268.9;17353.2
246;84533.5;-13661.2;80474.3;17653.3
247;84389.8;-14518.2;80429.1;17644.6
248;83529.4;-15249.7;79595.7;17436.0
249;85552.4;-11868.9;81356.4;17884.4
250;82718.3;-16811.2;78921.0;17264.7
251;83576.7;-15463.7;79673.7;17451.3
252;83715.3;-14950.5;79757.7;17472.9
253;81429.0;-18712.3;77746.5;16968.0
254;85662.1;-11698.6;81454.3;17905.5
255;83921.1;-16811.5;80228.4;17593.8
256;82977.7;-16143.6;79115.5;17314.3
257;85769.6;-11468.1;81543.3;17926.4
258;84427.8;-13998.1;80403.2;17636.0
259;84305.5;-14040.0;80277.1;17607.0
260;83380.2;-15434.8;79458.6;17402.9
261;84010.2;-14546.9;80023.0;17543.2
262;82576.8;-16726.4;78755.0;17220.3
263;84511.4;-14540.4;80565.3;17684.1
264;83472.2;-16165.7;79653.0;17445.9
265;83972.4;-15039.3;80046.7;17549.5
266;84846.5;-14158.2;80879.1;17760.1
267;84168.7;-14345.9;80168.6;17578.1
268;84025.7;-15397.7;80151.3;17574.2
269;84144.6;-14502.3;80162.1;17577.4
270;83067.2;-17292.3;79364.8;17379.0
271;84429.0;-15413.8;80592.6;17691.3
272;85220.9;-13207.9;81160.8;17826.0
273;84447.9;-14837.3;80535.2;17673.2
274;84613.4;-14188.2;80629.4;17696.3
275;83055.9;-16567.4;79254.9;17348.8
276;83107.0;-16234.7;79266.5;17351.6
277;82646.1;-16594.9;78814.4;17237.8
278;85028.5;-12812.8;80902.8;17766.5
279;83693.5;-14983.7;79738.3;17468.0
280;85136.0;-13019.3;81045.0;17803.2
281;83223.3;-15686.3;79321.8;17369.8
282;83322.1;-17012.9;79603.0;17436.4
283;83725.6;-16817.0;80016.4;17539.3
284;84739.6;-13335.1;80656.4;17705.3
285;83971.7;-14667.7;79996.3;17533.4
286;84090.7;-14545.5;80109.3;17562.9
287;83947.8;-14686.2;79972.7;17525.8
288;83850.5;-16308.7;80083.3;17559.1
289;82775.3;-17481.3;79073.0;17305.1
290;83998.1;-14501.5;80004.5;17536.1
291;83762.0;-14869.8;79797.4;17482.7
292;83772.7;-15596.6;79902.3;17506.6
293;84364.5;-13895.0;80322.8;17622.2
294;83162.1;-16817.6;79404.1;17387.5
295;83778.3;-15449.9;79888.6;17501.3
296;83658.3;-15059.3;79709.7;17460.3
297;84127.9;-15466.0;80271.4;17605.0
298;84553.9;-14130.9;80557.7;17683.3
299;83052.1;-16185.0;79200.1;17330.0
300;84393.5;-14286.3;80403.2;17636.0
301;85785.7;-11411.1;81554.1;17930.6
302;82621.6;-16647.3;78794.5;17233.1
303;83031.2;-17048.6;79291.8;17361.6
304;83047.4;-16634.6;79254.7;17348.5
305;83674.5;-15041.6;79724.8;17463.9
306;85371.2;-12355.3;81217.2;17847.4
307;83841.6;-15559.3;79971.5;17525.5
308;83299.9;-15601.7;79393.2;17383.3
309;84488.5;-13725.7;80434.3;17644.9
310;83288.5;-16222.0;79462.0;17404.5
311;84924.5;-13002.2;80814.8;17746.7
312;83963.4;-16116.1;80179.8;17582.8
313;84944.0;-14547.3;81037.4;17800.4
314;83328.1;-15548.2;79417.2;17394.2
315;86540.8;-10836.4;82311.8;18122.6
316;84513.0;-14675.7;80585.0;17687.5
317;84472.5;-14038.0;80456.2;17649.6
318;83783.6;-15523.3;79904.6;17508.1
319;83270.0;-15649.2;79367.3;17379.6
320;82952.5;-17490.7;79266.5;17351.6
321;83756.6;-15261.9;79841.5;17491.9
322;83215.9;-15654.9;79309.8;17367.5
323;84176.5;-14269.3;80167.5;17577.9
324;82922.3;-17931.9;79293.1;17363.0
325;84485.3;-13735.4;80432.3;17644.9
326;84775.4;-13255.1;80685.4;17713.1
327;83296.5;-15578.9;79386.5;17382.3
328;84980.3;-12942.8;80867.6;17759.3
329;83610.6;-15763.9;79749.3;17470.4
330;84952.4;-12936.2;80836.5;17752.2
331;84318.5;-14003.0;80286.6;17609.7
332;84664.2;-15160.6;80814.7;17744.6
333;83036.2;-15999.6;79159.5;17325.4
334;83806.5;-15071.6;79870.3;17497.4
335;85245.8;-12430.4;81090.8;17811.4
336;83314.1;-15934.1;79451.9;17401.9
337;82124.5;-17483.4;78355.9;17119.0
338;82200.9;-17378.0;78426.1;17136.5
339;81689.3;-18232.0;77972.0;17027.5
340;82041.6;-17730.1;78295.9;17101.2
341;83497.3;-15717.2;79620.7;17440.7
342;85075.5;-12811.0;80953.3;17781.3
343;83533.6;-15230.1;79597.8;17436.1
344;84210.7;-14185.4;80193.9;17586.3
345;83842.5;-14742.7;79867.1;17497.1
346;83955.2;-14596.2;79970.2;17525.1
347;83784.5;-14845.5;79818.5;17488.3
348;83782.5;-14817.8;79812.2;17485.7
349;84329.8;-14043.5;80304.0;17615.6
350;82884.7;-16228.0;79026.3;17289.0
351;84735.8;-13938.3;80730.5;17725.5
352;84729.8;-13412.0;80655.4;17704.1
353;83760.4;-14857.6;79793.9;17479.0
354;84648.8;-13482.1;80576.9;17684.9
355;83297.2;-15575.6;79386.8;17382.7
356;83294.5;-16610.3;79519.9;17417.9
357;83866.1;-16045.8;80065.0;17557.4
358;83758.2;-14900.2;79797.2;17482.4
359;83334.7;-16831.8;79592.4;17435.5
360;83325.5;-15494.0;79407.6;17392.2
361;83423.4;-15384.7;79498.7;17412.1
362;84574.8;-14808.0;80669.5;17708.7
363;82173.7;-17607.2;78425.0;17136.4
364;84152.9;-14854.6;80217.6;17591.6
365;83705.6;-14976.5;79750.4;17470.5
366;84558.9;-13733.8;80511.4;17664.7
367;84384.1;-13891.3;80343.1;17624.2
368;81453.7;-18585.0;77758.2;16969.9
369;84411.0;-14110.1;80399.1;17635.9
370;84042.0;-15586.1;80193.9;17586.4
371;83959.7;-14584.9;79973.0;17526.2
372;83487.9;-15505.2;79583.2;17433.9
373;84690.7;-13381.4;80609.6;17692.7
374;83533.5;-15413.9;79620.6;17440.6
375;85575.8;-11808.7;81374.7;17890.3
376;84427.2;-13842.7;80383.0;17632.2
377;85819.5;-11637.9;81616.0;17944.3
378;83151.1;-16268.7;79319.5;17368.5
379;82368.2;-17078.1;78571.2;17175.0
380;84569.7;-13547.4;80499.7;17663.6
381;84689.5;-13392.5;80609.6;17692.6
382;83945.4;-14764.7;79980.8;17527.3
383;82558.8;-16756.6;78739.1;17216.1
384;83523.0;-15287.5;79593.4;17435.6
385;84296.4;-15278.1;80429.1;17644.6
386;83759.7;-14898.2;79798.6;17482.9
387;83834.2;-14754.6;79859.7;17495.6
388;83728.8;-15261.2;79811.1;17485.6
389;82938.6;-17215.9;79213.4;17333.8
390;83447.1;-15368.5;79522.2;17419.3
391;82661.6;-16545.8;78825.3;17243.1
392;85522.1;-11915.4;81329.1;17875.9
393;83509.4;-15262.4;79575.7;17432.2
394;84352.5;-13903.4;80310.9;17618.0
395;83015.8;-16011.5;79138.9;17320.3
396;84637.9;-13481.5;80565.3;17684.0
397;82226.0;-17552.6;78475.6;17149.7
398;84737.1;-13355.9;80656.4;17705.2
399;83876.1;-14852.1;79917.6;17512.4
400;85830.2;-11327.3;81592.5;17938.1
401;82639.9;-17471.4;78921.0;17264.6
402;83996.8;-14494.9;80002.3;17535.7
403;84247.4;-14149.2;80228.5;17593.8
404;84964.1;-13364.8;80902.8;17766.6
405;83554.0;-15192.8;79615.0;17438.7
406;83711.5;-16886.6;80009.9;17537.6
407;81910.0;-18681.7;78271.0;17094.6
408;83091.3;-16555.3;79291.8;17361.6
409;84332.7;-13974.5;80298.4;17612.9
410;84826.2;-13686.8;80795.7;17743.1
411;83679.5;-14989.3;79723.6;17463.6
412;85698.8;-12149.9;81545.6;17926.8
413;85513.9;-11946.0;81323.7;17874.3
414;83773.4;-15582.1;79901.1;17506.3
415;81780.3;-18048.5;78050.1;17048.6
416;82304.4;-17443.8;78547.7;17169.1
417;83224.5;-15709.2;79326.0;17371.1
418;84841.9;-13662.7;80809.4;17744.1
419;84041.4;-15510.3;80183.1;17584.2
420;82032.4;-17892.8;78306.2;17108.0
421;83718.2;-14940.4;79758.9;17473.1
422;85230.1;-13511.3;81211.7;17844.6
423;83378.2;-16933.1;79653.0;17445.9
424;83211.6;-16045.1;79354.8;17374.5
425;85774.6;-11440.7;81545.5;17926.7
426;83825.0;-15809.5;79987.9;17529.8
427;83420.5;-15962.9;79570.5;17431.9
428;84235.4;-14156.5;80216.4;17591.4
429;83911.1;-14990.3;79972.8;17525.8
430;83544.8;-15229.0;79609.6;17438.2
431;85010.1;-12851.1;80887.5;17760.6
432;84904.6;-13123.0;80808.4;17744.1
433;84654.0;-13577.8;80594.9;17691.6
434;83845.8;-14758.3;79872.5;17498.7
435;84924.2;-13126.9;80830.1;17751.5
436;83743.8;-15846.1;79904.7;17508.2
437;84194.5;-15188.3;80307.3;17617.1
438;84678.9;-14516.3;80744.8;17730.4
439;84656.9;-13419.8;80578.1;17685.2
440;85524.4;-12053.0;81347.3;17881.7
441;84331.7;-13983.2;80298.4;17612.8
442;82422.6;-16984.3;78618.8;17188.3
443;82759.1;-17321.5;79033.2;17292.4
444;85141.9;-12635.6;81003.3;17790.2
445;83548.1;-15785.7;79684.6;17455.4
446;83976.1;-16483.2;80243.6;17599.4
447;83131.9;-16089.0;79274.5;17356.0
448;84657.1;-14508.7;80719.9;17722.7
449;83537.9;-15558.8;79644.3;17444.9
450;85241.9;-12469.9;81091.2;17812.0
451;83456.1;-15307.2;79524.2;17420.3
452;84844.1;-13660.9;80811.5;17744.3
453;84503.8;-13914.2;80474.3;17653.3
454;83273.8;-15642.9;79370.5;17379.9
455;84895.1;-13077.6;80792.4;17741.7
456;83096.7;-16092.2;79236.4;17339.7
457;83039.0;-17017.2;79297.3;17363.3
458;84432.1;-14770.7;80509.1;17664.2
459;83329.6;-15753.4;79445.4;17401.2
460;83219.6;-16817.4;79466.4;17405.0
461;83526.0;-15899.2;79675.8;17451.4
462;82860.5;-17429.0;79158.3;17324.1
463;84858.9;-13101.1;80756.4;17733.3
464;84254.4;-15553.4;80420.5;17641.8
465;83879.6;-14670.6;79898.5;17505.6
466;83756.6;-15488.6;79870.2;17497.3
467;84177.4;-15258.1;80297.3;17612.7
468;85338.3;-13485.1;81326.9;17874.7
469;84698.2;-13382.7;80617.6;17694.1
470;83475.8;-15308.7;79545.7;17426.4
471;84499.0;-14558.1;80554.3;17681.8
472;83826.4;-14805.8;79857.5;17495.4
473;83725.0;-15118.2;79788.7;17478.6
474;85555.3;-12166.9;81393.4;17896.8
475;83549.3;-15235.7;79615.2;17440.0
476;83502.9;-15275.3;79570.5;17431.9
477;81937.8;-19575.3;78420.4;17134.6
478;82377.5;-19098.2;78842.9;17245.2
479;84329.1;-14007.6;80298.4;17612.8
480;83284.3;-15735.4;79393.2;17383.3
481;84383.2;-13899.6;80343.1;17624.2
482;82704.3;-18101.4;79075.1;17305.2
483;83097.5;-16847.0;79337.7;17372.0
484;84537.2;-13629.2;80474.3;17653.3
485;85055.6;-14075.0;81095.3;17812.2
486;84456.5;-13796.5;80408.6;17637.5
487;84875.4;-13900.8;80876.9;17759.7
488;85397.1;-12634.6;81279.6;17861.8
489;84645.9;-14804.1;80747.2;17730.9
490;83115.0;-15867.8;79227.3;17337.2
491;83575.4;-16961.4;79871.3;17498.5
492;84322.2;-15165.7;80441.8;17646.6
493;83426.1;-16287.8;79619.5;17440.4
494;84334.0;-13964.7;80298.4;17612.9
495;82512.7;-16845.0;78700.5;17209.6
496;83186.5;-15763.1;79291.9;17362.8
497;84384.0;-14004.3;80356.9;17626.3
498;81933.2;-17826.5;78189.8;17077.2
499;82947.1;-16131.7;79081.5;17305.9
500;83907.6;-14627.3;79923.7;17514.9
501;82393.6;-17048.6;78595.5;17183.3
502;83771.6;-16286.1;79994.1;17532.1
503;83208.5;-15716.0;79309.7;17367.3
504;83662.8;-15080.6;79717.0;17461.8
505;83530.3;-16311.0;79735.0;17466.5
506;84065.8;-14620.1;80093.0;17561.1
507;83272.6;-16585.0;79492.3;17411.6
508;84008.9;-14459.1;80011.1;17538.8
509;83330.3;-15879.0;79462.0;17404.4
510;84141.7;-16167.1;80380.5;17631.5
511;85453.0;-12076.7;81273.0;17860.0
512;83978.6;-15371.8;80096.4;17561.8
513;84078.6;-14365.0;80074.8;17558.5
514;82887.1;-16252.7;79032.0;17292.1
515;84286.9;-15743.4;80480.4;17657.8
516;83176.7;-16281.8;79348.3;17373.8
517;83047.9;-17011.8;79306.1;17365.5
518;84313.5;-14780.6;80380.6;17631.6
519;83994.3;-15163.2;80086.5;17560.4
520;84617.0;-15415.0;80797.9;17743.4
521;85236.3;-12488.6;81087.3;17810.7
522;83318.8;-16413.4;79519.8;17417.7
523;83906.0;-15537.0;80040.4;17549.1
524;85515.0;-11935.4;81323.7;17874.3
525;84787.7;-13200.7;80692.0;17715.9
526;84467.7;-14401.8;80498.6;17663.4
527;85114.9;-12649.5;80975.9;17784.6
528;83092.7;-17786.4;79458.8;17403.1
529;84502.2;-13712.4;80447.1;17648.1
530;85111.3;-13301.6;81054.5;17806.0
531;85371.0;-12355.6;81217.1;17847.3
532;83064.2;-16896.3;79308.3;17365.7
533;83608.9;-15718.3;79741.5;17468.3
534;84216.8;-14501.3;80239.4;17597.1
535;83621.5;-15445.3;79719.2;17462.0
536;83578.6;-15173.8;79638.9;17443.4
537;84544.3;-13596.1;80477.9;17655.1
538;83521.2;-15881.7;79668.2;17449.6
539;82307.0;-17361.1;78540.1;17167.2
540;84002.5;-16146.4;80226.1;17593.4
541;83205.8;-18029.6;79613.9;17438.6
542;83273.0;-15614.6;79365.9;17379.1
543;82338.8;-18383.6;78707.4;17211.7
544;84714.8;-14118.1;80730.7;17725.8
545;81932.9;-17894.2;78197.4;17078.1
546;82415.6;-16990.7;78611.8;17185.0
547;83675.8;-15031.1;79725.0;17464.1
548;85030.0;-12798.7;80902.6;17766.3
549;85077.4;-12979.0;80976.0;17784.9
550;82645.5;-18314.7;79037.6;17294.9
551;83767.7;-14906.1;79808.0;17485.4
552;82583.7;-16757.7;78765.9;17221.6
553;84704.3;-14202.2;80730.5;17725.6
554;82563.3;-17081.8;78785.1;17230.6
555;83719.7;-15538.4;79838.0;17491.4
556;84848.1;-13099.8;80744.8;17730.3
557;83633.2;-15691.0;79764.3;17474.7
558;85049.7;-14164.5;81100.8;17813.0
559;83154.9;-15838.9;79266.3;17351.4
560;83998.2;-16221.2;80231.6;17594.0
561;84687.0;-13415.5;80609.6;17692.7
562;83807.3;-14824.9;79840.3;17491.6
563;85052.6;-13655.8;81037.2;17800.1
564;84332.4;-14560.1;80373.0;17629.9
565;82377.1;-17648.9;78654.8;17198.4
567;84507.2;-13713.7;80452.9;17649.2
568;83846.5;-15908.3;80025.1;17543.3
569;82503.7;-18037.1;78844.1;17245.5
570;83979.5;-14682.4;80006.6;17536.2
571;83507.3;-15376.6;79587.7;17434.6
572;84391.5;-14668.6;80450.6;17648.8
573;84256.7;-14122.4;80234.7;17594.2
574;85549.1;-12149.5;81384.7;17893.7
575;84052.2;-14410.6;80052.2;17553.2
576;84381.5;-13913.9;80343.0;17624.0
577;84238.2;-14278.9;80234.8;17594.3
578;83793.4;-14868.5;79830.7;17489.9
579;83639.5;-15939.2;79803.6;17484.0
580;84899.4;-13041.0;80792.5;17741.9
581;84626.1;-13512.2;80556.4;17682.0
582;83294.4;-16017.4;79441.2;17399.9
583;82936.1;-16184.6;79076.2;17305.4
584;83794.7;-15385.4;79898.6;17505.7
585;84962.3;-12893.3;80841.9;17752.7
586;83833.6;-15229.7;79921.1;17513.1
587;85502.6;-11967.0;81313.9;17871.2
588;83228.0;-15713.8;79330.2;17371.3
589;83932.3;-15413.0;80052.1;17553.2
590;81671.6;-18343.7;77966.3;17026.6
591;83335.8;-15862.5;79465.3;17404.8
592;83645.0;-15077.6;79697.9;17459.3
593;84378.1;-13926.1;80340.9;17623.8
594;85470.0;-12022.7;81284.9;17862.3
595;83969.2;-14565.8;79980.8;17527.3
596;85178.5;-13019.3;81090.9;17811.7
597;84440.3;-14356.6;80462.6;17652.2
598;84709.0;-13969.8;80705.1;17719.5
599;83393.3;-16291.3;79584.3;17434.0
600;84928.0;-14669.0;81036.2;17800.0
601;82964.8;-16103.6;79096.7;17310.9
602;84348.0;-14084.8;80329.0;17622.5
603;83048.2;-16221.9;79200.3;17331.3
604;83231.2;-17249.4;79537.1;17423.6
605;82417.7;-18425.4;78800.1;17235.0
606;83119.9;-18155.5;79537.2;17423.7
607;84217.1;-14311.9;80216.5;17591.5
608;83875.2;-14713.4;79898.6;17505.6
609;82730.9;-16465.8;78890.4;17254.0
610;85234.8;-12620.1;81100.9;17813.0
611;84073.5;-15411.4;80207.7;17588.4
612;84810.6;-13301.6;80729.4;17724.4
613;84617.2;-13596.7;80557.7;17683.3
614;83327.4;-15544.6;79416.0;17393.9
615;82202.8;-17351.5;78424.9;17136.2
616;83075.8;-16206.6;79228.5;17338.5
617;85005.3;-12985.7;80899.4;17765.0
618;82983.5;-16074.0;79112.9;17313.6
619;84656.3;-13461.9;80582.5;17686.8
620;83345.1;-15731.7;79458.3;17402.4
621;83972.3;-16537.2;80247.0;17600.0
622;82206.4;-18002.6;78511.8;17159.0
623;84961.3;-12936.3;80846.2;17754.2
624;83888.9;-14719.8;79914.3;17512.0
625;84714.8;-13350.6;80631.4;17696.3
626;84046.6;-14781.4;80093.0;17561.2
627;84634.4;-13536.8;80568.5;17684.3
628;83846.0;-14756.7;79872.5;17498.8
629;84592.2;-13558.6;80525.3;17670.9
630;82587.6;-16722.9;78766.0;17221.7
631;82962.7;-16095.8;79093.2;17309.2
632;84578.4;-13566.9;80511.3;17664.5
633;83896.1;-14653.0;79914.4;17512.1
634;83482.7;-16873.6;79758.9;17473.1
635;83697.9;-15479.8;79806.8;17484.3
636;84322.7;-14339.1;80333.3;17623.0
637;83332.6;-15892.5;79466.4;17405.1
638;84143.3;-15862.1;80340.9;17623.8
639;83116.8;-15861.9;79228.5;17338.4
640;83418.8;-16373.8;79622.9;17442.0
641;84791.9;-13268.5;80705.0;17719.4
642;84538.1;-15884.5;80775.9;17736.5
643;82877.4;-16734.5;79084.2;17306.8
644;84632.0;-13769.6;80594.8;17691.4
645;82862.8;-17167.8;79124.8;17315.8
646;84580.0;-13581.3;80514.7;17665.1
647;82241.5;-17243.4;78453.9;17145.4
648;82812.3;-17169.8;79071.9;17305.0
649;83348.4;-16358.5;79544.7;17425.3
650;83788.7;-14815.0;79818.6;17488.4
651;85217.2;-12498.8;81068.3;17808.2
652;84685.2;-13746.7;80649.4;17702.8
653;85162.3;-13868.4;81184.6;17833.6
654;85006.8;-12871.4;80886.3;17760.4
655;83671.4;-15042.5;79721.6;17462.5
656;83688.0;-14971.3;79730.6;17464.9
657;84748.5;-14173.8;80774.8;17736.3
658;83938.9;-14819.5;79981.1;17528.7
659;83743.0;-15234.8;79823.2;17489.2
660;82702.9;-16750.7;78896.1;17256.1
661;83844.4;-14753.0;79870.3;17497.4
662;81443.1;-18617.1;77750.6;16968.2
663;83431.1;-16025.2;79589.9;17434.9
664;83035.1;-16137.4;79176.5;17327.9
665;84502.1;-13969.6;80479.4;17656.8
666;83504.7;-15267.9;79571.5;17431.9
667;83601.6;-15341.8;79684.7;17455.6
668;84974.0;-14042.3;81002.1;17789.9
669;82936.0;-16482.9;79114.2;17313.9
670;84190.0;-14321.9;80188.5;17584.7
671;82240.0;-17284.4;78457.1;17145.7
672;84005.6;-14487.8;80011.1;17538.8
673;84297.1;-14021.9;80266.0;17603.4
674;84689.5;-13412.6;80612.0;17693.2
675;83049.8;-16497.9;79238.6;17340.9
676;84207.5;-14178.7;80189.7;17586.0
677;84174.2;-14466.6;80189.6;17585.9
678;83812.7;-15426.7;79923.6;17514.8
679;84056.5;-14433.7;80059.6;17556.9
680;84340.3;-13977.4;80307.1;17616.8
681;84280.1;-14058.6;80252.2;17600.4
682;82909.6;-17052.0;79161.5;17325.4
683;82638.2;-18197.5;79014.0;17285.3
684;86205.5;-10567.5;81912.1;18017.8
685;85501.1;-13008.9;81442.3;17904.1
686;82685.8;-16531.0;78849.6;17246.1
687;84168.6;-15331.7;80297.3;17612.7
688;84403.6;-14477.1;80438.6;17646.4
689;84339.5;-15695.6;80531.7;17672.5
690;84055.8;-14379.4;80052.1;17553.1
691;83037.0;-16474.0;79221.8;17336.5
692;83747.0;-15049.3;79803.7;17484.0
693;83409.0;-15969.1;79558.8;17428.9
694;84005.7;-14764.6;80046.7;17549.6
695;83684.1;-14995.4;79729.4;17464.8
696;83808.7;-14856.1;79845.7;17494.3
697;84817.6;-13293.2;80736.0;17727.1
698;85027.7;-12818.6;80902.7;17766.4
699;82691.6;-17822.2;79023.9;17287.6
700;83524.0;-15231.8;79587.7;17434.6
701;83217.2;-15694.0;79316.2;17368.1
702;84815.0;-14560.6;80898.3;17764.9
703;83875.6;-14731.4;79901.1;17506.4
704;85049.8;-14079.0;81089.7;17811.3
705;83215.2;-17662.7;79574.6;17432.0
706;83838.2;-15624.2;79977.3;17526.5
707;82729.2;-16471.5;78889.3;17253.9
708;85109.9;-12694.3;80975.6;17784.3
709;83546.8;-15602.3;79659.7;17447.8
710;82479.4;-17749.1;78779.6;17228.9
711;83318.9;-16024.7;79468.5;17405.1
712;81787.6;-18808.1;78151.3;17067.1
713;83804.2;-15464.5;79919.8;17512.7
714;83685.2;-17233.3;80029.4;17544.7
715;84148.0;-14552.3;80171.8;17578.4
716;85250.5;-12629.0;81119.4;17819.3
717;83660.3;-14999.1;79704.4;17460.0
718;84651.3;-13461.1;80577.0;17685.1
719;84173.8;-14432.3;80185.2;17584.3
720;83749.0;-14966.2;79795.0;17479.1
721;82083.8;-17569.0;78322.3;17111.5
722;84657.6;-14191.0;80677.9;17710.4
723;83186.9;-17685.3;79547.0;17426.8
724;83849.2;-15503.1;79972.8;17525.9
725;82762.0;-16666.8;78950.3;17270.7
726;84175.9;-14274.3;80167.5;17577.9
727;83911.3;-15392.4;80026.2;17543.4
728;83828.2;-15714.8;79978.5;17526.8
729;83765.4;-15189.6;79841.6;17493.1
730;84848.3;-13218.7;80759.7;17733.7
731;84783.1;-13240.8;80692.0;17715.9
732;84535.8;-13934.1;80511.3;17664.5
733;86958.5;-8854.1;82544.4;18181.8
734;83233.7;-16669.9;79462.0;17404.5
735;83592.9;-15137.2;79649.6;17445.4
736;83005.0;-16169.6;79148.3;17321.9
737;84112.2;-15658.9;80280.5;17608.6
738;83268.9;-15919.4;79400.7;17387.0
739;81513.8;-18601.1;77822.1;16987.4
740;82702.2;-17554.3;79000.9;17282.8
741;83989.6;-14534.9;79999.0;17535.4
742;84774.3;-13623.7;80730.5;17725.5
743;82541.1;-16797.1;78724.9;17214.5
744;83231.0;-16664.1;79458.3;17402.4
745;83806.7;-14830.6;79840.3;17491.7
746;83271.8;-15633.1;79367.1;17379.3
747;84333.5;-14458.4;80361.0;17627.4
748;83916.9;-14889.0;79966.0;17524.7
749;84119.3;-14920.1;80189.8;17586.1
750;83269.7;-15652.0;79367.3;17379.6
751;85301.4;-12442.0;81151.5;17824.4
752;83906.6;-14658.8;79926.7;17516.4
753;85076.9;-12885.2;80964.2;17783.5
754;83357.8;-16718.1;79603.0;17436.4
755;84264.5;-15375.8;80407.5;17637.3
756;83243.7;-16152.2;79404.1;17387.6
757;83080.5;-15951.2;79200.3;17332.4
758;83300.0;-15549.6;79386.6;17382.4
759;83886.9;-14680.5;79907.9;17510.5
760;83636.6;-15704.7;79769.5;17475.0
761;85024.1;-14775.5;81155.6;17824.6
762;82906.7;-16195.1;79046.0;17296.4
763;82941.3;-16235.1;79088.6;17308.4
764;85272.0;-13643.7;81275.4;17861.5
765;84472.7;-13749.3;80420.5;17641.9
766;82240.2;-17391.6;78471.0;17148.9
767;84301.9;-14471.9;80329.1;17622.7
768;83860.4;-16553.8;80127.8;17571.1
769;82027.2;-17647.5;78269.9;17094.5
770;83587.5;-15214.5;79653.2;17447.2
771;83864.8;-14991.3;79923.7;17514.9
772;84432.1;-14800.2;80512.6;17665.0
773;84716.1;-13752.2;80684.3;17713.0
774;84012.7;-14478.8;80017.4;17539.3
775;84843.0;-13144.4;80744.8;17730.4
776;83805.1;-14788.5;79832.9;17491.1
777;83164.2;-15791.8;79271.1;17353.5
778;83095.1;-15932.0;79213.4;17333.8
779;84413.8;-13842.6;80368.7;17629.4
780;82185.8;-17412.4;78414.1;17134.1
781;84321.2;-15424.7;80475.5;17653.6
782;82861.3;-16865.0;79082.6;17306.0
783;83603.0;-15142.4;79660.9;17448.1
784;84238.1;-15080.0;80338.6;17623.3
785;84932.0;-13558.4;80893.0;17762.4
786;82032.0;-18838.2;78427.2;17137.7
787;83208.5;-15705.9;79308.3;17365.7
788;83785.4;-16114.8;79985.6;17529.5
789;83234.0;-16690.8;79465.3;17404.8
790;84559.2;-14518.7;80614.1;17693.3
791;82078.4;-17555.0;78314.7;17109.6
792;84251.4;-14096.9;80226.1;17593.4
793;84216.9;-14748.6;80272.9;17605.7
794;83974.2;-14561.0;79985.6;17529.5
795;84765.6;-14180.0;80794.6;17743.0
796;82821.6;-16423.6;78982.9;17276.3
797;84916.7;-12967.2;80802.0;17743.5
798;83295.1;-15591.9;79386.7;17382.6
799;84559.2;-13730.0;80511.3;17664.5
800;83448.8;-16625.4;79689.0;17456.0
801;84608.5;-13860.8;80581.4;17686.7
802;84436.0;-15088.6;80556.5;17682.0
803;82332.2;-19146.4;78798.9;17234.8
804;83791.9;-14837.1;79825.4;17489.4
805;83856.2;-14747.5;79882.1;17499.6
806;83703.1;-14989.9;79749.3;17470.4
807;83252.6;-15657.8;79349.4;17374.0
808;85334.9;-13925.7;81382.6;17892.6
809;84119.3;-14272.2;80109.2;17562.8
810;85171.6;-13688.2;81170.5;17828.9
811;83410.7;-15431.4;79490.9;17411.1
812;82977.0;-16092.6;79108.4;17312.8
813;84044.7;-14424.3;80045.6;17549.4
814;83419.1;-15369.7;79492.3;17411.7
815;86092.2;-10828.9;81818.1;17994.9
816;84089.3;-14730.7;80135.3;17571.8
817;84782.7;-14349.6;80835.4;17752.0
818;83716.8;-14965.8;79761.1;17473.5
819;83511.6;-16098.8;79686.9;17455.8
820;83705.6;-16268.9;79919.9;17512.8
821;84210.7;-14424.0;80222.8;17591.9
822;84685.0;-13405.4;80606.4;17692.4
823;83778.4;-15180.6;79854.3;17495.1
824;83164.7;-16798.4;79404.0;17387.5
825;82961.8;-16137.9;79098.0;17311.3
826;83693.2;-16187.7;79895.1;17504.0
827;84216.0;-15633.6;80389.5;17634.9
828;84341.2;-13944.1;80303.8;17615.4
829;83901.4;-14685.1;79923.7;17514.9
830;83384.5;-15424.9;79462.0;17404.5
831;83843.8;-16173.4;80058.4;17556.6
832;84436.6;-13803.3;80388.4;17634.8
833;83864.9;-14936.8;79916.5;17512.3
834;84032.2;-14403.2;80029.4;17544.7
835;83762.0;-15126.9;79829.6;17489.8
836;84671.5;-13893.5;80654.1;17703.8
837;83538.0;-15235.4;79603.0;17436.4
838;84091.4;-14385.2;80090.8;17560.8
839;84204.6;-14659.6;80248.0;17600.1
840;84577.0;-13579.3;80511.3;17664.5
841;85274.6;-12390.3;81117.2;17819.1
842;84534.7;-13650.6;80474.4;17653.3
843;84462.6;-13785.1;80414.0;17641.1
844;82519.3;-17522.7;78794.5;17233.2
845;84366.0;-14652.1;80420.4;17641.7
846;86003.1;-11006.6;81741.1;17970.6
847;83051.7;-16874.9;79291.8;17362.7
848;83020.8;-16002.2;79143.1;17320.5
849;83729.0;-15014.2;79779.7;17475.3
850;84715.3;-14160.4;80737.1;17728.3
851;84400.2;-13863.8;80356.7;17625.9
852;83492.3;-15400.0;79574.6;17432.1
853;83897.9;-14654.4;79916.5;17512.4
854;84842.3;-13161.0;80746.0;17730.6
855;84538.0;-13621.2;80474.2;17653.1
856;86064.8;-11345.8;81847.1;18003.0
857;84512.6;-15703.6;80723.2;17723.2
858;84020.5;-15945.4;80217.7;17591.7
859;84238.3;-15708.1;80423.9;17642.3
860;83615.0;-15107.1;79669.5;17451.0
861;83060.7;-15933.5;79177.7;17328.0
862;84045.2;-14667.2;80076.9;17558.7
863;84164.2;-15526.8;80319.7;17622.1
864;82681.1;-16545.6;78846.3;17245.8
865;83458.6;-15353.6;79532.8;17423.2
866;83540.5;-15606.2;79653.2;17447.3
867;84164.5;-14260.0;80153.5;17574.5
868;83677.7;-15094.3;79734.9;17466.4
869;84157.9;-15387.0;80293.0;17611.3
870;84010.9;-14493.1;80017.6;17541.5
871;84793.8;-13747.5;80768.3;17735.6
872;82266.4;-18175.6;78600.0;17184.0
873;85390.2;-12482.5;81252.0;17853.1
874;85216.2;-12470.2;81064.0;17807.7
875;83980.6;-14511.2;79986.7;17529.5
876;84512.9;-13673.9;80453.9;17649.3
877;84395.8;-14402.1;80420.4;17641.7
878;83118.3;-16847.3;79360.6;17378.6
879;84069.6;-14408.4;80070.5;17558.1
880;84597.4;-13747.8;80555.3;17681.8
881;84194.1;-14233.6;80182.1;17584.2
882;84695.4;-14502.2;80760.8;17733.8
883;83880.5;-15570.2;80016.4;17539.3
884;83841.2;-15801.3;80004.5;17536.1
885;83237.5;-15685.0;79336.7;17372.0
886;83605.3;-15111.1;79659.5;17447.7
887;83424.1;-16064.7;79587.7;17434.6
888;85464.4;-12036.5;81280.7;17861.9
889;84143.0;-14280.5;80133.0;17571.4
890;82929.5;-16876.5;79159.3;17324.1
891;84267.1;-14168.2;80252.3;17600.5
892;83761.2;-14874.5;79797.1;17482.2
893;81078.8;-20283.5;77551.3;16918.7
894;84349.7;-13936.1;80312.1;17618.2
895;82513.0;-17070.1;78728.2;17214.9
896;84431.3;-13884.3;80392.8;17635.3
897;83041.8;-16247.2;79196.7;17329.5
898;82422.1;-18405.7;78802.3;17235.3
899;84365.0;-13941.4;80328.9;17622.4
900;82586.1;-16810.0;78776.0;17228.1
901;83467.3;-15750.9;79593.5;17435.7
902;84077.1;-14636.4;80106.9;17562.4
903;84472.6;-13769.4;80422.7;17642.1
904;84569.2;-13780.1;80528.4;17671.1
905;83815.9;-15349.7;79916.5;17512.3
906;83177.1;-15827.1;79289.7;17360.4
907;85654.8;-11671.6;81443.5;17904.4
908;83364.6;-15568.0;79458.7;17403.0
909;85423.0;-12972.8;81352.0;17883.8
910;83526.8;-15235.1;79591.1;17435.2
911;84906.8;-13361.9;80840.9;17752.7
912;84879.1;-13082.0;80775.8;17736.3
913;82960.1;-16282.3;79114.4;17314.3
914;84106.5;-15277.4;80222.8;17591.8
915;84418.1;-15079.4;80535.0;17673.0
916;84412.7;-14754.1;80485.9;17659.4
917;83714.5;-15207.5;79788.7;17478.6
918;83881.3;-16744.0;80176.6;17582.5
919;83570.4;-15185.9;79631.7;17443.1
920;82888.5;-16206.1;79027.5;17289.4
921;84757.7;-13548.6;80703.0;17719.4
922;83259.6;-16710.4;79495.5;17411.9
923;84929.1;-14613.3;81029.9;17798.6
924;84464.0;-13790.6;80416.2;17641.3
925;83128.1;-15868.5;79241.9;17346.4
926;83776.1;-14921.8;79819.0;17488.8
927;83672.8;-15020.3;79720.3;17462.2
928;83058.2;-16619.0;79264.3;17350.3
929;84332.8;-14249.4;80333.3;17622.9
930;83501.4;-15297.3;79571.5;17431.9
931;85360.7;-12525.7;81225.7;17848.1
932;84692.7;-13401.4;80614.0;17693.3
933;83143.5;-15837.8;79254.7;17348.5
934;83862.9;-15007.3;79923.6;17514.8
935;83579.1;-16104.5;79761.0;17473.3
936;82418.3;-17708.7;78707.5;17211.9
937;84753.6;-13282.8;80665.0;17706.1
938;84591.8;-14737.5;80679.1;17710.6
939;84738.9;-13384.1;80661.7;17705.6
940;83381.6;-16430.2;79589.9;17434.8
941;84884.2;-13029.2;80774.8;17736.3
942;83651.7;-15684.9;79783.0;17476.7
943;84753.2;-13295.7;80666.2;17707.4
944;85403.8;-13161.9;81356.5;17885.6
945;84059.8;-14344.8;80052.1;17553.0
946;82478.1;-18159.2;78831.8;17243.7
947;83638.3;-15081.2;79691.5;17458.6
948;84322.5;-15212.5;80448.4;17648.5
949;85020.0;-12843.4;80897.1;17762.5
950;82752.8;-17601.8;79063.9;17301.6
951;83694.1;-15437.9;79797.2;17482.4
952;83905.4;-16177.2;80125.6;17570.8
953;84251.0;-14524.4;80280.4;17608.5
954;84723.6;-13428.1;80650.8;17703.3
955;83087.9;-15892.8;79201.5;17332.6
956;83237.4;-17778.3;79614.9;17438.7
957;84825.7;-13171.8;80729.4;17724.4
958;84262.1;-14168.9;80246.9;17599.9
959;84238.1;-14751.3;80296.2;17612.6
960;84890.7;-13311.1;80816.9;17747.0
961;84011.8;-14502.4;80019.9;17542.0
962;84383.0;-14013.0;80356.9;17626.2
963;83626.5;-15200.9;79693.6;17458.8
964;82619.8;-17416.9;78891.5;17254.2
965;82715.3;-16886.3;78927.7;17265.6
966;83992.0;-14539.1;80002.2;17535.6
967;83616.4;-16013.1;79788.6;17478.6
968;83258.4;-16170.7;79422.7;17394.8
969;84199.7;-14246.4;80189.6;17585.8
970;83131.3;-15866.4;79245.1;17346.7
971;84020.3;-14488.8;80027.3;17543.6
972;83870.0;-14947.8;79923.6;17514.7
973;82899.4;-18062.1;79285.2;17360.0
974;81899.6;-17868.1;78157.8;17067.7
975;85245.0;-12440.0;81091.1;17811.9
976;84208.3;-14166.2;80188.5;17584.7
977;81539.6;-18507.6;77840.4;16993.5
978;83551.5;-15197.0;79612.7;17438.4
979;84226.3;-14479.0;80247.0;17600.1
980;83557.8;-16272.8;79759.9;17473.2
981;84412.2;-14073.9;80395.9;17635.5
982;83024.2;-16275.6;79182.0;17328.4
983;84083.2;-14369.1;80080.1;17559.0
984;83882.6;-14692.0;79904.5;17506.9
985;83689.4;-15532.5;79803.6;17484.0
986;83663.8;-15468.1;79768.3;17474.8
987;84087.9;-14485.0;80099.6;17562.0
988;84744.4;-13371.6;80666.1;17707.2
989;83454.4;-15331.3;79525.4;17420.5
990;83488.0;-15805.0;79622.9;17442.0
991;84070.0;-14377.6;80067.3;17557.7
992;83630.5;-16411.0;79857.5;17495.3
993;84168.1;-14933.3;80243.5;17599.4
994;84572.4;-13567.1;80504.9;17663.9
995;85089.8;-12742.2;80960.0;17783.4
996;83822.9;-14839.4;79858.7;17495.6
997;81913.1;-17846.5;78170.1;17071.6
998;83838.8;-15019.2;79898.5;17505.5
999;84230.3;-14225.2;80219.7;17591.7
1000;83757.8;-14905.5;79797.4;17482.7
