CASO;pATIVA;pREATIVA;dATIVA;dREATIVA
1;99813.1;-10053.2;96276.5;23736.5
2;96885.4;-14103.1;93608.2;23023.8
3;96947.4;-14333.5;93715.5;23051.8
4;96309.3;-14756.8;93071.0;22888.6
5;98774.5;-11851.8;95379.1;23488.1
6;94695.4;-17239.0;91599.4;22496.6
7;99983.0;-9693.7;96415.8;23780.8
8;96667.7;-14555.7;93437.0;22982.7
9;98054.9;-12727.8;94705.4;23320.3
10;97325.0;-13669.2;94033.2;23146.7
11;99611.3;-10281.7;96082.7;23687.1
12;95022.2;-16566.2;91879.6;22573.2
13;97249.2;-13620.2;93940.8;23119.9
14;97132.8;-13945.4;93862.3;23095.3
15;99155.8;-10980.4;95673.7;23572.5
16;96253.6;-14943.5;93037.0;22880.8
17;97451.5;-13371.0;94127.8;23169.9
18;96549.4;-14482.9;93294.1;22942.9
19;97729.4;-13125.8;94401.2;23243.5
20;98437.6;-12026.1;95025.9;23405.1
21;96239.9;-15020.4;93032.9;22880.6
22;99170.5;-11004.1;95693.3;23574.5
23;98872.1;-11411.9;95418.4;23496.7
24;98310.4;-12372.7;94936.6;23379.0
25;98859.8;-11495.3;95417.3;23496.6
26;96787.5;-14251.7;93522.8;23006.0
27;97521.7;-13376.4;94207.4;23195.1
28;96442.7;-14824.7;93227.7;22920.6
29;97288.7;-13785.3;94012.8;23140.7
30;98361.9;-12161.0;94961.5;23386.8
31;96777.0;-14264.3;93513.2;23004.2
32;97155.2;-13728.5;93852.3;23092.0
33;96723.6;-14651.9;93515.5;23004.7
34;96594.2;-14441.4;93337.6;22956.5
35;96813.2;-14169.9;93538.8;23009.4
36;97670.1;-13068.2;94325.3;23219.7
37;96248.5;-14839.0;93015.6;22873.8
38;97965.5;-12825.6;94619.6;23299.6
39;99876.4;-9892.6;96322.7;23745.8
40;98652.1;-11724.9;95219.2;23449.9
41;97426.9;-13448.3;94111.4;23160.9
42;96541.9;-14493.0;93287.3;22940.8
43;96668.0;-14645.4;93452.0;22986.2
44;99916.2;-9808.7;96355.6;23755.9
45;97762.9;-12939.7;94409.8;23245.4
46;96843.8;-14195.6;93576.3;23018.1
47;97935.5;-12712.5;94567.6;23282.1
48;100454.0;-8906.8;96835.8;23876.8
49;97825.3;-13014.7;94490.6;23260.6
50;98483.8;-11955.1;95067.2;23417.5
51;98063.6;-12534.6;94684.1;23315.5
52;97192.5;-13753.2;93897.6;23105.7
53;96206.4;-14971.0;92987.6;22864.0
54;97202.7;-13691.5;93899.8;23107.0
55;97411.5;-13404.7;94088.2;23157.0
56;98442.7;-12002.8;95028.2;23406.5
57;98772.3;-11668.9;95346.5;23480.5
58;98901.8;-11364.9;95445.2;23508.6
59;98043.7;-12568.3;94667.1;23310.9
60;98792.8;-11834.8;95397.3;23494.0
61;96698.7;-14384.6;93444.5;22984.4
62;99309.7;-10786.6;95818.0;23611.1
63;98350.9;-12156.3;94948.3;23382.1
64;97289.1;-13556.1;93975.6;23129.5
65;98261.1;-12589.0;94917.7;23372.6
66;97604.7;-13174.8;94267.8;23205.1
67;99132.9;-11145.3;95673.5;23570.3
68;99641.4;-10498.4;96152.2;23705.6
69;100579.2;-8650.1;96943.6;23909.6
70;95882.1;-15305.4;92675.6;22787.7
71;95805.2;-15559.0;92623.8;22772.3
72;97027.2;-13897.4;93735.3;23061.4
73;97878.5;-12859.3;94526.5;23272.8
74;98837.1;-11467.0;95387.8;23491.1
75;98045.5;-12747.3;94698.1;23320.0
76;95079.7;-16491.3;91933.8;22588.6
77;97208.0;-14060.6;93966.0;23124.6
78;98764.4;-11585.4;95324.8;23477.4
79;97986.6;-12643.3;94614.3;23297.2
80;98616.9;-12099.6;95241.5;23456.8
81;97392.1;-13477.1;94077.2;23153.6
82;97419.2;-13419.2;94098.8;23159.0
83;97930.0;-12718.0;94562.3;23280.6
84;98211.6;-12328.5;94818.6;23351.8
85;97932.2;-12789.9;94576.1;23287.9
86;97810.2;-13114.8;94490.6;23260.6
87;96813.8;-14165.1;93538.8;23009.4
88;98171.0;-12381.6;94781.3;23342.4
89;97837.5;-12929.5;94490.8;23260.9
90;99153.2;-10986.6;95671.4;23570.0
91;99255.6;-10837.6;95763.7;23591.9
92;97927.5;-12722.8;94560.2;23279.5
93;97176.3;-13710.7;93872.9;23097.3
94;96853.3;-14117.8;93575.2;23017.9
95;98178.1;-12660.1;94835.4;23356.1
96;97798.8;-12894.8;94442.7;23251.2
97;97214.2;-13657.6;93907.2;23107.6
98;97747.0;-13014.6;94403.3;23243.6
99;96883.0;-14083.9;93602.6;23021.9
100;98524.8;-12272.7;95165.4;23435.5
101;97092.8;-13810.5;93795.6;23079.5
102;99284.0;-10790.9;95789.2;23602.3
103;98170.7;-12585.1;94813.1;23350.1
104;98453.7;-11990.4;95038.6;23409.1
105;96266.5;-14875.4;93041.3;22883.2
106;97903.2;-12748.3;94537.1;23274.8
107;98652.8;-11719.2;95219.1;23449.7
108;96454.3;-14601.6;93206.3;22916.6
109;97311.4;-13654.6;94015.9;23141.9
110;97730.5;-13092.6;94396.5;23240.5
111;95899.3;-15348.9;92701.4;22795.3
112;98061.7;-12633.7;94698.1;23319.9
113;98772.3;-11715.9;95353.9;23482.2
114;96553.9;-14587.7;93315.5;22950.9
115;98119.4;-12515.7;94743.5;23328.6
116;95975.7;-15284.7;92777.3;22815.1
117;97628.3;-13257.6;94307.4;23214.0
118;95573.5;-15951.6;92416.9;22724.8
119;99150.6;-10983.2;95667.9;23569.3
120;98166.6;-12637.6;94818.5;23351.7
121;97632.6;-13302.1;94319.5;23217.5
122;96689.1;-14320.3;93423.9;22979.2
123;99336.0;-10779.4;95846.2;23616.1
124;100279.3;-9212.7;96679.0;23834.4
125;95298.2;-16185.8;92137.2;22641.8
126;99296.4;-10769.0;95799.9;23605.5
127;99828.0;-9945.5;96276.7;23737.8
128;98085.7;-12677.1;94731.7;23325.3
129;96138.7;-14975.7;92913.1;22848.7
130;98772.5;-11853.0;95377.0;23487.9
131;97445.5;-13392.9;94124.2;23167.0
132;96883.1;-14173.4;93616.8;23025.6
133;96074.9;-15261.2;92883.7;22840.3
134;98392.2;-12076.2;94982.8;23394.8
135;98717.7;-11673.1;95285.5;23466.9
136;96874.0;-14095.0;93594.4;23020.5
137;98316.0;-12438.5;94954.8;23382.8
138;96213.0;-14886.8;92982.5;22863.8
139;98735.7;-11603.1;95295.1;23469.8
140;97756.5;-12959.1;94405.5;23244.0
141;97402.1;-13649.1;94117.8;23165.4
142;97558.8;-13270.6;94231.9;23200.4
143;98783.0;-11801.2;95380.3;23488.4
144;98603.5;-12127.0;95230.8;23454.7
145;98368.7;-12103.4;94960.4;23386.7
146;97868.2;-12802.0;94505.9;23265.5
147;97799.3;-12891.7;94442.7;23251.2
148;98471.2;-12046.2;95067.2;23417.6
149;97987.8;-12641.3;94615.5;23298.4
150;98578.6;-11825.9;95152.4;23433.0
151;97276.2;-13574.2;93963.7;23124.2
152;94561.6;-17276.9;91453.0;22457.5
153;99042.3;-11211.7;95579.8;23541.2
154;100514.6;-9130.9;96947.7;23909.7
155;98253.3;-12274.3;94856.6;23358.9
156;97570.9;-13200.7;94235.0;23200.5
157;97522.9;-13259.4;94190.4;23189.7
158;97540.0;-13293.7;94214.7;23196.5
159;97734.1;-12985.9;94383.5;23233.9
160;96230.1;-14950.1;93011.2;22872.2
161;96975.6;-14174.6;93721.3;23054.0
162;96399.7;-14656.4;93154.9;22905.9
163;97996.6;-12713.8;94636.6;23303.1
164;97254.4;-13807.2;93976.7;23129.7
165;98331.5;-12177.6;94929.1;23374.3
166;97454.3;-13350.5;94127.6;23168.7
167;98975.2;-11260.4;95511.6;23524.0
168;97967.7;-12669.0;94597.2;23293.4
169;100593.0;-8611.8;96953.9;23910.0
170;95234.6;-16272.8;92078.1;22627.3
171;96846.1;-14127.3;93568.6;23016.0
172;98812.5;-11827.4;95418.4;23496.7
173;101032.5;-7798.0;97344.0;24010.9
174;97354.2;-13473.1;94035.2;23146.8
175;97743.8;-13038.8;94403.3;23243.7
176;97365.0;-13622.8;94069.9;23152.2
177;99431.3;-10565.6;95921.8;23638.6
178;97290.0;-13613.5;93985.4;23134.7
179;98555.0;-11967.2;95148.2;23432.7
180;97257.1;-13596.6;93946.0;23121.2
181;96044.2;-15090.3;92825.4;22829.6
182;98077.4;-12515.8;94697.0;23319.8
183;98328.0;-12256.5;94937.7;23379.1
184;99378.0;-10645.1;95873.4;23625.0
185;97559.7;-13212.8;94224.3;23197.5
186;96884.1;-14084.5;93603.8;23022.2
187;98368.4;-12356.2;95001.6;23399.1
188;97991.4;-12703.1;94629.0;23300.2
189;98042.7;-12567.2;94665.8;23310.4
190;97607.9;-13157.8;94269.0;23205.4
191;99202.2;-10916.7;95715.3;23578.0
192;98159.1;-12404.0;94770.8;23335.5
193;100147.5;-9645.2;96596.3;23818.6
194;99111.6;-11182.4;95655.3;23566.2
195;98500.1;-12139.5;95114.9;23427.7
196;95582.4;-15743.6;92399.0;22716.4
197;98466.8;-11975.2;95051.2;23414.0
198;98222.8;-12315.2;94829.2;23354.8
199;98748.1;-11580.1;95305.7;23472.7
200;99046.2;-11219.0;95585.2;23541.7
201;97113.8;-13976.5;93846.1;23091.6
202;98750.0;-11665.5;95320.5;23475.0
203;96946.6;-14042.8;93667.0;23039.1
204;100269.1;-9228.5;96669.3;23831.3
205;95965.4;-15198.1;92752.7;22807.9
206;95378.9;-16298.7;92242.1;22667.1
207;95548.6;-15799.4;92368.1;22705.8
208;96539.5;-14495.6;93285.1;22940.5
209;96214.5;-15082.0;93013.4;22873.6
210;100262.9;-9274.8;96669.4;23831.4
211;97193.4;-13972.6;93935.5;23117.5
212;95947.7;-15222.6;92736.9;22805.7
213;99125.8;-11090.3;95656.5;23566.6
214;96881.3;-14311.2;93637.2;23029.5
215;96075.6;-15196.7;92875.2;22839.5
216;98838.2;-11458.3;95387.8;23491.1
217;98476.1;-12056.7;95074.6;23419.2
218;97108.5;-13795.2;93810.5;23081.8
219;99543.7;-10397.3;96022.4;23662.9
220;97829.2;-13005.8;94494.3;23264.6
221;99809.3;-10043.3;96270.1;23733.8
222;98341.9;-12148.2;94936.6;23379.0
223;99742.6;-10088.0;96201.6;23719.3
224;97814.3;-13032.9;94480.9;23257.5
225;96114.5;-15019.7;92892.6;22843.4
226;100878.7;-8338.3;97250.7;23991.8
227;96981.5;-13960.5;93693.2;23044.9
228;97425.2;-13389.9;94100.9;23159.0
229;96778.1;-14205.9;93505.5;23002.2
230;97417.8;-13394.0;94093.6;23158.6
231;98003.4;-12622.4;94630.2;23300.5
232;97949.6;-12692.5;94580.4;23288.2
233;98538.2;-11876.9;95116.0;23427.8
234;100019.2;-9770.3;96468.6;23788.2
235;97518.7;-13441.8;94214.5;23195.4
236;96089.3;-15128.5;92880.5;22840.0
237;96089.0;-15453.4;92929.5;22854.6
238;96823.0;-14150.3;93547.2;23014.0
239;95468.3;-16269.2;92340.2;22698.1
240;98761.1;-11589.6;95321.6;23476.1
241;96993.0;-14155.2;93738.8;23065.0
242;97220.0;-13961.8;93963.6;23124.1
243;97675.3;-13087.3;94334.1;23220.9
244;95872.0;-15386.0;92675.6;22787.7
245;96564.1;-14507.6;93314.3;22950.7
246;98567.0;-11839.0;95141.9;23432.2
247;98465.3;-12087.2;95067.2;23417.7
248;97094.7;-13811.5;93797.9;23080.9
249;100060.5;-9570.7;96484.7;23792.9
250;95989.0;-15236.8;92784.8;22816.9
251;97202.9;-13726.1;93905.1;23107.5
252;97383.6;-13440.4;94062.5;23150.7
253;94090.2;-18036.8;91011.5;22346.7
254;100240.3;-9289.4;96645.3;23825.7
255;98090.9;-12859.0;94769.6;23335.2
256;96340.6;-14735.9;93102.2;22895.7
257;100393.7;-8994.4;96779.9;23866.2
258;98436.1;-12050.4;95028.1;23406.3
259;98235.5;-12299.4;94840.8;23356.7
260;96893.2;-14067.1;93611.6;23025.3
261;97832.5;-12861.0;94474.7;23257.2
262;95725.8;-15549.7;92532.2;22745.1
263;98699.9;-11813.9;95287.7;23467.1
264;97153.6;-13885.2;93875.0;23097.4
265;97846.5;-12918.5;94499.6;23265.1
266;99224.9;-11067.7;95765.9;23592.1
267;98041.4;-12585.1;94667.0;23310.8
268;97994.7;-12792.5;94647.5;23307.5
269;98030.3;-12622.1;94660.5;23309.9
270;96702.1;-14541.6;93474.1;22993.7
271;98740.1;-11879.1;95344.3;23480.2
272;99702.8;-10276.2;96185.6;23711.9
273;98641.3;-11922.2;95239.3;23456.5
274;98827.9;-11593.3;95397.3;23494.0
275;96531.3;-14620.9;93295.1;22943.0
276;96552.5;-14551.0;93307.8;22948.0
277;95825.8;-15392.9;92624.0;22772.7
278;99288.6;-10777.7;95792.7;23604.1
279;97344.0;-13484.1;94025.8;23146.2
280;99520.3;-10507.6;96012.9;23660.2
281;96680.6;-14325.5;93415.4;22977.4
282;97058.4;-14102.9;93804.3;23081.5
283;97761.6;-13262.7;94460.9;23255.1
284;98894.4;-11375.9;95438.6;23505.6
285;97773.5;-12944.4;94422.5;23248.4
286;97961.4;-12713.7;94597.0;23293.2
287;97729.1;-13009.9;94381.4;23232.8
288;97873.4;-13063.2;94554.7;23277.7
289;96214.7;-15101.3;93016.6;22875.9
290;97801.4;-12890.5;94444.9;23251.6
291;97443.9;-13362.0;94117.8;23165.4
292;97606.8;-13288.4;94288.1;23209.1
293;98332.3;-12164.8;94928.0;23374.0
294;96771.1;-14394.7;93528.0;23006.4
295;97580.3;-13295.1;94259.1;23204.2
296;97290.2;-13555.4;93976.6;23129.6
297;98183.3;-12575.0;94826.0;23353.5
298;98689.1;-11759.2;95267.0;23463.1
299;96447.4;-14653.3;93206.1;22915.4
300;98429.5;-12098.6;95028.1;23406.4
301;100415.1;-8959.4;96798.7;23868.5
302;95788.4;-15449.4;92589.6;22763.3
303;96586.3;-14633.0;93358.7;22961.1
304;96526.6;-14638.7;93292.9;22942.6
305;97311.8;-13532.0;93997.0;23135.5
306;99822.1;-9980.7;96275.4;23736.3
307;97705.3;-13174.0;94380.2;23232.5
308;96782.2;-14205.1;93510.0;23002.8
309;98489.0;-11938.8;95070.4;23418.0
310;96883.9;-14195.6;93621.2;23027.1
311;99149.8;-10989.8;95668.0;23569.5
312;98020.5;-12854.4;94688.4;23318.9
313;99465.2;-10801.3;95998.2;23657.1
314;96824.8;-14153.6;93549.5;23014.4
315;101672.8;-6563.3;97927.7;24176.6
316;98732.5;-11787.6;95320.6;23476.0
317;98524.5;-11950.1;95111.6;23425.2
318;97615.1;-13269.6;94294.5;23211.7
319;96748.2;-14246.9;93478.6;22996.5
320;96521.7;-14766.4;93307.8;22948.0
321;97511.0;-13348.0;94190.4;23189.7
322;96663.0;-14340.2;93398.2;22972.7
323;98042.9;-12573.6;94666.9;23310.6
324;96571.5;-14770.0;93364.0;22962.6
325;98486.6;-11942.5;95068.4;23417.9
326;98942.3;-11306.7;95481.7;23516.0
327;96772.2;-14213.2;93500.1;23000.6
328;99243.2;-10860.4;95753.3;23590.2
329;97349.5;-13597.2;94049.0;23149.9
330;99196.5;-10923.4;95710.0;23577.6
331;98249.8;-12279.5;94853.4;23357.6
332;99093.5;-11383.5;95668.0;23569.3
333;96399.5;-14657.3;93154.9;22905.9
334;97555.3;-13273.9;94228.5;23198.8
335;99601.0;-10294.5;96073.1;23685.1
336;96871.5;-14169.5;93602.8;23022.1
337;95058.8;-16524.9;91914.5;22580.8
338;95178.0;-16360.1;92026.3;22612.9
339;94472.4;-17396.3;91367.8;22435.7
340;94952.5;-16693.9;91818.2;22553.8
341;97121.2;-13850.2;93833.2;23088.3
342;99350.7;-10698.7;95850.5;23617.6
343;97097.3;-13806.7;93799.9;23081.0
344;98091.5;-12497.1;94709.7;23320.8
345;97561.3;-13208.2;94225.3;23197.5
346;97725.9;-13003.2;94376.8;23232.0
347;97463.6;-13336.9;94136.1;23172.4
348;97455.1;-13343.8;94127.7;23169.7
349;98273.7;-12257.2;94876.9;23364.9
350;96162.0;-14943.7;92935.0;22856.3
351;98990.6;-11347.3;95543.1;23532.4
352;98892.6;-11388.4;95438.5;23505.5
353;97430.6;-13378.7;94105.2;23159.5
354;98743.8;-11590.4;95302.3;23472.2
355;96778.2;-14204.7;93505.5;23002.1
356;96959.8;-14163.8;93701.8;23047.8
357;97846.6;-13062.1;94524.2;23272.5
358;97437.7;-13375.5;94112.5;23161.0
359;97049.5;-14092.1;93792.5;23079.3
360;96812.2;-14163.4;93536.7;23008.2
361;96961.1;-13983.9;93674.3;23040.7
362;98874.4;-11624.0;95455.7;23509.4
363;95172.2;-16408.8;92026.3;22612.8
364;98115.9;-12566.9;94747.6;23328.8
365;97371.2;-13453.7;94051.1;23150.1
366;98634.4;-11766.7;95206.3;23447.5
367;98355.6;-12130.3;94949.4;23382.3
368;94112.6;-17979.1;91030.5;22350.9
369;98433.4;-12069.8;95028.0;23406.3
370;98058.2;-12744.8;94711.7;23320.9
371;97738.2;-12982.1;94387.8;23236.4
372;97059.6;-13890.3;93771.0;23074.2
373;98810.0;-11492.4;95361.4;23484.9
374;97125.2;-13807.7;93831.1;23087.2
375;100092.7;-9520.3;96513.2;23798.2
376;98415.0;-12045.7;95003.7;23399.2
377;100510.6;-8831.3;96890.9;23894.2
378;96664.1;-14429.9;93413.1;22977.0
379;95417.3;-16012.4;92247.5;22668.7
380;98626.0;-11751.6;95194.5;23444.2
381;98809.8;-11493.9;95361.3;23484.8
382;97743.2;-13007.0;94397.7;23240.8
383;95702.0;-15582.2;92510.2;22739.5
384;97091.2;-13822.1;93795.5;23079.4
385;98446.1;-12221.0;95067.2;23417.6
386;97448.9;-13360.0;94123.0;23166.7
387;97552.0;-13218.9;94216.9;23196.9
388;97444.1;-13426.2;94127.6;23168.6
389;96445.4;-14812.4;93228.8;22920.8
390;96999.6;-13938.3;93710.1;23051.2
391;95843.9;-15364.1;92640.2;22775.3
392;100005.1;-9658.4;96435.2;23783.0
393;97060.2;-13853.7;93765.5;23069.5
394;98306.0;-12198.4;94904.0;23368.5
395;96369.8;-14688.6;93127.0;22900.2
396;98726.7;-11614.5;95286.6;23467.1
397;95263.0;-16293.8;92112.0;22634.1
398;98893.7;-11380.6;95438.5;23505.5
399;97646.6;-13133.6;94308.7;23214.3
400;100472.1;-8856.0;96849.3;23882.6
401;95971.6;-15358.9;92783.8;22816.8
402;97799.0;-12893.1;94442.6;23251.1
403;98156.7;-12413.0;94769.6;23335.3
404;99281.2;-10873.3;95798.7;23604.1
405;97125.1;-13771.7;93825.4;23085.1
406;97752.6;-13286.0;94454.3;23252.1
407;94898.9;-16932.0;91788.8;22547.5
408;96598.6;-14547.9;93358.7;22961.1
409;98260.8;-12263.5;94863.3;23359.9
410;99115.4;-11135.6;95651.9;23564.6
411;97310.7;-13525.1;93994.8;23135.3
412;100386.1;-9096.6;96787.2;23866.6
413;99998.6;-9671.6;96429.7;23782.2
414;97603.5;-13292.0;94284.9;23207.7
415;94584.9;-17224.5;91472.8;22462.0
416;95388.0;-16124.4;92228.8;22660.1
417;96686.9;-14321.2;93421.7;22978.9
418;99126.1;-11120.8;95661.6;23566.7
419;98041.0;-12751.9;94693.8;23319.4
420;94970.2;-16706.9;91839.8;22562.2
421;97388.5;-13433.1;94066.7;23151.9
422;99779.5;-10212.7;96263.9;23733.4
423;97135.5;-14004.7;93874.9;23097.3
424;96707.4;-14357.8;93449.8;22985.9
425;100401.0;-8980.7;96786.1;23866.5
426;97736.7;-13161.6;94415.0;23245.7
427;97036.3;-13976.1;93758.2;23069.1
428;98128.2;-12451.9;94743.5;23328.6
429;97721.7;-13072.0;94382.4;23232.9
430;97119.8;-13781.5;93820.9;23084.5
431;99263.4;-10822.1;95770.2;23594.8
432;99140.3;-11019.0;95661.5;23566.7
433;98791.5;-11545.9;95348.6;23480.7
434;97566.7;-13205.6;94230.8;23199.3
435;99176.9;-10977.1;95696.5;23574.7
436;97610.9;-13319.9;94297.7;23211.8
437;98252.0;-12455.9;94884.3;23366.4
438;99010.0;-11406.5;95574.5;23539.7
439;98747.3;-11578.1;95304.6;23472.5
440;100034.0;-9639.3;96464.5;23787.0
441;98260.7;-12264.5;94863.3;23359.9
442;95508.6;-15863.0;92331.4;22694.9
443;96159.3;-15132.3;92959.2;22860.1
444;99459.7;-10523.0;95946.9;23643.5
445;97226.3;-13738.3;93933.1;23116.0
446;98119.9;-12781.0;94790.0;23345.3
447;96573.7;-14509.0;93325.1;22953.8
448;98967.4;-11456.3;95534.4;23530.4
449;97154.8;-13796.0;93862.2;23095.2
450;99608.6;-10287.0;96080.5;23686.8
451;97001.8;-13929.7;93711.2;23051.4
452;99128.4;-11117.0;95663.7;23567.9
453;98560.2;-11888.1;95141.9;23432.2
454;96751.8;-14241.0;93481.9;22997.9
455;99120.4;-11041.7;95642.5;23561.1
456;96522.5;-14555.8;93275.3;22937.3
457;96595.8;-14621.1;93367.3;22963.0
458;98601.9;-11963.3;95200.9;23445.9
459;96862.3;-14152.8;93590.2;23020.3
460;96874.8;-14289.8;93626.6;23027.7
461;97194.8;-13797.7;93907.2;23107.6
462;96358.0;-14931.8;93150.7;22904.6
463;99058.0;-11132.6;95585.2;23541.8
464;98426.8;-12278.4;95055.6;23414.7
465;97616.7;-13141.9;94276.2;23205.8
466;97544.7;-13337.4;94226.4;23197.7
467;98228.2;-12494.0;94863.2;23359.8
468;99962.4;-9948.3;96433.0;23782.7
469;98833.2;-11461.7;95382.5;23488.6
470;97023.7;-13900.5;93732.0;23060.9
471;98670.2;-11854.1;95260.5;23460.4
472;97549.0;-13226.8;94214.7;23196.6
473;97419.1;-13434.2;94100.8;23159.0
474;100121.1;-9541.2;96548.0;23805.1
475;97127.7;-13773.6;93828.7;23086.6
476;97052.2;-13862.0;93758.2;23069.1
477;95112.3;-16810.0;92013.5;22610.8
478;95817.7;-15805.6;92673.1;22787.0
479;98259.9;-12269.4;94863.3;23359.9
480;96778.6;-14231.3;93510.0;23002.8
481;98355.5;-12131.2;94949.5;23382.3
482;96201.5;-15205.2;93017.8;22877.0
483;96671.9;-14506.7;93434.5;22980.0
484;98567.5;-11835.0;95141.9;23432.2
485;99567.5;-10586.1;96081.6;23687.0
486;98452.5;-11992.9;95037.5;23409.0
487;99226.4;-11032.8;95761.6;23591.7
488;99919.3;-9882.8;96371.4;23764.0
489;99007.8;-11452.5;95579.9;23541.3
490;96502.7;-14542.4;93251.0;22928.5
491;97512.7;-13574.7;94230.6;23199.0
492;98467.1;-12177.0;95084.0;23420.8
493;97102.3;-13954.5;93829.0;23087.0
494;98261.0;-12262.2;94863.3;23359.9
495;95646.7;-15649.6;92458.9;22733.0
496;96624.0;-14398.6;93363.8;22962.3
497;98363.1;-12137.1;94959.4;23386.7
498;94799.1;-16893.5;91672.9;22512.3
499;96259.2;-14821.1;93025.3;22878.8
500;97667.5;-13071.2;94322.9;23219.2
501;95465.7;-15935.0;92292.5;22683.9
502;97728.4;-13233.3;94418.2;23246.1
503;96657.4;-14352.6;93394.0;22972.5
504;97292.9;-13556.2;93980.1;23132.2
505;97307.7;-13719.8;94022.5;23143.7
506;97926.3;-12766.3;94565.5;23281.9
507;96924.0;-14196.8;93666.9;23039.0
508;97814.8;-12870.0;94456.5;23254.5
509;96887.7;-14143.1;93617.1;23027.0
510;98344.9;-12464.7;94993.1;23397.4
511;99915.3;-9816.1;96355.7;23756.0
512;97916.4;-12888.4;94574.0;23286.7
513;97903.7;-12751.6;94538.1;23274.9
514;96178.1;-14930.7;92950.9;22859.6
515;98535.4;-12185.7;95162.1;23434.1
516;96692.6;-14407.5;93441.2;22983.0
517;96609.9;-14604.0;93380.3;22966.4
518;98380.3;-12233.7;94994.2;23397.5
519;97904.8;-12871.6;94557.9;23279.1
520;99071.8;-11439.0;95653.0;23565.9
521;99589.3;-10317.4;96063.6;23684.3
522;96959.6;-14141.2;93697.7;23046.6
523;97828.0;-13014.6;94494.2;23264.5
524;99998.8;-9669.9;96429.7;23782.2
525;98952.7;-11286.0;95490.4;23519.0
526;98601.1;-11908.9;95191.3;23444.0
527;99395.1;-10613.8;95888.2;23630.2
528;96840.6;-14459.7;93615.8;23025.5
529;98511.0;-11908.2;95090.4;23421.4
530;99525.9;-10530.4;96023.5;23664.1
531;99820.9;-9982.2;96274.3;23736.1
532;96614.2;-14577.8;93381.5;22967.7
533;97331.9;-13607.6;94031.0;23146.5
534;98165.9;-12451.8;94786.7;23344.9
535;97283.6;-13625.4;93980.3;23134.5
536;97159.0;-13729.7;93856.7;23092.5
537;98581.8;-11816.3;95154.5;23433.1
538;97184.9;-13805.9;93897.5;23105.6
539;95370.4;-16126.6;92209.9;22657.0
540;98096.9;-12772.1;94761.3;23334.8
541;97057.4;-14240.8;93825.3;23085.0
542;96744.1;-14249.2;93474.2;22993.9
543;95628.5;-15956.9;92479.0;22736.5
544;98989.0;-11380.0;95546.3;23533.7
545;94818.0;-16879.2;91691.7;22518.4
546;95491.8;-15889.7;92316.1;22691.2
547;97315.8;-13524.6;94000.2;23135.9
548;99287.5;-10778.9;95791.5;23602.7
549;99388.9;-10676.9;95890.4;23630.6
550;96143.1;-15298.8;92965.6;22860.6
551;97451.9;-13360.9;94126.4;23167.3
552;95740.0;-15534.9;92546.5;22749.8
553;98985.6;-11397.2;95545.1;23533.5
554;95772.8;-15545.4;92585.2;22761.6
555;97490.4;-13405.0;94176.9;23188.0
556;99045.3;-11149.9;95573.5;23539.6
557;97380.7;-13559.7;94077.2;23153.6
558;99575.6;-10586.1;96091.2;23687.9
559;96563.1;-14471.2;93307.7;22947.8
560;98105.8;-12768.1;94770.8;23335.5
561;98809.5;-11496.6;95361.4;23484.9
562;97510.2;-13275.2;94179.2;23188.4
563;99486.6;-10649.2;95997.1;23655.9
564;98372.4;-12203.2;94980.6;23394.6
565;95549.6;-15927.8;92386.2;22711.3
567;98522.5;-11896.2;95101.2;23423.7
568;97799.3;-13102.9;94475.8;23257.3
569;95844.8;-15608.8;92675.4;22787.4
570;97798.2;-12921.2;94446.0;23251.6
571;97074.7;-13849.2;93781.6;23076.2
572;98491.3;-12076.4;95094.9;23423.2
573;98163.1;-12400.4;94774.9;23337.8
574;100102.7;-9560.2;96530.2;23801.9
575;97874.1;-12792.7;94511.2;23268.0
576;98354.0;-12134.7;94948.3;23382.1
577;98158.8;-12429.0;94775.0;23338.9
578;97494.4;-13301.5;94165.5;23184.4
579;97422.5;-13549.4;94123.0;23166.7
580;99124.9;-11029.0;95645.7;23563.3
581;98698.9;-11654.6;95261.7;23460.7
582;96850.8;-14200.3;93584.9;23019.9
583;96252.0;-14838.5;93019.9;22878.2
584;97603.4;-13261.0;94279.4;23206.0
585;99206.5;-10905.7;95718.4;23578.2
586;97648.2;-13185.3;94318.3;23217.2
587;99983.1;-9693.4;96415.9;23781.0
588;96689.1;-14320.7;93423.9;22979.2
589;97848.5;-12975.9;94511.2;23267.9
590;94458.7;-17435.7;91356.9;22432.5
591;96896.3;-14129.0;93624.5;23027.5
592;97276.9;-13576.6;93964.8;23124.3
593;98351.2;-12141.8;94946.2;23381.9
594;99938.2;-9772.6;96375.7;23766.6
595;97749.2;-12963.2;94397.7;23240.7
596;99589.2;-10392.8;96075.2;23686.4
597;98525.4;-11989.3;95119.0;23427.9
598;98956.6;-11393.1;95511.6;23524.0
599;97043.4;-14022.9;93774.1;23074.5
600;99458.5;-10834.4;95996.0;23655.7
601;96308.8;-14761.0;93071.0;22888.6
602;98328.5;-12200.0;94929.1;23374.3
603;96446.2;-14662.5;93206.4;22916.8
604;96964.9;-14244.7;93721.3;23053.9
605;95754.5;-15798.0;92599.4;22767.4
606;96944.7;-14389.5;93721.4;23054.1
607;98126.3;-12477.8;94745.5;23328.6
608;97618.3;-13144.1;94278.3;23205.8
609;95944.3;-15224.6;92733.5;22805.1
610;99617.6;-10298.0;96092.2;23689.0
611;98082.6;-12692.4;94730.6;23325.2
612;99003.1;-11233.4;95538.9;23531.2
613;98705.1;-11656.8;95269.0;23463.1
614;96823.6;-14153.7;93548.2;23014.1
615;95176.5;-16355.4;92024.1;22612.6
616;96498.8;-14608.4;93256.2;22928.8
617;99280.9;-10812.8;95789.3;23602.4
618;96332.9;-14735.7;93093.5;22892.8
619;98756.9;-11571.0;95314.0;23474.2
620;96882.2;-14127.1;93608.2;23022.7
621;98122.7;-12786.0;94794.4;23347.0
622;95321.9;-16294.2;92178.0;22650.8
623;99213.4;-10904.1;95725.7;23579.7
624;97645.7;-13112.0;94304.4;23213.9
625;98849.5;-11437.8;95397.4;23494.1
626;97921.9;-12798.6;94565.5;23282.0
627;98732.9;-11617.4;95293.9;23467.5
628;97567.9;-13203.1;94231.9;23200.4
629;98656.8;-11715.9;95223.3;23451.0
630;95741.2;-15525.9;92546.5;22749.9
631;96299.7;-14770.7;93062.4;22886.8
632;98636.1;-11741.4;95204.2;23446.2
633;97650.4;-13098.5;94307.4;23213.9
634;97341.1;-13757.6;94066.7;23151.9
635;97435.7;-13464.8;94124.3;23167.1
636;98328.8;-12238.7;94935.6;23377.9
637;96897.7;-14134.2;93626.7;23027.8
638;98302.7;-12476.0;94946.1;23381.8
639;96508.4;-14536.4;93256.2;22928.8
640;97107.1;-13959.2;93835.5;23089.8
641;98973.2;-11267.5;95510.5;23523.8
642;99011.4;-11580.8;95607.8;23550.4
643;96258.5;-14918.5;93039.1;22883.0
644;98783.4;-11590.5;95346.5;23480.4
645;96318.9;-14925.4;93106.6;22896.3
646;98640.8;-11736.0;95208.7;23449.0
647;95230.9;-16272.5;92073.9;22625.1
648;96221.2;-15045.9;93015.6;22874.8
649;96993.0;-14092.4;93728.0;23057.8
650;97466.5;-13329.4;94138.2;23173.6
651;99559.5;-10369.4;96036.4;23666.5
652;98866.2;-11480.4;95422.5;23498.9
653;99719.0;-10344.9;96216.6;23724.9
654;99260.9;-10825.4;95768.1;23594.6
655;97309.4;-13533.7;93994.7;23135.1
656;97333.7;-13493.8;94015.9;23141.9
657;99050.3;-11306.6;95604.7;23549.2
658;97746.0;-13008.0;94401.1;23242.3
659;97468.8;-13387.3;94149.9;23180.5
660;95955.7;-15259.3;92751.5;22807.6
661;97564.4;-13206.6;94228.6;23198.9
662;94098.7;-18005.4;91017.7;22346.9
663;97064.1;-13959.4;93786.9;23077.6
664;96413.7;-14668.8;93172.3;22911.8
665;98578.8;-11880.4;95161.0;23434.0
666;97052.3;-13861.4;93758.2;23069.1
667;97237.4;-13665.2;93934.3;23117.2
668;99419.5;-10791.2;95943.7;23641.1
669;96324.0;-14815.6;93095.9;22894.2
670;98076.7;-12533.9;94699.2;23320.1
671;95236.9;-16269.2;92080.2;22627.5
672;97814.4;-12873.5;94456.5;23254.5
673;98211.6;-12328.5;94818.6;23351.8
674;98820.0;-11481.7;95370.8;23486.5
675;96514.2;-14621.8;93276.5;22939.7
676;98088.1;-12499.9;94706.4;23320.4
677;98075.8;-12561.4;94702.3;23320.3
678;97645.4;-13218.7;94320.8;23219.0
679;97882.8;-12785.0;94519.8;23269.9
680;98280.9;-12236.9;94882.1;23366.1
681;98196.2;-12349.9;94804.7;23349.5
682;96373.1;-14856.1;93156.0;22906.0
683;96093.1;-15338.1;92915.4;22849.1
684;100998.4;-7859.9;97313.8;24004.9
685;100185.0;-9561.6;96625.2;23822.1
686;95884.9;-15297.2;92678.0;22790.2
687;98226.6;-12506.2;94863.2;23359.8
688;98480.5;-12059.2;95079.8;23419.6
689;98611.4;-12081.3;95231.8;23454.8
690;97873.3;-12791.1;94510.1;23266.8
691;96478.9;-14659.7;93242.3;22924.6
692;97444.8;-13390.6;94123.1;23166.8
693;97026.6;-13988.8;93749.3;23067.8
694;97852.1;-12878.6;94499.7;23265.2
695;97329.0;-13501.8;94011.8;23140.7
696;97527.1;-13262.9;94195.7;23191.2
697;99015.9;-11212.7;95550.6;23536.2
698;99288.4;-10779.5;95792.6;23603.9
699;96115.6;-15259.1;92929.6;22854.7
700;97077.9;-13826.6;93781.6;23076.2
701;96668.2;-14340.4;93403.7;22973.5
702;99238.2;-11106.6;95788.2;23602.2
703;97626.2;-13135.6;94285.9;23207.8
704;99554.8;-10603.1;96069.9;23684.9
705;96998.3;-14261.4;93762.3;23069.2
706;97717.3;-13166.6;94393.1;23237.8
707;95943.1;-15226.6;92732.4;22805.0
708;99389.8;-10624.3;95884.0;23629.9
709;97180.6;-13768.1;93886.9;23103.6
710;95745.5;-15702.6;92575.5;22757.7
711;96895.5;-14148.7;93626.7;23027.9
712;94692.6;-17220.6;91594.1;22496.2
713;97636.1;-13237.8;94312.9;23214.7
714;97773.8;-13302.5;94481.1;23257.9
715;98038.7;-12627.6;94670.2;23311.1
716;99658.4;-10249.7;96130.9;23699.6
717;97287.7;-13551.5;93973.4;23128.2
718;98746.5;-11584.1;95304.5;23472.4
719;98069.8;-12562.8;94695.9;23319.6
720;97431.8;-13391.3;94108.3;23159.7
721;94993.8;-16612.6;91854.3;22567.2
722;98905.6;-11498.3;95470.2;23512.2
723;96969.5;-14297.2;93735.3;23061.4
724;97709.9;-13159.1;94383.5;23235.0
725;96035.8;-15162.1;92826.6;22830.8
726;98042.9;-12573.5;94666.9;23310.6
727;97812.7;-13016.9;94476.8;23257.4
728;97715.8;-13176.8;94393.3;23239.2
729;97513.2;-13332.4;94190.5;23189.9
730;99060.2;-11141.0;95589.5;23545.2
731;98951.8;-11292.6;95490.4;23519.0
732;98626.0;-11814.8;95204.2;23446.3
733;102126.6;-5114.1;98281.4;24261.1
734;96870.7;-14269.6;93619.2;23027.1
735;97172.5;-13709.2;93868.6;23096.8
736;96371.1;-14715.0;93132.5;22901.9
737;98205.3;-12575.7;94851.2;23357.3
738;96779.3;-14263.0;93515.5;23004.6
739;94217.1;-17812.7;91129.9;22377.3
740;96090.1;-15250.4;92899.1;22844.1
741;97793.9;-12902.6;94438.3;23250.6
742;98997.4;-11295.0;95542.0;23532.3
743;95676.5;-15614.0;92486.7;22737.5
744;96858.9;-14286.9;93608.2;23022.7
745;97514.5;-13271.5;94183.2;23188.4
746;96747.2;-14247.0;93477.4;22995.2
747;98354.1;-12217.8;94961.5;23386.9
748;97716.4;-13065.0;94375.5;23231.5
749;98071.0;-12626.9;94707.5;23320.6
750;96748.2;-14246.8;93478.7;22996.6
751;99713.4;-10140.6;96176.2;23710.2
752;97679.4;-13058.2;94334.2;23221.1
753;99373.6;-10678.0;95873.5;23625.0
754;97063.5;-14063.3;93803.2;23081.4
755;98409.1;-12282.3;95035.4;23408.8
756;96788.3;-14279.5;93528.1;23006.5
757;96455.6;-14599.7;93207.5;22917.0
758;96773.8;-14207.4;93501.2;23001.8
759;97643.0;-13110.7;94300.9;23212.2
760;97381.7;-13559.7;94078.4;23154.0
761;99656.3;-10561.3;96180.4;23710.5
762;96200.4;-14902.2;92971.1;22862.3
763;96280.4;-14812.4;93047.7;22884.7
764;99884.1;-10087.1;96364.2;23761.7
765;98472.7;-11960.8;95055.6;23414.7
766;95257.5;-16265.5;92102.3;22631.1
767;98320.0;-12268.1;94930.3;23376.5
768;97942.1;-13008.9;94624.8;23299.9
769;94917.6;-16719.6;91782.7;22546.3
770;97184.4;-13703.5;93881.3;23102.9
771;97657.9;-13142.8;94323.0;23219.2
772;98608.9;-11954.1;95207.5;23448.8
773;98926.1;-11404.9;95478.6;23514.9
774;97819.2;-12866.7;94460.9;23255.1
775;99045.7;-11153.7;95574.5;23539.7
776;97501.9;-13279.5;94170.7;23186.7
777;96575.3;-14454.0;93318.6;22951.2
778;96478.4;-14575.4;93228.8;22920.8
779;98386.3;-12083.2;94977.3;23394.1
780;95158.1;-16388.5;92008.0;22609.1
781;98523.1;-12151.9;95143.1;23432.5
782;96240.1;-14964.1;93025.4;22879.9
783;97194.4;-13681.4;93889.1;23104.0
784;98318.4;-12355.9;94942.8;23379.3
785;99259.6;-10925.3;95782.8;23600.7
786;95143.5;-16666.2;92027.5;22613.1
787;96643.8;-14370.0;93381.5;22967.7
788;97721.7;-13223.2;94408.7;23245.2
789;96875.8;-14268.3;93624.5;23027.5
790;98794.6;-11682.9;95373.9;23486.7
791;94982.6;-16626.1;91843.5;22564.1
792;98148.9;-12415.2;94761.3;23334.8
793;98216.0;-12423.5;94838.6;23356.4
794;97761.3;-12944.1;94408.7;23245.2
795;99096.3;-11238.9;95646.7;23563.4
796;96103.7;-15043.0;92883.8;22840.3
797;99135.4;-11005.0;95654.1;23566.0
798;96773.3;-14211.9;93501.4;23002.0
799;98632.2;-11769.1;95204.2;23446.2
800;97208.9;-13881.6;93937.7;23118.7
801;98742.9;-11654.9;95310.9;23473.1
802;98657.7;-11943.6;95261.7;23461.7
803;95733.1;-15938.8;92595.2;22767.1
804;97485.3;-13304.9;94156.1;23182.8
805;97588.1;-13181.0;94250.6;23202.4
806;97368.4;-13460.3;94049.0;23149.9
807;96710.5;-14292.5;93443.4;22983.3
808;100054.4;-9888.6;96529.1;23801.7
809;97965.7;-12668.7;94594.9;23293.0
810;99706.3;-10339.9;96200.3;23718.9
811;96945.5;-14008.0;93660.5;23036.4
812;96323.5;-14747.7;93084.9;22889.8
813;97859.1;-12811.6;94497.5;23265.0
814;96953.3;-13992.7;93666.9;23039.0
815;100855.3;-8142.5;97188.3;23969.3
816;97994.0;-12704.6;94632.3;23301.7
817;99154.0;-11192.5;95704.8;23575.3
818;97394.4;-13431.4;94073.0;23153.4
819;97219.9;-13795.8;93935.5;23118.5
820;97618.1;-13373.4;94315.0;23214.8
821;98134.5;-12485.4;94755.9;23332.1
822;98803.9;-11503.5;95356.1;23483.5
823;97533.6;-13306.4;94209.4;23195.2
824;96771.2;-14394.1;93528.0;23006.3
825;96314.5;-14763.4;93077.4;22889.2
826;97569.0;-13419.8;94266.7;23205.0
827;98378.6;-12349.1;95012.3;23402.1
828;98274.7;-12242.3;94875.7;23364.5
829;97666.5;-13078.9;94322.9;23219.2
830;96902.5;-14054.3;93620.2;23027.1
831;97834.8;-13091.7;94515.5;23269.5
832;98423.7;-12030.6;95011.2;23402.0
833;97643.3;-13151.3;94307.6;23214.2
834;97842.0;-12833.8;94481.1;23257.8
835;97482.9;-13359.1;94161.4;23183.2
836;98875.6;-11484.4;95434.2;23504.0
837;97100.7;-13804.1;93803.2;23081.5
838;97926.8;-12728.4;94560.2;23279.5
839;98176.1;-12461.7;94799.5;23347.1
840;98635.9;-11743.3;95204.2;23446.2
841;99663.8;-10202.2;96129.8;23699.4
842;98568.3;-11836.1;95142.9;23432.3
843;98461.7;-11982.6;95046.0;23409.8
844;95768.6;-15622.7;92591.7;22766.4
845;98448.6;-12125.4;95054.5;23414.5
846;100725.2;-8383.9;97072.8;23937.5
847;96591.7;-14598.5;93359.7;22961.1
848;96372.2;-14685.1;93129.2;22901.4
849;97403.6;-13427.5;94082.7;23155.4
850;98997.4;-11371.9;95554.8;23538.4
851;98363.0;-12118.4;94956.1;23385.2
852;97054.8;-13878.0;93763.3;23069.3
853;97651.6;-13097.2;94308.6;23214.3
854;99048.7;-11153.2;95577.7;23540.0
855;98561.1;-11839.6;95135.7;23432.0
856;100889.2;-8156.6;97230.5;23977.9
857;98939.9;-11660.7;95537.8;23530.9
858;98088.4;-12750.4;94747.7;23328.9
859;98433.4;-12290.4;95065.0;23417.3
860;97207.5;-13662.7;93900.8;23107.1
861;96421.1;-14629.0;93174.4;22912.0
862;97903.2;-12804.0;94545.3;23275.1
863;98281.7;-12468.1;94919.8;23372.8
864;95884.4;-15302.4;92677.7;22787.8
865;97010.2;-13925.1;93720.0;23053.4
866;97174.6;-13776.2;93881.4;23102.9
867;98025.1;-12590.8;94649.7;23307.8
868;97338.0;-13506.5;94022.4;23143.5
869;98220.1;-12523.7;94858.9;23359.3
870;97822.4;-12863.4;94464.1;23256.4
871;99056.4;-11228.9;95599.2;23546.3
872;95447.1;-16157.4;92301.2;22687.8
873;99862.0;-9956.1;96316.5;23745.6
874;99556.3;-10372.5;96033.0;23664.9
875;97763.2;-12937.7;94409.8;23245.4
876;98526.6;-11887.5;95104.3;23423.8
877;98455.2;-12079.6;95054.5;23414.5
878;96707.7;-14468.5;93468.8;22990.2
879;97897.2;-12763.3;94532.8;23274.3
880;98691.1;-11704.9;95260.6;23460.5
881;98070.6;-12529.3;94691.7;23319.4
882;99029.5;-11377.4;95592.6;23545.4
883;97790.4;-13068.2;94459.9;23255.0
884;97769.3;-13120.9;94444.9;23251.5
885;96700.9;-14305.6;93434.4;22980.0
886;97192.2;-13681.1;93886.7;23103.4
887;97057.0;-13974.1;93781.6;23076.2
888;99933.3;-9781.3;96371.4;23764.1
889;98002.4;-12622.5;94629.0;23300.2
890;96375.6;-14829.4;93154.7;22905.6
891;98196.2;-12363.9;94806.8;23349.6
892;97437.0;-13373.0;94111.4;23160.9
894;98308.9;-12197.7;94907.2;23369.8
895;95672.2;-15673.0;92490.0;22738.0
896;98432.1;-12032.6;95020.6;23403.6
897;96437.2;-14678.5;93198.7;22913.8
898;95762.6;-15786.6;92606.6;22767.7
899;98332.5;-12171.4;94929.1;23374.2
900;95761.4;-15518.3;92567.8;22754.7
901;97082.5;-13900.4;93797.6;23079.6
902;97945.4;-12750.8;94584.6;23288.5
903;98478.2;-11955.6;95060.8;23415.0
904;98651.3;-11761.4;95224.4;23452.1
905;97634.2;-13218.2;94307.6;23214.2
906;96616.9;-14415.0;93358.5;22960.9
907;100223.5;-9312.9;96629.4;23822.4
908;96890.6;-14087.0;93611.7;23025.4
909;100026.1;-9786.9;96479.3;23791.3
910;97088.0;-13816.0;93791.2;23078.9
911;99193.7;-10992.8;95717.4;23578.1
912;99080.4;-11096.3;95605.7;23550.3
913;96335.9;-14770.4;93102.1;22895.6
914;98112.5;-12633.2;94754.8;23332.1
915;98631.5;-11970.5;95236.1;23456.2
916;98572.2;-12002.3;95172.6;23435.8
917;97416.6;-13452.8;94100.8;23159.0
918;98002.0;-12963.4;94686.2;23317.6
919;97157.6;-13732.1;93855.5;23092.2
920;96170.3;-14931.3;92942.3;22856.8
921;98965.0;-11327.4;95510.4;23523.8
922;96926.1;-14214.4;93672.2;23039.4
923;99455.5;-10822.9;95990.7;23654.2
924;98467.0;-11974.0;95051.2;23414.0
925;96538.0;-14499.1;93284.0;22940.3
926;97473.2;-13338.0;94146.6;23174.1
927;97301.3;-13537.3;93986.5;23134.8
928;96542.6;-14619.0;93307.6;22946.7
929;98330.4;-12226.4;94935.6;23377.9
930;97051.7;-13865.8;93758.2;23069.1
931;99824.8;-10010.9;96283.0;23738.2
932;98822.4;-11477.7;95372.8;23486.6
933;96547.7;-14487.6;93292.9;22942.7
934;97657.7;-13143.9;94322.9;23219.1
935;97363.4;-13633.0;94069.8;23152.1
936;95646.9;-15810.4;92480.1;22736.6
937;98902.3;-11361.6;95445.2;23508.6
938;98891.6;-11592.4;95470.3;23513.4
939;98896.7;-11381.0;95441.8;23506.0
940;97054.1;-14025.8;93786.8;23076.5
941;99080.2;-11092.0;95604.7;23549.2
942;97389.0;-13548.0;94085.1;23156.9
943;98906.7;-11356.7;95449.4;23509.0
944;100033.3;-9800.5;96489.8;23793.1
945;97873.9;-12786.7;94510.0;23266.8
946;95809.3;-15688.3;92645.8;22776.1
947;97261.2;-13593.5;93950.2;23122.5
948;98474.9;-12178.0;95092.7;23421.9
949;99279.6;-10795.5;95784.9;23600.8
950;96193.6;-15149.2;92999.3;22866.0
951;97424.6;-13472.2;94112.5;23161.0
952;97944.0;-12962.2;94618.5;23299.5
953;98232.4;-12377.9;94849.2;23357.2
954;98884.4;-11397.9;95430.9;23503.5
955;96458.8;-14591.8;93209.7;22917.2
956;97062.5;-14205.1;93825.3;23085.1
957;99006.2;-11211.7;95538.9;23531.2
958;98182.5;-12381.5;94794.4;23346.9
959;98237.8;-12406.0;94860.1;23359.6
960;99143.1;-11052.2;95670.2;23569.6
961;97832.4;-12853.7;94473.5;23257.0
962;98362.9;-12139.9;94959.3;23385.6
963;97267.3;-13603.7;93958.4;23123.7
964;95922.2;-15410.6;92735.7;22805.5
965;96003.4;-15230.2;92799.7;22819.0
966;97797.1;-12899.5;94441.4;23250.9
967;97396.9;-13584.7;94099.8;23159.0
968;96818.8;-14252.1;93558.0;23015.2
969;98080.9;-12517.0;94701.3;23320.2
970;96539.2;-14498.3;93285.1;22940.6
971;97840.6;-12844.2;94481.0;23257.7
972;97656.7;-13137.1;94320.8;23219.0
973;96549.0;-14812.8;93346.0;22958.1
974;94724.1;-17004.4;91602.7;22497.0
975;99604.7;-10287.6;96076.4;23686.6
976;98080.4;-12508.2;94699.2;23320.1
977;94255.5;-17737.1;91164.9;22388.5
978;97121.6;-13775.8;93822.1;23084.7
979;98180.2;-12432.1;94799.4;23347.1
980;97356.5;-13665.4;94067.7;23152.0
981;98431.3;-12064.6;95024.7;23404.8
982;96419.2;-14694.4;93181.8;22912.5
983;97914.9;-12739.7;94548.5;23275.4
984;97632.8;-13121.0;94291.4;23210.5
985;97433.6;-13472.0;94123.0;23166.8
986;97386.4;-13520.0;94077.3;23153.7
987;97944.8;-12719.6;94579.3;23288.1
988;98900.2;-11376.3;95445.3;23508.8
989;97001.5;-13932.3;93711.4;23051.6
990;97121.2;-13864.3;93835.5;23089.8
991;97890.9;-12767.9;94526.5;23272.9
992;97508.3;-13508.8;94214.6;23195.5
993;98157.8;-12528.4;94789.9;23345.2
994;98628.1;-11751.3;95196.7;23444.5
995;99369.8;-10659.0;95866.3;23623.8
996;97550.1;-13232.9;94216.8;23196.8
997;94743.2;-16975.4;91620.5;22502.5
998;97606.0;-13214.7;94275.2;23205.7
999;98131.5;-12456.0;94747.7;23328.9
1000;97441.8;-13370.5;94116.8;23165.4
