4.000000000000000000e+02 -9.282199999999999562e+00
4.040000000000000000e+02 -9.376500000000000057e+00
4.080000000000000000e+02 -9.470900000000000318e+00
4.120000000000000000e+02 -9.565300000000000580e+00
4.160000000000000000e+02 -9.659700000000000841e+00
4.200000000000000000e+02 -9.754200000000000870e+00
4.240000000000000000e+02 -9.848800000000000665e+00
4.280000000000000000e+02 -9.943300000000000693e+00
4.320000000000000000e+02 -1.003800000000000026e+01
4.360000000000000000e+02 -1.013260000000000005e+01
4.400000000000000000e+02 -1.022729999999999961e+01
4.440000000000000000e+02 -1.032210000000000072e+01
4.480000000000000000e+02 -1.041680000000000028e+01
4.520000000000000000e+02 -1.051169999999999938e+01
4.560000000000000000e+02 -1.060650000000000048e+01
4.600000000000000000e+02 -1.070149999999999935e+01
4.640000000000000000e+02 -1.079640000000000022e+01
4.680000000000000000e+02 -1.089140000000000086e+01
4.720000000000000000e+02 -1.098649999999999949e+01
4.760000000000000000e+02 -1.108159999999999989e+01
4.800000000000000000e+02 -1.117670000000000030e+01
4.840000000000000000e+02 -1.127190000000000047e+01
4.880000000000000000e+02 -1.136710000000000065e+01
4.920000000000000000e+02 -1.146240000000000059e+01
4.960000000000000000e+02 -1.155770000000000053e+01
5.000000000000000000e+02 -1.165310000000000024e+01
5.040000000000000000e+02 -1.174849999999999994e+01
5.080000000000000000e+02 -1.184389999999999965e+01
5.120000000000000000e+02 -1.193950000000000067e+01
5.160000000000000000e+02 -1.203500000000000014e+01
5.200000000000000000e+02 -1.213059999999999938e+01
5.240000000000000000e+02 -1.222630000000000017e+01
5.280000000000000000e+02 -1.232199999999999918e+01
5.320000000000000000e+02 -1.241769999999999996e+01
5.360000000000000000e+02 -1.251350000000000051e+01
5.400000000000000000e+02 -1.260940000000000083e+01
5.440000000000000000e+02 -1.270529999999999937e+01
5.480000000000000000e+02 -1.280129999999999946e+01
5.520000000000000000e+02 -1.289729999999999954e+01
5.560000000000000000e+02 -1.299329999999999963e+01
5.600000000000000000e+02 -1.308939999999999948e+01
5.640000000000000000e+02 -1.318560000000000088e+01
5.680000000000000000e+02 -1.328180000000000049e+01
5.720000000000000000e+02 -1.337809999999999988e+01
5.760000000000000000e+02 -1.347439999999999927e+01
5.800000000000000000e+02 -1.357080000000000020e+01
5.840000000000000000e+02 -1.366719999999999935e+01
5.880000000000000000e+02 -1.376370000000000005e+01
5.920000000000000000e+02 -1.386030000000000051e+01
5.960000000000000000e+02 -1.395679999999999943e+01
6.000000000000000000e+02 -1.405349999999999966e+01
6.040000000000000000e+02 -1.415019999999999989e+01
6.080000000000000000e+02 -1.424699999999999989e+01
6.120000000000000000e+02 -1.434379999999999988e+01
6.160000000000000000e+02 -1.444069999999999965e+01
6.200000000000000000e+02 -1.453759999999999941e+01
6.240000000000000000e+02 -1.463460000000000072e+01
6.280000000000000000e+02 -1.473170000000000002e+01
6.320000000000000000e+02 -1.482879999999999932e+01
6.360000000000000000e+02 -1.492590000000000039e+01
6.400000000000000000e+02 -1.502319999999999922e+01
6.440000000000000000e+02 -1.512049999999999983e+01
6.480000000000000000e+02 -1.521780000000000044e+01
6.520000000000000000e+02 -1.531520000000000081e+01
6.560000000000000000e+02 -1.541269999999999918e+01
6.600000000000000000e+02 -1.551019999999999932e+01
6.640000000000000000e+02 -1.560779999999999923e+01
6.680000000000000000e+02 -1.570550000000000068e+01
6.720000000000000000e+02 -1.580320000000000036e+01
6.760000000000000000e+02 -1.590099999999999980e+01
6.800000000000000000e+02 -1.599879999999999924e+01
6.840000000000000000e+02 -1.609669999999999845e+01
6.880000000000000000e+02 -1.619470000000000098e+01
6.920000000000000000e+02 -1.629269999999999996e+01
6.960000000000000000e+02 -1.639079999999999870e+01
7.000000000000000000e+02 -1.648900000000000077e+01
7.040000000000000000e+02 -1.658719999999999928e+01
7.080000000000000000e+02 -1.668560000000000088e+01
7.120000000000000000e+02 -1.678389999999999915e+01
7.160000000000000000e+02 -1.688240000000000052e+01
7.200000000000000000e+02 -1.698089999999999833e+01
7.240000000000000000e+02 -1.707939999999999969e+01
7.280000000000000000e+02 -1.717810000000000059e+01
7.320000000000000000e+02 -1.727680000000000149e+01
7.360000000000000000e+02 -1.737559999999999860e+01
7.400000000000000000e+02 -1.747439999999999927e+01
7.440000000000000000e+02 -1.757329999999999970e+01
7.480000000000000000e+02 -1.767229999999999990e+01
7.520000000000000000e+02 -1.777139999999999986e+01
7.560000000000000000e+02 -1.787049999999999983e+01
7.600000000000000000e+02 -1.796969999999999956e+01
7.640000000000000000e+02 -1.806899999999999906e+01
7.680000000000000000e+02 -1.816829999999999856e+01
7.720000000000000000e+02 -1.826780000000000115e+01
7.760000000000000000e+02 -1.836720000000000041e+01
7.800000000000000000e+02 -1.846679999999999922e+01
7.840000000000000000e+02 -1.856650000000000134e+01
7.880000000000000000e+02 -1.866619999999999990e+01
7.920000000000000000e+02 -1.876599999999999824e+01
7.960000000000000000e+02 -1.886589999999999989e+01
8.000000000000000000e+02 -1.896580000000000155e+01
8.040000000000000000e+02 -1.906579999999999941e+01
8.080000000000000000e+02 -1.916590000000000060e+01
8.120000000000000000e+02 -1.926610000000000156e+01
8.160000000000000000e+02 -1.936639999999999873e+01
8.200000000000000000e+02 -1.946669999999999945e+01
8.240000000000000000e+02 -1.956709999999999994e+01
8.280000000000000000e+02 -1.966760000000000019e+01
8.320000000000000000e+02 -1.976820000000000022e+01
8.360000000000000000e+02 -1.986890000000000001e+01
8.400000000000000000e+02 -1.996959999999999980e+01
8.440000000000000000e+02 -2.007049999999999912e+01
8.480000000000000000e+02 -2.017139999999999844e+01
8.520000000000000000e+02 -2.027240000000000109e+01
8.560000000000000000e+02 -2.037340000000000018e+01
8.600000000000000000e+02 -2.047459999999999880e+01
8.640000000000000000e+02 -2.057580000000000098e+01
8.680000000000000000e+02 -2.067719999999999914e+01
8.720000000000000000e+02 -2.077860000000000085e+01
8.760000000000000000e+02 -2.088009999999999877e+01
8.800000000000000000e+02 -2.098170000000000002e+01
8.840000000000000000e+02 -2.108340000000000103e+01
8.880000000000000000e+02 -2.118509999999999849e+01
8.920000000000000000e+02 -2.128699999999999903e+01
8.960000000000000000e+02 -2.138889999999999958e+01
9.000000000000000000e+02 -2.149089999999999989e+01
9.040000000000000000e+02 -2.159309999999999974e+01
9.080000000000000000e+02 -2.169529999999999959e+01
9.120000000000000000e+02 -2.179759999999999920e+01
9.160000000000000000e+02 -2.189999999999999858e+01
9.200000000000000000e+02 -2.200250000000000128e+01
9.240000000000000000e+02 -2.210510000000000019e+01
9.280000000000000000e+02 -2.220769999999999911e+01
9.320000000000000000e+02 -2.231050000000000111e+01
9.360000000000000000e+02 -2.241339999999999932e+01
9.400000000000000000e+02 -2.251630000000000109e+01
9.440000000000000000e+02 -2.261939999999999884e+01
9.480000000000000000e+02 -2.272250000000000014e+01
9.520000000000000000e+02 -2.282580000000000098e+01
9.560000000000000000e+02 -2.292909999999999826e+01
9.600000000000000000e+02 -2.303259999999999863e+01
9.640000000000000000e+02 -2.313609999999999900e+01
9.680000000000000000e+02 -2.323979999999999890e+01
9.720000000000000000e+02 -2.334349999999999881e+01
9.760000000000000000e+02 -2.344739999999999824e+01
9.800000000000000000e+02 -2.355130000000000123e+01
9.840000000000000000e+02 -2.365540000000000020e+01
9.843999999999999773e+02 -2.366580000000000084e+01
9.847999999999999545e+02 -2.367620000000000147e+01
9.852000000000000455e+02 -2.368659999999999854e+01
9.856000000000000227e+02 -2.369699999999999918e+01
9.860000000000000000e+02 -2.370739999999999981e+01
9.863999999999999773e+02 -2.371780000000000044e+01
9.867999999999999545e+02 -2.372830000000000084e+01
9.872000000000000455e+02 -2.373870000000000147e+01
9.876000000000000227e+02 -2.374909999999999854e+01
9.880000000000000000e+02 -2.375949999999999918e+01
9.883999999999999773e+02 -2.376989999999999981e+01
9.887999999999999545e+02 -2.378040000000000020e+01
9.888175999999999704e+02 -2.378079999999999927e+01
9.888347999999999729e+02 -2.378130000000000166e+01
9.888514999999999873e+02 -2.378170000000000073e+01
9.888677000000000135e+02 -2.378209999999999980e+01
9.888835000000000264e+02 -2.378249999999999886e+01
9.888988000000000511e+02 -2.378290000000000148e+01
9.889136999999999489e+02 -2.378330000000000055e+01
9.889280999999999722e+02 -2.378369999999999962e+01
9.889420999999999822e+02 -2.378409999999999869e+01
9.889556000000000040e+02 -2.378440000000000154e+01
9.889686000000000377e+02 -2.378480000000000061e+01
9.889811999999999443e+02 -2.378509999999999991e+01
9.889932999999999765e+02 -2.378539999999999921e+01
9.890049999999999955e+02 -2.378569999999999851e+01
9.890162000000000262e+02 -2.378600000000000136e+01
9.890270000000000437e+02 -2.378630000000000067e+01
9.890372999999999593e+02 -2.378650000000000020e+01
9.890471000000000004e+02 -2.378679999999999950e+01
9.890565000000000282e+02 -2.378699999999999903e+01
9.890655000000000427e+02 -2.378729999999999833e+01
9.890739999999999554e+02 -2.378750000000000142e+01
9.890819999999999936e+02 -2.378770000000000095e+01
9.890896000000000186e+02 -2.378790000000000049e+01
9.890968000000000302e+02 -2.378810000000000002e+01
9.891035000000000537e+02 -2.378829999999999956e+01
9.891096999999999753e+02 -2.378839999999999932e+01
9.891154999999999973e+02 -2.378859999999999886e+01
9.891208000000000311e+02 -2.378869999999999862e+01
9.891257000000000517e+02 -2.378890000000000171e+01
9.891301999999999452e+02 -2.378900000000000148e+01
9.891341999999999643e+02 -2.378910000000000124e+01
9.891376999999999953e+02 -2.378920000000000101e+01
9.891408999999999878e+02 -2.378920000000000101e+01
9.891435000000000173e+02 -2.378930000000000078e+01
9.891457000000000335e+02 -2.378940000000000055e+01
9.891475000000000364e+02 -2.378940000000000055e+01
9.891488000000000511e+02 -2.378950000000000031e+01
9.891497000000000526e+02 -2.378950000000000031e+01
9.891502000000000407e+02 -2.378950000000000031e+01
9.891502000000000407e+02 -2.378950000000000031e+01
9.891497000000000526e+02 -2.378950000000000031e+01
9.891488000000000511e+02 -2.378950000000000031e+01
9.891475000000000364e+02 -2.378940000000000055e+01
9.891457000000000335e+02 -2.378940000000000055e+01
9.891435000000000173e+02 -2.378930000000000078e+01
9.891408000000000129e+02 -2.378920000000000101e+01
9.891376999999999953e+02 -2.378920000000000101e+01
9.891341999999999643e+02 -2.378910000000000124e+01
9.891301999999999452e+02 -2.378900000000000148e+01
9.891258000000000266e+02 -2.378890000000000171e+01
9.891209999999999809e+02 -2.378869999999999862e+01
9.891156999999999471e+02 -2.378859999999999886e+01
9.891100000000000136e+02 -2.378839999999999932e+01
9.891037999999999784e+02 -2.378829999999999956e+01
9.890972000000000435e+02 -2.378810000000000002e+01
9.890901000000000067e+02 -2.378790000000000049e+01
9.890827000000000453e+02 -2.378770000000000095e+01
9.890747999999999820e+02 -2.378750000000000142e+01
9.890664000000000442e+02 -2.378729999999999833e+01
9.890575999999999794e+02 -2.378709999999999880e+01
9.890484000000000151e+02 -2.378679999999999950e+01
9.890388000000000375e+02 -2.378659999999999997e+01
9.890286999999999580e+02 -2.378630000000000067e+01
9.890181999999999789e+02 -2.378600000000000136e+01
9.890072000000000116e+02 -2.378579999999999828e+01
9.889959000000000060e+02 -2.378549999999999898e+01
9.889841000000000122e+02 -2.378519999999999968e+01
9.889718000000000302e+02 -2.378480000000000061e+01
9.889591000000000349e+02 -2.378450000000000131e+01
9.889460000000000264e+02 -2.378419999999999845e+01
9.889325000000000045e+02 -2.378379999999999939e+01
9.889184999999999945e+02 -2.378350000000000009e+01
9.889041999999999462e+02 -2.378310000000000102e+01
9.888893000000000484e+02 -2.378269999999999840e+01
9.888740999999999985e+02 -2.378229999999999933e+01
9.888583999999999605e+02 -2.378190000000000026e+01
9.888423000000000229e+02 -2.378150000000000119e+01
9.888257999999999583e+02 -2.378099999999999881e+01
9.888088000000000193e+02 -2.378059999999999974e+01
9.887913999999999533e+02 -2.378010000000000090e+01
9.887735999999999876e+02 -2.377969999999999828e+01
9.887554000000000087e+02 -2.377919999999999945e+01
9.887367000000000417e+02 -2.377870000000000061e+01
9.887177000000000362e+02 -2.377819999999999823e+01
9.886982000000000426e+02 -2.377769999999999939e+01
9.886781999999999471e+02 -2.377720000000000056e+01
9.886579000000000406e+02 -2.377670000000000172e+01
9.886371000000000322e+02 -2.377609999999999957e+01
9.886159000000000106e+02 -2.377560000000000073e+01
9.885942999999999756e+02 -2.377499999999999858e+01
9.885721999999999525e+02 -2.377439999999999998e+01
9.885498000000000047e+02 -2.377380000000000138e+01
9.885268999999999551e+02 -2.377319999999999922e+01
9.885036000000000058e+02 -2.377260000000000062e+01
9.884799000000000433e+02 -2.377199999999999847e+01
9.884556999999999789e+02 -2.377139999999999986e+01
9.884311000000000149e+02 -2.377080000000000126e+01
9.884062000000000126e+02 -2.377009999999999934e+01
9.883808000000000220e+02 -2.376940000000000097e+01
9.883549000000000433e+02 -2.376879999999999882e+01
9.883287000000000262e+02 -2.376810000000000045e+01
9.883020999999999958e+02 -2.376739999999999853e+01
9.882749999999999773e+02 -2.376670000000000016e+01
9.882474999999999454e+02 -2.376599999999999824e+01
9.882196000000000140e+02 -2.376520000000000010e+01
9.881912999999999556e+02 -2.376450000000000173e+01
9.881625000000000227e+02 -2.376379999999999981e+01
9.881334000000000515e+02 -2.376300000000000168e+01
9.881037999999999784e+02 -2.376219999999999999e+01
9.880738999999999805e+02 -2.376139999999999830e+01
9.880434999999999945e+02 -2.376069999999999993e+01
9.880126999999999953e+02 -2.375979999999999848e+01
9.879814999999999827e+02 -2.375900000000000034e+01
9.879497999999999820e+02 -2.375819999999999865e+01
9.879178000000000566e+02 -2.375740000000000052e+01
9.878853000000000293e+02 -2.375649999999999906e+01
9.878524999999999636e+02 -2.375570000000000093e+01
9.878192000000000235e+02 -2.375479999999999947e+01
9.877854999999999563e+02 -2.375390000000000157e+01
9.877513999999999896e+02 -2.375300000000000011e+01
9.877169000000000096e+02 -2.375209999999999866e+01
9.876820000000000164e+02 -2.375120000000000076e+01
9.876467000000000098e+02 -2.375029999999999930e+01
9.876109999999999900e+02 -2.374940000000000140e+01
9.875747999999999820e+02 -2.374840000000000018e+01
9.875383000000000493e+02 -2.374749999999999872e+01
9.875013000000000147e+02 -2.374650000000000105e+01
9.874640000000000555e+02 -2.374559999999999960e+01
9.874261999999999944e+02 -2.374459999999999837e+01
9.873880000000000337e+02 -2.374360000000000070e+01
9.873493999999999460e+02 -2.374259999999999948e+01
9.873105000000000473e+02 -2.374159999999999826e+01
9.872711000000000467e+02 -2.374050000000000082e+01
9.872313000000000329e+02 -2.373949999999999960e+01
9.871911000000000058e+02 -2.373839999999999861e+01
9.871504999999999654e+02 -2.373740000000000094e+01
9.871095000000000255e+02 -2.373629999999999995e+01
9.870680999999999585e+02 -2.373519999999999897e+01
9.870262999999999920e+02 -2.373420000000000130e+01
9.869841000000000122e+02 -2.373310000000000031e+01
9.869414000000000442e+02 -2.373189999999999955e+01
9.868984000000000378e+02 -2.373079999999999856e+01
9.868550000000000182e+02 -2.372970000000000113e+01
9.868111999999999853e+02 -2.372860000000000014e+01
9.867670000000000528e+02 -2.372739999999999938e+01
9.867223999999999933e+02 -2.372619999999999862e+01
9.866772999999999456e+02 -2.372510000000000119e+01
9.866318999999999733e+02 -2.372390000000000043e+01
9.865860999999999876e+02 -2.372269999999999968e+01
9.865398999999999887e+02 -2.372149999999999892e+01
9.864932999999999765e+02 -2.372030000000000172e+01
9.864462999999999511e+02 -2.371910000000000096e+01
9.863989000000000260e+02 -2.371780000000000044e+01
9.863510999999999740e+02 -2.371659999999999968e+01
9.863029000000000224e+02 -2.371529999999999916e+01
9.862542999999999438e+02 -2.371409999999999840e+01
9.862052999999999656e+02 -2.371280000000000143e+01
9.861558999999999742e+02 -2.371150000000000091e+01
9.861060999999999694e+02 -2.371020000000000039e+01
9.860558999999999514e+02 -2.370889999999999986e+01
9.860054000000000087e+02 -2.370759999999999934e+01
9.859543999999999642e+02 -2.370619999999999905e+01
9.859030000000000200e+02 -2.370489999999999853e+01
9.858513000000000375e+02 -2.370360000000000156e+01
9.857990999999999531e+02 -2.370220000000000127e+01
9.857465999999999440e+02 -2.370080000000000098e+01
9.856937000000000353e+02 -2.369950000000000045e+01
9.856403000000000247e+02 -2.369810000000000016e+01
9.855865999999999758e+02 -2.369669999999999987e+01
9.855325000000000273e+02 -2.369529999999999959e+01
9.854779999999999518e+02 -2.369379999999999953e+01
9.854230999999999767e+02 -2.369239999999999924e+01
9.853677999999999884e+02 -2.369099999999999895e+01
9.853121999999999616e+02 -2.368949999999999889e+01
9.852560999999999467e+02 -2.368809999999999860e+01
9.851997000000000071e+02 -2.368659999999999854e+01
9.851427999999999656e+02 -2.368509999999999849e+01
9.850855999999999995e+02 -2.368359999999999843e+01
9.850280000000000200e+02 -2.368209999999999837e+01
9.849700000000000273e+02 -2.368059999999999832e+01
9.849116000000000213e+02 -2.367909999999999826e+01
9.848528999999999769e+02 -2.367760000000000176e+01
9.847936999999999443e+02 -2.367599999999999838e+01
9.847341999999999871e+02 -2.367449999999999832e+01
9.846742000000000417e+02 -2.367289999999999850e+01
9.846138999999999442e+02 -2.367129999999999868e+01
9.845531999999999471e+02 -2.366979999999999862e+01
9.844921000000000504e+02 -2.366819999999999879e+01
9.844307000000000016e+02 -2.366659999999999897e+01
9.843687999999999647e+02 -2.366499999999999915e+01
9.843066000000000031e+02 -2.366329999999999956e+01
9.842439000000000533e+02 -2.366169999999999973e+01
9.841808999999999514e+02 -2.366009999999999991e+01
9.841176000000000386e+02 -2.365840000000000032e+01
9.840538000000000238e+02 -2.365680000000000049e+01
9.839895999999999958e+02 -2.365510000000000090e+01
9.839251000000000431e+02 -2.365340000000000131e+01
9.838601999999999634e+02 -2.365170000000000172e+01
9.837948999999999842e+02 -2.364999999999999858e+01
9.837291999999999916e+02 -2.364829999999999899e+01
9.836631999999999607e+02 -2.364659999999999940e+01
9.835967000000000553e+02 -2.364489999999999981e+01
9.835298999999999978e+02 -2.364310000000000045e+01
9.834627000000000407e+02 -2.364140000000000086e+01
9.833952000000000453e+02 -2.363960000000000150e+01
9.833271999999999480e+02 -2.363789999999999836e+01
9.832589000000000397e+02 -2.363609999999999900e+01
9.831902000000000044e+02 -2.363429999999999964e+01
9.831210999999999558e+02 -2.363250000000000028e+01
9.830516000000000076e+02 -2.363070000000000093e+01
9.829818000000000211e+02 -2.362890000000000157e+01
9.829116000000000213e+02 -2.362699999999999889e+01
9.828410000000000082e+02 -2.362519999999999953e+01
9.827699999999999818e+02 -2.362340000000000018e+01
9.826987000000000307e+02 -2.362150000000000105e+01
9.826269999999999527e+02 -2.361959999999999837e+01
9.825548999999999751e+02 -2.361779999999999902e+01
9.824823999999999842e+02 -2.361589999999999989e+01
9.824095999999999549e+02 -2.361400000000000077e+01
9.823364000000000260e+02 -2.361210000000000164e+01
9.822627999999999702e+02 -2.361019999999999897e+01
9.821888000000000147e+02 -2.360820000000000007e+01
9.821145000000000209e+02 -2.360630000000000095e+01
9.820398000000000138e+02 -2.360439999999999827e+01
9.819646999999999935e+02 -2.360239999999999938e+01
9.818893000000000484e+02 -2.360040000000000049e+01
9.818134999999999764e+02 -2.359850000000000136e+01
9.817373000000000047e+02 -2.359649999999999892e+01
9.816607000000000198e+02 -2.359450000000000003e+01
9.815837999999999965e+02 -2.359250000000000114e+01
9.815064999999999600e+02 -2.359049999999999869e+01
9.814288000000000238e+02 -2.358849999999999980e+01
9.813508000000000493e+02 -2.358640000000000114e+01
9.812723999999999478e+02 -2.358439999999999870e+01
9.811935999999999467e+02 -2.358239999999999981e+01
9.811145000000000209e+02 -2.358030000000000115e+01
9.810349999999999682e+02 -2.357819999999999894e+01
9.809551000000000158e+02 -2.357610000000000028e+01
9.808748000000000502e+02 -2.357410000000000139e+01
9.807942000000000462e+02 -2.357199999999999918e+01
9.807132000000000289e+02 -2.356990000000000052e+01
9.806318999999999733e+02 -2.356769999999999854e+01
9.805502000000000180e+02 -2.356559999999999988e+01
9.804681000000000495e+02 -2.356350000000000122e+01
9.803857000000000426e+02 -2.356129999999999924e+01
9.803028000000000475e+02 -2.355920000000000059e+01
9.802196999999999889e+02 -2.355699999999999861e+01
9.801361000000000558e+02 -2.355489999999999995e+01
9.800521999999999707e+02 -2.355270000000000152e+01
9.799679999999999609e+02 -2.355049999999999955e+01
9.798832999999999629e+02 -2.354830000000000112e+01
9.797983000000000402e+02 -2.354609999999999914e+01
9.797129999999999654e+02 -2.354390000000000072e+01
9.796272999999999911e+02 -2.354159999999999897e+01
9.795412000000000035e+02 -2.353940000000000055e+01
9.794547999999999774e+02 -2.353709999999999880e+01
9.793680000000000518e+02 -2.353490000000000038e+01
9.792807999999999993e+02 -2.353259999999999863e+01
9.791933000000000220e+02 -2.353030000000000044e+01
9.791054000000000315e+02 -2.352809999999999846e+01
9.790171000000000276e+02 -2.352580000000000027e+01
9.789284999999999854e+02 -2.352349999999999852e+01
9.788396000000000186e+02 -2.352110000000000056e+01
9.787501999999999498e+02 -2.351879999999999882e+01
9.786606000000000449e+02 -2.351650000000000063e+01
9.785705000000000382e+02 -2.351419999999999888e+01
9.784800999999999931e+02 -2.351180000000000092e+01
9.783894000000000233e+02 -2.350939999999999941e+01
9.782983000000000402e+02 -2.350710000000000122e+01
9.782068000000000438e+02 -2.350469999999999970e+01
9.781150000000000091e+02 -2.350230000000000175e+01
9.780227999999999611e+02 -2.349990000000000023e+01
9.779302000000000135e+02 -2.349749999999999872e+01
9.778373000000000275e+02 -2.349510000000000076e+01
9.777441000000000031e+02 -2.349269999999999925e+01
9.776504999999999654e+02 -2.349020000000000152e+01
9.775565000000000282e+02 -2.348780000000000001e+01
9.774622000000000526e+02 -2.348539999999999850e+01
9.773674999999999500e+02 -2.348290000000000077e+01
9.772725000000000364e+02 -2.348039999999999949e+01
9.771770999999999958e+02 -2.347790000000000177e+01
9.770814000000000306e+02 -2.347550000000000026e+01
9.769853000000000520e+02 -2.347299999999999898e+01
9.768887999999999465e+02 -2.347050000000000125e+01
9.767920000000000300e+02 -2.346790000000000020e+01
9.766948999999999614e+02 -2.346539999999999893e+01
9.765973999999999933e+02 -2.346290000000000120e+01
9.764995000000000118e+02 -2.346030000000000015e+01
9.764012999999999920e+02 -2.345779999999999887e+01
9.763028000000000475e+02 -2.345520000000000138e+01
9.762038999999999760e+02 -2.345270000000000010e+01
9.761046000000000049e+02 -2.345009999999999906e+01
9.760049999999999955e+02 -2.344750000000000156e+01
9.759050999999999476e+02 -2.344490000000000052e+01
9.758048000000000002e+02 -2.344229999999999947e+01
9.757041000000000395e+02 -2.343969999999999843e+01
9.756031000000000404e+02 -2.343710000000000093e+01
9.755018000000000029e+02 -2.343440000000000012e+01
9.754000999999999522e+02 -2.343179999999999907e+01
9.752980000000000018e+02 -2.342909999999999826e+01
9.751956000000000131e+02 -2.342650000000000077e+01
9.750928999999999860e+02 -2.342379999999999995e+01
9.749897999999999456e+02 -2.342109999999999914e+01
9.748863999999999805e+02 -2.341839999999999833e+01
9.747826000000000022e+02 -2.341570000000000107e+01
9.746784000000000106e+02 -2.341300000000000026e+01
9.745739999999999554e+02 -2.341029999999999944e+01
9.744692000000000007e+02 -2.340759999999999863e+01
9.743640000000000327e+02 -2.340490000000000137e+01
9.742585000000000264e+02 -2.340210000000000079e+01
9.741526000000000067e+02 -2.339939999999999998e+01
9.740463999999999487e+02 -2.339659999999999940e+01
9.739398999999999660e+02 -2.339389999999999858e+01
9.738329999999999700e+02 -2.339110000000000156e+01
9.737258000000000493e+02 -2.338830000000000098e+01
9.736182000000000016e+02 -2.338550000000000040e+01
9.735103000000000293e+02 -2.338269999999999982e+01
9.734020000000000437e+02 -2.337989999999999924e+01
9.732934000000000196e+02 -2.337709999999999866e+01
9.731844999999999573e+02 -2.337430000000000163e+01
9.730751999999999953e+02 -2.337140000000000128e+01
9.729655000000000200e+02 -2.336860000000000070e+01
9.728555999999999813e+02 -2.336570000000000036e+01
9.727453000000000429e+02 -2.336289999999999978e+01
9.726345999999999776e+02 -2.335999999999999943e+01
9.725235999999999876e+02 -2.335709999999999908e+01
9.724122999999999593e+02 -2.335419999999999874e+01
9.723006000000000313e+02 -2.335129999999999839e+01
9.721885999999999513e+02 -2.334840000000000160e+01
9.720762999999999465e+02 -2.334550000000000125e+01
9.719636000000000422e+02 -2.334260000000000090e+01
9.718505999999999858e+02 -2.333960000000000079e+01
9.717372000000000298e+02 -2.333670000000000044e+01
9.716235000000000355e+02 -2.333370000000000033e+01
9.715094000000000278e+02 -2.333079999999999998e+01
9.713950999999999567e+02 -2.332779999999999987e+01
9.712803999999999860e+02 -2.332479999999999976e+01
9.711653000000000020e+02 -2.332189999999999941e+01
9.710498999999999796e+02 -2.331889999999999930e+01
9.709342000000000326e+02 -2.331589999999999918e+01
9.708180999999999585e+02 -2.331289999999999907e+01
9.707016999999999598e+02 -2.330979999999999919e+01
9.705850000000000364e+02 -2.330679999999999907e+01
9.704678999999999860e+02 -2.330379999999999896e+01
9.703505000000000109e+02 -2.330069999999999908e+01
9.702327999999999975e+02 -2.329769999999999897e+01
9.701146999999999707e+02 -2.329459999999999908e+01
9.699963000000000193e+02 -2.329149999999999920e+01
9.698776000000000295e+02 -2.328849999999999909e+01
9.697585000000000264e+02 -2.328539999999999921e+01
9.696390999999999849e+02 -2.328229999999999933e+01
9.695194000000000187e+02 -2.327919999999999945e+01
9.693993000000000393e+02 -2.327609999999999957e+01
9.692789000000000215e+02 -2.327289999999999992e+01
9.691581999999999653e+02 -2.326980000000000004e+01
9.690371000000000095e+02 -2.326670000000000016e+01
9.689157000000000153e+02 -2.326350000000000051e+01
9.687939999999999827e+02 -2.326040000000000063e+01
9.686719000000000506e+02 -2.325720000000000098e+01
9.685494999999999663e+02 -2.325400000000000134e+01
9.684267999999999574e+02 -2.325080000000000169e+01
9.683038000000000238e+02 -2.324759999999999849e+01
9.681803999999999633e+02 -2.324439999999999884e+01
9.680566999999999780e+02 -2.324119999999999919e+01
9.679325999999999794e+02 -2.323799999999999955e+01
9.678083000000000311e+02 -2.323479999999999990e+01
9.676835999999999558e+02 -2.323160000000000025e+01
9.675585999999999558e+02 -2.322830000000000084e+01
9.674332000000000562e+02 -2.322510000000000119e+01
9.673075000000000045e+02 -2.322180000000000177e+01
9.671815000000000282e+02 -2.321859999999999857e+01
9.670552000000000135e+02 -2.321529999999999916e+01
9.669284999999999854e+02 -2.321199999999999974e+01
9.668015000000000327e+02 -2.320870000000000033e+01
9.666742000000000417e+02 -2.320540000000000092e+01
9.665466000000000122e+02 -2.320210000000000150e+01
9.664185999999999694e+02 -2.319879999999999853e+01
9.662903000000000020e+02 -2.319549999999999912e+01
9.661616999999999962e+02 -2.319209999999999994e+01
9.660327999999999520e+02 -2.318880000000000052e+01
9.659035000000000082e+02 -2.318540000000000134e+01
9.657739000000000260e+02 -2.318209999999999837e+01
9.656440000000000055e+02 -2.317869999999999919e+01
9.655137999999999465e+02 -2.317530000000000001e+01
9.653831999999999880e+02 -2.317200000000000060e+01
9.652522999999999911e+02 -2.316860000000000142e+01
9.651210999999999558e+02 -2.316519999999999868e+01
9.649895999999999958e+02 -2.316179999999999950e+01
9.648577000000000226e+02 -2.315830000000000055e+01
9.647255000000000109e+02 -2.315490000000000137e+01
9.645931000000000495e+02 -2.315149999999999864e+01
9.644601999999999862e+02 -2.314799999999999969e+01
9.643270999999999731e+02 -2.314460000000000051e+01
9.641935999999999467e+02 -2.314110000000000156e+01
9.640597999999999956e+02 -2.313769999999999882e+01
9.639257000000000062e+02 -2.313419999999999987e+01
9.637912999999999784e+02 -2.313070000000000093e+01
9.636566000000000258e+02 -2.312719999999999843e+01
9.635214999999999463e+02 -2.312369999999999948e+01
9.633861000000000558e+02 -2.312020000000000053e+01
9.632504000000000133e+02 -2.311670000000000158e+01
9.631144000000000460e+02 -2.311319999999999908e+01
9.629781000000000404e+02 -2.310970000000000013e+01
9.628414000000000215e+02 -2.310610000000000142e+01
9.627043999999999642e+02 -2.310259999999999891e+01
9.625670999999999822e+02 -2.309900000000000020e+01
9.624294999999999618e+02 -2.309550000000000125e+01
9.622916000000000167e+02 -2.309189999999999898e+01
9.621532999999999447e+02 -2.308830000000000027e+01
9.620148000000000366e+02 -2.308470000000000155e+01
9.618759000000000015e+02 -2.308109999999999928e+01
9.617367000000000417e+02 -2.307750000000000057e+01
9.615972000000000435e+02 -2.307389999999999830e+01
9.614573000000000320e+02 -2.307029999999999959e+01
9.613171999999999571e+02 -2.306670000000000087e+01
9.611766999999999825e+02 -2.306299999999999883e+01
9.610358999999999696e+02 -2.305940000000000012e+01
9.608949000000000069e+02 -2.305570000000000164e+01
9.607534000000000560e+02 -2.305209999999999937e+01
9.606117000000000417e+02 -2.304840000000000089e+01
9.604696999999999889e+02 -2.304469999999999885e+01
9.603273000000000366e+02 -2.304100000000000037e+01
9.601847000000000207e+02 -2.303740000000000165e+01
9.600416999999999916e+02 -2.303369999999999962e+01
9.598984000000000378e+02 -2.303000000000000114e+01
9.597548000000000457e+02 -2.302619999999999933e+01
9.596109000000000151e+02 -2.302250000000000085e+01
9.594666999999999462e+02 -2.301879999999999882e+01
9.593220999999999776e+02 -2.301500000000000057e+01
9.591772999999999456e+02 -2.301129999999999853e+01
9.590321000000000140e+02 -2.300750000000000028e+01
9.588867000000000189e+02 -2.300379999999999825e+01
9.587409000000000106e+02 -2.300000000000000000e+01
9.585947999999999638e+02 -2.299620000000000175e+01
9.584483999999999924e+02 -2.299239999999999995e+01
9.583016999999999825e+02 -2.298860000000000170e+01
9.581545999999999594e+02 -2.298479999999999990e+01
9.580072999999999865e+02 -2.298100000000000165e+01
9.578596999999999753e+02 -2.297719999999999985e+01
9.577116999999999507e+02 -2.297340000000000160e+01
9.575634000000000015e+02 -2.296959999999999980e+01
9.574148999999999887e+02 -2.296569999999999823e+01
9.572659999999999627e+02 -2.296189999999999998e+01
9.571168000000000120e+02 -2.295799999999999841e+01
9.569673000000000229e+02 -2.295410000000000039e+01
9.568174999999999955e+02 -2.295029999999999859e+01
9.566674000000000433e+02 -2.294640000000000057e+01
9.565170000000000528e+02 -2.294249999999999901e+01
9.563663000000000238e+02 -2.293860000000000099e+01
9.562151999999999816e+02 -2.293469999999999942e+01
9.560638999999999896e+02 -2.293080000000000140e+01
9.559122999999999593e+02 -2.292689999999999984e+01
9.557603000000000293e+02 -2.292289999999999850e+01
9.556081000000000358e+02 -2.291900000000000048e+01
9.554555000000000291e+02 -2.291509999999999891e+01
9.553025999999999840e+02 -2.291110000000000113e+01
9.551494999999999891e+02 -2.290709999999999980e+01
9.549959999999999809e+02 -2.290319999999999823e+01
9.548422000000000480e+02 -2.289920000000000044e+01
9.546880999999999631e+02 -2.289519999999999911e+01
9.545336999999999534e+02 -2.289120000000000132e+01
9.543790999999999940e+02 -2.288719999999999999e+01
9.542241000000000213e+02 -2.288319999999999865e+01
9.540688000000000102e+02 -2.287920000000000087e+01
9.539131999999999607e+02 -2.287519999999999953e+01
9.537572999999999865e+02 -2.287120000000000175e+01
9.536010999999999740e+02 -2.286710000000000065e+01
9.534446000000000367e+02 -2.286309999999999931e+01
9.532876999999999725e+02 -2.285900000000000176e+01
9.531305999999999585e+02 -2.285500000000000043e+01
9.529732000000000198e+02 -2.285089999999999932e+01
9.528155000000000427e+02 -2.284680000000000177e+01
9.526575000000000273e+02 -2.284280000000000044e+01
9.524991999999999734e+02 -2.283869999999999933e+01
9.523405999999999949e+02 -2.283459999999999823e+01
9.521816999999999780e+02 -2.283050000000000068e+01
9.520223999999999478e+02 -2.282639999999999958e+01
9.518628999999999678e+02 -2.282219999999999871e+01
9.517030999999999494e+02 -2.281810000000000116e+01
9.515430000000000064e+02 -2.281400000000000006e+01
9.513826000000000249e+02 -2.280979999999999919e+01
9.512219000000000051e+02 -2.280570000000000164e+01
9.510608999999999469e+02 -2.280150000000000077e+01
9.508995999999999640e+02 -2.279739999999999966e+01
9.507380000000000564e+02 -2.279319999999999879e+01
9.505760999999999967e+02 -2.278900000000000148e+01
9.504139000000000124e+02 -2.278480000000000061e+01
9.502513999999999896e+02 -2.278059999999999974e+01
9.500886000000000422e+02 -2.277639999999999887e+01
9.499255000000000564e+02 -2.277220000000000155e+01
9.497621000000000322e+02 -2.276800000000000068e+01
9.495983999999999696e+02 -2.276379999999999981e+01
9.494343999999999824e+02 -2.275949999999999918e+01
9.492700999999999567e+02 -2.275529999999999831e+01
9.491055999999999813e+02 -2.275110000000000099e+01
9.489406999999999925e+02 -2.274680000000000035e+01
9.487754999999999654e+02 -2.274249999999999972e+01
9.486100999999999885e+02 -2.273829999999999885e+01
9.484442999999999984e+02 -2.273400000000000176e+01
9.482782999999999447e+02 -2.272970000000000113e+01
9.481118999999999915e+02 -2.272540000000000049e+01
9.479452999999999747e+02 -2.272109999999999985e+01
9.477784000000000333e+02 -2.271679999999999922e+01
9.476112000000000535e+02 -2.271249999999999858e+01
9.474437000000000353e+02 -2.270820000000000149e+01
9.472758000000000038e+02 -2.270390000000000086e+01
9.471077000000000226e+02 -2.269950000000000045e+01
9.469393999999999778e+02 -2.269519999999999982e+01
9.467707000000000335e+02 -2.269079999999999941e+01
9.466017000000000507e+02 -2.268649999999999878e+01
9.464324000000000296e+02 -2.268209999999999837e+01
9.462628999999999451e+02 -2.267770000000000152e+01
9.460929999999999609e+02 -2.267330000000000112e+01
9.459229000000000269e+02 -2.266900000000000048e+01
9.457523999999999660e+02 -2.266460000000000008e+01
9.455816999999999553e+02 -2.266019999999999968e+01
9.454107000000000198e+02 -2.265569999999999951e+01
9.452394000000000460e+02 -2.265129999999999910e+01
9.450678000000000338e+02 -2.264689999999999870e+01
9.448958999999999833e+02 -2.264249999999999829e+01
9.447237999999999829e+02 -2.263800000000000168e+01
9.445512999999999693e+02 -2.263360000000000127e+01
9.443785000000000309e+02 -2.262910000000000110e+01
9.442055000000000291e+02 -2.262470000000000070e+01
9.440321999999999889e+02 -2.262020000000000053e+01
9.438586000000000240e+02 -2.261570000000000036e+01
9.436847000000000207e+02 -2.261129999999999995e+01
9.435104999999999791e+02 -2.260679999999999978e+01
9.433360000000000127e+02 -2.260229999999999961e+01
9.431612000000000080e+02 -2.259779999999999944e+01
9.429862000000000535e+02 -2.259329999999999927e+01
9.428107999999999720e+02 -2.258869999999999933e+01
9.426352000000000544e+02 -2.258419999999999916e+01
9.424592999999999847e+02 -2.257969999999999899e+01
9.422830999999999904e+02 -2.257509999999999906e+01
9.421065999999999576e+02 -2.257059999999999889e+01
9.419298000000000002e+02 -2.256599999999999895e+01
9.417527999999999793e+02 -2.256149999999999878e+01
9.415753999999999451e+02 -2.255689999999999884e+01
9.413977999999999611e+02 -2.255229999999999890e+01
9.412199000000000524e+02 -2.254769999999999897e+01
9.410416999999999916e+02 -2.254319999999999879e+01
9.408632000000000062e+02 -2.253859999999999886e+01
9.406843999999999824e+02 -2.253399999999999892e+01
9.405054000000000087e+02 -2.252929999999999922e+01
9.403260000000000218e+02 -2.252469999999999928e+01
9.401463999999999714e+02 -2.252009999999999934e+01
9.399664999999999964e+02 -2.251549999999999940e+01
9.397862999999999829e+02 -2.251079999999999970e+01
9.396059000000000196e+02 -2.250619999999999976e+01
9.394251000000000431e+02 -2.250150000000000006e+01
9.392441000000000031e+02 -2.249690000000000012e+01
9.390628000000000384e+02 -2.249220000000000041e+01
9.388812000000000353e+02 -2.248750000000000071e+01
9.386992999999999938e+02 -2.248280000000000101e+01
9.385172000000000025e+02 -2.247810000000000130e+01
9.383346999999999980e+02 -2.247340000000000160e+01
9.381520000000000437e+02 -2.246869999999999834e+01
9.379690000000000509e+02 -2.246399999999999864e+01
9.377857000000000198e+02 -2.245929999999999893e+01
9.376022000000000389e+02 -2.245459999999999923e+01
9.374183000000000447e+02 -2.244989999999999952e+01
9.372341999999999871e+02 -2.244510000000000005e+01
9.370498000000000047e+02 -2.244040000000000035e+01
9.368650999999999840e+02 -2.243560000000000088e+01
9.366802000000000135e+02 -2.243090000000000117e+01
9.364949000000000296e+02 -2.242610000000000170e+01
9.363093999999999824e+02 -2.242129999999999868e+01
9.361236000000000104e+02 -2.241649999999999920e+01
9.359375000000000000e+02 -2.241179999999999950e+01
9.357512000000000398e+02 -2.240700000000000003e+01
9.355644999999999527e+02 -2.240220000000000056e+01
9.353776000000000295e+02 -2.239740000000000109e+01
9.351905000000000427e+02 -2.239249999999999829e+01
9.350030000000000427e+02 -2.238769999999999882e+01
9.348152999999999793e+02 -2.238289999999999935e+01
9.346272000000000162e+02 -2.237800000000000011e+01
9.344388999999999896e+02 -2.237320000000000064e+01
9.342504000000000133e+02 -2.236840000000000117e+01
9.340615000000000236e+02 -2.236349999999999838e+01
9.338723999999999705e+02 -2.235859999999999914e+01
9.336829999999999927e+02 -2.235379999999999967e+01
9.334932999999999765e+02 -2.234890000000000043e+01
9.333034000000000106e+02 -2.234400000000000119e+01
9.331132000000000062e+02 -2.233909999999999840e+01
9.329226999999999634e+02 -2.233419999999999916e+01
9.327318999999999960e+02 -2.232929999999999993e+01
9.325408999999999651e+02 -2.232440000000000069e+01
9.323495000000000346e+02 -2.231950000000000145e+01
9.321579000000000406e+02 -2.231459999999999866e+01
9.319660999999999831e+02 -2.230959999999999965e+01
9.317739000000000260e+02 -2.230470000000000041e+01
9.315815000000000055e+02 -2.229970000000000141e+01
9.313887999999999465e+02 -2.229479999999999862e+01
9.311959000000000515e+02 -2.228979999999999961e+01
9.310026000000000295e+02 -2.228490000000000038e+01
9.308090999999999440e+02 -2.227990000000000137e+01
9.306154000000000224e+02 -2.227489999999999881e+01
9.304212999999999738e+02 -2.226989999999999981e+01
9.302269999999999754e+02 -2.226490000000000080e+01
9.300324000000000524e+02 -2.225989999999999824e+01
9.298374999999999773e+02 -2.225489999999999924e+01
9.296423999999999523e+02 -2.224990000000000023e+01
9.294470000000000027e+02 -2.224490000000000123e+01
9.292513000000000147e+02 -2.223989999999999867e+01
9.290553999999999633e+02 -2.223479999999999990e+01
9.288591000000000122e+02 -2.222980000000000089e+01
9.286625999999999976e+02 -2.222469999999999857e+01
9.284659000000000333e+02 -2.221969999999999956e+01
9.282689000000000306e+02 -2.221460000000000079e+01
9.280715999999999894e+02 -2.220959999999999823e+01
9.278740000000000236e+02 -2.220449999999999946e+01
9.276761999999999944e+02 -2.219940000000000069e+01
9.274781000000000404e+02 -2.219429999999999836e+01
9.272797000000000480e+02 -2.218919999999999959e+01
9.270810000000000173e+02 -2.218410000000000082e+01
9.268821000000000367e+02 -2.217899999999999849e+01
9.266829999999999927e+02 -2.217389999999999972e+01
9.264835000000000491e+02 -2.216880000000000095e+01
9.262838000000000420e+02 -2.216369999999999862e+01
9.260837999999999965e+02 -2.215850000000000009e+01
9.258836000000000013e+02 -2.215340000000000131e+01
9.256830999999999676e+02 -2.214819999999999922e+01
9.254823000000000093e+02 -2.214310000000000045e+01
9.252812000000000126e+02 -2.213789999999999836e+01
9.250798999999999523e+02 -2.213279999999999959e+01
9.248782999999999674e+02 -2.212760000000000105e+01
9.246765000000000327e+02 -2.212239999999999895e+01
9.244743999999999460e+02 -2.211720000000000041e+01
9.242720000000000482e+02 -2.211199999999999832e+01
9.240693999999999733e+02 -2.210679999999999978e+01
9.238664999999999736e+02 -2.210160000000000124e+01
9.236633000000000493e+02 -2.209639999999999915e+01
9.234598999999999478e+02 -2.209120000000000061e+01
9.232560999999999467e+02 -2.208599999999999852e+01
9.230521999999999707e+02 -2.208070000000000022e+01
9.228479999999999563e+02 -2.207550000000000168e+01
9.226435000000000173e+02 -2.207029999999999959e+01
9.224387000000000398e+02 -2.206500000000000128e+01
9.222336999999999989e+02 -2.205969999999999942e+01
9.220284000000000333e+02 -2.205450000000000088e+01
9.218229000000000042e+02 -2.204919999999999902e+01
9.216171000000000504e+02 -2.204390000000000072e+01
9.214109999999999445e+02 -2.203859999999999886e+01
9.212046000000000276e+02 -2.203340000000000032e+01
9.209981000000000222e+02 -2.202809999999999846e+01
9.207912000000000035e+02 -2.202280000000000015e+01
9.205841000000000349e+02 -2.201739999999999853e+01
9.203767000000000280e+02 -2.201210000000000022e+01
9.201690999999999576e+02 -2.200679999999999836e+01
9.199610999999999876e+02 -2.200150000000000006e+01
9.197530000000000427e+02 -2.199609999999999843e+01
9.195445999999999458e+02 -2.199080000000000013e+01
9.193359000000000378e+02 -2.198539999999999850e+01
9.191268999999999778e+02 -2.198010000000000019e+01
9.189176999999999680e+02 -2.197469999999999857e+01
9.187083000000000084e+02 -2.196940000000000026e+01
9.184985000000000355e+02 -2.196399999999999864e+01
9.182884999999999991e+02 -2.195860000000000056e+01
9.180783000000000129e+02 -2.195319999999999894e+01
9.178677999999999884e+02 -2.194780000000000086e+01
9.176570000000000391e+02 -2.194239999999999924e+01
9.174460000000000264e+02 -2.193700000000000117e+01
9.172346999999999753e+02 -2.193159999999999954e+01
9.170231999999999744e+02 -2.192620000000000147e+01
9.168114000000000487e+02 -2.192079999999999984e+01
9.165992999999999711e+02 -2.191529999999999845e+01
9.163869999999999436e+02 -2.190990000000000038e+01
9.161744999999999663e+02 -2.190439999999999898e+01
9.159615999999999758e+02 -2.189900000000000091e+01
9.157486000000000104e+02 -2.189349999999999952e+01
9.155352000000000317e+02 -2.188810000000000144e+01
9.153215999999999894e+02 -2.188260000000000005e+01
9.151077999999999975e+02 -2.187709999999999866e+01
9.148936999999999671e+02 -2.187160000000000082e+01
9.146793000000000120e+02 -2.186619999999999919e+01
9.144646999999999935e+02 -2.186070000000000135e+01
9.142498000000000502e+02 -2.185519999999999996e+01
9.140347000000000435e+02 -2.184969999999999857e+01
9.138192999999999984e+02 -2.184410000000000096e+01
9.136036000000000286e+02 -2.183859999999999957e+01
9.133876999999999953e+02 -2.183310000000000173e+01
9.131716000000000122e+02 -2.182760000000000034e+01
9.129551999999999907e+02 -2.182199999999999918e+01
9.127385000000000446e+02 -2.181650000000000134e+01
9.125216000000000349e+02 -2.181090000000000018e+01
9.123043999999999869e+02 -2.180539999999999878e+01
9.120869999999999891e+02 -2.179980000000000118e+01
9.118692999999999529e+02 -2.179420000000000002e+01
9.116513999999999669e+02 -2.178869999999999862e+01
9.114332000000000562e+02 -2.178310000000000102e+01
9.112147999999999683e+02 -2.177749999999999986e+01
9.109960999999999558e+02 -2.177189999999999870e+01
9.107771000000000186e+02 -2.176630000000000109e+01
9.087771000000000186e+02 -2.171509999999999962e+01
9.067771000000000186e+02 -2.166400000000000148e+01
9.047771000000000186e+02 -2.161289999999999978e+01
9.027771000000000186e+02 -2.156180000000000163e+01
9.007771000000000186e+02 -2.151079999999999970e+01
8.987771000000000186e+02 -2.145970000000000155e+01
8.967771000000000186e+02 -2.140869999999999962e+01
8.947771000000000186e+02 -2.135770000000000124e+01
8.927771000000000186e+02 -2.130679999999999907e+01
8.907771000000000186e+02 -2.125580000000000069e+01
8.887771000000000186e+02 -2.120489999999999853e+01
8.867771000000000186e+02 -2.115399999999999991e+01
8.847771000000000186e+02 -2.110310000000000130e+01
8.827771000000000186e+02 -2.105229999999999890e+01
8.807771000000000186e+02 -2.100140000000000029e+01
8.787771000000000186e+02 -2.095060000000000144e+01
8.767771000000000186e+02 -2.089979999999999905e+01
8.747771000000000186e+02 -2.084900000000000020e+01
8.727771000000000186e+02 -2.079830000000000112e+01
8.707771000000000186e+02 -2.074759999999999849e+01
8.687771000000000186e+02 -2.069689999999999941e+01
8.667771000000000186e+02 -2.064620000000000033e+01
8.647771000000000186e+02 -2.059550000000000125e+01
8.627771000000000186e+02 -2.054489999999999839e+01
8.607771000000000186e+02 -2.049429999999999907e+01
8.587771000000000186e+02 -2.044369999999999976e+01
8.567771000000000186e+02 -2.039310000000000045e+01
8.547771000000000186e+02 -2.034250000000000114e+01
8.527771000000000186e+02 -2.029200000000000159e+01
8.507771000000000186e+02 -2.024149999999999849e+01
8.487771000000000186e+02 -2.019099999999999895e+01
8.467771000000000186e+02 -2.014049999999999940e+01
8.447771000000000186e+02 -2.009009999999999962e+01
8.427771000000000186e+02 -2.003960000000000008e+01
8.407771000000000186e+02 -1.998920000000000030e+01
8.387771000000000186e+02 -1.993880000000000052e+01
8.367771000000000186e+02 -1.988850000000000051e+01
8.347771000000000186e+02 -1.983810000000000073e+01
8.327771000000000186e+02 -1.978780000000000072e+01
8.307771000000000186e+02 -1.973750000000000071e+01
8.287771000000000186e+02 -1.968720000000000070e+01
8.267771000000000186e+02 -1.963690000000000069e+01
8.247771000000000186e+02 -1.958670000000000044e+01
8.227771000000000186e+02 -1.953640000000000043e+01
8.207771000000000186e+02 -1.948620000000000019e+01
8.187771000000000186e+02 -1.943599999999999994e+01
8.167771000000000186e+02 -1.938589999999999947e+01
8.147771000000000186e+02 -1.933569999999999922e+01
8.127771000000000186e+02 -1.928559999999999874e+01
8.107771000000000186e+02 -1.923549999999999827e+01
8.087771000000000186e+02 -1.918540000000000134e+01
8.067771000000000186e+02 -1.913530000000000086e+01
8.047771000000000186e+02 -1.908530000000000015e+01
8.027771000000000186e+02 -1.903519999999999968e+01
8.007771000000000186e+02 -1.898519999999999897e+01
7.987771000000000186e+02 -1.893519999999999825e+01
7.967771000000000186e+02 -1.888530000000000086e+01
7.947771000000000186e+02 -1.883530000000000015e+01
7.927771000000000186e+02 -1.878539999999999921e+01
7.907771000000000186e+02 -1.873549999999999827e+01
7.887771000000000186e+02 -1.868560000000000088e+01
7.867771000000000186e+02 -1.863569999999999993e+01
7.847771000000000186e+02 -1.858579999999999899e+01
7.827771000000000186e+02 -1.853600000000000136e+01
7.807771000000000186e+02 -1.848620000000000019e+01
7.787771000000000186e+02 -1.843639999999999901e+01
7.767771000000000186e+02 -1.838660000000000139e+01
7.747771000000000186e+02 -1.833680000000000021e+01
7.727771000000000186e+02 -1.828709999999999880e+01
7.707771000000000186e+02 -1.823730000000000118e+01
7.687771000000000186e+02 -1.818759999999999977e+01
7.667771000000000186e+02 -1.813789999999999836e+01
7.647771000000000186e+02 -1.808830000000000027e+01
7.627771000000000186e+02 -1.803859999999999886e+01
7.607771000000000186e+02 -1.798900000000000077e+01
7.587771000000000186e+02 -1.793939999999999912e+01
7.567771000000000186e+02 -1.788980000000000103e+01
7.547771000000000186e+02 -1.784019999999999939e+01
7.527771000000000186e+02 -1.779060000000000130e+01
7.507771000000000186e+02 -1.774109999999999943e+01
7.487771000000000186e+02 -1.769150000000000134e+01
7.467771000000000186e+02 -1.764199999999999946e+01
7.447771000000000186e+02 -1.759250000000000114e+01
7.427771000000000186e+02 -1.754309999999999903e+01
7.407771000000000186e+02 -1.749360000000000070e+01
7.387771000000000186e+02 -1.744419999999999860e+01
7.367771000000000186e+02 -1.739480000000000004e+01
7.347771000000000186e+02 -1.734530000000000172e+01
7.327771000000000186e+02 -1.729599999999999937e+01
7.307771000000000186e+02 -1.724660000000000082e+01
7.287771000000000186e+02 -1.719719999999999871e+01
7.267771000000000186e+02 -1.714789999999999992e+01
7.247771000000000186e+02 -1.709860000000000113e+01
7.227771000000000186e+02 -1.704929999999999879e+01
7.207771000000000186e+02 -1.700000000000000000e+01
7.187771000000000186e+02 -1.695070000000000121e+01
7.167771000000000186e+02 -1.690149999999999864e+01
7.147771000000000186e+02 -1.685229999999999961e+01
7.127771000000000186e+02 -1.680300000000000082e+01
7.107771000000000186e+02 -1.675379999999999825e+01
7.087771000000000186e+02 -1.670469999999999899e+01
7.067771000000000186e+02 -1.665549999999999997e+01
7.047771000000000186e+02 -1.660630000000000095e+01
7.027771000000000186e+02 -1.655720000000000169e+01
7.007771000000000186e+02 -1.650809999999999889e+01
6.987771000000000186e+02 -1.645899999999999963e+01
6.967771000000000186e+02 -1.640990000000000038e+01
6.947771000000000186e+02 -1.636080000000000112e+01
6.927771000000000186e+02 -1.631180000000000163e+01
6.907771000000000186e+02 -1.626279999999999859e+01
6.887771000000000186e+02 -1.621369999999999933e+01
6.867771000000000186e+02 -1.616469999999999985e+01
6.847771000000000186e+02 -1.611580000000000013e+01
6.827771000000000186e+02 -1.606680000000000064e+01
6.807771000000000186e+02 -1.601780000000000115e+01
6.787771000000000186e+02 -1.596889999999999965e+01
6.767771000000000186e+02 -1.591999999999999993e+01
6.747771000000000186e+02 -1.587110000000000021e+01
6.727771000000000186e+02 -1.582220000000000049e+01
6.707771000000000186e+02 -1.577330000000000076e+01
6.687771000000000186e+02 -1.572450000000000081e+01
6.667771000000000186e+02 -1.567559999999999931e+01
6.647771000000000186e+02 -1.562679999999999936e+01
6.627771000000000186e+02 -1.557799999999999940e+01
6.607771000000000186e+02 -1.552919999999999945e+01
6.587771000000000186e+02 -1.548039999999999949e+01
6.567771000000000186e+02 -1.543159999999999954e+01
6.547771000000000186e+02 -1.538289999999999935e+01
6.527771000000000186e+02 -1.533409999999999940e+01
6.507771000000000186e+02 -1.528539999999999921e+01
6.487771000000000186e+02 -1.523670000000000080e+01
6.467771000000000186e+02 -1.518800000000000061e+01
6.447771000000000186e+02 -1.513940000000000019e+01
6.427771000000000186e+02 -1.509070000000000000e+01
6.407771000000000186e+02 -1.504209999999999958e+01
6.387771000000000186e+02 -1.499339999999999939e+01
6.367771000000000186e+02 -1.494480000000000075e+01
6.347771000000000186e+02 -1.489620000000000033e+01
6.327771000000000186e+02 -1.484759999999999991e+01
6.307771000000000186e+02 -1.479909999999999926e+01
6.287771000000000186e+02 -1.475050000000000061e+01
6.267771000000000186e+02 -1.470199999999999996e+01
6.247771000000000186e+02 -1.465349999999999930e+01
6.227771000000000186e+02 -1.460490000000000066e+01
6.207771000000000186e+02 -1.455640000000000001e+01
6.187771000000000186e+02 -1.450799999999999912e+01
6.167771000000000186e+02 -1.445950000000000024e+01
6.147771000000000186e+02 -1.441109999999999935e+01
6.127771000000000186e+02 -1.436260000000000048e+01
6.107771000000000186e+02 -1.431419999999999959e+01
6.087771000000000186e+02 -1.426580000000000048e+01
6.067771000000000186e+02 -1.421739999999999959e+01
6.047771000000000186e+02 -1.416900000000000048e+01
6.027771000000000186e+02 -1.412059999999999960e+01
6.007771000000000186e+02 -1.407230000000000025e+01
5.987771000000000186e+02 -1.402389999999999937e+01
5.967771000000000186e+02 -1.397560000000000002e+01
5.947771000000000186e+02 -1.392730000000000068e+01
5.927771000000000186e+02 -1.387899999999999956e+01
5.907771000000000186e+02 -1.383070000000000022e+01
5.887771000000000186e+02 -1.378250000000000064e+01
5.867771000000000186e+02 -1.373419999999999952e+01
5.847771000000000186e+02 -1.368599999999999994e+01
5.827771000000000186e+02 -1.363770000000000060e+01
5.807771000000000186e+02 -1.358949999999999925e+01
5.787771000000000186e+02 -1.354129999999999967e+01
5.767771000000000186e+02 -1.349310000000000009e+01
5.747771000000000186e+02 -1.344500000000000028e+01
5.727771000000000186e+02 -1.339680000000000071e+01
5.707771000000000186e+02 -1.334869999999999912e+01
5.687771000000000186e+02 -1.330049999999999955e+01
5.667771000000000186e+02 -1.325239999999999974e+01
5.647771000000000186e+02 -1.320429999999999993e+01
5.627771000000000186e+02 -1.315620000000000012e+01
5.607771000000000186e+02 -1.310810000000000031e+01
5.587771000000000186e+02 -1.306010000000000026e+01
5.567771000000000186e+02 -1.301200000000000045e+01
5.547771000000000186e+02 -1.296400000000000041e+01
5.527771000000000186e+02 -1.291590000000000060e+01
5.507771000000000186e+02 -1.286790000000000056e+01
5.487771000000000186e+02 -1.281990000000000052e+01
5.467771000000000186e+02 -1.277190000000000047e+01
5.447771000000000186e+02 -1.272390000000000043e+01
5.427771000000000186e+02 -1.267600000000000016e+01
5.407771000000000186e+02 -1.262800000000000011e+01
5.387771000000000186e+02 -1.258009999999999984e+01
5.367771000000000186e+02 -1.253219999999999956e+01
5.347771000000000186e+02 -1.248419999999999952e+01
5.327771000000000186e+02 -1.243629999999999924e+01
5.307771000000000186e+02 -1.238850000000000051e+01
5.287771000000000186e+02 -1.234060000000000024e+01
5.267771000000000186e+02 -1.229269999999999996e+01
5.247771000000000186e+02 -1.224489999999999945e+01
5.227771000000000186e+02 -1.219699999999999918e+01
5.207771000000000186e+02 -1.214920000000000044e+01
5.187771000000000186e+02 -1.210139999999999993e+01
5.167771000000000186e+02 -1.205359999999999943e+01
5.147771000000000186e+02 -1.200580000000000069e+01
5.127771000000000186e+02 -1.195800000000000018e+01
5.107771000000000186e+02 -1.191019999999999968e+01
5.087771000000000186e+02 -1.186250000000000071e+01
5.067771000000000186e+02 -1.181479999999999997e+01
5.047771000000000186e+02 -1.176699999999999946e+01
5.027771000000000186e+02 -1.171930000000000049e+01
5.007771000000000186e+02 -1.167159999999999975e+01
4.987771000000000186e+02 -1.162390000000000079e+01
4.967771000000000186e+02 -1.157620000000000005e+01
4.947771000000000186e+02 -1.152849999999999930e+01
4.927771000000000186e+02 -1.148090000000000011e+01
4.907771000000000186e+02 -1.143319999999999936e+01
4.887771000000000186e+02 -1.138560000000000016e+01
4.867771000000000186e+02 -1.133799999999999919e+01
4.847771000000000186e+02 -1.129039999999999999e+01
4.827771000000000186e+02 -1.124280000000000079e+01
4.807771000000000186e+02 -1.119519999999999982e+01
4.787771000000000186e+02 -1.114760000000000062e+01
4.767771000000000186e+02 -1.109999999999999964e+01
4.747771000000000186e+02 -1.105250000000000021e+01
4.727771000000000186e+02 -1.100489999999999924e+01
4.707771000000000186e+02 -1.095739999999999981e+01
4.687771000000000186e+02 -1.090990000000000038e+01
4.667771000000000186e+02 -1.086239999999999917e+01
4.647771000000000186e+02 -1.081489999999999974e+01
4.627771000000000186e+02 -1.076740000000000030e+01
4.607771000000000186e+02 -1.071990000000000087e+01
4.587771000000000186e+02 -1.067239999999999966e+01
4.567771000000000186e+02 -1.062500000000000000e+01
4.547771000000000186e+02 -1.057750000000000057e+01
4.527771000000000186e+02 -1.053009999999999913e+01
4.507771000000000186e+02 -1.048269999999999946e+01
4.487771000000000186e+02 -1.043529999999999980e+01
4.467771000000000186e+02 -1.038790000000000013e+01
4.447771000000000186e+02 -1.034050000000000047e+01
4.427771000000000186e+02 -1.029310000000000080e+01
4.407771000000000186e+02 -1.024569999999999936e+01
4.387771000000000186e+02 -1.019839999999999947e+01
4.367771000000000186e+02 -1.015099999999999980e+01
4.347771000000000186e+02 -1.010369999999999990e+01
4.327771000000000186e+02 -1.005630000000000024e+01
4.307771000000000186e+02 -1.000900000000000034e+01
4.287771000000000186e+02 -9.961700000000000443e+00
4.267771000000000186e+02 -9.914400000000000546e+00
4.247771000000000186e+02 -9.867100000000000648e+00
4.227771000000000186e+02 -9.819900000000000517e+00
4.207771000000000186e+02 -9.772600000000000620e+00
4.187771000000000186e+02 -9.725300000000000722e+00
4.167771000000000186e+02 -9.678100000000000591e+00
4.147771000000000186e+02 -9.630900000000000460e+00
4.127771000000000186e+02 -9.583600000000000563e+00
4.107771000000000186e+02 -9.536400000000000432e+00
4.087771000000000186e+02 -9.489200000000000301e+00
4.067771000000000186e+02 -9.442000000000000171e+00
4.047771000000000186e+02 -9.394800000000000040e+00
4.027771000000000186e+02 -9.347699999999999676e+00
4.007771000000000186e+02 -9.300499999999999545e+00
3.987771000000000186e+02 -9.253299999999999415e+00
3.967771000000000186e+02 -9.206200000000000827e+00
