4.000000000000000000e+02 1.060100000000000042e+00
4.040000000000000000e+02 1.058000000000000052e+00
4.080000000000000000e+02 1.055800000000000072e+00
4.120000000000000000e+02 1.053600000000000092e+00
4.160000000000000000e+02 1.051399999999999890e+00
4.200000000000000000e+02 1.049099999999999921e+00
4.240000000000000000e+02 1.046699999999999964e+00
4.280000000000000000e+02 1.044399999999999995e+00
4.320000000000000000e+02 1.041900000000000048e+00
4.360000000000000000e+02 1.039400000000000102e+00
4.400000000000000000e+02 1.036899999999999933e+00
4.440000000000000000e+02 1.034299999999999997e+00
4.480000000000000000e+02 1.031600000000000072e+00
4.520000000000000000e+02 1.028899999999999926e+00
4.560000000000000000e+02 1.026200000000000001e+00
4.600000000000000000e+02 1.025700000000000056e+00
4.640000000000000000e+02 1.025099999999999900e+00
4.680000000000000000e+02 1.024499999999999966e+00
4.720000000000000000e+02 1.023900000000000032e+00
4.760000000000000000e+02 1.023300000000000098e+00
4.800000000000000000e+02 1.022699999999999942e+00
4.840000000000000000e+02 1.022100000000000009e+00
4.880000000000000000e+02 1.021500000000000075e+00
4.920000000000000000e+02 1.020799999999999930e+00
4.960000000000000000e+02 1.020199999999999996e+00
5.000000000000000000e+02 1.019500000000000073e+00
5.040000000000000000e+02 1.018899999999999917e+00
5.080000000000000000e+02 1.018199999999999994e+00
5.120000000000000000e+02 1.017600000000000060e+00
5.160000000000000000e+02 1.016899999999999915e+00
5.200000000000000000e+02 1.016199999999999992e+00
5.240000000000000000e+02 1.015500000000000069e+00
5.280000000000000000e+02 1.014799999999999924e+00
5.320000000000000000e+02 1.014100000000000001e+00
5.360000000000000000e+02 1.013400000000000079e+00
5.400000000000000000e+02 1.012699999999999934e+00
5.440000000000000000e+02 1.011900000000000022e+00
5.480000000000000000e+02 1.011200000000000099e+00
5.520000000000000000e+02 1.010499999999999954e+00
5.560000000000000000e+02 1.009700000000000042e+00
5.600000000000000000e+02 1.008899999999999908e+00
5.640000000000000000e+02 1.008199999999999985e+00
5.680000000000000000e+02 1.007400000000000073e+00
5.720000000000000000e+02 1.006599999999999939e+00
5.760000000000000000e+02 1.005800000000000027e+00
5.800000000000000000e+02 1.004999999999999893e+00
5.840000000000000000e+02 1.004199999999999982e+00
5.880000000000000000e+02 1.003400000000000070e+00
5.920000000000000000e+02 1.002499999999999947e+00
5.960000000000000000e+02 1.001700000000000035e+00
6.000000000000000000e+02 1.000799999999999912e+00
6.040000000000000000e+02 9.999000000000000110e-01
6.080000000000000000e+02 9.990999999999999881e-01
6.120000000000000000e+02 9.981999999999999762e-01
6.160000000000000000e+02 9.972999999999999643e-01
6.200000000000000000e+02 9.963999999999999524e-01
6.240000000000000000e+02 9.955000000000000515e-01
6.280000000000000000e+02 9.945000000000000506e-01
6.320000000000000000e+02 9.936000000000000387e-01
6.360000000000000000e+02 9.927000000000000268e-01
6.400000000000000000e+02 9.917000000000000259e-01
6.440000000000000000e+02 9.907000000000000250e-01
6.480000000000000000e+02 9.897000000000000242e-01
6.520000000000000000e+02 9.888000000000000123e-01
6.560000000000000000e+02 9.877000000000000224e-01
6.600000000000000000e+02 9.867000000000000215e-01
6.640000000000000000e+02 9.857000000000000206e-01
6.680000000000000000e+02 9.847000000000000197e-01
6.720000000000000000e+02 9.836000000000000298e-01
6.760000000000000000e+02 9.825000000000000400e-01
6.800000000000000000e+02 9.814000000000000501e-01
6.840000000000000000e+02 9.804000000000000492e-01
6.880000000000000000e+02 9.791999999999999593e-01
6.920000000000000000e+02 9.780999999999999694e-01
6.960000000000000000e+02 9.769999999999999796e-01
7.000000000000000000e+02 9.758000000000000007e-01
7.040000000000000000e+02 9.747000000000000108e-01
7.080000000000000000e+02 9.735000000000000320e-01
7.120000000000000000e+02 9.723000000000000531e-01
7.160000000000000000e+02 9.710999999999999632e-01
7.200000000000000000e+02 9.698999999999999844e-01
7.240000000000000000e+02 9.686000000000000165e-01
7.280000000000000000e+02 9.674000000000000377e-01
7.320000000000000000e+02 9.660999999999999588e-01
7.360000000000000000e+02 9.647999999999999909e-01
7.400000000000000000e+02 9.635000000000000231e-01
7.440000000000000000e+02 9.519999999999999574e-01
7.480000000000000000e+02 9.354999999999999982e-01
7.483999999999999773e+02 9.334999999999999964e-01
7.487999999999999545e+02 9.314000000000000057e-01
7.492000000000000455e+02 9.293000000000000149e-01
7.496000000000000227e+02 9.270000000000000462e-01
7.500000000000000000e+02 9.245999999999999774e-01
7.503999999999999773e+02 9.220000000000000417e-01
7.507999999999999545e+02 9.193000000000000060e-01
7.512000000000000455e+02 9.163000000000000034e-01
7.516000000000000227e+02 9.130000000000000338e-01
7.520000000000000000e+02 9.092999999999999972e-01
7.523999999999999773e+02 9.050000000000000266e-01
7.527999999999999545e+02 8.997000000000000552e-01
7.528160000000000309e+02 8.993999999999999773e-01
7.528316999999999553e+02 8.991999999999999993e-01
7.528472000000000435e+02 8.989000000000000323e-01
7.528623999999999796e+02 8.987000000000000544e-01
7.528773999999999660e+02 8.983999999999999764e-01
7.528922000000000025e+02 8.981999999999999984e-01
7.529067999999999756e+02 8.979000000000000314e-01
7.529211000000000240e+02 8.977000000000000535e-01
7.529352000000000089e+02 8.973999999999999755e-01
7.529489999999999554e+02 8.971999999999999975e-01
7.529627000000000407e+02 8.969000000000000306e-01
7.529759999999999991e+02 8.967000000000000526e-01
7.529891999999999825e+02 8.963999999999999746e-01
7.530021000000000413e+02 8.961999999999999966e-01
7.530148000000000366e+02 8.959000000000000297e-01
7.530272999999999683e+02 8.957000000000000517e-01
7.530394999999999754e+02 8.953999999999999737e-01
7.530515000000000327e+02 8.951999999999999957e-01
7.530633000000000266e+02 8.949000000000000288e-01
7.530747999999999820e+02 8.947000000000000508e-01
7.530860999999999876e+02 8.943999999999999728e-01
7.530972000000000435e+02 8.941999999999999948e-01
7.531081000000000358e+02 8.939000000000000279e-01
7.531186999999999898e+02 8.937000000000000499e-01
7.531290999999999940e+02 8.933999999999999719e-01
7.531391999999999598e+02 8.931999999999999940e-01
7.531490999999999758e+02 8.929000000000000270e-01
7.531588000000000420e+02 8.927000000000000490e-01
7.531683000000000447e+02 8.923999999999999710e-01
7.531775000000000091e+02 8.921999999999999931e-01
7.531865999999999985e+02 8.919000000000000261e-01
7.531952999999999747e+02 8.917000000000000481e-01
7.532038999999999760e+02 8.913999999999999702e-01
7.532122000000000526e+02 8.911999999999999922e-01
7.532202999999999520e+02 8.909000000000000252e-01
7.532282000000000153e+02 8.907000000000000473e-01
7.532358000000000402e+02 8.903999999999999693e-01
7.532432000000000016e+02 8.901999999999999913e-01
7.532504000000000133e+02 8.899000000000000243e-01
7.532573999999999614e+02 8.897000000000000464e-01
7.532640999999999849e+02 8.893999999999999684e-01
7.532705999999999449e+02 8.891999999999999904e-01
7.532768999999999551e+02 8.889000000000000234e-01
7.532829000000000406e+02 8.887000000000000455e-01
7.532888000000000375e+02 8.883999999999999675e-01
7.532943999999999960e+02 8.881999999999999895e-01
7.532997000000000298e+02 8.879000000000000226e-01
7.533048999999999751e+02 8.877000000000000446e-01
7.533097999999999956e+02 8.873999999999999666e-01
7.533144999999999527e+02 8.871999999999999886e-01
7.533189999999999600e+02 8.869000000000000217e-01
7.533232000000000426e+02 8.867000000000000437e-01
7.533271999999999480e+02 8.863999999999999657e-01
7.533310000000000173e+02 8.861999999999999877e-01
7.533346000000000231e+02 8.859000000000000208e-01
7.533378999999999905e+02 8.857000000000000428e-01
7.533410000000000082e+02 8.853999999999999648e-01
7.533438999999999623e+02 8.851999999999999869e-01
7.533465999999999667e+02 8.849000000000000199e-01
7.533491000000000213e+02 8.847000000000000419e-01
7.533513000000000375e+02 8.843999999999999639e-01
7.533532999999999902e+02 8.841999999999999860e-01
7.533550999999999931e+02 8.839000000000000190e-01
7.533565999999999576e+02 8.837000000000000410e-01
7.533578999999999724e+02 8.833999999999999631e-01
7.533590000000000373e+02 8.831999999999999851e-01
7.533599000000000387e+02 8.829000000000000181e-01
7.533605999999999767e+02 8.827000000000000401e-01
7.533609999999999900e+02 8.823999999999999622e-01
7.533612000000000535e+02 8.821999999999999842e-01
7.533612000000000535e+02 8.819000000000000172e-01
