4.000000000000000000e+02 0.000000000000000000e+00
4.040000000000000000e+02 8.224199999999999733e+00
4.080000000000000000e+02 1.644849999999999923e+01
4.120000000000000000e+02 2.467269999999999897e+01
4.160000000000000000e+02 3.289690000000000225e+01
4.200000000000000000e+02 4.112120000000000175e+01
4.240000000000000000e+02 4.934539999999999793e+01
4.280000000000000000e+02 5.756969999999999743e+01
4.320000000000000000e+02 6.579389999999999361e+01
4.360000000000000000e+02 7.401810000000000400e+01
4.400000000000000000e+02 8.224240000000000350e+01
4.440000000000000000e+02 9.046659999999999968e+01
4.480000000000000000e+02 9.869079999999999586e+01
4.520000000000000000e+02 1.069150999999999954e+02
4.560000000000000000e+02 1.151393000000000058e+02
4.600000000000000000e+02 1.233635000000000019e+02
4.640000000000000000e+02 1.315877999999999872e+02
4.680000000000000000e+02 1.398120000000000118e+02
4.720000000000000000e+02 1.480363000000000113e+02
4.760000000000000000e+02 1.562605000000000075e+02
4.800000000000000000e+02 1.644847000000000037e+02
4.840000000000000000e+02 1.727090000000000032e+02
4.880000000000000000e+02 1.809331999999999994e+02
4.920000000000000000e+02 1.891573999999999955e+02
4.960000000000000000e+02 1.973816999999999950e+02
5.000000000000000000e+02 2.056058999999999912e+02
5.040000000000000000e+02 2.138300999999999874e+02
5.080000000000000000e+02 2.220543999999999869e+02
5.120000000000000000e+02 2.302786000000000115e+02
5.160000000000000000e+02 2.385028000000000077e+02
5.200000000000000000e+02 2.467271000000000072e+02
5.240000000000000000e+02 2.549513000000000034e+02
5.280000000000000000e+02 2.631755999999999744e+02
5.320000000000000000e+02 2.713998000000000275e+02
5.360000000000000000e+02 2.796240000000000236e+02
5.400000000000000000e+02 2.878482999999999947e+02
5.440000000000000000e+02 2.960724999999999909e+02
5.480000000000000000e+02 3.042966999999999871e+02
5.520000000000000000e+02 3.125210000000000150e+02
5.560000000000000000e+02 3.207452000000000112e+02
5.600000000000000000e+02 3.289694000000000074e+02
5.640000000000000000e+02 3.371936999999999784e+02
5.680000000000000000e+02 3.454178999999999746e+02
5.720000000000000000e+02 3.536422000000000025e+02
5.760000000000000000e+02 3.618663999999999987e+02
5.800000000000000000e+02 3.700905999999999949e+02
5.840000000000000000e+02 3.783149000000000228e+02
5.880000000000000000e+02 3.865391000000000190e+02
5.920000000000000000e+02 3.947633000000000152e+02
5.960000000000000000e+02 4.029875999999999863e+02
6.000000000000000000e+02 4.112117999999999824e+02
6.040000000000000000e+02 4.194359999999999786e+02
6.080000000000000000e+02 4.276603000000000065e+02
6.120000000000000000e+02 4.358845000000000027e+02
6.160000000000000000e+02 4.441087999999999738e+02
6.200000000000000000e+02 4.523330000000000268e+02
6.240000000000000000e+02 4.605572000000000230e+02
6.280000000000000000e+02 4.687814999999999941e+02
6.320000000000000000e+02 4.770056999999999903e+02
6.360000000000000000e+02 4.852298999999999864e+02
6.400000000000000000e+02 4.934542000000000144e+02
6.440000000000000000e+02 5.016784000000000106e+02
6.480000000000000000e+02 5.099026000000000067e+02
6.520000000000000000e+02 5.181268999999999778e+02
6.560000000000000000e+02 5.263510999999999740e+02
6.600000000000000000e+02 5.345753999999999451e+02
6.640000000000000000e+02 5.427996000000000549e+02
6.680000000000000000e+02 5.510238000000000511e+02
6.720000000000000000e+02 5.592481000000000222e+02
6.760000000000000000e+02 5.674723000000000184e+02
6.800000000000000000e+02 5.756965000000000146e+02
6.840000000000000000e+02 5.839207999999999856e+02
6.880000000000000000e+02 5.921449999999999818e+02
6.920000000000000000e+02 6.003691999999999780e+02
6.960000000000000000e+02 6.085934999999999491e+02
7.000000000000000000e+02 6.168176999999999452e+02
7.040000000000000000e+02 6.250420000000000300e+02
7.080000000000000000e+02 6.332662000000000262e+02
7.120000000000000000e+02 6.414904000000000224e+02
7.160000000000000000e+02 6.497146999999999935e+02
7.200000000000000000e+02 6.579388999999999896e+02
7.240000000000000000e+02 6.661630999999999858e+02
7.280000000000000000e+02 6.743873999999999569e+02
7.320000000000000000e+02 6.826115999999999531e+02
7.360000000000000000e+02 6.908357999999999493e+02
7.400000000000000000e+02 6.990601000000000340e+02
7.440000000000000000e+02 7.072843000000000302e+02
7.480000000000000000e+02 7.155085000000000264e+02
7.520000000000000000e+02 7.237327999999999975e+02
7.560000000000000000e+02 7.319569999999999936e+02
7.600000000000000000e+02 7.401812999999999647e+02
7.640000000000000000e+02 7.484054999999999609e+02
7.680000000000000000e+02 7.566296999999999571e+02
7.720000000000000000e+02 7.648540000000000418e+02
7.760000000000000000e+02 7.730782000000000380e+02
7.800000000000000000e+02 7.813024000000000342e+02
7.840000000000000000e+02 7.895267000000000053e+02
7.880000000000000000e+02 7.977509000000000015e+02
7.920000000000000000e+02 8.059750999999999976e+02
7.960000000000000000e+02 8.141993999999999687e+02
8.000000000000000000e+02 8.224235999999999649e+02
8.040000000000000000e+02 8.306479000000000497e+02
8.080000000000000000e+02 8.388721000000000458e+02
8.120000000000000000e+02 8.470963000000000420e+02
8.160000000000000000e+02 8.553206000000000131e+02
8.200000000000000000e+02 8.635448000000000093e+02
8.240000000000000000e+02 8.717690000000000055e+02
8.280000000000000000e+02 8.799932999999999765e+02
8.320000000000000000e+02 8.882174999999999727e+02
8.360000000000000000e+02 8.964416999999999689e+02
8.400000000000000000e+02 9.046660000000000537e+02
8.440000000000000000e+02 9.128902000000000498e+02
8.480000000000000000e+02 9.211145000000000209e+02
8.520000000000000000e+02 9.293387000000000171e+02
8.560000000000000000e+02 9.375629000000000133e+02
8.600000000000000000e+02 9.457871999999999844e+02
8.640000000000000000e+02 9.540113999999999805e+02
8.680000000000000000e+02 9.622355999999999767e+02
8.720000000000000000e+02 9.704598999999999478e+02
8.760000000000000000e+02 9.786840999999999440e+02
8.800000000000000000e+02 9.869083000000000538e+02
8.840000000000000000e+02 9.951326000000000249e+02
8.880000000000000000e+02 1.003356800000000021e+03
8.920000000000000000e+02 1.011581099999999992e+03
8.960000000000000000e+02 1.019805299999999988e+03
9.000000000000000000e+02 1.028029500000000098e+03
9.040000000000000000e+02 1.036253799999999956e+03
9.080000000000000000e+02 1.044478000000000065e+03
9.120000000000000000e+02 1.052702199999999948e+03
9.160000000000000000e+02 1.060926500000000033e+03
9.200000000000000000e+02 1.069150699999999915e+03
9.240000000000000000e+02 1.077374900000000025e+03
9.280000000000000000e+02 1.085599200000000110e+03
9.320000000000000000e+02 1.093823399999999992e+03
9.360000000000000000e+02 1.102047600000000102e+03
9.400000000000000000e+02 1.110271899999999960e+03
9.440000000000000000e+02 1.118496100000000069e+03
9.480000000000000000e+02 1.126720399999999927e+03
9.520000000000000000e+02 1.134944600000000037e+03
9.560000000000000000e+02 1.143168799999999919e+03
9.600000000000000000e+02 1.151393100000000004e+03
9.640000000000000000e+02 1.159617299999999886e+03
9.680000000000000000e+02 1.167841499999999996e+03
9.720000000000000000e+02 1.176065800000000081e+03
9.760000000000000000e+02 1.184289999999999964e+03
9.800000000000000000e+02 1.192514200000000073e+03
9.840000000000000000e+02 1.200738499999999931e+03
9.843999999999999773e+02 1.201560899999999947e+03
9.847999999999999545e+02 1.202383299999999963e+03
9.852000000000000455e+02 1.203205799999999954e+03
9.856000000000000227e+02 1.204028199999999970e+03
9.860000000000000000e+02 1.204850599999999986e+03
9.863999999999999773e+02 1.205673000000000002e+03
9.867999999999999545e+02 1.206495400000000018e+03
9.872000000000000455e+02 1.207317900000000009e+03
9.876000000000000227e+02 1.208140300000000025e+03
9.880000000000000000e+02 1.208962700000000041e+03
9.883999999999999773e+02 1.209785100000000057e+03
9.887999999999999545e+02 1.210607600000000048e+03
9.888175999999999704e+02 1.210625700000000052e+03
9.888347999999999729e+02 1.210643299999999954e+03
9.888514999999999873e+02 1.210660499999999956e+03
9.888677000000000135e+02 1.210677200000000084e+03
9.888835000000000264e+02 1.210693400000000111e+03
9.888988000000000511e+02 1.210709200000000010e+03
9.889136999999999489e+02 1.210724500000000035e+03
9.889280999999999722e+02 1.210739299999999957e+03
9.889420999999999822e+02 1.210753600000000006e+03
9.889556000000000040e+02 1.210767499999999927e+03
9.889686000000000377e+02 1.210780899999999974e+03
9.889811999999999443e+02 1.210793799999999919e+03
9.889932999999999765e+02 1.210806299999999965e+03
9.890049999999999955e+02 1.210818299999999908e+03
9.890162000000000262e+02 1.210829799999999977e+03
9.890270000000000437e+02 1.210840899999999920e+03
9.890372999999999593e+02 1.210851499999999987e+03
9.890471000000000004e+02 1.210861599999999953e+03
9.890565000000000282e+02 1.210871300000000019e+03
9.890655000000000427e+02 1.210880499999999984e+03
9.890739999999999554e+02 1.210889200000000073e+03
9.890819999999999936e+02 1.210897500000000036e+03
9.890896000000000186e+02 1.210905299999999897e+03
9.890968000000000302e+02 1.210912600000000111e+03
9.891035000000000537e+02 1.210919499999999971e+03
9.891096999999999753e+02 1.210925899999999956e+03
9.891154999999999973e+02 1.210931900000000041e+03
9.891208000000000311e+02 1.210937400000000025e+03
9.891257000000000517e+02 1.210942399999999907e+03
9.891301999999999452e+02 1.210946999999999889e+03
9.891341999999999643e+02 1.210951099999999997e+03
9.891376999999999953e+02 1.210954799999999977e+03
9.891408999999999878e+02 1.210958000000000084e+03
9.891435000000000173e+02 1.210960700000000088e+03
9.891457000000000335e+02 1.210962999999999965e+03
9.891475000000000364e+02 1.210964799999999968e+03
9.891488000000000511e+02 1.210966200000000072e+03
9.891497000000000526e+02 1.210967100000000073e+03
9.891502000000000407e+02 1.210967499999999973e+03
9.891502000000000407e+02 1.210967499999999973e+03
9.891497000000000526e+02 1.210967100000000073e+03
9.891488000000000511e+02 1.210966200000000072e+03
9.891475000000000364e+02 1.210964799999999968e+03
9.891457000000000335e+02 1.210962999999999965e+03
9.891435000000000173e+02 1.210960700000000088e+03
9.891408000000000129e+02 1.210958000000000084e+03
9.891376999999999953e+02 1.210954799999999977e+03
9.891341999999999643e+02 1.210951099999999997e+03
9.891301999999999452e+02 1.210947100000000091e+03
9.891258000000000266e+02 1.210942500000000109e+03
9.891209999999999809e+02 1.210937500000000000e+03
9.891156999999999471e+02 1.210932099999999991e+03
9.891100000000000136e+02 1.210926200000000108e+03
9.891037999999999784e+02 1.210919900000000098e+03
9.890972000000000435e+02 1.210913099999999986e+03
9.890901000000000067e+02 1.210905799999999999e+03
9.890827000000000453e+02 1.210898200000000088e+03
9.890747999999999820e+02 1.210890000000000100e+03
9.890664000000000442e+02 1.210881499999999960e+03
9.890575999999999794e+02 1.210872399999999971e+03
9.890484000000000151e+02 1.210863000000000056e+03
9.890388000000000375e+02 1.210853000000000065e+03
9.890286999999999580e+02 1.210842699999999923e+03
9.890181999999999789e+02 1.210831899999999905e+03
9.890072000000000116e+02 1.210820600000000013e+03
9.889959000000000060e+02 1.210808899999999994e+03
9.889841000000000122e+02 1.210796800000000076e+03
9.889718000000000302e+02 1.210784200000000055e+03
9.889591000000000349e+02 1.210771199999999908e+03
9.889460000000000264e+02 1.210757700000000114e+03
9.889325000000000045e+02 1.210743799999999965e+03
9.889184999999999945e+02 1.210729399999999941e+03
9.889041999999999462e+02 1.210714600000000019e+03
9.888893000000000484e+02 1.210699399999999969e+03
9.888740999999999985e+02 1.210683700000000044e+03
9.888583999999999605e+02 1.210667599999999993e+03
9.888423000000000229e+02 1.210651100000000042e+03
9.888257999999999583e+02 1.210634099999999989e+03
9.888088000000000193e+02 1.210616600000000062e+03
9.887913999999999533e+02 1.210598799999999983e+03
9.887735999999999876e+02 1.210580500000000029e+03
9.887554000000000087e+02 1.210561699999999973e+03
9.887367000000000417e+02 1.210542500000000018e+03
9.887177000000000362e+02 1.210522899999999936e+03
9.886982000000000426e+02 1.210502899999999954e+03
9.886781999999999471e+02 1.210482400000000098e+03
9.886579000000000406e+02 1.210461499999999887e+03
9.886371000000000322e+02 1.210440100000000029e+03
9.886159000000000106e+02 1.210418300000000045e+03
9.885942999999999756e+02 1.210396099999999933e+03
9.885721999999999525e+02 1.210373399999999947e+03
9.885498000000000047e+02 1.210350300000000061e+03
9.885268999999999551e+02 1.210326800000000048e+03
9.885036000000000058e+02 1.210302799999999934e+03
9.884799000000000433e+02 1.210278399999999920e+03
9.884556999999999789e+02 1.210253600000000006e+03
9.884311000000000149e+02 1.210228399999999965e+03
9.884062000000000126e+02 1.210202700000000050e+03
9.883808000000000220e+02 1.210176600000000008e+03
9.883549000000000433e+02 1.210150000000000091e+03
9.883287000000000262e+02 1.210123100000000022e+03
9.883020999999999958e+02 1.210095700000000079e+03
9.882749999999999773e+02 1.210067800000000034e+03
9.882474999999999454e+02 1.210039600000000064e+03
9.882196000000000140e+02 1.210010899999999992e+03
9.881912999999999556e+02 1.209981800000000021e+03
9.881625000000000227e+02 1.209952199999999948e+03
9.881334000000000515e+02 1.209922299999999950e+03
9.881037999999999784e+02 1.209891900000000078e+03
9.880738999999999805e+02 1.209861100000000079e+03
9.880434999999999945e+02 1.209829799999999977e+03
9.880126999999999953e+02 1.209798199999999952e+03
9.879814999999999827e+02 1.209766100000000051e+03
9.879497999999999820e+02 1.209733600000000024e+03
9.879178000000000566e+02 1.209700599999999895e+03
9.878853000000000293e+02 1.209667300000000068e+03
9.878524999999999636e+02 1.209633499999999913e+03
9.878192000000000235e+02 1.209599300000000085e+03
9.877854999999999563e+02 1.209564599999999928e+03
9.877513999999999896e+02 1.209529600000000073e+03
9.877169000000000096e+02 1.209494099999999889e+03
9.876820000000000164e+02 1.209458200000000033e+03
9.876467000000000098e+02 1.209421900000000051e+03
9.876109999999999900e+02 1.209385199999999941e+03
9.875747999999999820e+02 1.209347999999999956e+03
9.875383000000000493e+02 1.209310500000000047e+03
9.875013000000000147e+02 1.209272500000000036e+03
9.874640000000000555e+02 1.209234099999999899e+03
9.874261999999999944e+02 1.209195300000000088e+03
9.873880000000000337e+02 1.209155999999999949e+03
9.873493999999999460e+02 1.209116400000000112e+03
9.873105000000000473e+02 1.209076299999999947e+03
9.872711000000000467e+02 1.209035800000000108e+03
9.872313000000000329e+02 1.208994899999999916e+03
9.871911000000000058e+02 1.208953600000000051e+03
9.871504999999999654e+02 1.208911800000000085e+03
9.871095000000000255e+02 1.208869699999999966e+03
9.870680999999999585e+02 1.208827099999999973e+03
9.870262999999999920e+02 1.208784100000000080e+03
9.869841000000000122e+02 1.208740700000000061e+03
9.869414000000000442e+02 1.208696899999999914e+03
9.868984000000000378e+02 1.208652700000000095e+03
9.868550000000000182e+02 1.208608099999999922e+03
9.868111999999999853e+02 1.208563000000000102e+03
9.867670000000000528e+02 1.208517599999999902e+03
9.867223999999999933e+02 1.208471700000000055e+03
9.866772999999999456e+02 1.208425400000000081e+03
9.866318999999999733e+02 1.208378699999999981e+03
9.865860999999999876e+02 1.208331599999999980e+03
9.865398999999999887e+02 1.208284100000000080e+03
9.864932999999999765e+02 1.208236200000000053e+03
9.864462999999999511e+02 1.208187899999999900e+03
9.863989000000000260e+02 1.208139100000000099e+03
9.863510999999999740e+02 1.208089999999999918e+03
9.863029000000000224e+02 1.208040400000000091e+03
9.862542999999999438e+02 1.207990500000000111e+03
9.862052999999999656e+02 1.207940100000000029e+03
9.861558999999999742e+02 1.207889300000000048e+03
9.861060999999999694e+02 1.207838199999999915e+03
9.860558999999999514e+02 1.207786599999999908e+03
9.860054000000000087e+02 1.207734600000000000e+03
9.859543999999999642e+02 1.207682199999999966e+03
9.859030000000000200e+02 1.207629400000000032e+03
9.858513000000000375e+02 1.207576199999999972e+03
9.857990999999999531e+02 1.207522600000000011e+03
9.857465999999999440e+02 1.207468599999999924e+03
9.856937000000000353e+02 1.207414199999999937e+03
9.856403000000000247e+02 1.207359300000000076e+03
9.855865999999999758e+02 1.207304100000000062e+03
9.855325000000000273e+02 1.207248499999999922e+03
9.854779999999999518e+02 1.207192500000000109e+03
9.854230999999999767e+02 1.207135999999999967e+03
9.853677999999999884e+02 1.207079199999999901e+03
9.853121999999999616e+02 1.207021999999999935e+03
9.852560999999999467e+02 1.206964400000000069e+03
9.851997000000000071e+02 1.206906300000000101e+03
9.851427999999999656e+02 1.206847899999999981e+03
9.850855999999999995e+02 1.206789099999999962e+03
9.850280000000000200e+02 1.206729900000000043e+03
9.849700000000000273e+02 1.206670200000000023e+03
9.849116000000000213e+02 1.206610200000000077e+03
9.848528999999999769e+02 1.206549800000000005e+03
9.847936999999999443e+02 1.206489000000000033e+03
9.847341999999999871e+02 1.206427799999999934e+03
9.846742000000000417e+02 1.206366199999999935e+03
9.846138999999999442e+02 1.206304100000000062e+03
9.845531999999999471e+02 1.206241700000000037e+03
9.844921000000000504e+02 1.206178900000000112e+03
9.844307000000000016e+02 1.206115800000000036e+03
9.843687999999999647e+02 1.206052200000000084e+03
9.843066000000000031e+02 1.205988200000000006e+03
9.842439000000000533e+02 1.205923800000000028e+03
9.841808999999999514e+02 1.205858999999999924e+03
9.841176000000000386e+02 1.205793899999999894e+03
9.840538000000000238e+02 1.205728299999999990e+03
9.839895999999999958e+02 1.205662399999999934e+03
9.839251000000000431e+02 1.205596000000000004e+03
9.838601999999999634e+02 1.205529299999999921e+03
9.837948999999999842e+02 1.205462199999999939e+03
9.837291999999999916e+02 1.205394700000000057e+03
9.836631999999999607e+02 1.205326800000000048e+03
9.835967000000000553e+02 1.205258499999999913e+03
9.835298999999999978e+02 1.205189800000000105e+03
9.834627000000000407e+02 1.205120699999999943e+03
9.833952000000000453e+02 1.205051200000000108e+03
9.833271999999999480e+02 1.204981399999999894e+03
9.832589000000000397e+02 1.204911100000000033e+03
9.831902000000000044e+02 1.204840500000000020e+03
9.831210999999999558e+02 1.204769500000000107e+03
9.830516000000000076e+02 1.204698100000000068e+03
9.829818000000000211e+02 1.204626299999999901e+03
9.829116000000000213e+02 1.204554100000000062e+03
9.828410000000000082e+02 1.204481500000000096e+03
9.827699999999999818e+02 1.204408599999999979e+03
9.826987000000000307e+02 1.204335299999999961e+03
9.826269999999999527e+02 1.204261500000000069e+03
9.825548999999999751e+02 1.204187400000000025e+03
9.824823999999999842e+02 1.204112900000000081e+03
9.824095999999999549e+02 1.204038000000000011e+03
9.823364000000000260e+02 1.203962800000000016e+03
9.822627999999999702e+02 1.203887099999999919e+03
9.821888000000000147e+02 1.203811099999999897e+03
9.821145000000000209e+02 1.203734699999999975e+03
9.820398000000000138e+02 1.203657899999999927e+03
9.819646999999999935e+02 1.203580699999999979e+03
9.818893000000000484e+02 1.203503200000000106e+03
9.818134999999999764e+02 1.203425199999999904e+03
9.817373000000000047e+02 1.203346900000000005e+03
9.816607000000000198e+02 1.203268199999999979e+03
9.815837999999999965e+02 1.203189100000000053e+03
9.815064999999999600e+02 1.203109600000000000e+03
9.814288000000000238e+02 1.203029800000000023e+03
9.813508000000000493e+02 1.202949599999999919e+03
9.812723999999999478e+02 1.202868999999999915e+03
9.811935999999999467e+02 1.202788000000000011e+03
9.811145000000000209e+02 1.202706599999999980e+03
9.810349999999999682e+02 1.202624900000000025e+03
9.809551000000000158e+02 1.202542799999999943e+03
9.808748000000000502e+02 1.202460299999999961e+03
9.807942000000000462e+02 1.202377400000000080e+03
9.807132000000000289e+02 1.202294100000000071e+03
9.806318999999999733e+02 1.202210499999999911e+03
9.805502000000000180e+02 1.202126500000000078e+03
9.804681000000000495e+02 1.202042099999999891e+03
9.803857000000000426e+02 1.201957400000000007e+03
9.803028000000000475e+02 1.201872200000000021e+03
9.802196999999999889e+02 1.201786700000000110e+03
9.801361000000000558e+02 1.201700900000000047e+03
9.800521999999999707e+02 1.201614600000000110e+03
9.799679999999999609e+02 1.201528000000000020e+03
9.798832999999999629e+02 1.201441000000000031e+03
9.797983000000000402e+02 1.201353599999999915e+03
9.797129999999999654e+02 1.201265900000000101e+03
9.796272999999999911e+02 1.201177699999999959e+03
9.795412000000000035e+02 1.201089199999999892e+03
9.794547999999999774e+02 1.201000399999999900e+03
9.793680000000000518e+02 1.200911100000000033e+03
9.792807999999999993e+02 1.200821500000000015e+03
9.791933000000000220e+02 1.200731600000000071e+03
9.791054000000000315e+02 1.200641200000000026e+03
9.790171000000000276e+02 1.200550500000000056e+03
9.789284999999999854e+02 1.200459399999999960e+03
9.788396000000000186e+02 1.200367999999999938e+03
9.787501999999999498e+02 1.200276100000000042e+03
9.786606000000000449e+02 1.200183899999999994e+03
9.785705000000000382e+02 1.200091400000000021e+03
9.784800999999999931e+02 1.199998399999999947e+03
9.783894000000000233e+02 1.199905099999999948e+03
9.782983000000000402e+02 1.199811500000000024e+03
9.782068000000000438e+02 1.199717399999999998e+03
9.781150000000000091e+02 1.199623000000000047e+03
9.780227999999999611e+02 1.199528299999999945e+03
9.779302000000000135e+02 1.199433099999999968e+03
9.778373000000000275e+02 1.199337600000000066e+03
9.777441000000000031e+02 1.199241700000000037e+03
9.776504999999999654e+02 1.199145500000000084e+03
9.775565000000000282e+02 1.199048900000000003e+03
9.774622000000000526e+02 1.198951999999999998e+03
9.773674999999999500e+02 1.198854599999999891e+03
9.772725000000000364e+02 1.198756900000000087e+03
9.771770999999999958e+02 1.198658899999999903e+03
9.770814000000000306e+02 1.198560500000000047e+03
9.769853000000000520e+02 1.198461700000000064e+03
9.768887999999999465e+02 1.198362499999999955e+03
9.767920000000000300e+02 1.198262999999999920e+03
9.766948999999999614e+02 1.198163199999999961e+03
9.765973999999999933e+02 1.198062899999999900e+03
9.764995000000000118e+02 1.197962299999999914e+03
9.764012999999999920e+02 1.197861400000000003e+03
9.763028000000000475e+02 1.197760099999999966e+03
9.762038999999999760e+02 1.197658400000000029e+03
9.761046000000000049e+02 1.197556399999999940e+03
9.760049999999999955e+02 1.197453999999999951e+03
9.759050999999999476e+02 1.197351200000000063e+03
9.758048000000000002e+02 1.197248100000000022e+03
9.757041000000000395e+02 1.197144600000000082e+03
9.756031000000000404e+02 1.197040799999999990e+03
9.755018000000000029e+02 1.196936599999999999e+03
9.754000999999999522e+02 1.196832000000000107e+03
9.752980000000000018e+02 1.196727100000000064e+03
9.751956000000000131e+02 1.196621900000000096e+03
9.750928999999999860e+02 1.196516200000000026e+03
9.749897999999999456e+02 1.196410300000000007e+03
9.748863999999999805e+02 1.196303900000000112e+03
9.747826000000000022e+02 1.196197200000000066e+03
9.746784000000000106e+02 1.196090200000000095e+03
9.745739999999999554e+02 1.195982799999999997e+03
9.744692000000000007e+02 1.195875000000000000e+03
9.743640000000000327e+02 1.195766900000000078e+03
9.742585000000000264e+02 1.195658500000000004e+03
9.741526000000000067e+02 1.195549600000000055e+03
9.740463999999999487e+02 1.195440499999999929e+03
9.739398999999999660e+02 1.195330899999999929e+03
9.738329999999999700e+02 1.195221000000000004e+03
9.737258000000000493e+02 1.195110799999999927e+03
9.736182000000000016e+02 1.195000199999999950e+03
9.735103000000000293e+02 1.194889300000000048e+03
9.734020000000000437e+02 1.194778000000000020e+03
9.732934000000000196e+02 1.194666300000000092e+03
9.731844999999999573e+02 1.194554300000000012e+03
9.730751999999999953e+02 1.194442000000000007e+03
9.729655000000000200e+02 1.194329300000000103e+03
9.728555999999999813e+02 1.194216200000000072e+03
9.727453000000000429e+02 1.194102799999999888e+03
9.726345999999999776e+02 1.193989100000000008e+03
9.725235999999999876e+02 1.193875000000000000e+03
9.724122999999999593e+02 1.193760500000000093e+03
9.723006000000000313e+02 1.193645700000000033e+03
9.721885999999999513e+02 1.193530600000000049e+03
9.720762999999999465e+02 1.193415099999999939e+03
9.719636000000000422e+02 1.193299199999999928e+03
9.718505999999999858e+02 1.193182999999999993e+03
9.717372000000000298e+02 1.193066499999999905e+03
9.716235000000000355e+02 1.192949599999999919e+03
9.715094000000000278e+02 1.192832400000000007e+03
9.713950999999999567e+02 1.192714799999999968e+03
9.712803999999999860e+02 1.192596900000000005e+03
9.711653000000000020e+02 1.192478599999999915e+03
9.710498999999999796e+02 1.192359999999999900e+03
9.709342000000000326e+02 1.192240999999999985e+03
9.708180999999999585e+02 1.192121699999999919e+03
9.707016999999999598e+02 1.192001999999999953e+03
9.705850000000000364e+02 1.191882000000000062e+03
9.704678999999999860e+02 1.191761700000000019e+03
9.703505000000000109e+02 1.191641000000000076e+03
9.702327999999999975e+02 1.191519900000000007e+03
9.701146999999999707e+02 1.191398599999999988e+03
9.699963000000000193e+02 1.191276800000000094e+03
9.698776000000000295e+02 1.191154800000000023e+03
9.697585000000000264e+02 1.191032400000000052e+03
9.696390999999999849e+02 1.190909599999999955e+03
9.695194000000000187e+02 1.190786499999999933e+03
9.693993000000000393e+02 1.190663099999999986e+03
9.692789000000000215e+02 1.190539299999999912e+03
9.691581999999999653e+02 1.190415199999999913e+03
9.690371000000000095e+02 1.190290700000000015e+03
9.689157000000000153e+02 1.190165899999999965e+03
9.687939999999999827e+02 1.190040799999999990e+03
9.686719000000000506e+02 1.189915299999999888e+03
9.685494999999999663e+02 1.189789500000000089e+03
9.684267999999999574e+02 1.189663299999999936e+03
9.683038000000000238e+02 1.189536800000000085e+03
9.681803999999999633e+02 1.189410000000000082e+03
9.680566999999999780e+02 1.189282799999999952e+03
9.679325999999999794e+02 1.189155299999999897e+03
9.678083000000000311e+02 1.189027499999999918e+03
9.676835999999999558e+02 1.188899300000000039e+03
9.675585999999999558e+02 1.188770700000000033e+03
9.674332000000000562e+02 1.188641900000000078e+03
9.673075000000000045e+02 1.188512699999999995e+03
9.671815000000000282e+02 1.188383100000000013e+03
9.670552000000000135e+02 1.188253300000000081e+03
9.669284999999999854e+02 1.188123100000000022e+03
9.668015000000000327e+02 1.187992500000000064e+03
9.666742000000000417e+02 1.187861599999999953e+03
9.665466000000000122e+02 1.187730399999999918e+03
9.664185999999999694e+02 1.187598899999999958e+03
9.662903000000000020e+02 1.187467000000000098e+03
9.661616999999999962e+02 1.187334700000000112e+03
9.660327999999999520e+02 1.187202199999999948e+03
9.659035000000000082e+02 1.187069300000000112e+03
9.657739000000000260e+02 1.186936099999999897e+03
9.656440000000000055e+02 1.186802500000000009e+03
9.655137999999999465e+02 1.186668599999999969e+03
9.653831999999999880e+02 1.186534400000000005e+03
9.652522999999999911e+02 1.186399899999999889e+03
9.651210999999999558e+02 1.186265000000000100e+03
9.649895999999999958e+02 1.186129799999999932e+03
9.648577000000000226e+02 1.185994200000000092e+03
9.647255000000000109e+02 1.185858300000000099e+03
9.645931000000000495e+02 1.185722099999999955e+03
9.644601999999999862e+02 1.185585600000000113e+03
9.643270999999999731e+02 1.185448699999999917e+03
9.641935999999999467e+02 1.185311500000000024e+03
9.640597999999999956e+02 1.185173999999999978e+03
9.639257000000000062e+02 1.185036100000000033e+03
9.637912999999999784e+02 1.184897899999999936e+03
9.636566000000000258e+02 1.184759399999999914e+03
9.635214999999999463e+02 1.184620499999999993e+03
9.633861000000000558e+02 1.184481299999999919e+03
9.632504000000000133e+02 1.184341799999999921e+03
9.631144000000000460e+02 1.184201999999999998e+03
9.629781000000000404e+02 1.184061799999999948e+03
9.628414000000000215e+02 1.183921399999999949e+03
9.627043999999999642e+02 1.183780500000000075e+03
9.625670999999999822e+02 1.183639400000000023e+03
9.624294999999999618e+02 1.183497900000000072e+03
9.622916000000000167e+02 1.183356099999999969e+03
9.621532999999999447e+02 1.183213999999999942e+03
9.620148000000000366e+02 1.183071500000000015e+03
9.618759000000000015e+02 1.182928799999999910e+03
9.617367000000000417e+02 1.182785699999999906e+03
9.615972000000000435e+02 1.182642200000000003e+03
9.614573000000000320e+02 1.182498499999999922e+03
9.613171999999999571e+02 1.182354399999999941e+03
9.611766999999999825e+02 1.182210000000000036e+03
9.610358999999999696e+02 1.182065299999999979e+03
9.608949000000000069e+02 1.181920299999999997e+03
9.607534000000000560e+02 1.181774899999999889e+03
9.606117000000000417e+02 1.181629200000000083e+03
9.604696999999999889e+02 1.181483199999999897e+03
9.603273000000000366e+02 1.181336800000000039e+03
9.601847000000000207e+02 1.181190200000000004e+03
9.600416999999999916e+02 1.181043200000000070e+03
9.598984000000000378e+02 1.180895899999999983e+03
9.597548000000000457e+02 1.180748299999999972e+03
9.596109000000000151e+02 1.180600300000000061e+03
9.594666999999999462e+02 1.180451999999999998e+03
9.593220999999999776e+02 1.180303499999999985e+03
9.591772999999999456e+02 1.180154500000000098e+03
9.590321000000000140e+02 1.180005300000000034e+03
9.588867000000000189e+02 1.179855800000000045e+03
9.587409000000000106e+02 1.179705899999999929e+03
9.585947999999999638e+02 1.179555699999999888e+03
9.584483999999999924e+02 1.179405199999999923e+03
9.583016999999999825e+02 1.179254400000000032e+03
9.581545999999999594e+02 1.179103200000000015e+03
9.580072999999999865e+02 1.178951800000000048e+03
9.578596999999999753e+02 1.178799999999999955e+03
9.577116999999999507e+02 1.178647899999999936e+03
9.575634000000000015e+02 1.178495499999999993e+03
9.574148999999999887e+02 1.178342699999999923e+03
9.572659999999999627e+02 1.178189699999999903e+03
9.571168000000000120e+02 1.178036299999999983e+03
9.569673000000000229e+02 1.177882599999999911e+03
9.568174999999999955e+02 1.177728599999999915e+03
9.566674000000000433e+02 1.177574299999999994e+03
9.565170000000000528e+02 1.177419699999999921e+03
9.563663000000000238e+02 1.177264699999999948e+03
9.562151999999999816e+02 1.177109500000000025e+03
9.560638999999999896e+02 1.176953899999999976e+03
9.559122999999999593e+02 1.176798000000000002e+03
9.557603000000000293e+02 1.176641800000000103e+03
9.556081000000000358e+02 1.176485300000000052e+03
9.554555000000000291e+02 1.176328400000000101e+03
9.553025999999999840e+02 1.176171299999999974e+03
9.551494999999999891e+02 1.176013799999999947e+03
9.549959999999999809e+02 1.175855999999999995e+03
9.548422000000000480e+02 1.175698000000000093e+03
9.546880999999999631e+02 1.175539600000000064e+03
9.545336999999999534e+02 1.175380799999999908e+03
9.543790999999999940e+02 1.175221800000000030e+03
9.542241000000000213e+02 1.175062500000000000e+03
9.540688000000000102e+02 1.174902800000000070e+03
9.539131999999999607e+02 1.174742899999999963e+03
9.537572999999999865e+02 1.174582599999999957e+03
9.536010999999999740e+02 1.174422000000000025e+03
9.534446000000000367e+02 1.174261099999999942e+03
9.532876999999999725e+02 1.174099899999999934e+03
9.531305999999999585e+02 1.173938400000000001e+03
9.529732000000000198e+02 1.173776599999999917e+03
9.528155000000000427e+02 1.173614399999999932e+03
9.526575000000000273e+02 1.173451999999999998e+03
9.524991999999999734e+02 1.173289299999999912e+03
9.523405999999999949e+02 1.173126199999999926e+03
9.521816999999999780e+02 1.172962800000000016e+03
9.520223999999999478e+02 1.172799099999999953e+03
9.518628999999999678e+02 1.172635199999999941e+03
9.517030999999999494e+02 1.172470900000000029e+03
9.515430000000000064e+02 1.172306299999999965e+03
9.513826000000000249e+02 1.172141399999999976e+03
9.512219000000000051e+02 1.171976100000000088e+03
9.510608999999999469e+02 1.171810600000000022e+03
9.508995999999999640e+02 1.171644800000000032e+03
9.507380000000000564e+02 1.171478699999999890e+03
9.505760999999999967e+02 1.171312200000000075e+03
9.504139000000000124e+02 1.171145500000000084e+03
9.502513999999999896e+02 1.170978399999999965e+03
9.500886000000000422e+02 1.170811099999999897e+03
9.499255000000000564e+02 1.170643399999999929e+03
9.497621000000000322e+02 1.170475400000000036e+03
9.495983999999999696e+02 1.170307199999999966e+03
9.494343999999999824e+02 1.170138599999999997e+03
9.492700999999999567e+02 1.169969700000000103e+03
9.491055999999999813e+02 1.169800500000000056e+03
9.489406999999999925e+02 1.169631000000000085e+03
9.487754999999999654e+02 1.169461199999999963e+03
9.486100999999999885e+02 1.169291099999999915e+03
9.484442999999999984e+02 1.169120799999999917e+03
9.482782999999999447e+02 1.168950100000000020e+03
9.481118999999999915e+02 1.168779099999999971e+03
9.479452999999999747e+02 1.168607700000000023e+03
9.477784000000000333e+02 1.168436099999999897e+03
9.476112000000000535e+02 1.168264200000000073e+03
9.474437000000000353e+02 1.168092000000000098e+03
9.472758000000000038e+02 1.167919499999999971e+03
9.471077000000000226e+02 1.167746699999999919e+03
9.469393999999999778e+02 1.167573599999999942e+03
9.467707000000000335e+02 1.167400200000000041e+03
9.466017000000000507e+02 1.167226499999999987e+03
9.464324000000000296e+02 1.167052500000000009e+03
9.462628999999999451e+02 1.166878099999999904e+03
9.460929999999999609e+02 1.166703500000000076e+03
9.459229000000000269e+02 1.166528600000000097e+03
9.457523999999999660e+02 1.166353399999999965e+03
9.455816999999999553e+02 1.166177899999999909e+03
9.454107000000000198e+02 1.166002099999999928e+03
9.452394000000000460e+02 1.165826000000000022e+03
9.450678000000000338e+02 1.165649599999999964e+03
9.448958999999999833e+02 1.165472899999999981e+03
9.447237999999999829e+02 1.165295900000000074e+03
9.445512999999999693e+02 1.165118600000000015e+03
9.443785000000000309e+02 1.164941000000000031e+03
9.442055000000000291e+02 1.164763099999999895e+03
9.440321999999999889e+02 1.164584900000000061e+03
9.438586000000000240e+02 1.164406400000000076e+03
9.436847000000000207e+02 1.164227699999999913e+03
9.435104999999999791e+02 1.164048600000000079e+03
9.433360000000000127e+02 1.163869200000000092e+03
9.431612000000000080e+02 1.163689499999999953e+03
9.429862000000000535e+02 1.163509600000000091e+03
9.428107999999999720e+02 1.163329300000000103e+03
9.426352000000000544e+02 1.163148799999999937e+03
9.424592999999999847e+02 1.162967900000000100e+03
9.422830999999999904e+02 1.162786800000000085e+03
9.421065999999999576e+02 1.162605399999999918e+03
9.419298000000000002e+02 1.162423600000000079e+03
9.417527999999999793e+02 1.162241600000000062e+03
9.415753999999999451e+02 1.162059299999999894e+03
9.413977999999999611e+02 1.161876700000000028e+03
9.412199000000000524e+02 1.161693800000000010e+03
9.410416999999999916e+02 1.161510600000000068e+03
9.408632000000000062e+02 1.161327099999999973e+03
9.406843999999999824e+02 1.161143299999999954e+03
9.405054000000000087e+02 1.160959299999999985e+03
9.403260000000000218e+02 1.160774899999999889e+03
9.401463999999999714e+02 1.160590300000000070e+03
9.399664999999999964e+02 1.160405299999999897e+03
9.397862999999999829e+02 1.160220100000000002e+03
9.396059000000000196e+02 1.160034599999999955e+03
9.394251000000000431e+02 1.159848700000000008e+03
9.392441000000000031e+02 1.159662600000000111e+03
9.390628000000000384e+02 1.159476200000000063e+03
9.388812000000000353e+02 1.159289600000000064e+03
9.386992999999999938e+02 1.159102599999999939e+03
9.385172000000000025e+02 1.158915299999999888e+03
9.383346999999999980e+02 1.158727799999999888e+03
9.381520000000000437e+02 1.158539899999999989e+03
9.379690000000000509e+02 1.158351799999999912e+03
9.377857000000000198e+02 1.158163399999999911e+03
9.376022000000000389e+02 1.157974699999999984e+03
9.374183000000000447e+02 1.157785699999999906e+03
9.372341999999999871e+02 1.157596399999999903e+03
9.370498000000000047e+02 1.157406799999999976e+03
9.368650999999999840e+02 1.157217000000000098e+03
9.366802000000000135e+02 1.157026800000000094e+03
9.364949000000000296e+02 1.156836399999999912e+03
9.363093999999999824e+02 1.156645700000000033e+03
9.361236000000000104e+02 1.156454700000000003e+03
9.359375000000000000e+02 1.156263400000000047e+03
9.357512000000000398e+02 1.156071799999999939e+03
9.355644999999999527e+02 1.155880000000000109e+03
9.353776000000000295e+02 1.155687799999999925e+03
9.351905000000000427e+02 1.155495400000000018e+03
9.350030000000000427e+02 1.155302699999999959e+03
9.348152999999999793e+02 1.155109699999999975e+03
9.346272000000000162e+02 1.154916400000000067e+03
9.344388999999999896e+02 1.154722800000000007e+03
9.342504000000000133e+02 1.154528900000000021e+03
9.340615000000000236e+02 1.154334800000000087e+03
9.338723999999999705e+02 1.154140400000000000e+03
9.336829999999999927e+02 1.153945699999999988e+03
9.334932999999999765e+02 1.153750700000000052e+03
9.333034000000000106e+02 1.153555399999999963e+03
9.331132000000000062e+02 1.153359899999999925e+03
9.329226999999999634e+02 1.153163999999999987e+03
9.327318999999999960e+02 1.152967900000000100e+03
9.325408999999999651e+02 1.152771500000000060e+03
9.323495000000000346e+02 1.152574800000000096e+03
9.321579000000000406e+02 1.152377899999999954e+03
9.319660999999999831e+02 1.152180599999999913e+03
9.317739000000000260e+02 1.151983099999999922e+03
9.315815000000000055e+02 1.151785300000000007e+03
9.313887999999999465e+02 1.151587199999999939e+03
9.311959000000000515e+02 1.151388799999999947e+03
9.310026000000000295e+02 1.151190200000000004e+03
9.308090999999999440e+02 1.150991199999999935e+03
9.306154000000000224e+02 1.150791999999999916e+03
9.304212999999999738e+02 1.150592499999999973e+03
9.302269999999999754e+02 1.150392800000000079e+03
9.300324000000000524e+02 1.150192700000000059e+03
9.298374999999999773e+02 1.149992400000000089e+03
9.296423999999999523e+02 1.149791799999999967e+03
9.294470000000000027e+02 1.149590899999999920e+03
9.292513000000000147e+02 1.149389699999999948e+03
9.290553999999999633e+02 1.149188300000000027e+03
9.288591000000000122e+02 1.148986599999999953e+03
9.286625999999999976e+02 1.148784599999999955e+03
9.284659000000000333e+02 1.148582300000000032e+03
9.282689000000000306e+02 1.148379799999999932e+03
9.280715999999999894e+02 1.148176899999999932e+03
9.278740000000000236e+02 1.147973799999999983e+03
9.276761999999999944e+02 1.147770500000000084e+03
9.274781000000000404e+02 1.147566800000000057e+03
9.272797000000000480e+02 1.147362900000000081e+03
9.270810000000000173e+02 1.147158699999999953e+03
9.268821000000000367e+02 1.146954199999999901e+03
9.266829999999999927e+02 1.146749399999999923e+03
9.264835000000000491e+02 1.146544399999999996e+03
9.262838000000000420e+02 1.146339099999999917e+03
9.260837999999999965e+02 1.146133499999999913e+03
9.258836000000000013e+02 1.145927599999999984e+03
9.256830999999999676e+02 1.145721500000000106e+03
9.254823000000000093e+02 1.145515100000000075e+03
9.252812000000000126e+02 1.145308399999999892e+03
9.250798999999999523e+02 1.145101400000000012e+03
9.248782999999999674e+02 1.144894199999999955e+03
9.246765000000000327e+02 1.144686699999999973e+03
9.244743999999999460e+02 1.144478900000000067e+03
9.242720000000000482e+02 1.144270899999999983e+03
9.240693999999999733e+02 1.144062599999999975e+03
9.238664999999999736e+02 1.143854000000000042e+03
9.236633000000000493e+02 1.143645099999999957e+03
9.234598999999999478e+02 1.143435999999999922e+03
9.232560999999999467e+02 1.143226599999999962e+03
9.230521999999999707e+02 1.143016900000000078e+03
9.228479999999999563e+02 1.142806900000000041e+03
9.226435000000000173e+02 1.142596700000000055e+03
9.224387000000000398e+02 1.142386199999999917e+03
9.222336999999999989e+02 1.142175400000000081e+03
9.220284000000000333e+02 1.141964400000000069e+03
9.218229000000000042e+02 1.141753099999999904e+03
9.216171000000000504e+02 1.141541500000000042e+03
9.214109999999999445e+02 1.141329700000000003e+03
9.212046000000000276e+02 1.141117500000000064e+03
9.209981000000000222e+02 1.140905199999999923e+03
9.207912000000000035e+02 1.140692500000000109e+03
9.205841000000000349e+02 1.140479599999999891e+03
9.203767000000000280e+02 1.140266399999999976e+03
9.201690999999999576e+02 1.140052899999999909e+03
9.199610999999999876e+02 1.139839199999999892e+03
9.197530000000000427e+02 1.139625199999999950e+03
9.195445999999999458e+02 1.139410900000000083e+03
9.193359000000000378e+02 1.139196400000000040e+03
9.191268999999999778e+02 1.138981600000000071e+03
9.189176999999999680e+02 1.138766499999999951e+03
9.187083000000000084e+02 1.138551200000000108e+03
9.184985000000000355e+02 1.138335600000000113e+03
9.182884999999999991e+02 1.138119699999999966e+03
9.180783000000000129e+02 1.137903600000000097e+03
9.178677999999999884e+02 1.137687200000000075e+03
9.176570000000000391e+02 1.137470499999999902e+03
9.174460000000000264e+02 1.137253600000000006e+03
9.172346999999999753e+02 1.137036399999999958e+03
9.170231999999999744e+02 1.136818899999999985e+03
9.168114000000000487e+02 1.136601200000000063e+03
9.165992999999999711e+02 1.136383199999999988e+03
9.163869999999999436e+02 1.136164899999999989e+03
9.161744999999999663e+02 1.135946400000000040e+03
9.159615999999999758e+02 1.135727599999999939e+03
9.157486000000000104e+02 1.135508499999999913e+03
9.155352000000000317e+02 1.135289199999999937e+03
9.153215999999999894e+02 1.135069600000000037e+03
9.151077999999999975e+02 1.134849799999999959e+03
9.148936999999999671e+02 1.134629699999999957e+03
9.146793000000000120e+02 1.134409300000000030e+03
9.144646999999999935e+02 1.134188699999999926e+03
9.142498000000000502e+02 1.133967799999999897e+03
9.140347000000000435e+02 1.133746599999999944e+03
9.138192999999999984e+02 1.133525200000000041e+03
9.136036000000000286e+02 1.133303499999999985e+03
9.133876999999999953e+02 1.133081500000000005e+03
9.131716000000000122e+02 1.132859300000000076e+03
9.129551999999999907e+02 1.132636799999999994e+03
9.127385000000000446e+02 1.132414099999999962e+03
9.125216000000000349e+02 1.132191100000000006e+03
9.123043999999999869e+02 1.131967900000000100e+03
9.120869999999999891e+02 1.131744300000000067e+03
9.118692999999999529e+02 1.131520600000000059e+03
9.116513999999999669e+02 1.131296499999999924e+03
9.114332000000000562e+02 1.131072200000000066e+03
9.112147999999999683e+02 1.130847700000000032e+03
9.109960999999999558e+02 1.130622800000000097e+03
9.107771000000000186e+02 1.130397799999999961e+03
9.087771000000000186e+02 1.126285699999999906e+03
9.067771000000000186e+02 1.122173500000000104e+03
9.047771000000000186e+02 1.118061400000000049e+03
9.027771000000000186e+02 1.113949299999999994e+03
9.007771000000000186e+02 1.109837199999999939e+03
8.987771000000000186e+02 1.105725100000000111e+03
8.967771000000000186e+02 1.101612900000000081e+03
8.947771000000000186e+02 1.097500800000000027e+03
8.927771000000000186e+02 1.093388699999999972e+03
8.907771000000000186e+02 1.089276599999999917e+03
8.887771000000000186e+02 1.085164500000000089e+03
8.867771000000000186e+02 1.081052400000000034e+03
8.847771000000000186e+02 1.076940200000000004e+03
8.827771000000000186e+02 1.072828099999999949e+03
8.807771000000000186e+02 1.068715999999999894e+03
8.787771000000000186e+02 1.064603900000000067e+03
8.767771000000000186e+02 1.060491800000000012e+03
8.747771000000000186e+02 1.056379599999999982e+03
8.727771000000000186e+02 1.052267499999999927e+03
8.707771000000000186e+02 1.048155400000000100e+03
8.687771000000000186e+02 1.044043300000000045e+03
8.667771000000000186e+02 1.039931199999999990e+03
8.647771000000000186e+02 1.035819099999999935e+03
8.627771000000000186e+02 1.031706899999999905e+03
8.607771000000000186e+02 1.027594800000000077e+03
8.587771000000000186e+02 1.023482700000000023e+03
8.567771000000000186e+02 1.019370599999999968e+03
8.547771000000000186e+02 1.015258500000000026e+03
8.527771000000000186e+02 1.011146299999999997e+03
8.507771000000000186e+02 1.007034200000000055e+03
8.487771000000000186e+02 1.002922100000000000e+03
8.467771000000000186e+02 9.988099999999999454e+02
8.447771000000000186e+02 9.946979000000000042e+02
8.427771000000000186e+02 9.905857999999999493e+02
8.407771000000000186e+02 9.864736000000000331e+02
8.387771000000000186e+02 9.823614999999999782e+02
8.367771000000000186e+02 9.782494000000000369e+02
8.347771000000000186e+02 9.741372999999999820e+02
8.327771000000000186e+02 9.700252000000000407e+02
8.307771000000000186e+02 9.659130000000000109e+02
8.287771000000000186e+02 9.618008999999999560e+02
8.267771000000000186e+02 9.576888000000000147e+02
8.247771000000000186e+02 9.535766999999999598e+02
8.227771000000000186e+02 9.494646000000000186e+02
8.207771000000000186e+02 9.453524999999999636e+02
8.187771000000000186e+02 9.412403000000000475e+02
8.167771000000000186e+02 9.371281999999999925e+02
8.147771000000000186e+02 9.330161000000000513e+02
8.127771000000000186e+02 9.289039999999999964e+02
8.107771000000000186e+02 9.247919000000000551e+02
8.087771000000000186e+02 9.206797000000000253e+02
8.067771000000000186e+02 9.165675999999999704e+02
8.047771000000000186e+02 9.124555000000000291e+02
8.027771000000000186e+02 9.083433999999999742e+02
8.007771000000000186e+02 9.042313000000000329e+02
7.987771000000000186e+02 9.001191999999999780e+02
7.967771000000000186e+02 8.960069999999999482e+02
7.947771000000000186e+02 8.918949000000000069e+02
7.927771000000000186e+02 8.877827999999999520e+02
7.907771000000000186e+02 8.836707000000000107e+02
7.887771000000000186e+02 8.795585999999999558e+02
7.867771000000000186e+02 8.754464000000000397e+02
7.847771000000000186e+02 8.713342999999999847e+02
7.827771000000000186e+02 8.672222000000000435e+02
7.807771000000000186e+02 8.631100999999999885e+02
7.787771000000000186e+02 8.589980000000000473e+02
7.767771000000000186e+02 8.548858999999999924e+02
7.747771000000000186e+02 8.507736999999999625e+02
7.727771000000000186e+02 8.466616000000000213e+02
7.707771000000000186e+02 8.425494999999999663e+02
7.687771000000000186e+02 8.384374000000000251e+02
7.667771000000000186e+02 8.343252999999999702e+02
7.647771000000000186e+02 8.302131000000000540e+02
7.627771000000000186e+02 8.261009999999999991e+02
7.607771000000000186e+02 8.219888999999999442e+02
7.587771000000000186e+02 8.178768000000000029e+02
7.567771000000000186e+02 8.137646999999999480e+02
7.547771000000000186e+02 8.096526000000000067e+02
7.527771000000000186e+02 8.055403999999999769e+02
7.507771000000000186e+02 8.014283000000000357e+02
7.487771000000000186e+02 7.973161999999999807e+02
7.467771000000000186e+02 7.932041000000000395e+02
7.447771000000000186e+02 7.890919999999999845e+02
7.427771000000000186e+02 7.849799000000000433e+02
7.407771000000000186e+02 7.808677000000000135e+02
7.387771000000000186e+02 7.767555999999999585e+02
7.367771000000000186e+02 7.726435000000000173e+02
7.347771000000000186e+02 7.685313999999999623e+02
7.327771000000000186e+02 7.644193000000000211e+02
7.307771000000000186e+02 7.603070999999999913e+02
7.287771000000000186e+02 7.561950000000000500e+02
7.267771000000000186e+02 7.520828999999999951e+02
7.247771000000000186e+02 7.479708000000000538e+02
7.227771000000000186e+02 7.438586999999999989e+02
7.207771000000000186e+02 7.397465999999999440e+02
7.187771000000000186e+02 7.356344000000000278e+02
7.167771000000000186e+02 7.315222999999999729e+02
7.147771000000000186e+02 7.274102000000000317e+02
7.127771000000000186e+02 7.232980999999999767e+02
7.107771000000000186e+02 7.191860000000000355e+02
7.087771000000000186e+02 7.150738000000000056e+02
7.067771000000000186e+02 7.109616999999999507e+02
7.047771000000000186e+02 7.068496000000000095e+02
7.027771000000000186e+02 7.027374999999999545e+02
7.007771000000000186e+02 6.986254000000000133e+02
6.987771000000000186e+02 6.945132999999999583e+02
6.967771000000000186e+02 6.904011000000000422e+02
6.947771000000000186e+02 6.862889999999999873e+02
6.927771000000000186e+02 6.821769000000000460e+02
6.907771000000000186e+02 6.780647999999999911e+02
6.887771000000000186e+02 6.739527000000000498e+02
6.867771000000000186e+02 6.698405000000000200e+02
6.847771000000000186e+02 6.657283999999999651e+02
6.827771000000000186e+02 6.616163000000000238e+02
6.807771000000000186e+02 6.575041999999999689e+02
6.787771000000000186e+02 6.533921000000000276e+02
6.767771000000000186e+02 6.492799999999999727e+02
6.747771000000000186e+02 6.451678000000000566e+02
6.727771000000000186e+02 6.410557000000000016e+02
6.707771000000000186e+02 6.369435999999999467e+02
6.687771000000000186e+02 6.328315000000000055e+02
6.667771000000000186e+02 6.287193999999999505e+02
6.647771000000000186e+02 6.246072000000000344e+02
6.627771000000000186e+02 6.204950999999999794e+02
6.607771000000000186e+02 6.163830000000000382e+02
6.587771000000000186e+02 6.122708999999999833e+02
6.567771000000000186e+02 6.081588000000000420e+02
6.547771000000000186e+02 6.040466999999999871e+02
6.527771000000000186e+02 5.999344999999999573e+02
6.507771000000000186e+02 5.958224000000000160e+02
6.487771000000000186e+02 5.917102999999999611e+02
6.467771000000000186e+02 5.875982000000000198e+02
6.447771000000000186e+02 5.834860999999999649e+02
6.427771000000000186e+02 5.793739000000000487e+02
6.407771000000000186e+02 5.752617999999999938e+02
6.387771000000000186e+02 5.711497000000000526e+02
6.367771000000000186e+02 5.670375999999999976e+02
6.347771000000000186e+02 5.629255000000000564e+02
6.327771000000000186e+02 5.588134000000000015e+02
6.307771000000000186e+02 5.547011999999999716e+02
6.287771000000000186e+02 5.505891000000000304e+02
6.267771000000000186e+02 5.464769999999999754e+02
6.247771000000000186e+02 5.423649000000000342e+02
6.227771000000000186e+02 5.382527999999999793e+02
6.207771000000000186e+02 5.341405999999999494e+02
6.187771000000000186e+02 5.300285000000000082e+02
6.167771000000000186e+02 5.259163999999999533e+02
6.147771000000000186e+02 5.218043000000000120e+02
6.127771000000000186e+02 5.176921999999999571e+02
6.107771000000000186e+02 5.135801000000000158e+02
6.087771000000000186e+02 5.094678999999999860e+02
6.067771000000000186e+02 5.053557999999999879e+02
6.047771000000000186e+02 5.012436999999999898e+02
6.027771000000000186e+02 4.971315999999999917e+02
6.007771000000000186e+02 4.930194999999999936e+02
5.987771000000000186e+02 4.889073000000000206e+02
5.967771000000000186e+02 4.847952000000000226e+02
5.947771000000000186e+02 4.806831000000000245e+02
5.927771000000000186e+02 4.765710000000000264e+02
5.907771000000000186e+02 4.724589000000000283e+02
5.887771000000000186e+02 4.683467999999999734e+02
5.867771000000000186e+02 4.642346000000000004e+02
5.847771000000000186e+02 4.601225000000000023e+02
5.827771000000000186e+02 4.560104000000000042e+02
5.807771000000000186e+02 4.518983000000000061e+02
5.787771000000000186e+02 4.477862000000000080e+02
5.767771000000000186e+02 4.436739999999999782e+02
5.747771000000000186e+02 4.395618999999999801e+02
5.727771000000000186e+02 4.354497999999999820e+02
5.707771000000000186e+02 4.313376999999999839e+02
5.687771000000000186e+02 4.272255999999999858e+02
5.667771000000000186e+02 4.231134999999999877e+02
5.647771000000000186e+02 4.190013000000000147e+02
5.627771000000000186e+02 4.148892000000000166e+02
5.607771000000000186e+02 4.107771000000000186e+02
5.587771000000000186e+02 4.066650000000000205e+02
5.567771000000000186e+02 4.025529000000000224e+02
5.547771000000000186e+02 3.984406999999999925e+02
5.527771000000000186e+02 3.943285999999999945e+02
5.507771000000000186e+02 3.902164999999999964e+02
5.487771000000000186e+02 3.861043999999999983e+02
5.467771000000000186e+02 3.819923000000000002e+02
5.447771000000000186e+02 3.778802000000000021e+02
5.427771000000000186e+02 3.737679999999999723e+02
5.407771000000000186e+02 3.696558999999999742e+02
5.387771000000000186e+02 3.655437999999999761e+02
5.367771000000000186e+02 3.614316999999999780e+02
5.347771000000000186e+02 3.573195999999999799e+02
5.327771000000000186e+02 3.532074999999999818e+02
5.307771000000000186e+02 3.490953000000000088e+02
5.287771000000000186e+02 3.449832000000000107e+02
5.267771000000000186e+02 3.408711000000000126e+02
5.247771000000000186e+02 3.367590000000000146e+02
5.227771000000000186e+02 3.326469000000000165e+02
5.207771000000000186e+02 3.285346999999999866e+02
5.187771000000000186e+02 3.244225999999999885e+02
5.167771000000000186e+02 3.203104999999999905e+02
5.147771000000000186e+02 3.161983999999999924e+02
5.127771000000000186e+02 3.120862999999999943e+02
5.107771000000000186e+02 3.079741999999999962e+02
5.087771000000000186e+02 3.038620000000000232e+02
5.067771000000000186e+02 2.997499000000000251e+02
5.047771000000000186e+02 2.956378000000000270e+02
5.027771000000000186e+02 2.915256999999999721e+02
5.007771000000000186e+02 2.874135999999999740e+02
4.987771000000000186e+02 2.833014000000000010e+02
4.967771000000000186e+02 2.791893000000000029e+02
4.947771000000000186e+02 2.750772000000000048e+02
4.927771000000000186e+02 2.709651000000000067e+02
4.907771000000000186e+02 2.668530000000000086e+02
4.887771000000000186e+02 2.627409000000000106e+02
4.867771000000000186e+02 2.586286999999999807e+02
4.847771000000000186e+02 2.545166000000000111e+02
4.827771000000000186e+02 2.504045000000000130e+02
4.807771000000000186e+02 2.462923999999999864e+02
4.787771000000000186e+02 2.421802999999999884e+02
4.767771000000000186e+02 2.380680999999999869e+02
4.747771000000000186e+02 2.339559999999999889e+02
4.727771000000000186e+02 2.298438999999999908e+02
4.707771000000000186e+02 2.257317999999999927e+02
4.687771000000000186e+02 2.216196999999999946e+02
4.667771000000000186e+02 2.175075999999999965e+02
4.647771000000000186e+02 2.133953999999999951e+02
4.627771000000000186e+02 2.092832999999999970e+02
4.607771000000000186e+02 2.051711999999999989e+02
4.587771000000000186e+02 2.010591000000000008e+02
4.567771000000000186e+02 1.969470000000000027e+02
4.547771000000000186e+02 1.928348000000000013e+02
4.527771000000000186e+02 1.887227000000000032e+02
4.507771000000000186e+02 1.846106000000000051e+02
4.487771000000000186e+02 1.804985000000000070e+02
4.467771000000000186e+02 1.763864000000000090e+02
4.447771000000000186e+02 1.722743000000000109e+02
4.427771000000000186e+02 1.681621000000000095e+02
4.407771000000000186e+02 1.640500000000000114e+02
4.387771000000000186e+02 1.599379000000000133e+02
4.367771000000000186e+02 1.558257999999999868e+02
4.347771000000000186e+02 1.517136999999999887e+02
4.327771000000000186e+02 1.476014999999999873e+02
4.307771000000000186e+02 1.434893999999999892e+02
4.287771000000000186e+02 1.393772999999999911e+02
4.267771000000000186e+02 1.352651999999999930e+02
4.247771000000000186e+02 1.311530999999999949e+02
4.227771000000000186e+02 1.270409999999999968e+02
4.207771000000000186e+02 1.229287999999999954e+02
4.187771000000000186e+02 1.188166999999999973e+02
4.167771000000000186e+02 1.147045999999999992e+02
4.147771000000000186e+02 1.105925000000000011e+02
4.127771000000000186e+02 1.064804000000000030e+02
4.107771000000000186e+02 1.023682000000000016e+02
4.087771000000000186e+02 9.825610000000000355e+01
4.067771000000000186e+02 9.414400000000000546e+01
4.047771000000000186e+02 9.003189999999999316e+01
4.027771000000000186e+02 8.591979999999999507e+01
4.007771000000000186e+02 8.180769999999999698e+01
3.987771000000000186e+02 7.769549999999999557e+01
3.967771000000000186e+02 7.358339999999999748e+01
