3.668000000000000000e+03 5.929974301695727945e+01
3.704679999999999836e+03 6.002195459582326009e+01
3.741360000000000127e+03 6.074489668835272482e+01
3.778039999999999964e+03 6.146857005607610347e+01
3.814720000000000255e+03 6.219297537262079345e+01
3.851400000000000091e+03 6.291811345855963111e+01
3.888080000000000382e+03 6.364398512901655636e+01
3.924760000000000218e+03 6.437058934384005227e+01
3.961440000000000055e+03 6.509792693072132863e+01
3.998120000000000346e+03 6.582600029996407898e+01
4.034800000000000182e+03 6.655465019358466350e+01
4.071479999999999563e+03 6.728315410953963749e+01
4.108159999999999854e+03 6.801236121158406434e+01
4.144839999999999236e+03 6.874227194965995125e+01
4.181519999999999527e+03 6.947288668093587205e+01
4.218199999999999818e+03 7.020420577172463084e+01
4.254880000000000109e+03 7.093622964370071315e+01
4.291559999999999491e+03 7.166895859209418518e+01
4.328239999999999782e+03 7.240239298261522549e+01
4.364920000000000073e+03 7.313653317855553837e+01
4.401599999999999454e+03 7.387137904267264332e+01
4.438279999999999745e+03 7.460794216902634446e+01
4.474960000000000036e+03 7.534547531549210930e+01
4.511640000000000327e+03 7.608375460163553328e+01
4.548319999999999709e+03 7.682278089032755020e+01
4.585000000000000000e+03 7.756255505481887269e+01
4.621680000000000291e+03 7.830307797743215303e+01
4.658359999999999673e+03 7.904435052813880702e+01
4.695039999999999964e+03 7.978639306935568243e+01
4.731720000000000255e+03 8.052921572222152236e+01
4.768400000000000546e+03 8.127279271416658446e+01
4.805079999999999927e+03 8.201751509967149900e+01
4.841760000000000218e+03 8.276349488993986370e+01
4.878440000000000509e+03 8.351026154713717631e+01
4.915119999999999891e+03 8.425782061246761145e+01
4.951800000000000182e+03 8.500617031235989884e+01
4.988480000000000473e+03 8.575531142614029534e+01
5.025160000000000764e+03 8.650524541044549665e+01
5.061840000000000146e+03 8.725607027149200690e+01
5.098520000000000437e+03 8.800807544355232892e+01
5.135200000000000728e+03 8.876089285982212118e+01
5.171880000000000109e+03 8.951465396979456557e+01
5.208560000000000400e+03 9.026945851087815242e+01
5.245240000000000691e+03 9.102509328583317938e+01
5.281920000000000982e+03 9.178156000646626467e+01
5.318600000000000364e+03 9.253886081332719016e+01
5.355280000000000655e+03 9.329699784300790100e+01
5.391960000000000946e+03 9.405597325609954851e+01
5.428640000000000327e+03 9.481578923842765505e+01
5.465320000000000618e+03 9.557644802507347492e+01
5.502000000000000909e+03 9.633795183747177759e+01
5.538680000000001201e+03 9.710030305364931280e+01
5.575360000000000582e+03 9.786350431936301675e+01
5.612040000000000873e+03 9.862755755893543608e+01
5.648720000000001164e+03 9.939246511812061158e+01
5.685400000000000546e+03 1.001582293706070459e+02
5.722080000000000837e+03 1.009248527185638551e+02
5.758760000000001128e+03 1.016923375932002784e+02
5.795440000000001419e+03 1.024606860665097656e+02
5.832120000000000800e+03 1.032299007379505156e+02
5.868800000000001091e+03 1.039999844300380971e+02
5.905480000000001382e+03 1.047709396979143577e+02
5.942160000000000764e+03 1.055427691289222594e+02
5.978840000000001055e+03 1.063154753432847031e+02
6.015520000000001346e+03 1.070890609948121863e+02
6.052200000000001637e+03 1.078635287716305697e+02
6.088880000000001019e+03 1.086388813969349769e+02
6.125560000000001310e+03 1.094151232677376129e+02
6.162240000000001601e+03 1.101922563307001042e+02
6.198920000000000982e+03 1.109702828257389058e+02
6.235600000000001273e+03 1.117492056650244479e+02
6.272280000000001564e+03 1.125290282056616888e+02
6.308960000000001855e+03 1.133097529611764145e+02
6.345640000000001237e+03 1.140913829346700510e+02
6.382320000000001528e+03 1.148739211718660442e+02
6.419000000000001819e+03 1.156583447653454186e+02
6.455680000000002110e+03 1.164440200171399340e+02
6.492360000000001492e+03 1.172306565474750073e+02
6.529040000000001783e+03 1.180182587385903332e+02
6.565720000000002074e+03 1.188068310600682764e+02
6.602400000000001455e+03 1.195963780719327474e+02
6.639080000000001746e+03 1.203869044279104230e+02
6.675760000000002037e+03 1.211784148788630944e+02
6.712440000000002328e+03 1.219709428004234724e+02
6.749120000000001710e+03 1.227644726355410114e+02
6.785800000000002001e+03 1.235590030257859411e+02
6.822480000000002292e+03 1.243545392110640222e+02
6.859160000000001673e+03 1.251510865517035427e+02
6.895840000000001965e+03 1.259486505334174353e+02
6.932520000000002256e+03 1.267472367725694369e+02
6.969200000000002547e+03 1.275468510217579308e+02
7.005880000000001928e+03 1.283474991757540806e+02
7.042560000000002219e+03 1.291491872778106256e+02
7.079240000000002510e+03 1.299519215263870819e+02
7.115920000000001892e+03 1.307557082823095129e+02
7.152600000000002183e+03 1.315605540764155705e+02
7.189280000000002474e+03 1.323664666515630302e+02
7.225960000000002765e+03 1.331734617550243627e+02
7.262640000000002146e+03 1.339815375052030504e+02
7.299320000000002437e+03 1.347907012627322274e+02
7.336000000000003638e+03 1.356013159374469694e+02
7.345170000000000982e+03 1.358038240693560397e+02
7.354340000000002874e+03 1.360066758415517825e+02
7.354913125000002765e+03 1.360193565406871983e+02
7.355486250000001746e+03 1.360320489522599132e+02
7.356059375000002547e+03 1.360447221365672021e+02
7.356131015625002874e+03 1.360463063029479827e+02
7.356202656250003201e+03 1.360478891802129624e+02
7.356274296875002619e+03 1.360494743702038249e+02
7.356283251953127547e+03 1.360496726700411614e+02
7.356292207031253383e+03 1.360498706922080032e+02
7.356293326416020136e+03 1.360498954449831785e+02
7.356293886108401239e+03 1.360499078213710789e+02
7.356293888294699173e+03 1.360499078697164350e+02
