3.668000000000000000e+03 3.385445785357136828e+01
3.704679999999999836e+03 3.389891272065421646e+01
3.741360000000000127e+03 3.394297542057520900e+01
3.778039999999999964e+03 3.398664542425149904e+01
3.814720000000000255e+03 3.402994683461063374e+01
3.851400000000000091e+03 3.407286533553304508e+01
3.888080000000000382e+03 3.411539012660812631e+01
3.924760000000000218e+03 3.415760809064271797e+01
3.961440000000000055e+03 3.419951346007370319e+01
3.998120000000000346e+03 3.424102688777715287e+01
4.034800000000000182e+03 3.428152653064289979e+01
4.071479999999999563e+03 3.431826583415488585e+01
4.108159999999999854e+03 3.435460671480456085e+01
4.144839999999999236e+03 3.439052617474662554e+01
4.181519999999999527e+03 3.442602366166604355e+01
4.218199999999999818e+03 3.446109780837749526e+01
4.254880000000000109e+03 3.449574149793575373e+01
4.291559999999999491e+03 3.452996235832603134e+01
4.328239999999999782e+03 3.456375981395702013e+01
4.364920000000000073e+03 3.459713193169348955e+01
4.401599999999999454e+03 3.462993150987920643e+01
4.438279999999999745e+03 3.466572704406321037e+01
4.474960000000000036e+03 3.470186574228107901e+01
4.511640000000000327e+03 3.473759764306749531e+01
4.548319999999999709e+03 3.477292189421871171e+01
4.585000000000000000e+03 3.480783492939708879e+01
4.621680000000000291e+03 3.484233190712673434e+01
4.658359999999999673e+03 3.487641782066185669e+01
4.695039999999999964e+03 3.491005856345214653e+01
4.731720000000000255e+03 3.494320787181044352e+01
4.768400000000000546e+03 3.497544923772379377e+01
4.805079999999999927e+03 3.500863220257137698e+01
4.841760000000000218e+03 3.504328010044945074e+01
4.878440000000000509e+03 3.507752485310375334e+01
4.915119999999999891e+03 3.511121425249866945e+01
4.951800000000000182e+03 3.514446024774358079e+01
4.988480000000000473e+03 3.517728858761526567e+01
5.025160000000000764e+03 3.520969956541271983e+01
5.061840000000000146e+03 3.524238191031249556e+01
5.098520000000000437e+03 3.527734236705258297e+01
5.135200000000000728e+03 3.531189938630279102e+01
5.171880000000000109e+03 3.534633537320911501e+01
5.208560000000000400e+03 3.538075396252419580e+01
5.245240000000000691e+03 3.541460571092672183e+01
5.281920000000000982e+03 3.544797912244171556e+01
5.318600000000000364e+03 3.548088424155836407e+01
5.355280000000000655e+03 3.551331694321692822e+01
5.391960000000000946e+03 3.554527301533600081e+01
5.428640000000000327e+03 3.557674787513809633e+01
5.465320000000000618e+03 3.560772903845967363e+01
5.502000000000000909e+03 3.563821754824159882e+01
5.538680000000001201e+03 3.566817206800448048e+01
5.575360000000000582e+03 3.569748190348298778e+01
5.612040000000000873e+03 3.572627015031242337e+01
5.648720000000001164e+03 3.575453146495953405e+01
5.685400000000000546e+03 3.578226038420912403e+01
5.722080000000000837e+03 3.580945132173554413e+01
5.758760000000001128e+03 3.583609856454481246e+01
5.795440000000001419e+03 3.586224509177235831e+01
5.832120000000000800e+03 3.588786890243194705e+01
5.868800000000001091e+03 3.591292549841593740e+01
5.905480000000001382e+03 3.593740843286128239e+01
5.942160000000000764e+03 3.596131110659712959e+01
5.978840000000001055e+03 3.598462676346429134e+01
6.015520000000001346e+03 3.600734848544846756e+01
6.052200000000001637e+03 3.602946918761439576e+01
6.088880000000001019e+03 3.605098161283372349e+01
6.125560000000001310e+03 3.607159418811656337e+01
6.162240000000001601e+03 3.609144923497721891e+01
6.198920000000000982e+03 3.611064272690824595e+01
6.235600000000001273e+03 3.612916211196085925e+01
6.272280000000001564e+03 3.614695006698702429e+01
6.308960000000001855e+03 3.616404656135432560e+01
6.345640000000001237e+03 3.618044171199375825e+01
6.382320000000001528e+03 3.619612536429218608e+01
6.419000000000001819e+03 3.621175268300915917e+01
6.455680000000002110e+03 3.622679675498661567e+01
6.492360000000001492e+03 3.624103010724318352e+01
6.529040000000001783e+03 3.625443649827552406e+01
6.565720000000002074e+03 3.626699914078243125e+01
6.602400000000001455e+03 3.627870067693437051e+01
6.639080000000001746e+03 3.628952315219103752e+01
6.675760000000002037e+03 3.629944798756131519e+01
6.712440000000002328e+03 3.630839206844059674e+01
6.749120000000001710e+03 3.631637435128684643e+01
6.785800000000002001e+03 3.632338730788852388e+01
6.822480000000002292e+03 3.632940879754827534e+01
6.859160000000001673e+03 3.633441584484317843e+01
6.895840000000001965e+03 3.633838459675578036e+01
6.932520000000002256e+03 3.634129027694866920e+01
6.969200000000002547e+03 3.634310713694706862e+01
7.005880000000001928e+03 3.634380840396868706e+01
7.042560000000002219e+03 3.634336622511747805e+01
7.079240000000002510e+03 3.634175160762399059e+01
7.115920000000001892e+03 3.633893435478580614e+01
7.152600000000002183e+03 3.633488299722336023e+01
7.189280000000002474e+03 3.632946751387428463e+01
7.225960000000002765e+03 3.632183413721529774e+01
7.262640000000002146e+03 3.631280312763575324e+01
7.299320000000002437e+03 3.630233412189016207e+01
7.336000000000003638e+03 3.625951317964049281e+01
7.345170000000000982e+03 3.627605293664260699e+01
7.354340000000002874e+03 3.626874332613930108e+01
7.354913125000002765e+03 3.626826912499669220e+01
7.355486250000001746e+03 3.626681011952923228e+01
7.356059375000002547e+03 3.626702834449559987e+01
7.356131015625002874e+03 3.626705563893390405e+01
7.356202656250003201e+03 3.626719417695051106e+01
7.356274296875002619e+03 3.626713412880834397e+01
7.356283251953127547e+03 3.626711365171255608e+01
7.356292207031253383e+03 3.626711706474205954e+01
7.356293326416020136e+03 3.626711749137470520e+01
7.356293886108401239e+03 3.626711770469142238e+01
7.356293888294699173e+03 3.626711770552467584e+01
