3.668000000000000000e+03 2.772173963230169491e+01
3.704679999999999836e+03 2.767064007695809025e+01
3.741360000000000127e+03 2.761919799507662532e+01
3.778039999999999964e+03 2.756741237936934041e+01
3.814720000000000255e+03 2.751534918788857098e+01
3.851400000000000091e+03 2.746297008466000378e+01
3.888080000000000382e+03 2.741024621425526320e+01
3.924760000000000218e+03 2.735718972478066036e+01
3.961440000000000055e+03 2.730379878009520311e+01
3.998120000000000346e+03 2.725006043818486745e+01
4.034800000000000182e+03 2.719598679597031676e+01
4.071479999999999563e+03 2.714163613238715556e+01
4.108159999999999854e+03 2.708700083912416545e+01
4.144839999999999236e+03 2.703201710039800432e+01
4.181519999999999527e+03 2.697668382466281400e+01
4.218199999999999818e+03 2.692099666744349662e+01
4.254880000000000109e+03 2.686492742088216445e+01
4.291559999999999491e+03 2.680850740130529886e+01
4.328239999999999782e+03 2.675173550476345596e+01
4.364920000000000073e+03 2.669460991425973972e+01
4.401599999999999454e+03 2.663705379029188336e+01
4.438279999999999745e+03 2.657901104091104827e+01
4.474960000000000036e+03 2.652053747233644287e+01
4.511640000000000327e+03 2.646169947303978631e+01
4.548319999999999709e+03 2.640249574190574933e+01
4.585000000000000000e+03 2.634291973631305694e+01
4.621680000000000291e+03 2.628296220538542727e+01
4.658359999999999673e+03 2.622263305465405026e+01
4.695039999999999964e+03 2.616190517058652176e+01
4.731720000000000255e+03 2.610070198979164147e+01
4.768400000000000546e+03 2.603894134974215646e+01
4.805079999999999927e+03 2.597674331361166367e+01
4.841760000000000218e+03 2.591408867718771702e+01
4.878440000000000509e+03 2.585103287403349626e+01
4.915119999999999891e+03 2.578755153531018962e+01
4.951800000000000182e+03 2.572364723109875229e+01
4.988480000000000473e+03 2.565932670942345339e+01
5.025160000000000764e+03 2.559459241093668069e+01
5.061840000000000146e+03 2.552944284515955076e+01
5.098520000000000437e+03 2.546387078135779447e+01
5.135200000000000728e+03 2.539786546264787503e+01
5.171880000000000109e+03 2.533135349757307608e+01
5.208560000000000400e+03 2.526409092847401539e+01
5.245240000000000691e+03 2.519611673365137250e+01
5.281920000000000982e+03 2.512764213912117484e+01
5.318600000000000364e+03 2.505867462040064808e+01
5.355280000000000655e+03 2.498921046981464045e+01
5.391960000000000946e+03 2.491924591565518199e+01
5.428640000000000327e+03 2.484877656972080828e+01
5.465320000000000618e+03 2.477778227830908619e+01
5.502000000000000909e+03 2.470626951614171318e+01
5.538680000000001201e+03 2.463416046286686623e+01
5.575360000000000582e+03 2.456123487477226064e+01
5.612040000000000873e+03 2.448774302630892308e+01
5.648720000000001164e+03 2.441367963567531163e+01
5.685400000000000546e+03 2.433903931882885985e+01
5.722080000000000837e+03 2.426381658679711606e+01
5.758760000000001128e+03 2.418800584289373035e+01
5.795440000000001419e+03 2.411174962108650988e+01
5.832120000000000800e+03 2.403499591446419004e+01
5.868800000000001091e+03 2.395762302645179176e+01
5.905480000000001382e+03 2.387962445185071658e+01
5.942160000000000764e+03 2.380099354957948776e+01
5.978840000000001055e+03 2.372172353878849194e+01
6.015520000000001346e+03 2.364180749482821753e+01
6.052200000000001637e+03 2.356123834506300341e+01
6.088880000000001019e+03 2.348000886452451041e+01
6.125560000000001310e+03 2.339741851616956936e+01
6.162240000000001601e+03 2.331382967937366502e+01
6.198920000000000982e+03 2.322948879253351961e+01
6.235600000000001273e+03 2.314437490725882896e+01
6.272280000000001564e+03 2.305832885931118170e+01
6.308960000000001855e+03 2.297149436642952836e+01
6.345640000000001237e+03 2.288386035909404725e+01
6.382320000000001528e+03 2.279541547754340769e+01
6.419000000000001819e+03 2.270753278048076851e+01
6.455680000000002110e+03 2.261922496281889039e+01
6.492360000000001492e+03 2.253005065779758809e+01
6.529040000000001783e+03 2.243999618170526134e+01
6.565720000000002074e+03 2.234904745422333150e+01
6.602400000000001455e+03 2.225718998212665056e+01
6.639080000000001746e+03 2.216440884209914230e+01
6.675760000000002037e+03 2.207068866260458861e+01
6.712440000000002328e+03 2.197656496731609010e+01
6.749120000000001710e+03 2.188157311760052082e+01
6.785800000000002001e+03 2.178556432894469452e+01
6.822480000000002292e+03 2.168851975676977162e+01
6.859160000000001673e+03 2.159041992864966630e+01
6.895840000000001965e+03 2.149124471455512264e+01
6.932520000000002256e+03 2.139097329523967161e+01
6.969200000000002547e+03 2.128958412862295546e+01
7.005880000000001928e+03 2.118705491401258811e+01
7.042560000000002219e+03 2.108336255399088088e+01
7.079240000000002510e+03 2.097848311377622821e+01
7.115920000000001892e+03 2.087239177784959665e+01
7.152600000000002183e+03 2.076506280361560286e+01
7.189280000000002474e+03 2.065625409433424053e+01
7.225960000000002765e+03 2.054412178576159320e+01
7.262640000000002146e+03 2.043053372418097169e+01
7.299320000000002437e+03 2.031545365944359460e+01
7.336000000000003638e+03 2.013196988725646008e+01
7.345170000000000982e+03 2.014534287308112326e+01
7.354340000000002874e+03 2.010720778417448074e+01
7.354913125000002765e+03 2.010479070081035147e+01
7.355486250000001746e+03 2.010024320273681653e+01
7.356059375000002547e+03 2.009932529556292735e+01
7.356131015625002874e+03 2.009921062250861468e+01
7.356202656250003201e+03 2.009933665656278379e+01
7.356274296875002619e+03 2.009903301151983612e+01
7.356283251953127547e+03 2.009896699061168590e+01
7.356292207031253383e+03 2.009895266137277048e+01
7.356293326416020136e+03 2.009895087023392435e+01
7.356293886108401239e+03 2.009894997466581046e+01
7.356293888294699173e+03 2.009894997116750659e+01
