3.668000000000000000e+03 5.695097320991367340e+00
3.704679999999999836e+03 6.113741238186317872e+00
3.741360000000000127e+03 6.532933338958389236e+00
3.778039999999999964e+03 6.952675001411363631e+00
3.814720000000000255e+03 7.372967611142591693e+00
3.851400000000000091e+03 7.793812561297604802e+00
3.888080000000000382e+03 8.215211252625760352e+00
3.924760000000000218e+03 8.566460798624293105e+00
3.961440000000000055e+03 8.853670516951343217e+00
3.998120000000000346e+03 9.141145494398557503e+00
4.034800000000000182e+03 9.428886167204513669e+00
4.071479999999999563e+03 9.716892973604302597e+00
4.108159999999999854e+03 1.000516635384135178e+01
4.144839999999999236e+03 1.029370675017977632e+01
4.181519999999999527e+03 1.058251460691790058e+01
4.218199999999999818e+03 1.087159037039925380e+01
4.254880000000000109e+03 1.116093448902644703e+01
4.291559999999999491e+03 1.145054741327333758e+01
4.328239999999999782e+03 1.174042959569838551e+01
4.364920000000000073e+03 1.203058149095700813e+01
4.401599999999999454e+03 1.232100355581527751e+01
4.438279999999999745e+03 1.261169624916226262e+01
4.474960000000000036e+03 1.290266003202507150e+01
4.511640000000000327e+03 1.319389536757985937e+01
4.548319999999999709e+03 1.348540272116822081e+01
4.585000000000000000e+03 1.377718256030784971e+01
4.621680000000000291e+03 1.406923535470876985e+01
4.658359999999999673e+03 1.436156157628618679e+01
4.695039999999999964e+03 1.465416169917435774e+01
4.731720000000000255e+03 1.494703619974147735e+01
4.768400000000000546e+03 1.524018555660268603e+01
4.805079999999999927e+03 1.553365368427409798e+01
4.841760000000000218e+03 1.582750542527515947e+01
4.878440000000000509e+03 1.612163816936297778e+01
4.915119999999999891e+03 1.641613891150846527e+01
4.951800000000000182e+03 1.671093880027123291e+01
4.988480000000000473e+03 1.700602428668130628e+01
5.025160000000000764e+03 1.730139598372256771e+01
5.061840000000000146e+03 1.760356219472438610e+01
5.098520000000000437e+03 1.793147205519947818e+01
5.135200000000000728e+03 1.825989452001163116e+01
5.171880000000000109e+03 1.886110490225945568e+01
5.208560000000000400e+03 1.992538214782477723e+01
5.245240000000000691e+03 2.099421390901062168e+01
5.281920000000000982e+03 2.206764765112310300e+01
5.318600000000000364e+03 2.314573343166859232e+01
5.355280000000000655e+03 2.422852308773423147e+01
5.391960000000000946e+03 2.531606947913546790e+01
5.428640000000000327e+03 2.640842652656539968e+01
5.465320000000000618e+03 2.750564949993146513e+01
5.502000000000000909e+03 2.860779430217455754e+01
5.538680000000001201e+03 2.971491946713714327e+01
5.575360000000000582e+03 3.082708712392231831e+01
5.612040000000000873e+03 3.194435242038805711e+01
5.648720000000001164e+03 3.306677625366344131e+01
5.685400000000000546e+03 3.419442080188527910e+01
5.722080000000000837e+03 3.532734956202376964e+01
5.758760000000001128e+03 3.646562738915471868e+01
5.795440000000001419e+03 3.760931991838248223e+01
5.832120000000000800e+03 3.875849511115159629e+01
5.868800000000001091e+03 3.991322265735585972e+01
5.905480000000001382e+03 4.107357327778605338e+01
5.942160000000000764e+03 4.223961927248394943e+01
5.978840000000001055e+03 4.341143457034579001e+01
6.015520000000001346e+03 4.458909478074522781e+01
6.052200000000001637e+03 4.577267724728095288e+01
6.088880000000001019e+03 4.696226110376550622e+01
6.125560000000001310e+03 4.815793549274383167e+01
6.162240000000001601e+03 4.935977926273672978e+01
6.198920000000000982e+03 5.056787437496249993e+01
6.235600000000001273e+03 5.178230784034767709e+01
6.272280000000001564e+03 5.300316924578236666e+01
6.308960000000001855e+03 5.423054936509367963e+01
6.345640000000001237e+03 5.546454173251530761e+01
6.382320000000001528e+03 5.670524222149451532e+01
6.419000000000001819e+03 5.804570677721392968e+01
6.455680000000002110e+03 5.942330727370622157e+01
6.492360000000001492e+03 6.080982010709236363e+01
6.529040000000001783e+03 6.220540597464098909e+01
6.565720000000002074e+03 6.361023060469013046e+01
6.602400000000001455e+03 6.502446498055670077e+01
6.639080000000001746e+03 6.644828557747024433e+01
6.675760000000002037e+03 6.788187461348826446e+01
6.712440000000002328e+03 6.932799954249546204e+01
6.749120000000001710e+03 7.078494740734254265e+01
6.785800000000002001e+03 7.225233082113268779e+01
6.822480000000002292e+03 7.373036096795331673e+01
6.859160000000001673e+03 7.521925644719301829e+01
6.895840000000001965e+03 7.671924364495059478e+01
6.932520000000002256e+03 7.823055712983311594e+01
6.969200000000002547e+03 7.975344007514641476e+01
7.005880000000001928e+03 8.128814470967247985e+01
7.042560000000002219e+03 8.283493279943016319e+01
7.079240000000002510e+03 8.439407616310428750e+01
7.115920000000001892e+03 8.596585722405683327e+01
7.152600000000002183e+03 8.755056960215657114e+01
7.189280000000002474e+03 8.914855730967794045e+01
7.225960000000002765e+03 9.076046706229899996e+01
7.262640000000002146e+03 9.238629423906044735e+01
7.299320000000002437e+03 9.402638644716367367e+01
7.336000000000003638e+03 9.569530603468606955e+01
7.345170000000000982e+03 9.610209351025490321e+01
7.354340000000002874e+03 9.652084331318121713e+01
7.354913125000002765e+03 9.654705314783700487e+01
7.355486250000001746e+03 9.657372556423186438e+01
7.356059375000002547e+03 9.659961969415628857e+01
7.356131015625002874e+03 9.660285669449913826e+01
7.356202656250003201e+03 9.660604188456217400e+01
7.356274296875002619e+03 9.660931971303568844e+01
7.356283251953127547e+03 9.660973549295989926e+01
7.356292207031253383e+03 9.661014013547854518e+01
7.356293326416020136e+03 9.661019071585006657e+01
7.356293886108401239e+03 9.661021600604163950e+01
7.356293888294699173e+03 9.661021610483123823e+01
