3.668000000000000000e+03 1.020633412577232058e+00
3.704679999999999836e+03 1.020556849440613201e+00
3.741360000000000127e+03 1.020480240892316814e+00
3.778039999999999964e+03 1.020403586787564043e+00
3.814720000000000255e+03 1.020326888188808123e+00
3.851400000000000091e+03 1.020250144292370598e+00
3.888080000000000382e+03 1.020173354450077285e+00
3.924760000000000218e+03 1.020096518359390636e+00
3.961440000000000055e+03 1.020019635875121233e+00
3.998120000000000346e+03 1.019942706979229508e+00
4.034800000000000182e+03 1.019865731360665606e+00
4.071479999999999563e+03 1.019788708168276825e+00
4.108159999999999854e+03 1.019711640153325050e+00
4.144839999999999236e+03 1.019634525133123359e+00
4.181519999999999527e+03 1.019557362944310208e+00
4.218199999999999818e+03 1.019480154019211993e+00
4.254880000000000109e+03 1.019402903705394436e+00
4.291559999999999491e+03 1.019325606284764429e+00
4.328239999999999782e+03 1.019248261598405536e+00
4.364920000000000073e+03 1.019170869483895014e+00
4.401599999999999454e+03 1.019093429615333113e+00
4.438279999999999745e+03 1.019015942217693871e+00
4.474960000000000036e+03 1.018938406904908556e+00
4.511640000000000327e+03 1.018860823513717095e+00
4.548319999999999709e+03 1.018783191873322558e+00
4.585000000000000000e+03 1.018705510715222973e+00
4.621680000000000291e+03 1.018627778378865312e+00
4.658359999999999673e+03 1.018549997143788133e+00
4.695039999999999964e+03 1.018472165904998006e+00
4.731720000000000255e+03 1.018394282869345302e+00
4.768400000000000546e+03 1.018316350470542142e+00
4.805079999999999927e+03 1.018238369177626446e+00
4.841760000000000218e+03 1.018160338427476663e+00
4.878440000000000509e+03 1.018082257526127909e+00
4.915119999999999891e+03 1.018004125702852924e+00
4.951800000000000182e+03 1.017925943900310770e+00
4.988480000000000473e+03 1.017847709259642075e+00
5.025160000000000764e+03 1.017769422849992500e+00
5.061840000000000146e+03 1.017691085127895301e+00
5.098520000000000437e+03 1.017612695807513790e+00
5.135200000000000728e+03 1.017534254524015802e+00
5.171880000000000109e+03 1.017455762351230142e+00
5.208560000000000400e+03 1.017377207708882292e+00
5.245240000000000691e+03 1.017298486577885797e+00
5.281920000000000982e+03 1.017219669782717828e+00
5.318600000000000364e+03 1.017140793273308530e+00
5.355280000000000655e+03 1.017061856669098319e+00
5.391960000000000946e+03 1.016982859583319243e+00
5.428640000000000327e+03 1.016903801383865824e+00
5.465320000000000618e+03 1.016824675863819305e+00
5.502000000000000909e+03 1.016745488329640956e+00
5.538680000000001201e+03 1.016598145309426826e+00
5.575360000000000582e+03 1.016200575183246357e+00
5.612040000000000873e+03 1.015800164608035461e+00
5.648720000000001164e+03 1.015396883815862905e+00
5.685400000000000546e+03 1.014990702477135409e+00
5.722080000000000837e+03 1.014581589685670027e+00
5.758760000000001128e+03 1.014169513943248946e+00
5.795440000000001419e+03 1.013749933297934058e+00
5.832120000000000800e+03 1.013323741114694032e+00
5.868800000000001091e+03 1.012894278191996067e+00
5.905480000000001382e+03 1.012461505306218257e+00
5.942160000000000764e+03 1.012025382423414888e+00
5.978840000000001055e+03 1.011585868675930922e+00
6.015520000000001346e+03 1.011142922338134964e+00
6.052200000000001637e+03 1.010696500801239184e+00
6.088880000000001019e+03 1.010246560547153782e+00
6.125560000000001310e+03 1.009789751683600079e+00
6.162240000000001601e+03 1.009327892962819107e+00
6.198920000000000982e+03 1.008862167994728720e+00
6.235600000000001273e+03 1.008392504190524397e+00
6.272280000000001564e+03 1.007918613910091965e+00
6.308960000000001855e+03 1.007440673287141264e+00
6.345640000000001237e+03 1.006958621431166989e+00
6.382320000000001528e+03 1.006472395843030831e+00
6.419000000000001819e+03 1.005982140508006717e+00
6.455680000000002110e+03 1.005487638312757115e+00
6.492360000000001492e+03 1.004988755822413538e+00
6.529040000000001783e+03 1.004485422594027177e+00
6.565720000000002074e+03 1.003977566190324300e+00
6.602400000000001455e+03 1.003465112099162226e+00
6.639080000000001746e+03 1.002947983648706076e+00
6.675760000000002037e+03 1.002426101918058032e+00
6.712440000000002328e+03 1.001894744350031674e+00
6.749120000000001710e+03 1.001357168204412895e+00
6.785800000000002001e+03 1.000814332371585902e+00
6.822480000000002292e+03 1.000266137436953029e+00
6.859160000000001673e+03 9.997124807031149141e-01
6.895840000000001965e+03 9.991532560354159376e-01
6.932520000000002256e+03 9.985883536979666131e-01
6.969200000000002547e+03 9.980176601794096269e-01
7.005880000000001928e+03 9.974410580076378263e-01
7.042560000000002219e+03 9.968584255525863025e-01
7.079240000000002510e+03 9.962696368161446658e-01
7.115920000000001892e+03 9.956745612081456809e-01
7.152600000000002183e+03 9.950730633072772946e-01
7.189280000000002474e+03 9.944008048246005815e-01
7.225960000000002765e+03 9.931329376568734935e-01
7.262640000000002146e+03 9.918493561096839439e-01
7.299320000000002437e+03 9.905496346635093152e-01
7.336000000000003638e+03 9.887224667095714237e-01
7.345170000000000982e+03 9.887341681839668661e-01
7.354340000000002874e+03 9.883420325885802216e-01
7.354913125000002765e+03 9.883172913330491305e-01
7.355486250000001746e+03 9.882758208861728288e-01
7.356059375000002547e+03 9.882628632976458993e-01
7.356131015625002874e+03 9.882612443688076898e-01
7.356202656250003201e+03 9.882615160665114695e-01
7.356274296875002619e+03 9.882584130209145501e-01
7.356283251953127547e+03 9.882578047145508249e-01
7.356292207031253383e+03 9.882576024060882869e-01
7.356293326416020136e+03 9.882575771177191104e-01
7.356293886108401239e+03 9.882575644735503984e-01
7.356293888294699173e+03 9.882575644241592405e-01
