3.668000000000000000e+03 9.459824732920096846e-01
3.704679999999999836e+03 9.457078159938836492e-01
3.741360000000000127e+03 9.454326819011208416e-01
3.778039999999999964e+03 9.451570699394156172e-01
3.814720000000000255e+03 9.448809776783705372e-01
3.851400000000000091e+03 9.446044047506192420e-01
3.888080000000000382e+03 9.443273506223958114e-01
3.924760000000000218e+03 9.440498145651299300e-01
3.961440000000000055e+03 9.437717954679997190e-01
3.998120000000000346e+03 9.434932919033743870e-01
4.034800000000000182e+03 9.432143031407532741e-01
4.071479999999999563e+03 9.429348297632689224e-01
4.108159999999999854e+03 9.426548643833267960e-01
4.144839999999999236e+03 9.423744100418977032e-01
4.181519999999999527e+03 9.420934656158741483e-01
4.218199999999999818e+03 9.418120262770153239e-01
4.254880000000000109e+03 9.415300578339286242e-01
4.291559999999999491e+03 9.412475944447975529e-01
4.328239999999999782e+03 9.409646349401915577e-01
4.364920000000000073e+03 9.406811781418213947e-01
4.401599999999999454e+03 9.403972223990673118e-01
4.438279999999999745e+03 9.401117171125903393e-01
4.474960000000000036e+03 9.398201922472102510e-01
4.511640000000000327e+03 9.395281455320371178e-01
4.548319999999999709e+03 9.392355756711450177e-01
4.585000000000000000e+03 9.389424835395973057e-01
4.621680000000000291e+03 9.386488707980593649e-01
4.658359999999999673e+03 9.383547312635571735e-01
4.695039999999999964e+03 9.380600649774658573e-01
4.731720000000000255e+03 9.377648726703337045e-01
4.768400000000000546e+03 9.374691475941355767e-01
4.805079999999999927e+03 9.371728885606003256e-01
4.841760000000000218e+03 9.368760946003698020e-01
4.878440000000000509e+03 9.365787658645650104e-01
4.915119999999999891e+03 9.362809018041631237e-01
4.951800000000000182e+03 9.359774016092221594e-01
4.988480000000000473e+03 9.356722125965566406e-01
5.025160000000000764e+03 9.353664681219565624e-01
5.061840000000000146e+03 9.350601652440487799e-01
5.098520000000000437e+03 9.347532987922309022e-01
5.135200000000000728e+03 9.344458473827870204e-01
5.171880000000000109e+03 9.341378292662004812e-01
5.208560000000000400e+03 9.338292614112220225e-01
5.245240000000000691e+03 9.335205047637263887e-01
5.281920000000000982e+03 9.332113269006960810e-01
5.318600000000000364e+03 9.329015965479157124e-01
5.355280000000000655e+03 9.325913125458574759e-01
5.391960000000000946e+03 9.322804737371283013e-01
5.428640000000000327e+03 9.319690795677367801e-01
5.465320000000000618e+03 9.316571434237227445e-01
5.502000000000000909e+03 9.313446497269661783e-01
5.538680000000001201e+03 9.310159839541463089e-01
5.575360000000000582e+03 9.306293291281824143e-01
5.612040000000000873e+03 9.302413634166960543e-01
5.648720000000001164e+03 9.298520768821495475e-01
5.685400000000000546e+03 9.294614594297079258e-01
5.722080000000000837e+03 9.290695008034693947e-01
5.758760000000001128e+03 9.286761905825646757e-01
5.795440000000001419e+03 9.282752987452935756e-01
5.832120000000000800e+03 9.278681749785439026e-01
5.868800000000001091e+03 9.274594874885249141e-01
5.905480000000001382e+03 9.270492215705639083e-01
5.942160000000000764e+03 9.266373622531615117e-01
5.978840000000001055e+03 9.262238942908951334e-01
6.015520000000001346e+03 9.258088021570711756e-01
6.052200000000001637e+03 9.253920700361077945e-01
6.088880000000001019e+03 9.249736818156489848e-01
6.125560000000001310e+03 9.245530111775934756e-01
6.162240000000001601e+03 9.241303846067419059e-01
6.198920000000000982e+03 9.237060117775928170e-01
6.235600000000001273e+03 9.232798703687722375e-01
6.272280000000001564e+03 9.228518960169604934e-01
6.308960000000001855e+03 9.224221144986702869e-01
6.345640000000001237e+03 9.219905053306033382e-01
6.382320000000001528e+03 9.215570475636302161e-01
6.419000000000001819e+03 9.211218559660792060e-01
6.455680000000002110e+03 9.206848136675995775e-01
6.492360000000001492e+03 9.202458560359446649e-01
6.529040000000001783e+03 9.198049598529209891e-01
6.565720000000002074e+03 9.193621013318732382e-01
6.602400000000001455e+03 9.189172560965100933e-01
6.639080000000001746e+03 9.184703991586432581e-01
6.675760000000002037e+03 9.180215048947921730e-01
6.712440000000002328e+03 9.175682913365219573e-01
6.749120000000001710e+03 9.171123706877731818e-01
6.785800000000002001e+03 9.166542259378597235e-01
6.822480000000002292e+03 9.161938248246558336e-01
6.859160000000001673e+03 9.157311341463517662e-01
6.895840000000001965e+03 9.152661197200543386e-01
6.932520000000002256e+03 9.147987463379176898e-01
6.969200000000002547e+03 9.143289777206287106e-01
7.005880000000001928e+03 9.138567764680413097e-01
7.042560000000002219e+03 9.133821040067403585e-01
7.079240000000002510e+03 9.129049205342903983e-01
7.115920000000001892e+03 9.124251849599137598e-01
7.152600000000002183e+03 9.119428548412947810e-01
7.189280000000002474e+03 9.114511047437331426e-01
7.225960000000002765e+03 9.108943144866157304e-01
7.262640000000002146e+03 9.103335817087827575e-01
7.299320000000002437e+03 9.097688176522698011e-01
7.336000000000003638e+03 9.091248194731806898e-01
7.345170000000000982e+03 9.090322522394342908e-01
7.354340000000002874e+03 9.088802948879821653e-01
7.354913125000002765e+03 9.088707590496302169e-01
7.355486250000001746e+03 9.088587650889705660e-01
7.356059375000002547e+03 9.088509592827369588e-01
7.356131015625002874e+03 9.088499836418684197e-01
7.356202656250003201e+03 9.088492857494859800e-01
7.356274296875002619e+03 9.088480920625496839e-01
7.356283251953127547e+03 9.088479104679032528e-01
7.356292207031253383e+03 9.088477885191597050e-01
7.356293326416020136e+03 9.088477732755876337e-01
7.356293886108401239e+03 9.088477656538033189e-01
7.356293888294699173e+03 9.088477656240304681e-01
