3.668000000000000000e+03 2.283090933802565914e+01
3.704679999999999836e+03 2.270480614253725449e+01
3.741360000000000127e+03 2.257829118495444831e+01
3.778039999999999964e+03 2.245136301412213342e+01
3.814720000000000255e+03 2.232408978110251496e+01
3.851400000000000091e+03 2.219643124495601327e+01
3.888080000000000382e+03 2.206835700317370197e+01
3.924760000000000218e+03 2.193987805328456631e+01
3.961440000000000055e+03 2.181099214174894740e+01
3.998120000000000346e+03 2.168168648880803673e+01
4.034800000000000182e+03 2.155197202784345478e+01
4.071479999999999563e+03 2.142190346918113519e+01
4.108159999999999854e+03 2.129148426929295468e+01
4.144839999999999236e+03 2.116064241659692513e+01
4.181519999999999527e+03 2.102937633688741315e+01
4.218199999999999818e+03 2.089768778800789661e+01
4.254880000000000109e+03 2.076560629870485997e+01
4.291559999999999491e+03 2.063309930721350938e+01
4.328239999999999782e+03 2.050016522693344712e+01
4.364920000000000073e+03 2.036680176162024125e+01
4.401599999999999454e+03 2.023293238859866605e+01
4.438279999999999745e+03 2.009850122470455958e+01
4.474960000000000036e+03 1.996355605937958089e+01
4.511640000000000327e+03 1.982816871243614898e+01
4.548319999999999709e+03 1.969233737495092029e+01
4.585000000000000000e+03 1.955605142451154776e+01
4.621680000000000291e+03 1.941929634711701880e+01
4.658359999999999673e+03 1.928208958051910571e+01
4.695039999999999964e+03 1.914440131477333651e+01
4.731720000000000255e+03 1.900615124508053455e+01
4.768400000000000546e+03 1.886726535927158466e+01
4.805079999999999927e+03 1.872786288869841798e+01
4.841760000000000218e+03 1.858792345218660458e+01
4.878440000000000509e+03 1.844749958049563787e+01
4.915119999999999891e+03 1.830656513060326418e+01
4.951800000000000182e+03 1.816514636177715047e+01
4.988480000000000473e+03 1.802322412305444033e+01
5.025160000000000764e+03 1.788080011837170247e+01
5.061840000000000146e+03 1.773787451973026563e+01
5.098520000000000437e+03 1.759442981450888155e+01
5.135200000000000728e+03 1.745040380673886204e+01
5.171880000000000109e+03 1.730578597977447686e+01
5.208560000000000400e+03 1.716030484994011118e+01
5.245240000000000691e+03 1.701347644978846319e+01
5.281920000000000982e+03 1.686585309465674243e+01
5.318600000000000364e+03 1.671763034329751108e+01
5.355280000000000655e+03 1.656880362850273158e+01
5.391960000000000946e+03 1.641936830812007742e+01
5.428640000000000327e+03 1.626931827333126890e+01
5.465320000000000618e+03 1.611861232774992203e+01
5.502000000000000909e+03 1.596727632837197675e+01
5.538680000000001201e+03 1.581494903393442009e+01
5.575360000000000582e+03 1.566063805771569406e+01
5.612040000000000873e+03 1.550560836833993150e+01
5.648720000000001164e+03 1.534985304086402813e+01
5.685400000000000546e+03 1.519336502063564609e+01
5.722080000000000837e+03 1.503613711991544299e+01
5.758760000000001128e+03 1.487816201438059771e+01
5.795440000000001419e+03 1.472101971439033363e+01
5.832120000000000800e+03 1.456430842280060567e+01
5.868800000000001091e+03 1.440681184668730275e+01
5.905480000000001382e+03 1.424852144270341903e+01
5.942160000000000764e+03 1.408942849298147237e+01
5.978840000000001055e+03 1.392952410017409370e+01
6.015520000000001346e+03 1.376879918230915578e+01
6.052200000000001637e+03 1.360724446744908889e+01
6.088880000000001019e+03 1.344485048814763495e+01
6.125560000000001310e+03 1.328071641331042940e+01
6.162240000000001601e+03 1.311531551556341135e+01
6.198920000000000982e+03 1.294896590439722495e+01
6.235600000000001273e+03 1.278164305288473557e+01
6.272280000000001564e+03 1.261317422592159687e+01
6.308960000000001855e+03 1.244371119525241909e+01
6.345640000000001237e+03 1.227323986498228692e+01
6.382320000000001528e+03 1.210174577549850028e+01
6.419000000000001819e+03 1.193050481652321260e+01
6.455680000000002110e+03 1.175859189737761845e+01
6.492360000000001492e+03 1.158559129779280283e+01
6.529040000000001783e+03 1.141148593397959488e+01
6.565720000000002074e+03 1.123625823778858646e+01
6.602400000000001455e+03 1.105989013703113066e+01
6.639080000000001746e+03 1.088236303474214672e+01
6.675760000000002037e+03 1.070365778731400752e+01
6.712440000000002328e+03 1.052110789385764100e+01
6.749120000000001710e+03 1.033660515453342832e+01
6.785800000000002001e+03 1.015072703928203346e+01
6.822480000000002292e+03 9.963447877118339235e+00
6.859160000000001673e+03 9.774741155285457950e+00
6.895840000000001965e+03 9.584579479699190330e+00
6.932520000000002256e+03 9.392934532942346593e+00
6.969200000000002547e+03 9.199777029619969682e+00
7.005880000000001928e+03 9.005076668867621592e+00
7.042560000000002219e+03 8.808802083786023474e+00
7.079240000000002510e+03 8.610920787553510536e+00
7.115920000000001892e+03 8.411399115943142490e+00
7.152600000000002183e+03 8.210202165943973895e+00
7.189280000000002474e+03 8.006869397325148796e+00
7.225960000000002765e+03 7.797808420169346277e+00
7.262640000000002146e+03 7.586737710825968151e+00
7.299320000000002437e+03 7.373606798349962688e+00
7.336000000000003638e+03 7.074531254544408121e+00
7.345170000000000982e+03 7.074577135628466351e+00
7.354340000000002874e+03 7.009700040969810253e+00
7.354913125000002765e+03 7.005603979567343487e+00
7.355486250000001746e+03 6.998821790977906687e+00
7.356059375000002547e+03 6.996616385764106383e+00
7.356131015625002874e+03 6.996340801771350648e+00
7.356202656250003201e+03 6.996368729358146688e+00
7.356274296875002619e+03 6.995854873148728892e+00
7.356283251953127547e+03 6.995755253603096691e+00
7.356292207031253383e+03 6.995720812467754790e+00
7.356293326416020136e+03 6.995716507348310742e+00
7.356293886108401239e+03 6.995714354790424139e+00
7.356293888294699173e+03 6.995714346382015947e+00
