3.668000000000000000e+03 1.945239649509985469e+01
3.704679999999999836e+03 1.928275633012878743e+01
3.741360000000000127e+03 1.911267220443190240e+01
3.778039999999999964e+03 1.894214246955507974e+01
3.814720000000000255e+03 1.877123639427616553e+01
3.851400000000000091e+03 1.859991281192322177e+01
3.888080000000000382e+03 1.842814057321652399e+01
3.924760000000000218e+03 1.825593012703132345e+01
3.961440000000000055e+03 1.808327903697920647e+01
3.998120000000000346e+03 1.791017462954389572e+01
4.034800000000000182e+03 1.773662728384336162e+01
4.071479999999999563e+03 1.756268995811563371e+01
4.108159999999999854e+03 1.738837164739634744e+01
4.144839999999999236e+03 1.721359628260900010e+01
4.181519999999999527e+03 1.703836207554478577e+01
4.218199999999999818e+03 1.686267384943356973e+01
4.254880000000000109e+03 1.668658990627788441e+01
4.291559999999999491e+03 1.651004589776600540e+01
4.328239999999999782e+03 1.633304002398359245e+01
4.364920000000000073e+03 1.615556977733016808e+01
4.401599999999999454e+03 1.597755882021416518e+01
4.438279999999999745e+03 1.579895130057850494e+01
4.474960000000000036e+03 1.561979060457039203e+01
4.511640000000000327e+03 1.544015179844207353e+01
4.548319999999999709e+03 1.526003284885335809e+01
4.585000000000000000e+03 1.507942113280586582e+01
4.621680000000000291e+03 1.489829954853978577e+01
4.658359999999999673e+03 1.471668930940648323e+01
4.695039999999999964e+03 1.453455929426008275e+01
4.731720000000000255e+03 1.435182736857970376e+01
4.768400000000000546e+03 1.416842360171663273e+01
4.805079999999999927e+03 1.398446684104219706e+01
4.841760000000000218e+03 1.379993615030400456e+01
4.878440000000000509e+03 1.361488264831799988e+01
4.915119999999999891e+03 1.342927934169367354e+01
4.951800000000000182e+03 1.324316996787063516e+01
4.988480000000000473e+03 1.305651817168615914e+01
5.025160000000000764e+03 1.286932405767291954e+01
5.061840000000000146e+03 1.268158865553298931e+01
5.098520000000000437e+03 1.249329165723819024e+01
5.135200000000000728e+03 1.230435740482501394e+01
5.171880000000000109e+03 1.211479269156602356e+01
5.208560000000000400e+03 1.192431241135232334e+01
5.245240000000000691e+03 1.173217322793572848e+01
5.281920000000000982e+03 1.153909678755886858e+01
5.318600000000000364e+03 1.134537200287154590e+01
5.355280000000000655e+03 1.115099392133005907e+01
5.391960000000000946e+03 1.095595751055935274e+01
5.428640000000000327e+03 1.076025585064171786e+01
5.465320000000000618e+03 1.056383735896129217e+01
5.502000000000000909e+03 1.036673754441133255e+01
5.538680000000001201e+03 1.016839690524528272e+01
5.575360000000000582e+03 9.967283832102644681e+00
5.612040000000000873e+03 9.765375076231988416e+00
5.648720000000001164e+03 9.562662872342359677e+00
5.685400000000000546e+03 9.359139311290388008e+00
5.722080000000000837e+03 9.154796336345992103e+00
5.758760000000001128e+03 8.949625739327311535e+00
5.795440000000001419e+03 8.744303626248724370e+00
5.832120000000000800e+03 8.538590725117686020e+00
5.868800000000001091e+03 8.331939477584048959e+00
5.905480000000001382e+03 8.124339484508142917e+00
5.942160000000000764e+03 7.915780137500125768e+00
5.978840000000001055e+03 7.706250613013103212e+00
6.015520000000001346e+03 7.495739866216887926e+00
6.052200000000001637e+03 7.284236624640308300e+00
6.088880000000001019e+03 7.071729381574170858e+00
6.125560000000001310e+03 6.857211569719110500e+00
6.162240000000001601e+03 6.641213319207782462e+00
6.198920000000000982e+03 6.424089271728020023e+00
6.235600000000001273e+03 6.205812059760638988e+00
6.272280000000001564e+03 5.986200780115611408e+00
6.308960000000001855e+03 5.765410483990739188e+00
6.345640000000001237e+03 5.543424465469549034e+00
6.382320000000001528e+03 5.320225594271397185e+00
6.419000000000001819e+03 5.097039427669510125e+00
6.455680000000002110e+03 4.872971130104475357e+00
6.492360000000001492e+03 4.647616777349762529e+00
6.529040000000001783e+03 4.420956358651783269e+00
6.565720000000002074e+03 4.192969306766829440e+00
6.602400000000001455e+03 3.963634475613249109e+00
6.639080000000001746e+03 3.732930116732392278e+00
6.675760000000002037e+03 3.500833854479584062e+00
6.712440000000002328e+03 3.264505340134774780e+00
6.749120000000001710e+03 3.025952021241731682e+00
6.785800000000002001e+03 2.785785793415058720e+00
6.822480000000002292e+03 2.543976906562821494e+00
6.859160000000001673e+03 2.300494649432688998e+00
6.895840000000001965e+03 2.055307304830092274e+00
6.932520000000002256e+03 1.808382102079596487e+00
6.969200000000002547e+03 1.559685166518038901e+00
7.005880000000001928e+03 1.309181465786649845e+00
7.042560000000002219e+03 1.056834752668732724e+00
7.079240000000002510e+03 8.026075041946678645e-01
7.115920000000001892e+03 5.464608567091507885e-01
7.152600000000002183e+03 2.883545365646613123e-01
7.189280000000002474e+03 2.768188605774571723e-02
7.225960000000002765e+03 -2.403238568726043800e-01
7.262640000000002146e+03 -5.106974418917217262e-01
7.299320000000002437e+03 -7.834978146111818420e-01
7.336000000000003638e+03 -1.149152743714884739e+00
7.345170000000000982e+03 -1.159763515563274616e+00
7.354340000000002874e+03 -1.240487700815389838e+00
7.354913125000002765e+03 -1.245577513553320914e+00
7.355486250000001746e+03 -1.253568324847785354e+00
7.356059375000002547e+03 -1.256616233154227658e+00
7.356131015625002874e+03 -1.256997122149716706e+00
7.356202656250003201e+03 -1.257050219962681625e+00
7.356274296875002619e+03 -1.257688441560509407e+00
7.356283251953127547e+03 -1.257806437610460737e+00
7.356292207031253383e+03 -1.257854041280183521e+00
7.356293326416020136e+03 -1.257859991714481929e+00
7.356293886108401239e+03 -1.257862966929642168e+00
7.356293888294699173e+03 -1.257862978551553157e+00
