3.668000000000000000e+03 1.003423828168685361e+00
3.704679999999999836e+03 1.003337454000286844e+00
3.741360000000000127e+03 1.003251031630602474e+00
3.778039999999999964e+03 1.003164561087713347e+00
3.814720000000000255e+03 1.003078042923068125e+00
3.851400000000000091e+03 1.002991476862437947e+00
3.888080000000000382e+03 1.002904862714483647e+00
3.924760000000000218e+03 1.002818201000989617e+00
3.961440000000000055e+03 1.002731491706788658e+00
3.998120000000000346e+03 1.002644734410462757e+00
4.034800000000000182e+03 1.002557929834503536e+00
4.071479999999999563e+03 1.002471081075590353e+00
4.108159999999999854e+03 1.002384184898812203e+00
4.144839999999999236e+03 1.002297240851804050e+00
4.181519999999999527e+03 1.002210248960152317e+00
4.218199999999999818e+03 1.002123209217928856e+00
4.254880000000000109e+03 1.002036121386610690e+00
4.291559999999999491e+03 1.001948985807122661e+00
4.328239999999999782e+03 1.001861802504969923e+00
4.364920000000000073e+03 1.001774571524750579e+00
4.401599999999999454e+03 1.001687294950174945e+00
4.438279999999999745e+03 1.001599967045749384e+00
4.474960000000000036e+03 1.001512590639137112e+00
4.511640000000000327e+03 1.001425166686042534e+00
4.548319999999999709e+03 1.001337695213412315e+00
4.585000000000000000e+03 1.001250176231192945e+00
4.621680000000000291e+03 1.001162609738826648e+00
4.658359999999999673e+03 1.001074995799192902e+00
4.695039999999999964e+03 1.000824430909183604e+00
4.731720000000000255e+03 1.000343469565420751e+00
4.768400000000000546e+03 9.998404863446052060e-01
4.805079999999999927e+03 9.993142361905302806e-01
4.841760000000000218e+03 9.987702706989478596e-01
4.878440000000000509e+03 9.982247459048829707e-01
4.915119999999999891e+03 9.976776583442539259e-01
4.951800000000000182e+03 9.971289811125938485e-01
4.988480000000000473e+03 9.965787027178072410e-01
5.025160000000000764e+03 9.960268112763916992e-01
5.061840000000000146e+03 9.954712975079615944e-01
5.098520000000000437e+03 9.949063272222037346e-01
5.135200000000000728e+03 9.943396192660981514e-01
5.171880000000000109e+03 9.937689037618950838e-01
5.208560000000000400e+03 9.931925871737682376e-01
5.245240000000000691e+03 9.926143557458834144e-01
5.281920000000000982e+03 9.920342293766865049e-01
5.318600000000000364e+03 9.914522230008112613e-01
5.355280000000000655e+03 9.908683183286903784e-01
5.391960000000000946e+03 9.902824967141212742e-01
5.428640000000000327e+03 9.896947388904806520e-01
5.465320000000000618e+03 9.891050186422873924e-01
5.502000000000000909e+03 9.885133216281252189e-01
5.538680000000001201e+03 9.879195962375644235e-01
5.575360000000000582e+03 9.873237345803839160e-01
5.612040000000000873e+03 9.867258271278223081e-01
5.648720000000001164e+03 9.861258520670874717e-01
5.685400000000000546e+03 9.855237871254038939e-01
5.722080000000000837e+03 9.849196095566007392e-01
5.758760000000001128e+03 9.843132961271956471e-01
5.795440000000001419e+03 9.837047964969812819e-01
5.832120000000000800e+03 9.830940910878749328e-01
5.868800000000001091e+03 9.824811747430628461e-01
5.905480000000001382e+03 9.818660220240670311e-01
5.942160000000000764e+03 9.812486069212695838e-01
5.978840000000001055e+03 9.806289028360639648e-01
6.015520000000001346e+03 9.800068825622880730e-01
6.052200000000001637e+03 9.793825182668757234e-01
6.088880000000001019e+03 9.787557814697203096e-01
6.125560000000001310e+03 9.781265574135924457e-01
6.162240000000001601e+03 9.774948541969332716e-01
6.198920000000000982e+03 9.768606706338012202e-01
6.235600000000001273e+03 9.762239767245750599e-01
6.272280000000001564e+03 9.755847729834045134e-01
6.308960000000001855e+03 9.749429896915269289e-01
6.345640000000001237e+03 9.742985917920516936e-01
6.382320000000001528e+03 9.736515433041098566e-01
6.419000000000001819e+03 9.724413046334887678e-01
6.455680000000002110e+03 9.710506975100167137e-01
6.492360000000001492e+03 9.696512896296892725e-01
6.529040000000001783e+03 9.682429241894734417e-01
6.565720000000002074e+03 9.668254393035649041e-01
6.602400000000001455e+03 9.653986677678467743e-01
6.639080000000001746e+03 9.639624368100363494e-01
6.675760000000002037e+03 9.625165678244230749e-01
6.712440000000002328e+03 9.610455309754505349e-01
6.749120000000001710e+03 9.595606163862716587e-01
6.785800000000002001e+03 9.580651489032444568e-01
6.822480000000002292e+03 9.565589133667172783e-01
6.859160000000001673e+03 9.550416866921056513e-01
6.895840000000001965e+03 9.535132374515880027e-01
6.932520000000002256e+03 9.519733254268359923e-01
6.969200000000002547e+03 9.504217011302291684e-01
7.005880000000001928e+03 9.488581052918381165e-01
7.042560000000002219e+03 9.472822683091067786e-01
7.079240000000002510e+03 9.456939096558639735e-01
7.115920000000001892e+03 9.440927372468950196e-01
7.152600000000002183e+03 9.424784467539533139e-01
7.189280000000002474e+03 9.408504623100469866e-01
7.225960000000002765e+03 9.392062616234506667e-01
7.262640000000002146e+03 9.375477637965382582e-01
7.299320000000002437e+03 9.358745951799861684e-01
7.336000000000003638e+03 9.340923218714797249e-01
7.345170000000000982e+03 9.337288509233165890e-01
7.354340000000002874e+03 9.332914967959801134e-01
7.354913125000002765e+03 9.332640866580232952e-01
7.355486250000001746e+03 9.332336426927613227e-01
7.356059375000002547e+03 9.332083585768169431e-01
7.356131015625002874e+03 9.332051979522305585e-01
7.356202656250003201e+03 9.332023797315094349e-01
7.356274296875002619e+03 9.331989501709599955e-01
7.356283251953127547e+03 9.331984815439390291e-01
7.356292207031253383e+03 9.331980864576683299e-01
7.356293326416020136e+03 9.331980370718576667e-01
7.356293886108401239e+03 9.331980123789491710e-01
7.356293888294699173e+03 9.331980122824928836e-01
