3.668000000000000000e+03 7.683320255938056675e+01
3.704679999999999836e+03 7.839751727579724161e+01
3.741360000000000127e+03 7.996725626577332946e+01
3.778039999999999964e+03 8.154243307853347744e+01
3.814720000000000255e+03 8.312305828141060715e+01
3.851400000000000091e+03 8.470914685758339147e+01
3.888080000000000382e+03 8.630071386789714438e+01
3.924760000000000218e+03 8.789777426071874800e+01
3.961440000000000055e+03 8.950034222398790007e+01
3.998120000000000346e+03 9.110843114398927867e+01
4.034800000000000182e+03 9.272205648758657048e+01
4.071479999999999563e+03 9.434123814825997556e+01
4.108159999999999854e+03 9.596597101064922697e+01
4.144839999999999236e+03 9.759628233270925080e+01
4.181519999999999527e+03 9.923218692668986307e+01
4.218199999999999818e+03 1.008736864810979483e+02
4.254880000000000109e+03 1.025206730158485584e+02
4.291559999999999491e+03 1.041732839943629898e+02
4.328239999999999782e+03 1.058315343669632398e+02
4.364920000000000073e+03 1.074954391923917427e+02
4.401599999999999454e+03 1.091650117394329982e+02
4.438279999999999745e+03 1.108462863155583165e+02
4.474960000000000036e+03 1.125649464640327722e+02
4.511640000000000327e+03 1.142893923347799046e+02
4.548319999999999709e+03 1.160196398913991658e+02
4.585000000000000000e+03 1.177557150812395150e+02
4.621680000000000291e+03 1.194976484217269217e+02
4.658359999999999673e+03 1.212454347370944276e+02
4.695039999999999964e+03 1.229990970964352215e+02
4.731720000000000255e+03 1.247586625642991009e+02
4.768400000000000546e+03 1.265241219565604069e+02
4.805079999999999927e+03 1.282954924733673465e+02
4.841760000000000218e+03 1.300727926738117048e+02
4.878440000000000509e+03 1.318560472620699784e+02
4.915119999999999891e+03 1.336452779066828782e+02
4.951800000000000182e+03 1.355149035164522218e+02
4.988480000000000473e+03 1.374072890123464958e+02
5.025160000000000764e+03 1.393058158867270606e+02
5.061840000000000146e+03 1.412104948532278570e+02
5.098520000000000437e+03 1.431230617229448399e+02
5.135200000000000728e+03 1.450524661912928650e+02
5.171880000000000109e+03 1.469880870769454475e+02
5.208560000000000400e+03 1.489300518655203689e+02
5.245240000000000691e+03 1.508805430964193022e+02
5.281920000000000982e+03 1.528382689915059132e+02
5.318600000000000364e+03 1.548024879549666650e+02
5.355280000000000655e+03 1.567732245367570840e+02
5.391960000000000946e+03 1.587505035702897942e+02
5.428640000000000327e+03 1.607343539713031078e+02
5.465320000000000618e+03 1.627248940351562965e+02
5.502000000000000909e+03 1.647220595031091932e+02
5.538680000000001201e+03 1.667326061857037303e+02
5.575360000000000582e+03 1.687748744872584439e+02
5.612040000000000873e+03 1.708246618756603539e+02
5.648720000000001164e+03 1.728820161424167168e+02
5.685400000000000546e+03 1.749469858805771594e+02
5.722080000000000837e+03 1.770196205039257791e+02
5.758760000000001128e+03 1.790999702668301268e+02
5.795440000000001419e+03 1.800000000000003695e+02
5.832120000000000800e+03 1.799999999999996305e+02
5.868800000000001091e+03 1.799999999999996874e+02
5.905480000000001382e+03 1.800000000000001705e+02
5.942160000000000764e+03 1.800000000000001705e+02
5.978840000000001055e+03 1.799999999999998010e+02
6.015520000000001346e+03 1.800000000000003126e+02
6.052200000000001637e+03 1.799999999999999432e+02
6.088880000000001019e+03 1.800000000000007105e+02
6.125560000000001310e+03 1.800000000000002274e+02
6.162240000000001601e+03 1.799999999999996305e+02
6.198920000000000982e+03 1.800000000000011937e+02
6.235600000000001273e+03 1.800000000000004832e+02
6.272280000000001564e+03 1.800000000000012790e+02
6.308960000000001855e+03 1.799999999999997158e+02
6.345640000000001237e+03 1.800000000000001990e+02
6.382320000000001528e+03 1.799999999999998863e+02
6.419000000000001819e+03 1.799999999999995168e+02
6.455680000000002110e+03 1.800000000000001705e+02
6.492360000000001492e+03 1.799999999999994884e+02
6.529040000000001783e+03 1.799999999999994316e+02
6.565720000000002074e+03 1.799999999999994316e+02
6.602400000000001455e+03 1.799999999999996589e+02
6.639080000000001746e+03 1.800000000000005969e+02
6.675760000000002037e+03 1.800000000000003979e+02
6.712440000000002328e+03 1.800000000000007105e+02
6.749120000000001710e+03 1.800000000000012221e+02
6.785800000000002001e+03 1.800000000000005969e+02
6.822480000000002292e+03 1.799999999999998863e+02
6.859160000000001673e+03 1.800000000000006537e+02
6.895840000000001965e+03 1.800000000000005684e+02
6.932520000000002256e+03 1.800000000000000568e+02
6.969200000000002547e+03 1.800000000000000284e+02
7.005880000000001928e+03 1.799999999999997158e+02
7.042560000000002219e+03 1.799999999999993747e+02
7.079240000000002510e+03 1.800000000000003411e+02
7.115920000000001892e+03 1.800000000000003979e+02
7.152600000000002183e+03 1.799999999999996021e+02
7.189280000000002474e+03 1.799999999999994600e+02
7.225960000000002765e+03 1.800000000000003126e+02
7.262640000000002146e+03 1.799999999999995453e+02
7.299320000000002437e+03 1.799999999999994600e+02
7.336000000000003638e+03 1.800000000000003411e+02
7.345170000000000982e+03 1.800000000000003695e+02
7.354340000000002874e+03 1.799999999999988063e+02
7.354913125000002765e+03 1.799999999999998295e+02
7.355486250000001746e+03 1.800000000000008811e+02
7.356059375000002547e+03 1.799999999999990052e+02
7.356131015625002874e+03 1.799999999999994600e+02
7.356202656250003201e+03 1.799999999999994600e+02
7.356274296875002619e+03 1.799999999999999147e+02
7.356283251953127547e+03 1.799999999999998579e+02
7.356292207031253383e+03 1.799999999999994884e+02
7.356293326416020136e+03 1.799999999999998295e+02
7.356293886108401239e+03 1.799999999999991758e+02
7.356293888294699173e+03 1.800000000000003126e+02
