3.668000000000000000e+03 1.444136322010373874e+01
3.704679999999999836e+03 1.422223275911377094e+01
3.741360000000000127e+03 1.400260022991713171e+01
3.778039999999999964e+03 1.378246366649806376e+01
3.814720000000000255e+03 1.356189593018296691e+01
3.851400000000000091e+03 1.334085337078697542e+01
3.888080000000000382e+03 1.311930289227167101e+01
3.924760000000000218e+03 1.289725358927016607e+01
3.961440000000000055e+03 1.267470275997795603e+01
3.998120000000000346e+03 1.245163832443337348e+01
4.034800000000000182e+03 1.222806929732469783e+01
4.071479999999999563e+03 1.200404372659978058e+01
4.108159999999999854e+03 1.177958730093777184e+01
4.144839999999999236e+03 1.155461220663829636e+01
4.181519999999999527e+03 1.132911630669961234e+01
4.218199999999999818e+03 1.110311377753634865e+01
4.254880000000000109e+03 1.087674826631474367e+01
4.291559999999999491e+03 1.064986164696130189e+01
4.328239999999999782e+03 1.042245177666175415e+01
4.364920000000000073e+03 1.019451581250840810e+01
4.401599999999999454e+03 9.965978253391931219e+00
4.438279999999999745e+03 9.736786542897114316e+00
4.474960000000000036e+03 9.506982527750176715e+00
4.511640000000000327e+03 9.276634938189978641e+00
4.548319999999999709e+03 9.045741365562774305e+00
4.585000000000000000e+03 8.814283583180699821e+00
4.621680000000000291e+03 8.582237168556597240e+00
4.658359999999999673e+03 8.349634749957443702e+00
4.695039999999999964e+03 8.116441643167570774e+00
4.731720000000000255e+03 7.882570634181038649e+00
4.768400000000000546e+03 7.647964090831288253e+00
4.805079999999999927e+03 7.412740024055835875e+00
4.841760000000000218e+03 7.176876161691025047e+00
4.878440000000000509e+03 6.940419776319186163e+00
4.915119999999999891e+03 6.703341683602777046e+00
4.951800000000000182e+03 6.465472070672445781e+00
4.988480000000000473e+03 6.226925153556914339e+00
5.025160000000000764e+03 5.987755374794980767e+00
5.061840000000000146e+03 5.747966566928453425e+00
5.098520000000000437e+03 5.507545910430264868e+00
5.135200000000000728e+03 5.266459634618197327e+00
5.171880000000000109e+03 5.024671062428740065e+00
5.208560000000000400e+03 4.781855561938213484e+00
5.245240000000000691e+03 4.536512310573501239e+00
5.281920000000000982e+03 4.289858831711573117e+00
5.318600000000000364e+03 4.042457263094352271e+00
5.355280000000000655e+03 3.794301871589329522e+00
5.391960000000000946e+03 3.545386833139070326e+00
5.428640000000000327e+03 3.295703212346845934e+00
5.465320000000000618e+03 3.045169514172247016e+00
5.502000000000000909e+03 2.793849756753143954e+00
5.538680000000001201e+03 2.540653351408006078e+00
5.575360000000000582e+03 2.282596602226905969e+00
5.612040000000000873e+03 2.023559385059693572e+00
5.648720000000001164e+03 1.763531807046247790e+00
5.685400000000000546e+03 1.502503794128565495e+00
5.722080000000000837e+03 1.240465086364620717e+00
5.758760000000001128e+03 9.774052330792323273e-01
5.795440000000001419e+03 7.094774220045072521e-01
5.832120000000000800e+03 4.374758036668789374e-01
5.868800000000001091e+03 1.642657106224743035e-01
5.905480000000001382e+03 -1.101667361634299652e-01
5.942160000000000764e+03 -3.858356943955915663e-01
5.978840000000001055e+03 -6.627556083078138816e-01
6.015520000000001346e+03 -9.409412168126123355e-01
6.052200000000001637e+03 -1.220407561957325138e+00
6.088880000000001019e+03 -1.501169997697233471e+00
6.125560000000001310e+03 -1.784538485234216099e+00
6.162240000000001601e+03 -2.069816027585452023e+00
6.198920000000000982e+03 -2.356540169816278230e+00
6.235600000000001273e+03 -2.644744245557847151e+00
6.272280000000001564e+03 -2.934630419013413150e+00
6.308960000000001855e+03 -3.226031875684836514e+00
6.345640000000001237e+03 -3.518970493356064821e+00
6.382320000000001528e+03 -3.813468703563593021e+00
6.419000000000001819e+03 -4.108443406121840447e+00
6.455680000000002110e+03 -4.404699558025935602e+00
6.492360000000001492e+03 -4.702604551567379332e+00
6.529040000000001783e+03 -5.002184237231636743e+00
6.565720000000002074e+03 -5.303465176994530239e+00
6.602400000000001455e+03 -5.606474672647819624e+00
6.639080000000001746e+03 -5.911240795622407340e+00
6.675760000000002037e+03 -6.217792418406431487e+00
6.712440000000002328e+03 -6.529112775012268166e+00
6.749120000000001710e+03 -6.843099463766704638e+00
6.785800000000002001e+03 -7.159116700265414579e+00
6.822480000000002292e+03 -7.477201941312272560e+00
6.859160000000001673e+03 -7.797393845169995785e+00
6.895840000000001965e+03 -8.119732327223280421e+00
6.932520000000002256e+03 -8.444258619051005610e+00
6.969200000000002547e+03 -8.771015331167584250e+00
7.005880000000001928e+03 -9.100046519720255134e+00
7.042560000000002219e+03 -9.431397757453225950e+00
7.079240000000002510e+03 -9.765116209281504922e+00
7.115920000000001892e+03 -1.010125071284809017e+01
7.152600000000002183e+03 -1.043985186447806335e+01
7.189280000000002474e+03 -1.078193674389328649e+01
7.225960000000002765e+03 -1.113560572532178838e+01
7.262640000000002146e+03 -1.149234171332606635e+01
7.299320000000002437e+03 -1.185222160557904836e+01
7.336000000000003638e+03 -1.232314742110320438e+01
7.345170000000000982e+03 -1.234402911016382198e+01
7.354340000000002874e+03 -1.244887518936417692e+01
7.354913125000002765e+03 -1.245548083501381775e+01
7.355486250000001746e+03 -1.246556107406821212e+01
7.356059375000002547e+03 -1.246972085913048645e+01
7.356131015625002874e+03 -1.247024070798641660e+01
7.356202656250003201e+03 -1.247036794473614307e+01
7.356274296875002619e+03 -1.247119601077891105e+01
7.356283251953127547e+03 -1.247134529484468857e+01
7.356292207031253383e+03 -1.247141026664414731e+01
7.356293326416020136e+03 -1.247141838808857628e+01
7.356293886108401239e+03 -1.247142244880831363e+01
7.356293888294699173e+03 -1.247142246467047144e+01
