3.668000000000000000e+03 9.586234187696740516e-01
3.704679999999999836e+03 9.581432978781937448e-01
3.741360000000000127e+03 9.576608603206751003e-01
3.778039999999999964e+03 9.571760972020264546e-01
3.814720000000000255e+03 9.567014800682414055e-01
3.851400000000000091e+03 9.562298405334527240e-01
3.888080000000000382e+03 9.557559482420820984e-01
3.924760000000000218e+03 9.552797952641304269e-01
3.961440000000000055e+03 9.548013729527207172e-01
3.998120000000000346e+03 9.543206720459492809e-01
4.034800000000000182e+03 9.538376844255116449e-01
4.071479999999999563e+03 9.533526591193581812e-01
4.108159999999999854e+03 9.529423696435466162e-01
4.144839999999999236e+03 9.525299801611541994e-01
4.181519999999999527e+03 9.521154822174933141e-01
4.218199999999999818e+03 9.516989059498294212e-01
4.254880000000000109e+03 9.512805887262277826e-01
4.291559999999999491e+03 9.508601531366239756e-01
4.328239999999999782e+03 9.504375906662005935e-01
4.364920000000000073e+03 9.500128936408632763e-01
4.401599999999999454e+03 9.495861557205121928e-01
4.438279999999999745e+03 9.491574002552681799e-01
4.474960000000000036e+03 9.487265996984448613e-01
4.511640000000000327e+03 9.482936403094803790e-01
4.548319999999999709e+03 9.478585132082669729e-01
4.585000000000000000e+03 9.474209914383726616e-01
4.621680000000000291e+03 9.469807680021172791e-01
4.658359999999999673e+03 9.465383212449521855e-01
4.695039999999999964e+03 9.460937661681757538e-01
4.731720000000000255e+03 9.456470634325644387e-01
4.768400000000000546e+03 9.451977436121220544e-01
4.805079999999999927e+03 9.447458469718245100e-01
4.841760000000000218e+03 9.442916848403987151e-01
4.878440000000000509e+03 9.438352270660378407e-01
4.915119999999999891e+03 9.433761975530057242e-01
4.951800000000000182e+03 9.429142443804898743e-01
4.988480000000000473e+03 9.424498632193593073e-01
5.025160000000000764e+03 9.419830884417177419e-01
5.061840000000000146e+03 9.415139277902272452e-01
5.098520000000000437e+03 9.410423764887172471e-01
5.135200000000000728e+03 9.405684128777747066e-01
5.171880000000000109e+03 9.400920234011157506e-01
5.208560000000000400e+03 9.394178311215833910e-01
5.245240000000000691e+03 9.384004723351128119e-01
5.281920000000000982e+03 9.373390337758834567e-01
5.318600000000000364e+03 9.362718791186036560e-01
5.355280000000000655e+03 9.351989624203883578e-01
5.391960000000000946e+03 9.341202369721637311e-01
5.428640000000000327e+03 9.330347296959254910e-01
5.465320000000000618e+03 9.319204501400253360e-01
5.502000000000000909e+03 9.308000029394684072e-01
5.538680000000001201e+03 9.296725233264916399e-01
5.575360000000000582e+03 9.285357384169065087e-01
5.612040000000000873e+03 9.273925062512947681e-01
5.648720000000001164e+03 9.262427669044162037e-01
5.685400000000000546e+03 9.250864593327813301e-01
5.722080000000000837e+03 9.239235213466727714e-01
5.758760000000001128e+03 9.227538895812146258e-01
5.795440000000001419e+03 9.215771541351650553e-01
5.832120000000000800e+03 9.203933070600068822e-01
5.868800000000001091e+03 9.192025354018777961e-01
5.905480000000001382e+03 9.180047695925688256e-01
5.942160000000000764e+03 9.167999386866390044e-01
5.978840000000001055e+03 9.155879703242879586e-01
6.015520000000001346e+03 9.143687906929151010e-01
6.052200000000001637e+03 9.131423244872823863e-01
6.088880000000001019e+03 9.119084948682357750e-01
6.125560000000001310e+03 9.105991932881518647e-01
6.162240000000001601e+03 9.092547940107473803e-01
6.198920000000000982e+03 9.079009804655701066e-01
6.235600000000001273e+03 9.065357675635109524e-01
6.272280000000001564e+03 9.051337986696327276e-01
6.308960000000001855e+03 9.037217487929691817e-01
6.345640000000001237e+03 9.022994740124855584e-01
6.382320000000001528e+03 9.008668265892830762e-01
6.419000000000001819e+03 8.994255946017167824e-01
6.455680000000002110e+03 8.979743616283168972e-01
6.492360000000001492e+03 8.965123848935170336e-01
6.529040000000001783e+03 8.950395032510701787e-01
6.565720000000002074e+03 8.935555511027534203e-01
6.602400000000001455e+03 8.920603582259802877e-01
6.639080000000001746e+03 8.905537495926632019e-01
6.675760000000002037e+03 8.890355451787540497e-01
6.712440000000002328e+03 8.874902992194289020e-01
6.749120000000001710e+03 8.859290941259450047e-01
6.785800000000002001e+03 8.843552147058337809e-01
6.822480000000002292e+03 8.827684407079510187e-01
6.859160000000001673e+03 8.811685449193483732e-01
6.895840000000001965e+03 8.795552928541646720e-01
6.932520000000002256e+03 8.779284424242613794e-01
6.969200000000002547e+03 8.762877435902793888e-01
7.005880000000001928e+03 8.746329379916487623e-01
7.042560000000002219e+03 8.729637585540119815e-01
7.079240000000002510e+03 8.712799290723010071e-01
7.115920000000001892e+03 8.695811637676365002e-01
7.152600000000002183e+03 8.678671668159737562e-01
7.189280000000002474e+03 8.661349079374855986e-01
7.225960000000002765e+03 8.643614475008423170e-01
7.262640000000002146e+03 8.625707444576244942e-01
7.299320000000002437e+03 8.607624025645727039e-01
7.336000000000003638e+03 8.564618080872512529e-01
7.345170000000000982e+03 8.578189809398616417e-01
7.354340000000002874e+03 8.571309745707302863e-01
7.354913125000002765e+03 8.570872716834432303e-01
7.355486250000001746e+03 8.569590442256151963e-01
7.356059375000002547e+03 8.569750450618540683e-01
7.356131015625002874e+03 8.569770510253261753e-01
7.356202656250003201e+03 8.569886133282209606e-01
7.356274296875002619e+03 8.569831188434605673e-01
7.356283251953127547e+03 8.569813180310801304e-01
7.356292207031253383e+03 8.569815692150793973e-01
7.356293326416020136e+03 8.569816006145147824e-01
7.356293886108401239e+03 8.569816163143527676e-01
7.356293888294699173e+03 8.569816163756797112e-01
