3.668000000000000000e+03 1.577622899555155023e+01
3.704679999999999836e+03 1.560687854251580475e+01
3.741360000000000127e+03 1.543699453156944124e+01
3.778039999999999964e+03 1.526657483971164453e+01
3.814720000000000255e+03 1.509571664062457508e+01
3.851400000000000091e+03 1.492436251798477009e+01
3.888080000000000382e+03 1.475246905093624861e+01
3.924760000000000218e+03 1.458004416954077342e+01
3.961440000000000055e+03 1.440708506398827105e+01
3.998120000000000346e+03 1.423358038178777640e+01
4.034800000000000182e+03 1.405953794397779077e+01
4.071479999999999563e+03 1.388500114745424874e+01
4.108159999999999854e+03 1.371002715202772393e+01
4.144839999999999236e+03 1.353450244478639242e+01
4.181519999999999527e+03 1.335842469461627502e+01
4.218199999999999818e+03 1.318180066425426311e+01
4.254880000000000109e+03 1.300471392953808092e+01
4.291559999999999491e+03 1.282707884703973278e+01
4.328239999999999782e+03 1.264889313491739919e+01
4.364920000000000073e+03 1.247015371938506689e+01
4.401599999999999454e+03 1.229077557845448787e+01
4.438279999999999745e+03 1.211070514176865487e+01
4.474960000000000036e+03 1.192998299575534560e+01
4.511640000000000327e+03 1.174869164105853692e+01
4.548319999999999709e+03 1.156682851435776094e+01
4.585000000000000000e+03 1.138435890387987470e+01
4.621680000000000291e+03 1.120123635463617973e+01
4.658359999999999673e+03 1.101753009435921449e+01
4.695039999999999964e+03 1.083319046466487379e+01
4.731720000000000255e+03 1.064810179633098741e+01
4.768400000000000546e+03 1.046223408306089198e+01
4.805079999999999927e+03 1.027572499005918871e+01
4.841760000000000218e+03 1.008854561525300220e+01
4.878440000000000509e+03 9.900741641339603660e+00
4.915119999999999891e+03 9.712274052151464332e+00
4.951800000000000182e+03 9.523059922055537641e+00
4.988480000000000473e+03 9.333124709183836742e+00
5.025160000000000764e+03 9.142526028873096067e+00
5.061840000000000146e+03 8.951276908035227464e+00
5.098520000000000437e+03 8.759369944127080032e+00
5.135200000000000728e+03 8.566805724494949814e+00
5.171880000000000109e+03 8.373513909118059928e+00
5.208560000000000400e+03 8.179003366552461074e+00
5.245240000000000691e+03 7.981318951547302198e+00
5.281920000000000982e+03 7.782086229896671092e+00
5.318600000000000364e+03 7.582009780216216299e+00
5.355280000000000655e+03 7.381082624063465047e+00
5.391960000000000946e+03 7.179297667126718352e+00
5.428640000000000327e+03 6.976642452928114579e+00
5.465320000000000618e+03 6.772979749954554762e+00
5.502000000000000909e+03 6.568425112235460439e+00
5.538680000000001201e+03 6.362188509539060455e+00
5.575360000000000582e+03 6.152102631849078129e+00
5.612040000000000873e+03 5.940955311278377060e+00
5.648720000000001164e+03 5.728735240754868840e+00
5.685400000000000546e+03 5.515430894421427865e+00
5.722080000000000837e+03 5.301030521803727247e+00
5.758760000000001128e+03 5.085522141772982785e+00
5.795440000000001419e+03 4.867562339685386874e+00
5.832120000000000800e+03 4.647407890696849009e+00
5.868800000000001091e+03 4.426041047166676456e+00
5.905480000000001382e+03 4.203447456473598187e+00
5.942160000000000764e+03 3.979612464891814305e+00
5.978840000000001055e+03 3.754521108865367385e+00
6.015520000000001346e+03 3.528158105953436596e+00
6.052200000000001637e+03 3.300507845429564657e+00
6.088880000000001019e+03 3.071554378521012207e+00
6.125560000000001310e+03 2.839372792591779771e+00
6.162240000000001601e+03 2.605002682297402394e+00
6.198920000000000982e+03 2.369134177708020150e+00
6.235600000000001273e+03 2.131727527168065350e+00
6.272280000000001564e+03 1.892517494950701540e+00
6.308960000000001855e+03 1.651732015238949414e+00
6.345640000000001237e+03 1.409346926324469784e+00
6.382320000000001528e+03 1.165337423909194703e+00
6.419000000000001819e+03 9.205544557503034797e-01
6.455680000000002110e+03 6.743479125664485485e-01
6.492360000000001492e+03 4.264181579333039540e-01
6.529040000000001783e+03 1.767365551691743586e-01
6.565720000000002074e+03 -7.472635552580599028e-02
6.602400000000001455e+03 -3.280008906177958594e-01
6.639080000000001746e+03 -5.831182585820330333e-01
6.675760000000002037e+03 -8.401105971592314203e-01
6.712440000000002328e+03 -1.101448210552555151e+00
6.749120000000001710e+03 -1.365412411688897487e+00
6.785800000000002001e+03 -1.631489092823686260e+00
6.822480000000002292e+03 -1.899719328674661201e+00
6.859160000000001673e+03 -2.170145559983843508e+00
6.895840000000001965e+03 -2.442811658004203856e+00
6.932520000000002256e+03 -2.717762992974946723e+00
6.969200000000002547e+03 -2.995046506891570814e+00
7.005880000000001928e+03 -3.274710790907257696e+00
7.042560000000002219e+03 -3.556806167731966895e+00
7.079240000000002510e+03 -3.841384779431415097e+00
7.115920000000001892e+03 -4.128500681066872069e+00
7.152600000000002183e+03 -4.418209940660900337e+00
7.189280000000002474e+03 -4.710834409916072829e+00
7.225960000000002765e+03 -5.008854316708032606e+00
7.262640000000002146e+03 -5.310182994428016556e+00
7.299320000000002437e+03 -5.614910340310100167e+00
7.336000000000003638e+03 -6.064133345345277704e+00
7.345170000000000982e+03 -6.049276939044852419e+00
7.354340000000002874e+03 -6.144417632972350773e+00
7.354913125000002765e+03 -6.150430639259900190e+00
7.355486250000001746e+03 -6.160997441288441401e+00
7.356059375000002547e+03 -6.163804094981507831e+00
7.356131015625002874e+03 -6.164154745476897013e+00
7.356202656250003201e+03 -6.163990805554067087e+00
7.356274296875002619e+03 -6.164745420126014785e+00
7.356283251953127547e+03 -6.164899743713890601e+00
7.356292207031253383e+03 -6.164943561457064014e+00
7.356293326416020136e+03 -6.164949038630522793e+00
7.356293886108401239e+03 -6.164951777213605766e+00
7.356293888294699173e+03 -6.164951787911182812e+00
