3.668000000000000000e+03 3.084344879656891436e+01
3.704679999999999836e+03 3.085710113540112687e+01
3.741360000000000127e+03 3.087035657351217210e+01
3.778039999999999964e+03 3.088321440695207087e+01
3.814720000000000255e+03 3.089569866454931102e+01
3.851400000000000091e+03 3.090779479909193128e+01
3.888080000000000382e+03 3.091949179273981585e+01
3.924760000000000218e+03 3.093087532375771431e+01
3.961440000000000055e+03 3.094193951537980780e+01
3.998120000000000346e+03 3.095260577271669078e+01
4.034800000000000182e+03 3.096260462886040798e+01
4.071479999999999563e+03 3.097075474733385647e+01
4.108159999999999854e+03 3.097852809205921076e+01
4.144839999999999236e+03 3.098590152224200267e+01
4.181519999999999527e+03 3.099287443631780548e+01
4.218199999999999818e+03 3.099944541160152767e+01
4.254880000000000109e+03 3.100560722718356743e+01
4.291559999999999491e+03 3.101136752687349230e+01
4.328239999999999782e+03 3.101672568685645714e+01
4.364920000000000073e+03 3.102167973011676239e+01
4.401599999999999454e+03 3.102608285504047458e+01
4.438279999999999745e+03 3.103150072623781952e+01
4.474960000000000036e+03 3.103680421675820966e+01
4.511640000000000327e+03 3.104169265651930942e+01
4.548319999999999709e+03 3.104616501465564937e+01
4.585000000000000000e+03 3.105021754162731185e+01
4.621680000000000291e+03 3.105384520955214711e+01
4.658359999999999673e+03 3.105705284047410331e+01
4.695039999999999964e+03 3.105987586996554839e+01
4.731720000000000255e+03 3.106229558498455390e+01
4.768400000000000546e+03 3.106380750501813992e+01
4.805079999999999927e+03 3.106579654382622735e+01
4.841760000000000218e+03 3.106866419115434397e+01
4.878440000000000509e+03 3.107109952671538977e+01
4.915119999999999891e+03 3.107295178114208412e+01
4.951800000000000182e+03 3.107433118576109266e+01
4.988480000000000473e+03 3.107526289763362826e+01
5.025160000000000764e+03 3.107574690424915786e+01
5.061840000000000146e+03 3.107643563479156157e+01
5.098520000000000437e+03 3.107922278643140857e+01
5.135200000000000728e+03 3.108156066229264880e+01
5.171880000000000109e+03 3.108369121299016058e+01
5.208560000000000400e+03 3.108568379557017991e+01
5.245240000000000691e+03 3.108705318667309214e+01
5.281920000000000982e+03 3.108788754444928770e+01
5.318600000000000364e+03 3.108819626036807904e+01
5.355280000000000655e+03 3.108797458333241437e+01
5.391960000000000946e+03 3.108721766766532824e+01
5.428640000000000327e+03 3.108592028880548952e+01
5.465320000000000618e+03 3.108406929849986966e+01
5.502000000000000909e+03 3.108166509016368195e+01
5.538680000000001201e+03 3.107866559373809423e+01
5.575360000000000582e+03 3.107495923168808716e+01
5.612040000000000873e+03 3.107066864458318634e+01
5.648720000000001164e+03 3.106578779588708983e+01
5.685400000000000546e+03 3.106031052032530937e+01
5.722080000000000837e+03 3.105423052024829644e+01
5.758760000000001128e+03 3.104754136185883695e+01
5.795440000000001419e+03 3.104028555931279598e+01
5.832120000000000800e+03 3.103244029316231689e+01
5.868800000000001091e+03 3.102396010871968102e+01
5.905480000000001382e+03 3.101483779739378122e+01
5.942160000000000764e+03 3.100506598760309984e+01
5.978840000000001055e+03 3.099463713983477930e+01
6.015520000000001346e+03 3.098354354150877299e+01
6.052200000000001637e+03 3.097177730163393861e+01
6.088880000000001019e+03 3.095933034524832550e+01
6.125560000000001310e+03 3.094590928795921059e+01
6.162240000000001601e+03 3.093165613570308636e+01
6.198920000000000982e+03 3.091666636716555061e+01
6.235600000000001273e+03 3.090092653902123132e+01
6.272280000000001564e+03 3.088437816881869935e+01
6.308960000000001855e+03 3.086706061266959722e+01
6.345640000000001237e+03 3.084896307424438433e+01
6.382320000000001528e+03 3.083007447102434284e+01
6.419000000000001819e+03 3.081129882481626936e+01
6.455680000000002110e+03 3.079191904607083430e+01
6.492360000000001492e+03 3.077162730785377320e+01
6.529040000000001783e+03 3.075040595810924771e+01
6.565720000000002074e+03 3.072823676801051107e+01
6.602400000000001455e+03 3.070510090610430964e+01
6.639080000000001746e+03 3.068097891094587126e+01
6.675760000000002037e+03 3.065585066211530219e+01
6.712440000000002328e+03 3.062963674825747873e+01
6.749120000000001710e+03 3.060235003640993057e+01
6.785800000000002001e+03 3.057398005746726000e+01
6.822480000000002292e+03 3.054450295746551092e+01
6.859160000000001673e+03 3.051389400493109960e+01
6.895840000000001965e+03 3.048212754624101706e+01
6.932520000000002256e+03 3.044917695802323365e+01
6.969200000000002547e+03 3.041501459635386340e+01
7.005880000000001928e+03 3.037961174248217233e+01
7.042560000000002219e+03 3.034293854478991292e+01
7.079240000000002510e+03 3.030496395665798559e+01
7.115920000000001892e+03 3.026565566988221434e+01
7.152600000000002183e+03 3.022498004324114262e+01
7.189280000000002474e+03 3.018280454618973252e+01
7.225960000000002765e+03 3.013827074730041744e+01
7.262640000000002146e+03 3.009219890660472174e+01
7.299320000000002437e+03 3.004454619899807710e+01
7.336000000000003638e+03 2.996430830045567717e+01
7.345170000000000982e+03 2.997154873170016742e+01
7.354340000000002874e+03 2.995486295182236347e+01
7.354913125000002765e+03 2.995380238768736803e+01
7.355486250000001746e+03 2.995175416197066554e+01
7.356059375000002547e+03 2.995138793623431894e+01
7.356131015625002874e+03 2.995134217194114257e+01
7.356202656250003201e+03 2.995140796950833462e+01
7.356274296875002619e+03 2.995127461122797996e+01
7.356283251953127547e+03 2.995124493314923697e+01
7.356292207031253383e+03 2.995123921365861719e+01
7.356293326416020136e+03 2.995123849872567234e+01
7.356293886108401239e+03 2.995123814125952677e+01
7.356293888294699173e+03 2.995123813986316463e+01
