3.668000000000000000e+03 8.500000000000035527e+01
3.704679999999999836e+03 8.597202000000001476e+01
3.741360000000000127e+03 8.694404000000007215e+01
3.778039999999999964e+03 8.791605999999990217e+01
3.814720000000000255e+03 8.888808000000021536e+01
3.851400000000000091e+03 8.986009999999956221e+01
3.888080000000000382e+03 9.083212000000033015e+01
3.924760000000000218e+03 9.180413999999996122e+01
3.961440000000000055e+03 9.277616000000014651e+01
3.998120000000000346e+03 9.374817999999977758e+01
4.034800000000000182e+03 9.472020000000003392e+01
4.071479999999999563e+03 9.569222000000033290e+01
4.108159999999999854e+03 9.666423999999940975e+01
4.144839999999999236e+03 9.763625999999997873e+01
4.181519999999999527e+03 9.860828000000029192e+01
4.218199999999999818e+03 9.958030000000000825e+01
4.254880000000000109e+03 1.005523199999996820e+02
4.291559999999999491e+03 1.015243400000000804e+02
4.328239999999999782e+03 1.024963600000002657e+02
4.364920000000000073e+03 1.034683799999998257e+02
4.401599999999999454e+03 1.044404000000004942e+02
4.438279999999999745e+03 1.054124199999998979e+02
4.474960000000000036e+03 1.063844399999999268e+02
4.511640000000000327e+03 1.073564600000003679e+02
4.548319999999999709e+03 1.083284799999999990e+02
4.585000000000000000e+03 1.093004999999996727e+02
4.621680000000000291e+03 1.102725199999999148e+02
4.658359999999999673e+03 1.112445399999995885e+02
4.695039999999999964e+03 1.122165600000002996e+02
4.731720000000000255e+03 1.131885799999998881e+02
4.768400000000000546e+03 1.141605999999997607e+02
4.805079999999999927e+03 1.151326200000000597e+02
4.841760000000000218e+03 1.161046399999998044e+02
4.878440000000000509e+03 1.170766599999998334e+02
4.915119999999999891e+03 1.180486800000002177e+02
4.951800000000000182e+03 1.190206999999994082e+02
4.988480000000000473e+03 1.199927200000003040e+02
5.025160000000000764e+03 1.209647400000000914e+02
5.061840000000000146e+03 1.219367600000002625e+02
5.098520000000000437e+03 1.229087800000001067e+02
5.135200000000000728e+03 1.238808000000000646e+02
5.171880000000000109e+03 1.248528200000002641e+02
5.208560000000000400e+03 1.258248399999999236e+02
5.245240000000000691e+03 1.267968600000008479e+02
5.281920000000000982e+03 1.277688799999998537e+02
5.318600000000000364e+03 1.287408999999992716e+02
5.355280000000000655e+03 1.297129199999996558e+02
5.391960000000000946e+03 1.306849399999995001e+02
5.428640000000000327e+03 1.316569599999998275e+02
5.465320000000000618e+03 1.326289799999995580e+02
5.502000000000000909e+03 1.336009999999999991e+02
5.538680000000001201e+03 1.345730200000001275e+02
5.575360000000000582e+03 1.355450400000000286e+02
5.612040000000000873e+03 1.365170600000002423e+02
5.648720000000001164e+03 1.374890799999999444e+02
5.685400000000000546e+03 1.384610999999999024e+02
5.722080000000000837e+03 1.394331200000010256e+02
5.758760000000001128e+03 1.404051400000006709e+02
5.795440000000001419e+03 1.413771600000002309e+02
5.832120000000000800e+03 1.423491799999997056e+02
5.868800000000001091e+03 1.433212000000001467e+02
5.905480000000001382e+03 1.442932200000006162e+02
5.942160000000000764e+03 1.452652400000000057e+02
5.978840000000001055e+03 1.462372600000007594e+02
6.015520000000001346e+03 1.472092800000002057e+02
6.052200000000001637e+03 1.481812999999998794e+02
6.088880000000001019e+03 1.491533200000000079e+02
6.125560000000001310e+03 1.501253400000004490e+02
6.162240000000001601e+03 1.510973600000005490e+02
6.198920000000000982e+03 1.520693800000003648e+02
6.235600000000001273e+03 1.530414000000003796e+02
6.272280000000001564e+03 1.540134199999996838e+02
6.308960000000001855e+03 1.549854400000004375e+02
6.345640000000001237e+03 1.559574599999999123e+02
6.382320000000001528e+03 1.569294800000003249e+02
6.419000000000001819e+03 1.579015000000001123e+02
6.455680000000002110e+03 1.588735199999994450e+02
6.492360000000001492e+03 1.598455400000000282e+02
6.529040000000001783e+03 1.608175600000003556e+02
6.565720000000002074e+03 1.617895800000000008e+02
6.602400000000001455e+03 1.627616000000001861e+02
6.639080000000001746e+03 1.637336200000015083e+02
6.675760000000002037e+03 1.647056400000010967e+02
6.712440000000002328e+03 1.656776599999999462e+02
6.749120000000001710e+03 1.666496800000010126e+02
6.785800000000002001e+03 1.676217000000001462e+02
6.822480000000002292e+03 1.685937200000007579e+02
6.859160000000001673e+03 1.695657400000007442e+02
6.895840000000001965e+03 1.705377600000001621e+02
6.932520000000002256e+03 1.715097800000008021e+02
6.969200000000002547e+03 1.724818000000005043e+02
7.005880000000001928e+03 1.734538199999998369e+02
7.042560000000002219e+03 1.744258400000003348e+02
7.079240000000002510e+03 1.753978599999997527e+02
7.115920000000001892e+03 1.763698799999998812e+02
7.152600000000002183e+03 1.773419000000006349e+02
7.189280000000002474e+03 1.783139200000006781e+02
7.225960000000002765e+03 1.792859400000008918e+02
7.262640000000002146e+03 1.802579600000009350e+02
7.299320000000002437e+03 1.812299799999997845e+02
7.336000000000003638e+03 1.822019999999999413e+02
7.345170000000000982e+03 1.824450050000012880e+02
7.354340000000002874e+03 1.826880100000005882e+02
7.354913125000002765e+03 1.827031978125004343e+02
7.355486250000001746e+03 1.827183856250001384e+02
7.356059375000002547e+03 1.827335734374997287e+02
7.356131015625002874e+03 1.827354719140626003e+02
7.356202656250003201e+03 1.827373703906257560e+02
7.356274296875002619e+03 1.827392688671877750e+02
7.356283251953127547e+03 1.827395061767581410e+02
7.356292207031253383e+03 1.827397434863292176e+02
7.356293326416020136e+03 1.827397731500253144e+02
7.356293886108401239e+03 1.827397879818726665e+02
7.356293888294699173e+03 1.827397880398099517e+02
