3.668000000000000000e+03 9.617874062546494240e-01
3.704679999999999836e+03 9.615579460847861748e-01
3.741360000000000127e+03 9.613279962905113551e-01
3.778039999999999964e+03 9.610975555562705219e-01
3.814720000000000255e+03 9.608666225591409038e-01
3.851400000000000091e+03 9.606351959687764452e-01
3.888080000000000382e+03 9.604032744473536276e-01
3.924760000000000218e+03 9.602239185497307705e-01
3.961440000000000055e+03 9.600925360851765289e-01
3.998120000000000346e+03 9.599608651366841050e-01
4.034800000000000182e+03 9.598289050968940028e-01
4.071479999999999563e+03 9.596966553554316937e-01
4.108159999999999854e+03 9.595641152988910738e-01
4.144839999999999236e+03 9.594312843108138145e-01
4.181519999999999527e+03 9.592981617716704879e-01
4.218199999999999818e+03 9.591647470588403612e-01
4.254880000000000109e+03 9.590310395465915239e-01
4.291559999999999491e+03 9.588970386060611251e-01
4.328239999999999782e+03 9.587627436052358343e-01
4.364920000000000073e+03 9.586281539089293036e-01
4.401599999999999454e+03 9.584932688787644040e-01
4.438279999999999745e+03 9.583580878731512431e-01
4.474960000000000036e+03 9.582226102472645168e-01
4.511640000000000327e+03 9.580868353530263004e-01
4.548319999999999709e+03 9.579507625390804026e-01
4.585000000000000000e+03 9.578143911507746022e-01
4.621680000000000291e+03 9.576777205301372220e-01
4.658359999999999673e+03 9.575407500158542584e-01
4.695039999999999964e+03 9.574034789432497305e-01
4.731720000000000255e+03 9.572659066442620324e-01
4.768400000000000546e+03 9.571280324474217283e-01
4.805079999999999927e+03 9.569897722116683658e-01
4.841760000000000218e+03 9.568510016394037310e-01
4.878440000000000509e+03 9.567119182031498248e-01
4.915119999999999891e+03 9.565723550641763717e-01
4.951800000000000182e+03 9.564324447861002332e-01
4.988480000000000473e+03 9.562922136582348021e-01
5.025160000000000764e+03 9.561516607650311084e-01
5.061840000000000146e+03 9.559985236250584384e-01
5.098520000000000437e+03 9.557971079641682799e-01
5.135200000000000728e+03 9.555949594445168893e-01
5.171880000000000109e+03 9.551791864537771959e-01
5.208560000000000400e+03 9.544010086479562949e-01
5.245240000000000691e+03 9.536189278372155798e-01
5.281920000000000982e+03 9.528329032983501312e-01
5.318600000000000364e+03 9.520428919547563318e-01
5.355280000000000655e+03 9.512488491379755828e-01
5.391960000000000946e+03 9.504507292962626197e-01
5.428640000000000327e+03 9.496484859609534146e-01
5.465320000000000618e+03 9.488420714796848010e-01
5.502000000000000909e+03 9.480314376862355452e-01
5.538680000000001201e+03 9.472165340405638290e-01
5.575360000000000582e+03 9.463973067342560386e-01
5.612040000000000873e+03 9.455737085459241520e-01
5.648720000000001164e+03 9.447456869808246172e-01
5.685400000000000546e+03 9.439131884377738313e-01
5.722080000000000837e+03 9.430761581764721679e-01
5.758760000000001128e+03 9.422345402835762274e-01
5.795440000000001419e+03 9.413882782131584026e-01
5.832120000000000800e+03 9.405373133507115568e-01
5.868800000000001091e+03 9.396815855729636624e-01
5.905480000000001382e+03 9.388210338995836013e-01
5.942160000000000764e+03 9.379555959861234360e-01
5.978840000000001055e+03 9.370852080811659102e-01
6.015520000000001346e+03 9.362098049817227929e-01
6.052200000000001637e+03 9.353293199867970253e-01
6.088880000000001019e+03 9.344436848490111913e-01
6.125560000000001310e+03 9.335528221502925605e-01
6.162240000000001601e+03 9.326566641547719971e-01
6.198920000000000982e+03 9.317551403611671335e-01
6.235600000000001273e+03 9.308481757118534095e-01
6.272280000000001564e+03 9.299356928944811918e-01
6.308960000000001855e+03 9.290176136346343094e-01
6.345640000000001237e+03 9.280938572412007481e-01
6.382320000000001528e+03 9.271643410021193077e-01
6.419000000000001819e+03 9.261428841370248355e-01
6.455680000000002110e+03 9.250875547535221122e-01
6.492360000000001492e+03 9.240245092680788863e-01
6.529040000000001783e+03 9.229536078897341289e-01
6.565720000000002074e+03 9.218747064447181394e-01
6.602400000000001455e+03 9.207876561812691207e-01
6.639080000000001746e+03 9.196923035630900634e-01
6.675760000000002037e+03 9.185884900506131601e-01
6.712440000000002328e+03 9.174736687710420835e-01
6.749120000000001710e+03 9.163494345795143436e-01
6.785800000000002001e+03 9.152161564890313183e-01
6.822480000000002292e+03 9.140736506579777432e-01
6.859160000000001673e+03 9.129217267806056801e-01
6.895840000000001965e+03 9.117601877630292506e-01
6.932520000000002256e+03 9.105888293779330622e-01
6.969200000000002547e+03 9.094074398962384009e-01
7.005880000000001928e+03 9.082157996938137190e-01
7.042560000000002219e+03 9.070136808311372034e-01
7.079240000000002510e+03 9.058008466035611939e-01
7.115920000000001892e+03 9.045770510596395919e-01
7.152600000000002183e+03 9.033420384846848616e-01
7.189280000000002474e+03 9.020955073714728156e-01
7.225960000000002765e+03 9.008368784779380301e-01
7.262640000000002146e+03 8.995661724100091350e-01
7.299320000000002437e+03 8.982830862972824848e-01
7.336000000000003638e+03 8.969742597142701390e-01
7.345170000000000982e+03 8.966567642800963300e-01
7.354340000000002874e+03 8.963283278157071488e-01
7.354913125000002765e+03 8.963077672575006094e-01
7.355486250000001746e+03 8.962867820249498241e-01
7.356059375000002547e+03 8.962665118062653757e-01
7.356131015625002874e+03 8.962639778269231305e-01
7.356202656250003201e+03 8.962614914357771578e-01
7.356274296875002619e+03 8.962589199634903858e-01
7.356283251953127547e+03 8.962585929717720168e-01
7.356292207031253383e+03 8.962582762092744515e-01
7.356293326416020136e+03 8.962582366139134615e-01
7.356293886108401239e+03 8.962582168162279705e-01
7.356293888294699173e+03 8.962582167388932763e-01
