3.668000000000000000e+03 1.903957692426391546e+01
3.704679999999999836e+03 1.900549100865588770e+01
3.741360000000000127e+03 1.897057694355477864e+01
3.778039999999999964e+03 1.893483281274145114e+01
3.814720000000000255e+03 1.889852682218821300e+01
3.851400000000000091e+03 1.886150644163412693e+01
3.888080000000000382e+03 1.882365746424208197e+01
3.924760000000000218e+03 1.878498940171437326e+01
3.961440000000000055e+03 1.874549956243092197e+01
3.998120000000000346e+03 1.870517555335642967e+01
4.034800000000000182e+03 1.866402661828895049e+01
4.071479999999999563e+03 1.862210217299677950e+01
4.108159999999999854e+03 1.857953451724690908e+01
4.144839999999999236e+03 1.853612856760612004e+01
4.181519999999999527e+03 1.849188213831455840e+01
4.218199999999999818e+03 1.844679722660153232e+01
4.254880000000000109e+03 1.840090967142953815e+01
4.291559999999999491e+03 1.835417725457259053e+01
4.328239999999999782e+03 1.830659777950478073e+01
4.364920000000000073e+03 1.825816727051527621e+01
4.401599999999999454e+03 1.820869560860186098e+01
4.438279999999999745e+03 1.815809548471585089e+01
4.474960000000000036e+03 1.810644009304390067e+01
4.511640000000000327e+03 1.805391321241535962e+01
4.548319999999999709e+03 1.800051222702521514e+01
4.585000000000000000e+03 1.794632104078887735e+01
4.621680000000000291e+03 1.789144789483803422e+01
4.658359999999999673e+03 1.783569225710625972e+01
4.695039999999999964e+03 1.777889374634911590e+01
4.731720000000000255e+03 1.772073175947737766e+01
4.768400000000000546e+03 1.766150153640156262e+01
4.805079999999999927e+03 1.760163163599819214e+01
4.841760000000000218e+03 1.754074514858298173e+01
4.878440000000000509e+03 1.747891203477491473e+01
4.915119999999999891e+03 1.741622342052064809e+01
4.951800000000000182e+03 1.735279874602446171e+01
4.988480000000000473e+03 1.728839165446071746e+01
5.025160000000000764e+03 1.722301245897936894e+01
5.061840000000000146e+03 1.715665762455407517e+01
5.098520000000000437e+03 1.708931159514106568e+01
5.135200000000000728e+03 1.702097470261375989e+01
5.171880000000000109e+03 1.695157339792135076e+01
5.208560000000000400e+03 1.688125690148124391e+01
5.245240000000000691e+03 1.681004927889460987e+01
5.281920000000000982e+03 1.673771854574945550e+01
5.318600000000000364e+03 1.666429412556225387e+01
5.355280000000000655e+03 1.658976753959649031e+01
5.391960000000000946e+03 1.651413014884013464e+01
5.428640000000000327e+03 1.643738722565301913e+01
5.465320000000000618e+03 1.635985314464013030e+01
5.502000000000000909e+03 1.628116437315124898e+01
5.538680000000001201e+03 1.620085243493641869e+01
5.575360000000000582e+03 1.611764773735992051e+01
5.612040000000000873e+03 1.603318406605887958e+01
5.648720000000001164e+03 1.594744934901343036e+01
5.685400000000000546e+03 1.586043126508338652e+01
5.722080000000000837e+03 1.577211723749877414e+01
5.758760000000001128e+03 1.568249442712025576e+01
5.795440000000001419e+03 1.559123847467075130e+01
5.832120000000000800e+03 1.549838981405069127e+01
5.868800000000001091e+03 1.540416459937930682e+01
5.905480000000001382e+03 1.530854818640796289e+01
5.942160000000000764e+03 1.521152561152296379e+01
5.978840000000001055e+03 1.511308158270056801e+01
6.015520000000001346e+03 1.501320047012125869e+01
6.052200000000001637e+03 1.491186629642682604e+01
6.088880000000001019e+03 1.480906272660395118e+01
6.125560000000001310e+03 1.470442967530973455e+01
6.162240000000001601e+03 1.459800536950791994e+01
6.198920000000000982e+03 1.448987187082361494e+01
6.235600000000001273e+03 1.437996166943415233e+01
6.272280000000001564e+03 1.426767165120834591e+01
6.308960000000001855e+03 1.415357263074352723e+01
6.345640000000001237e+03 1.403763623704935881e+01
6.382320000000001528e+03 1.391983329064678010e+01
6.419000000000001819e+03 1.380026594957876718e+01
6.455680000000002110e+03 1.367876883052871939e+01
6.492360000000001492e+03 1.355526204959100411e+01
6.529040000000001783e+03 1.342971094553973899e+01
6.565720000000002074e+03 1.330207979236018190e+01
6.602400000000001455e+03 1.317233175458546945e+01
6.639080000000001746e+03 1.304042884018997306e+01
6.675760000000002037e+03 1.290633185087155610e+01
6.712440000000002328e+03 1.276661647488988649e+01
6.749120000000001710e+03 1.262370431534889548e+01
6.785800000000002001e+03 1.247831876521177641e+01
6.822480000000002292e+03 1.233040947542387755e+01
6.859160000000001673e+03 1.217992433009602671e+01
6.895840000000001965e+03 1.202680936110319365e+01
6.932520000000002256e+03 1.187100865730761257e+01
6.969200000000002547e+03 1.171246426798924745e+01
7.005880000000001928e+03 1.155111610002343348e+01
7.042560000000002219e+03 1.138690180830410448e+01
7.079240000000002510e+03 1.121975667886370331e+01
7.115920000000001892e+03 1.104961350408370713e+01
7.152600000000002183e+03 1.087640244933097655e+01
7.189280000000002474e+03 1.069938915760576847e+01
7.225960000000002765e+03 1.051296254751373027e+01
7.262640000000002146e+03 1.032291016563784147e+01
7.299320000000002437e+03 1.012913395351309909e+01
7.336000000000003638e+03 9.729855361172585759e+00
7.345170000000000982e+03 9.801557338543972264e+00
7.354340000000002874e+03 9.722279086345277932e+00
7.354913125000002765e+03 9.717208087605531119e+00
7.355486250000001746e+03 9.705890375438109174e+00
7.356059375000002547e+03 9.705208891335969312e+00
7.356131015625002874e+03 9.705123805942559301e+00
7.356202656250003201e+03 9.705744338267052740e+00
7.356274296875002619e+03 9.705105238829508707e+00
7.356283251953127547e+03 9.704943073550866828e+00
7.356292207031253383e+03 9.704932445373268379e+00
7.356293326416020136e+03 9.704931116875684438e+00
7.356293886108401239e+03 9.704930452628753201e+00
7.356293888294699173e+03 9.704930450034035871e+00
