3.668000000000000000e+03 9.903769463620960778e+00
3.704679999999999836e+03 1.042854340005496105e+01
3.741360000000000127e+03 1.096236319828821237e+01
3.778039999999999964e+03 1.150523805726638926e+01
3.814720000000000255e+03 1.205666414132119080e+01
3.851400000000000091e+03 1.261691458520845721e+01
3.888080000000000382e+03 1.318620785514178273e+01
3.924760000000000218e+03 1.376455289223932610e+01
3.961440000000000055e+03 1.435195915593910421e+01
3.998120000000000346e+03 1.494843662842446719e+01
4.034800000000000182e+03 1.555399483892421841e+01
4.071479999999999563e+03 1.616863780934576411e+01
4.108159999999999854e+03 1.679114390554509839e+01
4.144839999999999236e+03 1.742274000372021447e+01
4.181519999999999527e+03 1.806343668288081972e+01
4.218199999999999818e+03 1.871188575323402503e+01
4.254880000000000109e+03 1.935619507714823584e+01
4.291559999999999491e+03 2.000953985523456069e+01
4.328239999999999782e+03 2.067193118981904831e+01
4.364920000000000073e+03 2.134337933669621279e+01
4.401599999999999454e+03 2.202377522576670188e+01
4.438279999999999745e+03 2.271308843053554227e+01
4.474960000000000036e+03 2.341135043020307904e+01
4.511640000000000327e+03 2.411869582205478224e+01
4.548319999999999709e+03 2.483513676668270165e+01
4.585000000000000000e+03 2.556640088882783957e+01
4.621680000000000291e+03 2.631986775252058663e+01
4.658359999999999673e+03 2.708251968338690219e+01
4.695039999999999964e+03 2.785421253185120349e+01
4.731720000000000255e+03 2.863499425499697537e+01
4.768400000000000546e+03 2.942883144260199302e+01
4.805079999999999927e+03 3.023780657581427889e+01
4.841760000000000218e+03 3.105602332967154666e+01
4.878440000000000509e+03 3.188352210299744627e+01
4.915119999999999891e+03 3.272681998210203602e+01
4.951800000000000182e+03 3.359366807016905199e+01
4.988480000000000473e+03 3.447138859427319346e+01
5.025160000000000764e+03 3.535891898399403033e+01
5.061840000000000146e+03 3.625587159828359063e+01
5.098520000000000437e+03 3.716225237683130445e+01
5.135200000000000728e+03 3.807808940876699921e+01
5.171880000000000109e+03 3.900340086447919674e+01
5.208560000000000400e+03 3.997530090071303732e+01
5.245240000000000691e+03 4.111124741839228847e+01
5.281920000000000982e+03 4.229908265733463679e+01
5.318600000000000364e+03 4.349795767941848368e+01
5.355280000000000655e+03 4.470790893412207367e+01
5.391960000000000946e+03 4.592897351159182762e+01
5.428640000000000327e+03 4.716172350977529959e+01
5.465320000000000618e+03 4.841885813291879259e+01
5.502000000000000909e+03 4.968733169277575712e+01
5.538680000000001201e+03 5.096819286999054555e+01
5.575360000000000582e+03 5.226423790634004973e+01
5.612040000000000873e+03 5.357189337166769150e+01
5.648720000000001164e+03 5.489120749005920175e+01
5.685400000000000546e+03 5.622222940396547131e+01
5.722080000000000837e+03 5.756500919441000264e+01
5.758760000000001128e+03 5.891959790185485701e+01
5.795440000000001419e+03 6.028657263539272293e+01
5.832120000000000800e+03 6.166589385259801048e+01
5.868800000000001091e+03 6.305722771100635526e+01
5.905480000000001382e+03 6.446063084311080615e+01
5.942160000000000764e+03 6.587616100596711988e+01
5.978840000000001055e+03 6.730387710856399508e+01
6.015520000000001346e+03 6.874383924015819503e+01
6.052200000000001637e+03 7.019610869962556876e+01
6.088880000000001019e+03 7.166074802586335579e+01
6.125560000000001310e+03 7.342613202987996601e+01
6.162240000000001601e+03 7.531848037893350067e+01
6.198920000000000982e+03 7.722818608495613546e+01
6.235600000000001273e+03 7.915572590995321889e+01
6.272280000000001564e+03 8.110576579681098508e+01
6.308960000000001855e+03 8.307379421442693967e+01
6.345640000000001237e+03 8.505997662622128530e+01
6.382320000000001528e+03 8.706448281655796961e+01
6.419000000000001819e+03 8.908494001315989408e+01
6.455680000000002110e+03 9.112317047767447775e+01
6.492360000000001492e+03 9.318012147487291941e+01
6.529040000000001783e+03 9.525597733689249935e+01
6.565720000000002074e+03 9.735092739873198298e+01
6.602400000000001455e+03 9.946516618752575312e+01
6.639080000000001746e+03 1.015988936214521061e+02
6.675760000000002037e+03 1.037523152188850872e+02
6.712440000000002328e+03 1.059590924543125254e+02
6.749120000000001710e+03 1.081944793254256325e+02
6.785800000000002001e+03 1.104510296568433034e+02
6.822480000000002292e+03 1.127289986332232985e+02
6.859160000000001673e+03 1.150286493498218903e+02
6.895840000000001965e+03 1.173502531604169832e+02
6.932520000000002256e+03 1.196940900456699524e+02
6.969200000000002547e+03 1.220604490033884844e+02
7.005880000000001928e+03 1.244496284623535303e+02
7.042560000000002219e+03 1.268619367214342049e+02
7.079240000000002510e+03 1.292976924159529233e+02
7.115920000000001892e+03 1.317572250133876537e+02
7.152600000000002183e+03 1.342408753407063386e+02
7.189280000000002474e+03 1.367522920655442533e+02
7.225960000000002765e+03 1.393191951953394323e+02
7.262640000000002146e+03 1.419125579627155673e+02
7.299320000000002437e+03 1.445328360192134483e+02
7.336000000000003638e+03 1.540747093126420850e+02
7.345170000000000982e+03 1.501863911759841699e+02
7.354340000000002874e+03 1.516573618651715947e+02
7.354913125000002765e+03 1.517516044542174427e+02
7.355486250000001746e+03 1.520672737538340300e+02
7.356059375000002547e+03 1.520052798543962638e+02
7.356131015625002874e+03 1.519975180361414004e+02
7.356202656250003201e+03 1.519647269036869943e+02
7.356274296875002619e+03 1.519766114155916910e+02
7.356283251953127547e+03 1.519810148668885290e+02
7.356292207031253383e+03 1.519800436978293021e+02
7.356293326416020136e+03 1.519799222986143548e+02
7.356293886108401239e+03 1.519798615987492383e+02
7.356293888294699173e+03 1.519798613616409284e+02
