3.668000000000000000e+03 2.756278675897613439e+01
3.704679999999999836e+03 2.748989737376667009e+01
3.741360000000000127e+03 2.741661212897762567e+01
3.778039999999999964e+03 2.734292969219815461e+01
3.814720000000000255e+03 2.726892018733615686e+01
3.851400000000000091e+03 2.719454246912251705e+01
3.888080000000000382e+03 2.711976548579013624e+01
3.924760000000000218e+03 2.704459986733457910e+01
3.961440000000000055e+03 2.696904350996996058e+01
3.998120000000000346e+03 2.689308419239077708e+01
4.034800000000000182e+03 2.681673247937960269e+01
4.071479999999999563e+03 2.674004103166506852e+01
4.108159999999999854e+03 2.666302150602698617e+01
4.144839999999999236e+03 2.658559660307982142e+01
4.181519999999999527e+03 2.650776486723684400e+01
4.218199999999999818e+03 2.642953278150485019e+01
4.254880000000000109e+03 2.635097067974185947e+01
4.291559999999999491e+03 2.627200178311903755e+01
4.328239999999999782e+03 2.619262463247894601e+01
4.364920000000000073e+03 2.611283706408553229e+01
4.401599999999999454e+03 2.603256324586487125e+01
4.438279999999999745e+03 2.595174915838686402e+01
4.474960000000000036e+03 2.587044297615808119e+01
4.511640000000000327e+03 2.578871438135490379e+01
4.548319999999999709e+03 2.570656169465931029e+01
4.585000000000000000e+03 2.562397193944402929e+01
4.621680000000000291e+03 2.554092743127259624e+01
4.658359999999999673e+03 2.545745134623294348e+01
4.695039999999999964e+03 2.537351249440627754e+01
4.731720000000000255e+03 2.528902847050687086e+01
4.768400000000000546e+03 2.520393142941708220e+01
4.805079999999999927e+03 2.511834052525506777e+01
4.841760000000000218e+03 2.503223506351826444e+01
4.878440000000000509e+03 2.494566606835999067e+01
4.915119999999999891e+03 2.485860667887376962e+01
4.951800000000000182e+03 2.477102935806802364e+01
4.988480000000000473e+03 2.468295189896728203e+01
5.025160000000000764e+03 2.459439177503842799e+01
5.061840000000000146e+03 2.450535083717872098e+01
5.098520000000000437e+03 2.441582902634402075e+01
5.135200000000000728e+03 2.432585587914226366e+01
5.171880000000000109e+03 2.423531750223554226e+01
5.208560000000000400e+03 2.414392393375019807e+01
5.245240000000000691e+03 2.405083045505860895e+01
5.281920000000000982e+03 2.395682600682672359e+01
5.318600000000000364e+03 2.386223674315550269e+01
5.355280000000000655e+03 2.376705809068664621e+01
5.391960000000000946e+03 2.367128539798618903e+01
5.428640000000000327e+03 2.357491196532764022e+01
5.465320000000000618e+03 2.347788269732173916e+01
5.502000000000000909e+03 2.338023742418480921e+01
5.538680000000001201e+03 2.328214339413428036e+01
5.575360000000000582e+03 2.318403755011086531e+01
5.612040000000000873e+03 2.308527542250408615e+01
5.648720000000001164e+03 2.298585070588227808e+01
5.685400000000000546e+03 2.288575697257164876e+01
5.722080000000000837e+03 2.278498766943613774e+01
5.758760000000001128e+03 2.268353611454352858e+01
5.795440000000001419e+03 2.258095401793586632e+01
5.832120000000000800e+03 2.247731422557858139e+01
5.868800000000001091e+03 2.237293675892007272e+01
5.905480000000001382e+03 2.226781363289746452e+01
5.942160000000000764e+03 2.216193669570965241e+01
5.978840000000001055e+03 2.205529762404555427e+01
6.015520000000001346e+03 2.194788791813295603e+01
6.052200000000001637e+03 2.183969889659812580e+01
6.088880000000001019e+03 2.173072169112939633e+01
6.125560000000001310e+03 2.161995540861511245e+01
6.162240000000001601e+03 2.150793246327417663e+01
6.198920000000000982e+03 2.139500946934587589e+01
6.235600000000001273e+03 2.128116208420598809e+01
6.272280000000001564e+03 2.116621333257338478e+01
6.308960000000001855e+03 2.105032050498510898e+01
6.345640000000001237e+03 2.093347005461145827e+01
6.382320000000001528e+03 2.081564807798519467e+01
6.419000000000001819e+03 2.069806256620659823e+01
6.455680000000002110e+03 2.057983674596318480e+01
6.492360000000001492e+03 2.046057660531293010e+01
6.529040000000001783e+03 2.034026567532910335e+01
6.565720000000002074e+03 2.021888701181241288e+01
6.602400000000001455e+03 2.009642317584988902e+01
6.639080000000001746e+03 1.997285621332479266e+01
6.675760000000002037e+03 1.984816763330713130e+01
6.712440000000002328e+03 1.972132326330216401e+01
6.749120000000001710e+03 1.959300725928887843e+01
6.785800000000002001e+03 1.946342450623052045e+01
6.822480000000002292e+03 1.933255110549346512e+01
6.859160000000001673e+03 1.920036236267066343e+01
6.895840000000001965e+03 1.906683274994945876e+01
6.932520000000002256e+03 1.893193586613976720e+01
6.969200000000002547e+03 1.879564439418163602e+01
7.005880000000001928e+03 1.865793005593334897e+01
7.042560000000002219e+03 1.851876356402305746e+01
7.079240000000002510e+03 1.837811457052593767e+01
7.115920000000001892e+03 1.823595161220536554e+01
7.152600000000002183e+03 1.809224205203025093e+01
7.189280000000002474e+03 1.794679841545465848e+01
7.225960000000002765e+03 1.779826224054374251e+01
7.262640000000002146e+03 1.764792458585423773e+01
7.299320000000002437e+03 1.749573993221451218e+01
7.336000000000003638e+03 1.725814589916427977e+01
7.345170000000000982e+03 1.727335860612964069e+01
7.354340000000002874e+03 1.722388055410763741e+01
7.354913125000002765e+03 1.722074764511557277e+01
7.355486250000001746e+03 1.721493832355946552e+01
7.356059375000002547e+03 1.721368942176513528e+01
7.356131015625002874e+03 1.721353340292555956e+01
7.356202656250003201e+03 1.721367980304609802e+01
7.356274296875002619e+03 1.721328637126643812e+01
7.356283251953127547e+03 1.721320193234858920e+01
7.356292207031253383e+03 1.721318243702338435e+01
7.356293326416020136e+03 1.721318000013074823e+01
7.356293886108401239e+03 1.721317878168631310e+01
7.356293888294699173e+03 1.721317877692678167e+01
