3.668000000000000000e+03 1.086392114907594397e+01
3.704679999999999836e+03 1.072942274364938164e+01
3.741360000000000127e+03 1.059409038968856720e+01
3.778039999999999964e+03 1.045792149135287019e+01
3.814720000000000255e+03 1.032119368545823335e+01
3.851400000000000091e+03 1.018374833744412378e+01
3.888080000000000382e+03 1.004546639639609751e+01
3.924760000000000218e+03 9.906356690590909508e+00
3.961440000000000055e+03 9.766415849017571205e+00
3.998120000000000346e+03 9.625630802370668704e+00
4.034800000000000182e+03 9.484010130174848285e+00
4.071479999999999563e+03 9.341603121150120259e+00
4.108159999999999854e+03 9.198687039062367177e+00
4.144839999999999236e+03 9.054921938998575115e+00
4.181519999999999527e+03 8.910304961923070977e+00
4.218199999999999818e+03 8.764862111254792865e+00
4.254880000000000109e+03 8.618849663611307221e+00
4.291559999999999491e+03 8.471989842380585500e+00
4.328239999999999782e+03 8.324279889488291673e+00
4.364920000000000073e+03 8.175715434025413231e+00
4.401599999999999454e+03 8.026123750853798811e+00
4.438279999999999745e+03 7.875422313284508036e+00
4.474960000000000036e+03 7.723679307768998470e+00
4.511640000000000327e+03 7.571059987491233656e+00
4.548319999999999709e+03 7.417561186068835077e+00
4.585000000000000000e+03 7.263477985874081000e+00
4.621680000000000291e+03 7.109181578674183655e+00
4.658359999999999673e+03 6.953983067095144577e+00
4.695039999999999964e+03 6.797741366671687047e+00
4.731720000000000255e+03 6.640135569875241117e+00
4.768400000000000546e+03 6.481282629654010918e+00
4.805079999999999927e+03 6.321538412102741589e+00
4.841760000000000218e+03 6.160751144887060882e+00
4.878440000000000509e+03 5.998986627209689892e+00
4.915119999999999891e+03 5.836142588739559045e+00
4.951800000000000182e+03 5.672099486331493523e+00
4.988480000000000473e+03 5.506997947574778784e+00
5.025160000000000764e+03 5.340870673117977141e+00
5.061840000000000146e+03 5.173722361522395730e+00
5.098520000000000437e+03 5.005537907865150515e+00
5.135200000000000728e+03 4.836316018925903570e+00
5.171880000000000109e+03 4.665982377005795101e+00
5.208560000000000400e+03 4.494174407761764911e+00
5.245240000000000691e+03 4.318349049214377011e+00
5.281920000000000982e+03 4.140280873753501290e+00
5.318600000000000364e+03 3.960886903233911571e+00
5.355280000000000655e+03 3.780155683162215841e+00
5.391960000000000946e+03 3.598075556722944324e+00
5.428640000000000327e+03 3.414621884066585178e+00
5.465320000000000618e+03 3.229464044560641511e+00
5.502000000000000909e+03 3.042887517636559291e+00
5.538680000000001201e+03 2.854318456780029045e+00
5.575360000000000582e+03 2.662204553584263333e+00
5.612040000000000873e+03 2.468541908346526537e+00
5.648720000000001164e+03 2.273314463995628198e+00
5.685400000000000546e+03 2.076505845676247741e+00
5.722080000000000837e+03 1.878099352355007801e+00
5.758760000000001128e+03 1.678077948131428743e+00
5.795440000000001419e+03 1.476020479551307663e+00
5.832120000000000800e+03 1.271981522743366844e+00
5.868800000000001091e+03 1.066241867803159105e+00
5.905480000000001382e+03 8.587822305127538192e-01
5.942160000000000764e+03 6.495829196195532784e-01
5.978840000000001055e+03 4.386238252163469076e-01
6.015520000000001346e+03 2.258844066851674048e-01
6.052200000000001637e+03 1.134368018311263798e-02
6.088880000000001019e+03 -2.050197943496918640e-01
6.125560000000001310e+03 -4.272594077019523096e-01
6.162240000000001601e+03 -6.531843732724195162e-01
6.198920000000000982e+03 -8.813275099062880535e-01
6.235600000000001273e+03 -1.111771090622937441e+00
6.272280000000001564e+03 -1.345211362838971692e+00
6.308960000000001855e+03 -1.580998864515813729e+00
6.345640000000001237e+03 -1.819171329334877241e+00
6.382320000000001528e+03 -2.059767538462437209e+00
6.419000000000001819e+03 -2.302524469359219506e+00
6.455680000000002110e+03 -2.547730483412577129e+00
6.492360000000001492e+03 -2.795527460837198053e+00
6.529040000000001783e+03 -3.045960513952582716e+00
6.565720000000002074e+03 -3.299076100302421377e+00
6.602400000000001455e+03 -3.554922078424427756e+00
6.639080000000001746e+03 -3.813547766635732916e+00
6.675760000000002037e+03 -4.075004005037851762e+00
6.712440000000002328e+03 -4.343583624708699631e+00
6.749120000000001710e+03 -4.616259323408719695e+00
6.785800000000002001e+03 -4.892127004796292589e+00
6.822480000000002292e+03 -5.171251611199761733e+00
6.859160000000001673e+03 -5.453700309812092861e+00
6.895840000000001965e+03 -5.739542599093661934e+00
6.932520000000002256e+03 -6.028850421807598892e+00
6.969200000000002547e+03 -6.321698285197949296e+00
7.005880000000001928e+03 -6.618163388872866371e+00
7.042560000000002219e+03 -6.918325761005089447e+00
7.079240000000002510e+03 -7.222268403520042845e+00
7.115920000000001892e+03 -7.530077447009829505e+00
7.152600000000002183e+03 -7.841842316182784600e+00
7.189280000000002474e+03 -8.158525942228090244e+00
7.225960000000002765e+03 -8.487503057780442006e+00
7.262640000000002146e+03 -8.821162011327196240e+00
7.299320000000002437e+03 -9.159628810023251688e+00
7.336000000000003638e+03 -9.834749109430854119e+00
7.345170000000000982e+03 -9.701013603310412847e+00
7.354340000000002874e+03 -9.827724872165282122e+00
7.354913125000002765e+03 -9.835792039041884038e+00
7.355486250000001746e+03 -9.854633574859070322e+00
7.356059375000002547e+03 -9.855110979447799124e+00
7.356131015625002874e+03 -9.855170197776629948e+00
7.356202656250003201e+03 -9.854011823077081900e+00
7.356274296875002619e+03 -9.855026861186013676e+00
7.356283251953127547e+03 -9.855295698542681393e+00
7.356292207031253383e+03 -9.855303066607550733e+00
7.356293326416020136e+03 -9.855303987503559071e+00
7.356293886108401239e+03 -9.855304447942387469e+00
7.356293888294699173e+03 -9.855304449740975414e+00
