3.668000000000000000e+03 3.588365857543859505e+01
3.704679999999999836e+03 3.606368456562487523e+01
3.741360000000000127e+03 3.624289636002184523e+01
3.778039999999999964e+03 3.642129377675540525e+01
3.814720000000000255e+03 3.659916658872041495e+01
3.851400000000000091e+03 3.677635302291836439e+01
3.888080000000000382e+03 3.695273239845299429e+01
3.924760000000000218e+03 3.712831596846122295e+01
3.961440000000000055e+03 3.730310280885780827e+01
3.998120000000000346e+03 3.747708231614716823e+01
4.034800000000000182e+03 3.765026549156016245e+01
4.071479999999999563e+03 3.782270358094723406e+01
4.108159999999999854e+03 3.799457263766010584e+01
4.144839999999999236e+03 3.816563773949989979e+01
4.181519999999999527e+03 3.833589850797332588e+01
4.218199999999999818e+03 3.850537011634466467e+01
4.254880000000000109e+03 3.867418983702490465e+01
4.291559999999999491e+03 3.884220731190190179e+01
4.328239999999999782e+03 3.900942219223304619e+01
4.364920000000000073e+03 3.917583234846620854e+01
4.401599999999999454e+03 3.934124850814270502e+01
4.438279999999999745e+03 3.950558497359254773e+01
4.474960000000000036e+03 3.966891697292857089e+01
4.511640000000000327e+03 3.983143126368344866e+01
4.548319999999999709e+03 3.999312712738949216e+01
4.585000000000000000e+03 4.015402131482790082e+01
4.621680000000000291e+03 4.031413492631484274e+01
4.658359999999999673e+03 4.047342677767897356e+01
4.695039999999999964e+03 4.063173721945299377e+01
4.731720000000000255e+03 4.078874281306669758e+01
4.768400000000000546e+03 4.094487647765705418e+01
4.805079999999999927e+03 4.110066282998574394e+01
4.841760000000000218e+03 4.125550715754235398e+01
4.878440000000000509e+03 4.140948149328551153e+01
4.915119999999999891e+03 4.156260272688354718e+01
4.951800000000000182e+03 4.171490081298564689e+01
4.988480000000000473e+03 4.186628395134393088e+01
5.025160000000000764e+03 4.201677400316174271e+01
5.061840000000000146e+03 4.216637294280829451e+01
5.098520000000000437e+03 4.231506714770665667e+01
5.135200000000000728e+03 4.246285907983394736e+01
5.171880000000000109e+03 4.260967722065586116e+01
5.208560000000000400e+03 4.275519250986972963e+01
5.245240000000000691e+03 4.289829218461738236e+01
5.281920000000000982e+03 4.303995836049548274e+01
5.318600000000000364e+03 4.318060756928075250e+01
5.355280000000000655e+03 4.332023300059463367e+01
5.391960000000000946e+03 4.345882768965460485e+01
5.428640000000000327e+03 4.359642202034343228e+01
5.465320000000000618e+03 4.373388816702212267e+01
5.502000000000000909e+03 4.387029133968364647e+01
5.538680000000001201e+03 4.400515322903695647e+01
5.575360000000000582e+03 4.413717459643105201e+01
5.612040000000000873e+03 4.426803243783123776e+01
5.648720000000001164e+03 4.439771635243187831e+01
5.685400000000000546e+03 4.452621569485584274e+01
5.722080000000000837e+03 4.465351956864593319e+01
5.758760000000001128e+03 4.477961681952024975e+01
5.795440000000001419e+03 4.490417667580531003e+01
5.832120000000000800e+03 4.502724291285211677e+01
5.868800000000001091e+03 4.514903943880075587e+01
5.905480000000001382e+03 4.526955330102759234e+01
5.942160000000000764e+03 4.538877123157240590e+01
5.978840000000001055e+03 4.550667963803249449e+01
6.015520000000001346e+03 4.562326459410648738e+01
6.052200000000001637e+03 4.573851182977236363e+01
6.088880000000001019e+03 4.585240672108145077e+01
6.125560000000001310e+03 4.598586764818384154e+01
6.162240000000001601e+03 4.612649143871404789e+01
6.198920000000000982e+03 4.626633883685086346e+01
6.235600000000001273e+03 4.640535678194685687e+01
6.272280000000001564e+03 4.654291997459390728e+01
6.308960000000001855e+03 4.667966006451062810e+01
6.345640000000001237e+03 4.681556744405690296e+01
6.382320000000001528e+03 4.695063218371648617e+01
6.419000000000001819e+03 4.708495961723317436e+01
6.455680000000002110e+03 4.721841547789299653e+01
6.492360000000001492e+03 4.735094569262102482e+01
6.529040000000001783e+03 4.748253696044915984e+01
6.565720000000002074e+03 4.761317550425568612e+01
6.602400000000001455e+03 4.774284705002845897e+01
6.639080000000001746e+03 4.787153680493889851e+01
6.675760000000002037e+03 4.799922943413923804e+01
6.712440000000002328e+03 4.812271202516711099e+01
6.749120000000001710e+03 4.824429946323272134e+01
6.785800000000002001e+03 4.836469946499919104e+01
6.822480000000002292e+03 4.848388904223156004e+01
6.859160000000001673e+03 4.860184428907660958e+01
6.895840000000001965e+03 4.871854033521177030e+01
6.932520000000002256e+03 4.883395129588956962e+01
6.969200000000002547e+03 4.894805021862703853e+01
7.005880000000001928e+03 4.906080902626020901e+01
7.042560000000002219e+03 4.917219845605957573e+01
7.079240000000002510e+03 4.928218799457168586e+01
7.115920000000001892e+03 4.939074580781537094e+01
7.152600000000002183e+03 4.949783866642334829e+01
7.189280000000002474e+03 4.960277963427328274e+01
7.225960000000002765e+03 4.970008027053597033e+01
7.262640000000002146e+03 4.979548788145626759e+01
7.299320000000002437e+03 4.988894747257245399e+01
7.336000000000003638e+03 5.163224792988311407e+01
7.345170000000000982e+03 5.068171883696255975e+01
7.354340000000002874e+03 5.093983085456002158e+01
7.354913125000002765e+03 5.095666703032460987e+01
7.355486250000001746e+03 5.102339978858170610e+01
7.356059375000002547e+03 5.100509565433992520e+01
7.356131015625002874e+03 5.100280594252291877e+01
7.356202656250003201e+03 5.099487820962349360e+01
7.356274296875002619e+03 5.099701465429838265e+01
7.356283251953127547e+03 5.099793905106033520e+01
7.356292207031253383e+03 5.099765271018318913e+01
7.356293326416020136e+03 5.099761691715809775e+01
7.356293886108401239e+03 5.099759902061101258e+01
7.356293888294699173e+03 5.099759895070265969e+01
