3.668000000000000000e+03 9.835912947218085067e-01
3.704679999999999836e+03 9.835610270476351502e-01
3.741360000000000127e+03 9.835306951313299573e-01
3.778039999999999964e+03 9.835002991586844212e-01
3.814720000000000255e+03 9.834698409520935547e-01
3.851400000000000091e+03 9.834393199043836020e-01
3.888080000000000382e+03 9.834087355396261554e-01
3.924760000000000218e+03 9.833780880372878785e-01
3.961440000000000055e+03 9.833473775769371317e-01
3.998120000000000346e+03 9.833166043380472399e-01
4.034800000000000182e+03 9.832857684933908882e-01
4.071479999999999563e+03 9.832548702413874686e-01
4.108159999999999854e+03 9.832239212427701380e-01
4.144839999999999236e+03 9.831929107893276898e-01
4.181519999999999527e+03 9.831618390541640995e-01
4.218199999999999818e+03 9.831307081004105886e-01
4.254880000000000109e+03 9.830995352687401656e-01
4.291559999999999491e+03 9.830683029130669048e-01
4.328239999999999782e+03 9.830370112226808343e-01
4.364920000000000073e+03 9.830056603849661734e-01
4.401599999999999454e+03 9.829742505660860052e-01
4.438279999999999745e+03 9.829427819505497377e-01
4.474960000000000036e+03 9.829112547093967756e-01
4.511640000000000327e+03 9.828796690548463610e-01
4.548319999999999709e+03 9.828480251663612721e-01
4.585000000000000000e+03 9.828011822047513224e-01
4.621680000000000291e+03 9.827196040265516741e-01
4.658359999999999673e+03 9.826378018352025512e-01
4.695039999999999964e+03 9.825557782765460546e-01
4.731720000000000255e+03 9.824735452752240139e-01
4.768400000000000546e+03 9.822968498112265578e-01
4.805079999999999927e+03 9.819657476679122254e-01
4.841760000000000218e+03 9.816337107214364588e-01
4.878440000000000509e+03 9.813007355953102806e-01
4.915119999999999891e+03 9.809637113503719696e-01
4.951800000000000182e+03 9.806189305290197167e-01
4.988480000000000473e+03 9.802728441660052416e-01
5.025160000000000764e+03 9.799256739800683569e-01
5.061840000000000146e+03 9.795775007436953175e-01
5.098520000000000437e+03 9.792283216564987569e-01
5.135200000000000728e+03 9.788781333316353139e-01
5.171880000000000109e+03 9.785269325675366447e-01
5.208560000000000400e+03 9.781072490305412481e-01
5.245240000000000691e+03 9.775511093076150182e-01
5.281920000000000982e+03 9.769727654104257697e-01
5.318600000000000364e+03 9.763921139879288003e-01
5.355280000000000655e+03 9.758091391843414231e-01
5.391960000000000946e+03 9.752238248878938309e-01
5.428640000000000327e+03 9.746296861329549754e-01
5.465320000000000618e+03 9.738737251117853821e-01
5.502000000000000909e+03 9.731145930670190847e-01
5.538680000000001201e+03 9.723518832376443211e-01
5.575360000000000582e+03 9.715845290314374383e-01
5.612040000000000873e+03 9.708138828871845094e-01
5.648720000000001164e+03 9.700399181128199766e-01
5.685400000000000546e+03 9.692626075429180421e-01
5.722080000000000837e+03 9.684819235273001148e-01
5.758760000000001128e+03 9.676978379192686663e-01
5.795440000000001419e+03 9.669101850907957374e-01
5.832120000000000800e+03 9.661189593160949274e-01
5.868800000000001091e+03 9.653242318471429995e-01
5.905480000000001382e+03 9.645259719885450611e-01
5.942160000000000764e+03 9.637241484680526549e-01
5.978840000000001055e+03 9.629187294215643123e-01
6.015520000000001346e+03 9.621096823776004170e-01
6.052200000000001637e+03 9.612969742412187379e-01
6.088880000000001019e+03 9.604805712773594184e-01
6.125560000000001310e+03 9.595480710510313482e-01
6.162240000000001601e+03 9.585669990081548963e-01
6.198920000000000982e+03 9.575800277177533015e-01
6.235600000000001273e+03 9.565869804889981509e-01
6.272280000000001564e+03 9.555863790846484962e-01
6.308960000000001855e+03 9.545796212173609518e-01
6.345640000000001237e+03 9.535666263336861626e-01
6.382320000000001528e+03 9.525473118238410031e-01
6.419000000000001819e+03 9.515218146941278876e-01
6.455680000000002110e+03 9.504899058515510202e-01
6.492360000000001492e+03 9.494514297988679852e-01
6.529040000000001783e+03 9.484062954083012364e-01
6.565720000000002074e+03 9.473544091072190199e-01
6.602400000000001455e+03 9.462956747846662520e-01
6.639080000000001746e+03 9.452299936931567448e-01
6.675760000000002037e+03 9.441572643454061442e-01
6.712440000000002328e+03 9.430678805057580716e-01
6.749120000000001710e+03 9.419687966302433546e-01
6.785800000000002001e+03 9.408620765524156049e-01
6.822480000000002292e+03 9.397475979797702550e-01
6.859160000000001673e+03 9.386252348814019264e-01
6.895840000000001965e+03 9.374948573235291072e-01
6.932520000000002256e+03 9.363563312953943063e-01
6.969200000000002547e+03 9.352095185248539000e-01
7.005880000000001928e+03 9.340542762828765166e-01
7.042560000000002219e+03 9.328904571761268416e-01
7.079240000000002510e+03 9.317179089267187964e-01
7.115920000000001892e+03 9.305364741381522142e-01
7.152600000000002183e+03 9.293459900463395540e-01
7.189280000000002474e+03 9.281448239043120774e-01
7.225960000000002765e+03 9.269206684879502944e-01
7.262640000000002146e+03 9.256864261920241255e-01
7.299320000000002437e+03 9.244418841295065636e-01
7.336000000000003638e+03 9.174429454013416363e-01
7.345170000000000982e+03 9.219539426045907371e-01
7.354340000000002874e+03 9.213230939801535513e-01
7.354913125000002765e+03 9.212827648505027556e-01
7.355486250000001746e+03 9.210303834596912376e-01
7.356059375000002547e+03 9.211401457327823561e-01
7.356131015625002874e+03 9.211538841051821747e-01
7.356202656250003201e+03 9.211916038463282552e-01
7.356274296875002619e+03 9.211865220161894463e-01
7.356283251953127547e+03 9.211830915248835350e-01
7.356292207031253383e+03 9.211848101754059881e-01
7.356293326416020136e+03 9.211850250111539573e-01
7.356293886108401239e+03 9.211851324293969245e-01
7.356293888294699173e+03 9.211851328489992774e-01
