3.668000000000000000e+03 9.874566057344933423e-01
3.704679999999999836e+03 9.873274574317985053e-01
3.741360000000000127e+03 9.871977817529556942e-01
3.778039999999999964e+03 9.870675784148400522e-01
3.814720000000000255e+03 9.869368468204586797e-01
3.851400000000000091e+03 9.868055868406965248e-01
3.888080000000000382e+03 9.866737983051883099e-01
3.924760000000000218e+03 9.865414748456523553e-01
3.961440000000000055e+03 9.864086163223583226e-01
3.998120000000000346e+03 9.862752278203568146e-01
4.034800000000000182e+03 9.861413876077175233e-01
4.071479999999999563e+03 9.860074522269568487e-01
4.108159999999999854e+03 9.858730056873005188e-01
4.144839999999999236e+03 9.857380483109066116e-01
4.181519999999999527e+03 9.856025800968134520e-01
4.218199999999999818e+03 9.854666010647817886e-01
4.254880000000000109e+03 9.853301114100652125e-01
4.291559999999999491e+03 9.851931108937435067e-01
4.328239999999999782e+03 9.850555995036622825e-01
4.364920000000000073e+03 9.849175772096266934e-01
4.401599999999999454e+03 9.847790423010376326e-01
4.438279999999999745e+03 9.846394789844662432e-01
4.474960000000000036e+03 9.844992670525248846e-01
4.511640000000000327e+03 9.843585207750400468e-01
4.548319999999999709e+03 9.842172397539592499e-01
4.585000000000000000e+03 9.840754236016837631e-01
4.621680000000000291e+03 9.839330719366503608e-01
4.658359999999999673e+03 9.837901843144815084e-01
4.695039999999999964e+03 9.836467502615219294e-01
4.731720000000000255e+03 9.835027655561450199e-01
4.768400000000000546e+03 9.833582353266708820e-01
4.805079999999999927e+03 9.831057920907446679e-01
4.841760000000000218e+03 9.827202957488870849e-01
4.878440000000000509e+03 9.823332946515251907e-01
4.915119999999999891e+03 9.819448129877692555e-01
4.951800000000000182e+03 9.815548236986767483e-01
4.988480000000000473e+03 9.811633179586283227e-01
5.025160000000000764e+03 9.807702913661077160e-01
5.061840000000000146e+03 9.803736684067348994e-01
5.098520000000000437e+03 9.799673878023902329e-01
5.135200000000000728e+03 9.795594563972729318e-01
5.171880000000000109e+03 9.791475817197893283e-01
5.208560000000000400e+03 9.787301426502880153e-01
5.245240000000000691e+03 9.783109665489456708e-01
5.281920000000000982e+03 9.778900469488462921e-01
5.318600000000000364e+03 9.774673790491834602e-01
5.355280000000000655e+03 9.770429552220379898e-01
5.391960000000000946e+03 9.766167677308567052e-01
5.428640000000000327e+03 9.761888087127039704e-01
5.465320000000000618e+03 9.757590698039926291e-01
5.502000000000000909e+03 9.753275432846560955e-01
5.538680000000001201e+03 9.748942191079630337e-01
5.575360000000000582e+03 9.744590839877497190e-01
5.612040000000000873e+03 9.740221362031752372e-01
5.648720000000001164e+03 9.735833671926676924e-01
5.685400000000000546e+03 9.731427682674860247e-01
5.722080000000000837e+03 9.727003306091293044e-01
5.758760000000001128e+03 9.722560452666656472e-01
5.795440000000001419e+03 9.718098988678466332e-01
5.832120000000000800e+03 9.713618831384556174e-01
5.868800000000001091e+03 9.709119919453186309e-01
5.905480000000001382e+03 9.704602157813985164e-01
5.942160000000000764e+03 9.700065449924593075e-01
5.978840000000001055e+03 9.695509697738204924e-01
6.015520000000001346e+03 9.690934801670039178e-01
6.052200000000001637e+03 9.686340660562660076e-01
6.088880000000001019e+03 9.681727171650106323e-01
6.125560000000001310e+03 9.677094254434146503e-01
6.162240000000001601e+03 9.672441785523934188e-01
6.198920000000000982e+03 9.667769647153947599e-01
6.235600000000001273e+03 9.663077733107563461e-01
6.272280000000001564e+03 9.658365984181637165e-01
6.308960000000001855e+03 9.653634232141502514e-01
6.345640000000001237e+03 9.648882361314276013e-01
6.382320000000001528e+03 9.644110254036184493e-01
6.419000000000001819e+03 9.638688488213870142e-01
6.455680000000002110e+03 9.633045237158492924e-01
6.492360000000001492e+03 9.627372793586544963e-01
6.529040000000001783e+03 9.621670848694667821e-01
6.565720000000002074e+03 9.615939085474375370e-01
6.602400000000001455e+03 9.610177178373753293e-01
6.639080000000001746e+03 9.604384792939798521e-01
6.675760000000002037e+03 9.598561585439963073e-01
6.712440000000002328e+03 9.592689889288942284e-01
6.749120000000001710e+03 9.586782253553436384e-01
6.785800000000002001e+03 9.580842272725538233e-01
6.822480000000002292e+03 9.574869548328038826e-01
6.859160000000001673e+03 9.568863669717221354e-01
6.895840000000001965e+03 9.562824213502501003e-01
6.932520000000002256e+03 9.556750742927901943e-01
6.969200000000002547e+03 9.550642807212034180e-01
7.005880000000001928e+03 9.544499940843176322e-01
7.042560000000002219e+03 9.538321662825463010e-01
7.079240000000002510e+03 9.532107475871927083e-01
7.115920000000001892e+03 9.525856865539622520e-01
7.152600000000002183e+03 9.519569299301544607e-01
7.189280000000002474e+03 9.513243985481057985e-01
7.225960000000002765e+03 9.506878316370280801e-01
7.262640000000002146e+03 9.500473800030969640e-01
7.299320000000002437e+03 9.494029808488859690e-01
7.336000000000003638e+03 9.487456138795733462e-01
7.345170000000000982e+03 9.485886987672292880e-01
7.354340000000002874e+03 9.484245749234408995e-01
7.354913125000002765e+03 9.484143045748821832e-01
7.355486250000001746e+03 9.484037441352951570e-01
7.356059375000002547e+03 9.483936753551696075e-01
7.356131015625002874e+03 9.483924167027468766e-01
7.356202656250003201e+03 9.483911907093873772e-01
7.356274296875002619e+03 9.483899063779182015e-01
7.356283251953127547e+03 9.483897420258504685e-01
7.356292207031253383e+03 9.483895846902007376e-01
7.356293326416020136e+03 9.483895650232312402e-01
7.356293886108401239e+03 9.483895551897449927e-01
7.356293888294699173e+03 9.483895551513329414e-01
