3.668000000000000000e+03 -1.253652758275876522e+00
3.704679999999999836e+03 -2.266587254439826893e-01
3.741360000000000127e+03 8.053040764742682711e-01
3.778039999999999964e+03 1.842243308800771473e+00
3.814720000000000255e+03 2.883658664024203233e+00
3.851400000000000091e+03 3.929844559401210802e+00
3.888080000000000382e+03 4.981020810581828329e+00
3.924760000000000218e+03 6.037196433076591262e+00
3.961440000000000055e+03 7.098379912260455171e+00
3.998120000000000346e+03 8.164579289678982832e+00
4.034800000000000182e+03 9.235804304973541434e+00
4.071479999999999563e+03 1.031195208618176906e+01
4.108159999999999854e+03 1.135808905942551661e+01
4.144839999999999236e+03 1.240916441135339099e+01
4.181519999999999527e+03 1.346518733243349075e+01
4.218199999999999818e+03 1.446954812329143181e+01
4.254880000000000109e+03 1.492635948364920750e+01
4.291559999999999491e+03 1.538407584194997924e+01
4.328239999999999782e+03 1.584269864190141774e+01
4.364920000000000073e+03 1.630222941080723942e+01
4.401599999999999454e+03 1.676267512792946235e+01
4.438279999999999745e+03 1.722403836585369419e+01
4.474960000000000036e+03 1.768631991448349439e+01
4.511640000000000327e+03 1.814951527601767012e+01
4.548319999999999709e+03 1.861362608393243079e+01
4.585000000000000000e+03 1.908149864083580383e+01
4.621680000000000291e+03 1.955681141188877348e+01
4.658359999999999673e+03 2.003308583105961915e+01
4.695039999999999964e+03 2.051032939139467359e+01
4.731720000000000255e+03 2.098856785166972116e+01
4.768400000000000546e+03 2.146874751759001043e+01
4.805079999999999927e+03 2.195145080138734173e+01
4.841760000000000218e+03 2.243514153360061769e+01
4.878440000000000509e+03 2.291982178824598293e+01
4.915119999999999891e+03 2.340631873397495610e+01
4.951800000000000182e+03 2.389562374775475462e+01
4.988480000000000473e+03 2.400000000000168399e+01
5.025160000000000764e+03 2.399999999999991829e+01
5.061840000000000146e+03 2.399999999999901945e+01
5.098520000000000437e+03 2.400000000000126121e+01
5.135200000000000728e+03 2.400000000000217426e+01
5.171880000000000109e+03 2.400000000000197176e+01
5.208560000000000400e+03 2.399999999999937117e+01
5.245240000000000691e+03 2.400000000000135003e+01
5.281920000000000982e+03 2.400000000000106937e+01
5.318600000000000364e+03 2.400000000000009592e+01
5.355280000000000655e+03 2.400000000000134293e+01
5.391960000000000946e+03 2.399999999999842970e+01
5.428640000000000327e+03 2.399999999999971223e+01
5.465320000000000618e+03 2.400000000000012790e+01
5.502000000000000909e+03 2.399999999999910116e+01
5.538680000000001201e+03 2.399999999999966604e+01
5.575360000000000582e+03 2.400000000000243361e+01
5.612040000000000873e+03 2.399999999999898748e+01
5.648720000000001164e+03 2.399999999999947065e+01
5.685400000000000546e+03 2.400000000000047606e+01
5.722080000000000837e+03 2.399999999999989697e+01
5.758760000000001128e+03 2.399999999999928946e+01
5.795440000000001419e+03 2.399999999999896616e+01
5.832120000000000800e+03 2.400000000000043698e+01
5.868800000000001091e+03 2.400000000000024514e+01
5.905480000000001382e+03 2.399999999999811706e+01
5.942160000000000764e+03 2.400000000000045475e+01
5.978840000000001055e+03 2.400000000000208189e+01
6.015520000000001346e+03 2.400000000000135003e+01
6.052200000000001637e+03 2.400000000000169820e+01
6.088880000000001019e+03 2.400000000000198952e+01
6.125560000000001310e+03 2.400000000000149214e+01
6.162240000000001601e+03 2.400000000000194333e+01
6.198920000000000982e+03 2.399999999999945999e+01
6.235600000000001273e+03 2.399999999999899103e+01
6.272280000000001564e+03 2.400000000000045830e+01
6.308960000000001855e+03 2.400000000000006395e+01
6.345640000000001237e+03 2.400000000000047606e+01
6.382320000000001528e+03 2.400000000000108713e+01
6.419000000000001819e+03 2.400000000000113687e+01
6.455680000000002110e+03 2.399999999999879563e+01
6.492360000000001492e+03 2.400000000000160938e+01
6.529040000000001783e+03 2.400000000000056843e+01
6.565720000000002074e+03 2.399999999999989342e+01
6.602400000000001455e+03 2.400000000000074607e+01
6.639080000000001746e+03 2.399999999999965183e+01
6.675760000000002037e+03 2.400000000000000711e+01
6.712440000000002328e+03 2.400000000000168043e+01
6.749120000000001710e+03 2.400000000000029843e+01
6.785800000000002001e+03 2.400000000000090949e+01
6.822480000000002292e+03 2.400000000000080647e+01
6.859160000000001673e+03 2.400000000000176215e+01
6.895840000000001965e+03 2.399999999999995737e+01
6.932520000000002256e+03 2.400000000000000711e+01
6.969200000000002547e+03 2.400000000000024158e+01
7.005880000000001928e+03 2.399999999999973710e+01
7.042560000000002219e+03 2.400000000000024158e+01
7.079240000000002510e+03 2.400000000000194333e+01
7.115920000000001892e+03 2.399999999999965894e+01
7.152600000000002183e+03 2.399999999999923972e+01
7.189280000000002474e+03 2.400000000000108002e+01
7.225960000000002765e+03 2.400000000000051514e+01
7.262640000000002146e+03 2.400000000000094502e+01
7.299320000000002437e+03 2.400000000000036593e+01
7.336000000000003638e+03 2.399999999999973710e+01
7.345170000000000982e+03 2.399999999999900169e+01
7.354340000000002874e+03 2.399999999999979394e+01
7.354913125000002765e+03 2.400000000000176215e+01
7.355486250000001746e+03 2.399999999999961631e+01
7.356059375000002547e+03 2.400000000000094857e+01
7.356131015625002874e+03 2.400000000000047251e+01
7.356202656250003201e+03 2.400000000000041922e+01
7.356274296875002619e+03 2.399999999999960210e+01
7.356283251953127547e+03 2.399999999999974420e+01
7.356292207031253383e+03 2.400000000000078515e+01
7.356293326416020136e+03 2.399999999999808509e+01
7.356293886108401239e+03 2.400000000000157385e+01
7.356293888294699173e+03 2.400000000000096634e+01
