3.668000000000000000e+03 3.599999999999995737e+01
3.704679999999999836e+03 3.631178000000000594e+01
3.741360000000000127e+03 3.662356000000001899e+01
3.778039999999999964e+03 3.693534000000002493e+01
3.814720000000000255e+03 3.724711999999998824e+01
3.851400000000000091e+03 3.755890000000004392e+01
3.888080000000000382e+03 3.787067999999996459e+01
3.924760000000000218e+03 3.818245999999997053e+01
3.961440000000000055e+03 3.849423999999994095e+01
3.998120000000000346e+03 3.880602000000003216e+01
4.034800000000000182e+03 3.911780000000000257e+01
4.071479999999999563e+03 3.942957999999992325e+01
4.108159999999999854e+03 3.974135999999997892e+01
4.144839999999999236e+03 4.005313999999998487e+01
4.181519999999999527e+03 4.036492000000004055e+01
4.218199999999999818e+03 4.067670000000004649e+01
4.254880000000000109e+03 4.098848000000001690e+01
4.291559999999999491e+03 4.130026000000002995e+01
4.328239999999999782e+03 4.161204000000003589e+01
4.364920000000000073e+03 4.192382000000009157e+01
4.401599999999999454e+03 4.223560000000001224e+01
4.438279999999999745e+03 4.254738000000002529e+01
4.474960000000000036e+03 4.285916000000003123e+01
4.511640000000000327e+03 4.317094000000004428e+01
4.548319999999999709e+03 4.348272000000000759e+01
4.585000000000000000e+03 4.379450000000005616e+01
4.621680000000000291e+03 4.410628000000002658e+01
4.658359999999999673e+03 4.441805999999994725e+01
4.695039999999999964e+03 4.472983999999999583e+01
4.731720000000000255e+03 4.504161999999996624e+01
4.768400000000000546e+03 4.535340000000002192e+01
4.805079999999999927e+03 4.566518000000002786e+01
4.841760000000000218e+03 4.597696000000004091e+01
4.878440000000000509e+03 4.628874000000000422e+01
4.915119999999999891e+03 4.660052000000001016e+01
4.951800000000000182e+03 4.691230000000006584e+01
4.988480000000000473e+03 4.722408000000003625e+01
5.025160000000000764e+03 4.753586000000008482e+01
5.061840000000000146e+03 4.784764000000005524e+01
5.098520000000000437e+03 4.815942000000001855e+01
5.135200000000000728e+03 4.847120000000006712e+01
5.171880000000000109e+03 4.878298000000003753e+01
5.208560000000000400e+03 4.909475999999991558e+01
5.245240000000000691e+03 4.940654000000000678e+01
5.281920000000000982e+03 4.971832000000011220e+01
5.318600000000000364e+03 5.003010000000011814e+01
5.355280000000000655e+03 5.034188000000008145e+01
5.391960000000000946e+03 5.065366000000004476e+01
5.428640000000000327e+03 5.096544000000006491e+01
5.465320000000000618e+03 5.127722000000002112e+01
5.502000000000000909e+03 5.158900000000011943e+01
5.538680000000001201e+03 5.190078000000004721e+01
5.575360000000000582e+03 5.221256000000001052e+01
5.612040000000000873e+03 5.252434000000002357e+01
5.648720000000001164e+03 5.283612000000007214e+01
5.685400000000000546e+03 5.314789999999999281e+01
5.722080000000000837e+03 5.345968000000005560e+01
5.758760000000001128e+03 5.377146000000010417e+01
5.795440000000001419e+03 5.408324000000011011e+01
5.832120000000000800e+03 5.439502000000011606e+01
5.868800000000001091e+03 5.470680000000008647e+01
5.905480000000001382e+03 5.501858000000004978e+01
5.942160000000000764e+03 5.533036000000009835e+01
5.978840000000001055e+03 5.564214000000002613e+01
6.015520000000001346e+03 5.595392000000008181e+01
6.052200000000001637e+03 5.626570000000013039e+01
6.088880000000001019e+03 5.657748000000010080e+01
6.125560000000001310e+03 5.688926000000002148e+01
6.162240000000001601e+03 5.720104000000007716e+01
6.198920000000000982e+03 5.751282000000009020e+01
6.235600000000001273e+03 5.782460000000008904e+01
6.272280000000001564e+03 5.813638000000002393e+01
6.308960000000001855e+03 5.844816000000007250e+01
6.345640000000001237e+03 5.875994000000012107e+01
6.382320000000001528e+03 5.907172000000012702e+01
6.419000000000001819e+03 5.938350000000009743e+01
6.455680000000002110e+03 5.969528000000006074e+01
6.492360000000001492e+03 6.000706000000010931e+01
6.529040000000001783e+03 6.031884000000008683e+01
6.565720000000002074e+03 6.063062000000013541e+01
6.602400000000001455e+03 6.094240000000006319e+01
6.639080000000001746e+03 6.125418000000011176e+01
6.675760000000002037e+03 6.156596000000011770e+01
6.712440000000002328e+03 6.187774000000012364e+01
6.749120000000001710e+03 6.218952000000010116e+01
6.785800000000002001e+03 6.250130000000014974e+01
6.822480000000002292e+03 6.281308000000007752e+01
6.859160000000001673e+03 6.312486000000016872e+01
6.895840000000001965e+03 6.343664000000008940e+01
6.932520000000002256e+03 6.374842000000013797e+01
6.969200000000002547e+03 6.406020000000010839e+01
7.005880000000001928e+03 6.437198000000016407e+01
7.042560000000002219e+03 6.468376000000012027e+01
7.079240000000002510e+03 6.499554000000004805e+01
7.115920000000001892e+03 6.530732000000014636e+01
7.152600000000002183e+03 6.561910000000014520e+01
7.189280000000002474e+03 6.593088000000012983e+01
7.225960000000002765e+03 6.624266000000012866e+01
7.262640000000002146e+03 6.655444000000009908e+01
7.299320000000002437e+03 6.686622000000006949e+01
7.336000000000003638e+03 6.717800000000006833e+01
7.345170000000000982e+03 6.725594500000011067e+01
7.354340000000002874e+03 6.733389000000012459e+01
7.354913125000002765e+03 6.733876156250011036e+01
7.355486250000001746e+03 6.734363312500005350e+01
7.356059375000002547e+03 6.734850468750009611e+01
7.356131015625002874e+03 6.734911363281260321e+01
7.356202656250003201e+03 6.734972257812511032e+01
7.356274296875002619e+03 6.735033152343766005e+01
7.356283251953127547e+03 6.735040764160169147e+01
7.356292207031253383e+03 6.735048375976576551e+01
7.356293326416020136e+03 6.735049327453620549e+01
7.356293886108401239e+03 6.735049803192148943e+01
7.356293888294699173e+03 6.735049805050500993e+01
