3.668000000000000000e+03 4.000000000000009948e+01
3.704679999999999836e+03 4.034625919999997734e+01
3.741360000000000127e+03 4.069251839999994047e+01
3.778039999999999964e+03 4.103877759999986097e+01
3.814720000000000255e+03 4.138503680000009410e+01
3.851400000000000091e+03 4.173129600000001460e+01
3.888080000000000382e+03 4.207755520000002036e+01
3.924760000000000218e+03 4.242381439999994086e+01
3.961440000000000055e+03 4.277007359999999636e+01
3.998120000000000346e+03 4.311633280000009449e+01
4.034800000000000182e+03 4.346259199999995104e+01
4.071479999999999563e+03 4.380885120000000654e+01
4.108159999999999854e+03 4.415511039999987730e+01
4.144839999999999236e+03 4.450136960000006070e+01
4.181519999999999527e+03 4.484762879999999541e+01
4.218199999999999818e+03 4.519388800000010065e+01
4.254880000000000109e+03 4.554014719999987904e+01
4.291559999999999491e+03 4.588640640000008375e+01
4.328239999999999782e+03 4.623266559999995451e+01
4.364920000000000073e+03 4.657892479999971158e+01
4.401599999999999454e+03 4.692518400000000156e+01
4.438279999999999745e+03 4.727144320000021338e+01
4.474960000000000036e+03 4.761770239999999887e+01
4.511640000000000327e+03 4.796396160000006148e+01
4.548319999999999709e+03 4.831022079999986119e+01
4.585000000000000000e+03 4.865648000000007301e+01
4.621680000000000291e+03 4.900273920000002192e+01
4.658359999999999673e+03 4.934899840000007742e+01
4.695039999999999964e+03 4.969525759999986292e+01
4.731720000000000255e+03 5.004151680000009605e+01
4.768400000000000546e+03 5.038777599999983181e+01
4.805079999999999927e+03 5.073403519999992994e+01
4.841760000000000218e+03 5.108029439999999255e+01
4.878440000000000509e+03 5.142655360000028963e+01
4.915119999999999891e+03 5.177281280000003960e+01
4.951800000000000182e+03 5.211907200000008089e+01
4.988480000000000473e+03 5.246533120000012218e+01
5.025160000000000764e+03 5.281159040000004268e+01
5.061840000000000146e+03 5.315784959999996317e+01
5.098520000000000437e+03 5.350410879999999736e+01
5.135200000000000728e+03 5.385036800000023760e+01
5.171880000000000109e+03 5.419662720000025047e+01
5.208560000000000400e+03 5.454288640000009991e+01
5.245240000000000691e+03 5.488914560000017673e+01
5.281920000000000982e+03 5.523540479999984143e+01
5.318600000000000364e+03 5.558166399999995377e+01
5.355280000000000655e+03 5.592792320000000927e+01
5.391960000000000946e+03 5.627418240000007899e+01
5.428640000000000327e+03 5.662044160000000659e+01
5.465320000000000618e+03 5.696670080000001235e+01
5.502000000000000909e+03 5.731296000000025970e+01
5.538680000000001201e+03 5.765921919999983913e+01
5.575360000000000582e+03 5.800547840000015043e+01
5.612040000000000873e+03 5.835173760000004251e+01
5.648720000000001164e+03 5.869799680000002695e+01
5.685400000000000546e+03 5.904425600000032404e+01
5.722080000000000837e+03 5.939051519999988216e+01
5.758760000000001128e+03 5.973677439999976002e+01
5.795440000000001419e+03 6.008303359999997895e+01
5.832120000000000800e+03 6.042929280000029735e+01
5.868800000000001091e+03 6.077555200000015390e+01
5.905480000000001382e+03 6.112181119999983991e+01
5.942160000000000764e+03 6.146807040000005884e+01
5.978840000000001055e+03 6.181432960000003618e+01
6.015520000000001346e+03 6.216058880000009879e+01
6.052200000000001637e+03 6.250684799999994823e+01
6.088880000000001019e+03 6.285310719999994689e+01
6.125560000000001310e+03 6.319936640000015871e+01
6.162240000000001601e+03 6.354562560000023552e+01
6.198920000000000982e+03 6.389188480000005654e+01
6.235600000000001273e+03 6.423814400000014757e+01
6.272280000000001564e+03 6.458440319999998280e+01
6.308960000000001855e+03 6.493066240000001699e+01
6.345640000000001237e+03 6.527692160000007959e+01
6.382320000000001528e+03 6.562318080000017062e+01
6.419000000000001819e+03 6.596943999999996322e+01
6.455680000000002110e+03 6.631569920000011109e+01
6.492360000000001492e+03 6.666195840000020212e+01
6.529040000000001783e+03 6.700821759999993787e+01
6.565720000000002074e+03 6.735447680000009996e+01
6.602400000000001455e+03 6.770073600000017677e+01
6.639080000000001746e+03 6.804699520000011148e+01
6.675760000000002037e+03 6.839325440000001777e+01
6.712440000000002328e+03 6.873951360000026511e+01
6.749120000000001710e+03 6.908577280000012877e+01
6.785800000000002001e+03 6.943203200000023401e+01
6.822480000000002292e+03 6.977829119999996976e+01
6.859160000000001673e+03 7.012455040000007500e+01
6.895840000000001965e+03 7.047080960000009497e+01
6.932520000000002256e+03 7.081706880000010074e+01
6.969200000000002547e+03 7.116332800000017755e+01
7.005880000000001928e+03 7.150958720000008384e+01
7.042560000000002219e+03 7.185584640000010381e+01
7.079240000000002510e+03 7.220210560000003852e+01
7.115920000000001892e+03 7.254836479999998744e+01
7.152600000000002183e+03 7.289462400000002162e+01
7.189280000000002474e+03 7.324088320000007002e+01
7.225960000000002765e+03 7.358714240000020368e+01
7.262640000000002146e+03 7.393340160000019523e+01
7.299320000000002437e+03 7.427966080000007310e+01
7.336000000000003638e+03 7.462591999999993675e+01
7.345170000000000982e+03 7.471248479999988490e+01
7.354340000000002874e+03 7.479904959999998937e+01
7.354913125000002765e+03 7.480445990000008294e+01
7.355486250000001746e+03 7.480987019999993493e+01
7.356059375000002547e+03 7.481528050000027008e+01
7.356131015625002874e+03 7.481595678750016987e+01
7.356202656250003201e+03 7.481663307500016913e+01
7.356274296875002619e+03 7.481730936250009734e+01
7.356283251953127547e+03 7.481739389843789922e+01
7.356292207031253383e+03 7.481747843437543111e+01
7.356293326416020136e+03 7.481748900136737745e+01
7.356293886108401239e+03 7.481749428486335773e+01
7.356293888294699173e+03 7.481749430550205204e+01
