3.668000000000000000e+03 2.831467783197485488e+00
3.704679999999999836e+03 3.924661785301896799e+00
3.741360000000000127e+03 5.023920726045430385e+00
3.778039999999999964e+03 6.129262876292303375e+00
3.814720000000000255e+03 6.993468792319448291e+00
3.851400000000000091e+03 7.758800860423506585e+00
3.888080000000000382e+03 8.528788489339820700e+00
3.924760000000000218e+03 9.303443390960939752e+00
3.961440000000000055e+03 1.008277755039496526e+01
3.998120000000000346e+03 1.086680321061236043e+01
4.034800000000000182e+03 1.165553254502444958e+01
4.071479999999999563e+03 1.244897684130348559e+01
4.108159999999999854e+03 1.324697678107332521e+01
4.144839999999999236e+03 1.404971051259776438e+01
4.181519999999999527e+03 1.485719085518036131e+01
4.218199999999999818e+03 1.566940832423218133e+01
4.254880000000000109e+03 1.648617365011887870e+01
4.291559999999999491e+03 1.730771303090974911e+01
4.328239999999999782e+03 1.813403968061887284e+01
4.364920000000000073e+03 1.896516678289371427e+01
4.401599999999999454e+03 1.980108573842926845e+01
4.438279999999999745e+03 2.064180300441213944e+01
4.474960000000000036e+03 2.148733626286019671e+01
4.511640000000000327e+03 2.233772220581450085e+01
4.548319999999999709e+03 2.319297502559030022e+01
4.585000000000000000e+03 2.405329743212225679e+01
4.621680000000000291e+03 2.491896033566629143e+01
4.658359999999999673e+03 2.578955660093929936e+01
4.695039999999999964e+03 2.666507368702092151e+01
4.731720000000000255e+03 2.754556078226427474e+01
4.768400000000000546e+03 2.843128451520891531e+01
4.805079999999999927e+03 2.932230771901584632e+01
4.841760000000000218e+03 3.021835789885593471e+01
4.878440000000000509e+03 3.111945614513439651e+01
4.915119999999999891e+03 3.202588016187629449e+01
4.951800000000000182e+03 3.293797584701688663e+01
4.988480000000000473e+03 3.385524048344178993e+01
5.025160000000000764e+03 3.477766435923518884e+01
5.061840000000000146e+03 3.570525457918338930e+01
5.098520000000000437e+03 3.663802792291703270e+01
5.135200000000000728e+03 3.757600523351855770e+01
5.171880000000000109e+03 3.851920573314357910e+01
5.208560000000000400e+03 3.946990298881473791e+01
5.245240000000000691e+03 4.043251802698247843e+01
5.281920000000000982e+03 4.140220540687231221e+01
5.318600000000000364e+03 4.237759712114366550e+01
5.355280000000000655e+03 4.335872220673614663e+01
5.391960000000000946e+03 4.434561013564515974e+01
5.428640000000000327e+03 4.533833162249869986e+01
5.465320000000000618e+03 4.633790125705493779e+01
5.502000000000000909e+03 4.734336763216585098e+01
5.538680000000001201e+03 4.835483743154550496e+01
5.575360000000000582e+03 4.937255184068900604e+01
5.612040000000000873e+03 5.039628087448480898e+01
5.648720000000001164e+03 5.142605917079869471e+01
5.685400000000000546e+03 5.246192192806317678e+01
5.722080000000000837e+03 5.350390491705610430e+01
5.758760000000001128e+03 5.455204449306148007e+01
5.795440000000001419e+03 5.560643041312006574e+01
5.832120000000000800e+03 5.666709203101540027e+01
5.868800000000001091e+03 5.773402891038258389e+01
5.905480000000001382e+03 5.880728012965447249e+01
5.942160000000000764e+03 5.988688542869454068e+01
5.978840000000001055e+03 6.097288522383038156e+01
6.015520000000001346e+03 6.206532062339181266e+01
6.052200000000001637e+03 6.316423344372943660e+01
6.088880000000001019e+03 6.426966622578412114e+01
6.125560000000001310e+03 6.539055692096938799e+01
6.162240000000001601e+03 6.652195668610875146e+01
6.198920000000000982e+03 6.766060114489405919e+01
6.235600000000001273e+03 6.883859993442665370e+01
6.272280000000001564e+03 7.049048693215925709e+01
6.308960000000001855e+03 7.215284919333893754e+01
6.345640000000001237e+03 7.382579793574294058e+01
6.382320000000001528e+03 7.550944707341830053e+01
6.419000000000001819e+03 7.720264075082486954e+01
6.455680000000002110e+03 7.890632143849506974e+01
6.492360000000001492e+03 8.062099315952556822e+01
6.529040000000001783e+03 8.234677907185418633e+01
6.565720000000002074e+03 8.408380542932779633e+01
6.602400000000001455e+03 8.583220169334995830e+01
6.639080000000001746e+03 8.759210064993715150e+01
6.675760000000002037e+03 8.936363853255870993e+01
6.712440000000002328e+03 9.115039816688955909e+01
6.749120000000001710e+03 9.295006349063055495e+01
6.785800000000002001e+03 9.476200972459338345e+01
6.822480000000002292e+03 9.658639738771996974e+01
6.859160000000001673e+03 9.842339161348320431e+01
6.895840000000001965e+03 1.002731623430794059e+02
6.932520000000002256e+03 1.021358845294559359e+02
6.969200000000002547e+03 1.040117383530183730e+02
7.005880000000001928e+03 1.059009094497696708e+02
7.042560000000002219e+03 1.078035891528512167e+02
7.079240000000002510e+03 1.097199747484312553e+02
7.115920000000001892e+03 1.116502697470208574e+02
7.152600000000002183e+03 1.135946841714062430e+02
7.189280000000002474e+03 1.155540546877599724e+02
7.225960000000002765e+03 1.175338312258680560e+02
7.262640000000002146e+03 1.195287897684656713e+02
7.299320000000002437e+03 1.215391928476881986e+02
7.336000000000003638e+03 1.242853283219113223e+02
7.345170000000000982e+03 1.242899066614781418e+02
7.354340000000002874e+03 1.248756308914099122e+02
7.354913125000002765e+03 1.249125115165909961e+02
7.355486250000001746e+03 1.249734684165392480e+02
7.356059375000002547e+03 1.249933685410226758e+02
7.356131015625002874e+03 1.249958546089488323e+02
7.356202656250003201e+03 1.249956190839587293e+02
7.356274296875002619e+03 1.250002413623731172e+02
7.356283251953127547e+03 1.250011364325078205e+02
7.356292207031253383e+03 1.250014470826244235e+02
7.356293326416020136e+03 1.250014859135333865e+02
7.356293886108401239e+03 1.250015053289609597e+02
7.356293888294699173e+03 1.250015054048002128e+02
