3.668000000000000000e+03 2.868947046101428811e+01
3.704679999999999836e+03 2.868070373154063191e+01
3.741360000000000127e+03 2.867153697104402710e+01
3.778039999999999964e+03 2.866196937412164658e+01
3.814720000000000255e+03 2.865202495518121850e+01
3.851400000000000091e+03 2.864168901734859318e+01
3.888080000000000382e+03 2.863095040506170363e+01
3.924760000000000218e+03 2.861989376341275104e+01
3.961440000000000055e+03 2.860851317158653373e+01
3.998120000000000346e+03 2.859673077264286434e+01
4.034800000000000182e+03 2.858449324626805321e+01
4.071479999999999563e+03 2.857157625849996663e+01
4.108159999999999854e+03 2.855829027781731710e+01
4.144839999999999236e+03 2.854461202469165926e+01
4.181519999999999527e+03 2.853054084077852792e+01
4.218199999999999818e+03 2.851607524108850100e+01
4.254880000000000109e+03 2.850120789986631920e+01
4.291559999999999491e+03 2.848594646101872030e+01
4.328239999999999782e+03 2.847029024466400315e+01
4.364920000000000073e+03 2.845423722148192525e+01
4.401599999999999454e+03 2.843764092713804104e+01
4.438279999999999745e+03 2.842085956320944007e+01
4.474960000000000036e+03 2.840368725771667968e+01
4.511640000000000327e+03 2.838609467237300876e+01
4.548319999999999709e+03 2.836808067362093766e+01
4.585000000000000000e+03 2.834964140550286871e+01
4.621680000000000291e+03 2.833077173115036018e+01
4.658359999999999673e+03 2.831147637691203300e+01
4.695039999999999964e+03 2.829182610786647345e+01
4.731720000000000255e+03 2.827181506712449988e+01
4.768400000000000546e+03 2.825089418203173963e+01
4.805079999999999927e+03 2.823001970550977902e+01
4.841760000000000218e+03 2.820948151576373419e+01
4.878440000000000509e+03 2.818848533525840594e+01
4.915119999999999891e+03 2.816688179223733002e+01
4.951800000000000182e+03 2.814477956608693887e+01
4.988480000000000473e+03 2.812220331273817564e+01
5.025160000000000764e+03 2.809915278545018680e+01
5.061840000000000146e+03 2.807621561908266727e+01
5.098520000000000437e+03 2.805508872692599809e+01
5.135200000000000728e+03 2.803346866222211986e+01
5.171880000000000109e+03 2.801152346417703498e+01
5.208560000000000400e+03 2.798926423025992705e+01
5.245240000000000691e+03 2.796632606605053439e+01
5.281920000000000982e+03 2.794279676453415462e+01
5.318600000000000364e+03 2.791868508423425510e+01
5.355280000000000655e+03 2.789398565536745167e+01
5.391960000000000946e+03 2.786869300510225855e+01
5.428640000000000327e+03 2.784280127260158366e+01
5.465320000000000618e+03 2.781629665049919709e+01
5.502000000000000909e+03 2.778917888639290368e+01
5.538680000000001201e+03 2.776140518097288634e+01
5.575360000000000582e+03 2.773286308230191466e+01
5.612040000000000873e+03 2.770367477130158562e+01
5.648720000000001164e+03 2.767383351770991595e+01
5.685400000000000546e+03 2.764333245230074354e+01
5.722080000000000837e+03 2.761216456300009270e+01
5.758760000000001128e+03 2.758032269085894939e+01
5.795440000000001419e+03 2.754784883670678042e+01
5.832120000000000800e+03 2.751471936728339074e+01
5.868800000000001091e+03 2.748088789579170665e+01
5.905480000000001382e+03 2.744634644218689701e+01
5.942160000000000764e+03 2.741108685127787936e+01
5.978840000000001055e+03 2.737510078747517994e+01
6.015520000000001346e+03 2.733837972933291027e+01
6.052200000000001637e+03 2.730091496387150229e+01
6.088880000000001019e+03 2.726269758067277849e+01
6.125560000000001310e+03 2.722343247399957633e+01
6.162240000000001601e+03 2.718326125149960859e+01
6.198920000000000982e+03 2.714227883303808753e+01
6.235600000000001273e+03 2.710047086227021040e+01
6.272280000000001564e+03 2.705777771702824097e+01
6.308960000000001855e+03 2.701423806252032378e+01
6.345640000000001237e+03 2.696984015782784994e+01
6.382320000000001528e+03 2.692457195892763977e+01
6.419000000000001819e+03 2.687904321436698041e+01
6.455680000000002110e+03 2.683271016903309913e+01
6.492360000000001492e+03 2.678534967740269579e+01
6.529040000000001783e+03 2.673694228334990086e+01
6.565720000000002074e+03 2.668746790837386129e+01
6.602400000000001455e+03 2.663690582395763329e+01
6.639080000000001746e+03 2.658523462232212964e+01
6.675760000000002037e+03 2.653243218545942383e+01
6.712440000000002328e+03 2.647840688224387051e+01
6.749120000000001710e+03 2.642317634584134467e+01
6.785800000000002001e+03 2.636673017005852415e+01
6.822480000000002292e+03 2.630904223528787256e+01
6.859160000000001673e+03 2.625008547945759574e+01
6.895840000000001965e+03 2.618983185049757623e+01
6.932520000000002256e+03 2.612825225566868781e+01
6.969200000000002547e+03 2.606531650749773732e+01
7.005880000000001928e+03 2.600099326603409366e+01
7.042560000000002219e+03 2.593524997711766744e+01
7.079240000000002510e+03 2.586805280631275394e+01
7.115920000000001892e+03 2.579936656812938978e+01
7.152600000000002183e+03 2.572915465011270442e+01
7.189280000000002474e+03 2.565728098185814687e+01
7.225960000000002765e+03 2.558287992038544090e+01
7.262640000000002146e+03 2.550677250660821116e+01
7.299320000000002437e+03 2.542891248476780675e+01
7.336000000000003638e+03 2.531812832914417655e+01
7.345170000000000982e+03 2.531785061499015654e+01
7.354340000000002874e+03 2.529350895627702300e+01
7.354913125000002765e+03 2.529196944680310466e+01
7.355486250000001746e+03 2.528943695176928586e+01
7.356059375000002547e+03 2.528859540899084735e+01
7.356131015625002874e+03 2.528849022728772411e+01
7.356202656250003201e+03 2.528849720357902342e+01
7.356274296875002619e+03 2.528830395806460629e+01
7.356283251953127547e+03 2.528826672444883172e+01
7.356292207031253383e+03 2.528825357757446923e+01
7.356293326416020136e+03 2.528825193421788242e+01
7.356293886108401239e+03 2.528825111253985014e+01
7.356293888294699173e+03 2.528825110933016518e+01
