3.668000000000000000e+03 1.194106524844467287e+01
3.704679999999999836e+03 1.381032974122123136e+01
3.741360000000000127e+03 1.568288319745744808e+01
3.778039999999999964e+03 1.755873252700556364e+01
3.814720000000000255e+03 1.943789691672252573e+01
3.851400000000000091e+03 2.132037724061358475e+01
3.888080000000000382e+03 2.320617583996340016e+01
3.924760000000000218e+03 2.509534286435468786e+01
3.961440000000000055e+03 2.698788381919889900e+01
3.998120000000000346e+03 2.888376808323181777e+01
4.034800000000000182e+03 3.077914842373291293e+01
4.071479999999999563e+03 3.265699405777915842e+01
4.108159999999999854e+03 3.453805329543301639e+01
4.144839999999999236e+03 3.642231692952706368e+01
4.181519999999999527e+03 3.830979256407541556e+01
4.218199999999999818e+03 4.020048420549363755e+01
4.254880000000000109e+03 4.209436672892741882e+01
4.291559999999999491e+03 4.399148397825641865e+01
4.328239999999999782e+03 4.589184406399448335e+01
4.364920000000000073e+03 4.779627543562342140e+01
4.401599999999999454e+03 4.979278016396355611e+01
4.438279999999999745e+03 5.218017542933345965e+01
4.474960000000000036e+03 5.487111051964683384e+01
4.511640000000000327e+03 5.756744452195572137e+01
4.548319999999999709e+03 6.026920484238414844e+01
4.585000000000000000e+03 6.297642817239993462e+01
4.621680000000000291e+03 6.568915480281322061e+01
4.658359999999999673e+03 6.840739333337660355e+01
4.695039999999999964e+03 7.000000000000025580e+01
4.731720000000000255e+03 7.000000000000142109e+01
4.768400000000000546e+03 7.000000000000119371e+01
4.805079999999999927e+03 7.000000000000079581e+01
4.841760000000000218e+03 7.000000000000034106e+01
4.878440000000000509e+03 6.999999999999977263e+01
4.915119999999999891e+03 7.000000000000017053e+01
4.951800000000000182e+03 6.999999999999614886e+01
4.988480000000000473e+03 6.999999999999820943e+01
5.025160000000000764e+03 7.000000000000227374e+01
5.061840000000000146e+03 7.000000000000082423e+01
5.098520000000000437e+03 7.000000000000008527e+01
5.135200000000000728e+03 7.000000000000130740e+01
5.171880000000000109e+03 7.000000000000289901e+01
5.208560000000000400e+03 7.000000000000082423e+01
5.245240000000000691e+03 7.000000000000125056e+01
5.281920000000000982e+03 7.000000000000240163e+01
5.318600000000000364e+03 6.999999999999994316e+01
5.355280000000000655e+03 6.999999999999766942e+01
5.391960000000000946e+03 7.000000000000063949e+01
5.428640000000000327e+03 7.000000000000275691e+01
5.465320000000000618e+03 6.999999999999992895e+01
5.502000000000000909e+03 6.999999999999664624e+01
5.538680000000001201e+03 6.999999999999654676e+01
5.575360000000000582e+03 7.000000000000054001e+01
5.612040000000000873e+03 6.999999999999869260e+01
5.648720000000001164e+03 7.000000000000150635e+01
5.685400000000000546e+03 6.999999999999960210e+01
5.722080000000000837e+03 6.999999999999937472e+01
5.758760000000001128e+03 6.999999999999954525e+01
5.795440000000001419e+03 6.999999999999911893e+01
5.832120000000000800e+03 7.000000000000321165e+01
5.868800000000001091e+03 6.999999999999928946e+01
5.905480000000001382e+03 6.999999999999886313e+01
5.942160000000000764e+03 6.999999999999889155e+01
5.978840000000001055e+03 6.999999999999867839e+01
6.015520000000001346e+03 6.999999999999901945e+01
6.052200000000001637e+03 7.000000000000284217e+01
6.088880000000001019e+03 7.000000000000474643e+01
6.125560000000001310e+03 7.000000000000056843e+01
6.162240000000001601e+03 7.000000000000096634e+01
6.198920000000000982e+03 6.999999999999788258e+01
6.235600000000001273e+03 6.999999999999954525e+01
6.272280000000001564e+03 6.999999999999937472e+01
6.308960000000001855e+03 6.999999999999806732e+01
6.345640000000001237e+03 6.999999999999921840e+01
6.382320000000001528e+03 7.000000000000041211e+01
6.419000000000001819e+03 7.000000000000052580e+01
6.455680000000002110e+03 7.000000000000039790e+01
6.492360000000001492e+03 6.999999999999991473e+01
6.529040000000001783e+03 7.000000000000035527e+01
6.565720000000002074e+03 7.000000000000100897e+01
6.602400000000001455e+03 7.000000000000105160e+01
6.639080000000001746e+03 6.999999999999845102e+01
6.675760000000002037e+03 7.000000000000024158e+01
6.712440000000002328e+03 6.999999999999826628e+01
6.749120000000001710e+03 7.000000000000066791e+01
6.785800000000002001e+03 6.999999999999926104e+01
6.822480000000002292e+03 7.000000000000032685e+01
6.859160000000001673e+03 6.999999999999900524e+01
6.895840000000001965e+03 6.999999999999971578e+01
6.932520000000002256e+03 6.999999999999795364e+01
6.969200000000002547e+03 6.999999999999845102e+01
7.005880000000001928e+03 7.000000000000213163e+01
7.042560000000002219e+03 7.000000000000014211e+01
7.079240000000002510e+03 6.999999999999789679e+01
7.115920000000001892e+03 6.999999999999920419e+01
7.152600000000002183e+03 6.999999999999928946e+01
7.189280000000002474e+03 6.999999999999924682e+01
7.225960000000002765e+03 6.999999999999934630e+01
7.262640000000002146e+03 6.999999999999967315e+01
7.299320000000002437e+03 7.000000000000179057e+01
7.336000000000003638e+03 6.999999999999886313e+01
7.345170000000000982e+03 6.999999999999872102e+01
7.354340000000002874e+03 7.000000000000130740e+01
7.354913125000002765e+03 7.000000000000002842e+01
7.355486250000001746e+03 7.000000000000083844e+01
7.356059375000002547e+03 6.999999999999774047e+01
7.356131015625002874e+03 6.999999999999944578e+01
7.356202656250003201e+03 6.999999999999955946e+01
7.356274296875002619e+03 7.000000000000288480e+01
7.356283251953127547e+03 6.999999999999866418e+01
7.356292207031253383e+03 6.999999999999904787e+01
7.356293326416020136e+03 6.999999999999806732e+01
7.356293886108401239e+03 6.999999999999839417e+01
7.356293888294699173e+03 6.999999999999900524e+01
