3.668000000000000000e+03 3.974135481275824588e+01
3.704679999999999836e+03 3.983958279155859827e+01
3.741360000000000127e+03 3.993742192397638746e+01
3.778039999999999964e+03 4.003487186295787836e+01
3.814720000000000255e+03 4.013195667797432975e+01
3.851400000000000091e+03 4.022866235465343721e+01
3.888080000000000382e+03 4.032497836452550644e+01
3.924760000000000218e+03 4.042098765242348435e+01
3.961440000000000055e+03 4.051668487161387588e+01
3.998120000000000346e+03 4.061199456691242204e+01
4.034800000000000182e+03 4.070660403380746573e+01
4.071479999999999563e+03 4.079911909807707815e+01
4.108159999999999854e+03 4.089123098572224535e+01
4.144839999999999236e+03 4.098291697842069681e+01
4.181519999999999527e+03 4.107417658965551510e+01
4.218199999999999818e+03 4.116500853288805928e+01
4.254880000000000109e+03 4.125540588328990310e+01
4.291559999999999491e+03 4.134537618738466591e+01
4.328239999999999782e+03 4.143491893520261726e+01
4.364920000000000073e+03 4.152403224982612784e+01
4.401599999999999454e+03 4.161256796980853778e+01
4.438279999999999745e+03 4.170250173421423057e+01
4.474960000000000036e+03 4.179242449365717960e+01
4.511640000000000327e+03 4.188194729851148423e+01
4.548319999999999709e+03 4.197106947799993293e+01
4.585000000000000000e+03 4.205978765625850713e+01
4.621680000000000291e+03 4.214809718847224218e+01
4.658359999999999673e+03 4.223600323193540618e+01
4.695039999999999964e+03 4.232344481786444845e+01
4.731720000000000255e+03 4.241036556337420649e+01
4.768400000000000546e+03 4.249638007787451244e+01
4.805079999999999927e+03 4.258395054635438015e+01
4.841760000000000218e+03 4.267375858443885761e+01
4.878440000000000509e+03 4.276319385007811746e+01
4.915119999999999891e+03 4.285211144337783651e+01
4.951800000000000182e+03 4.294061799788786971e+01
4.988480000000000473e+03 4.302873841059317073e+01
5.025160000000000764e+03 4.311647326977931272e+01
5.061840000000000146e+03 4.320434984337482831e+01
5.098520000000000437e+03 4.329390841374841870e+01
5.135200000000000728e+03 4.338309783518123197e+01
5.171880000000000109e+03 4.347204149624885616e+01
5.208560000000000400e+03 4.356073611965288706e+01
5.245240000000000691e+03 4.364890266210080938e+01
5.281920000000000982e+03 4.373662949478038087e+01
5.318600000000000364e+03 4.382392715473358180e+01
5.355280000000000655e+03 4.391079195059467821e+01
5.391960000000000946e+03 4.399722010814868867e+01
5.428640000000000327e+03 4.408320748775595632e+01
5.465320000000000618e+03 4.416874208354872877e+01
5.502000000000000909e+03 4.425382537228480118e+01
5.538680000000001201e+03 4.433841661771008091e+01
5.575360000000000582e+03 4.442240602707358477e+01
5.612040000000000873e+03 4.450591667386467520e+01
5.648720000000001164e+03 4.458894368713201573e+01
5.685400000000000546e+03 4.467148208129155762e+01
5.722080000000000837e+03 4.475352675281563819e+01
5.758760000000001128e+03 4.483507247679622765e+01
5.795440000000001419e+03 4.491616219106150254e+01
5.832120000000000800e+03 4.499677455241268831e+01
5.868800000000001091e+03 4.507686598265006950e+01
5.905480000000001382e+03 4.515643054674065837e+01
5.942160000000000764e+03 4.523546216333488701e+01
5.978840000000001055e+03 4.531395460023430388e+01
6.015520000000001346e+03 4.539190146967816020e+01
6.052200000000001637e+03 4.546929622343608202e+01
6.088880000000001019e+03 4.554613214770002827e+01
6.125560000000001310e+03 4.562212019400411833e+01
6.162240000000001601e+03 4.569740217435261087e+01
6.198920000000000982e+03 4.577207389976382501e+01
6.235600000000001273e+03 4.584612343526632117e+01
6.272280000000001564e+03 4.591949458881472879e+01
6.308960000000001855e+03 4.599222735319485622e+01
6.345640000000001237e+03 4.606431244673817815e+01
6.382320000000001528e+03 4.613574032463815655e+01
6.419000000000001819e+03 4.620694189348284198e+01
6.455680000000002110e+03 4.627755531581495063e+01
6.492360000000001492e+03 4.634742428511130186e+01
6.529040000000001783e+03 4.641653342206176802e+01
6.565720000000002074e+03 4.648486681853867708e+01
6.602400000000001455e+03 4.655240801349012258e+01
6.639080000000001746e+03 4.661913996741381538e+01
6.675760000000002037e+03 4.668504503530783722e+01
6.712440000000002328e+03 4.675003542561537273e+01
6.749120000000001710e+03 4.681413561157163628e+01
6.785800000000002001e+03 4.687734040077575770e+01
6.822480000000002292e+03 4.693962868137133171e+01
6.859160000000001673e+03 4.700097853035587292e+01
6.895840000000001965e+03 4.706136717170412709e+01
6.932520000000002256e+03 4.712077093169410347e+01
6.969200000000002547e+03 4.717916519120485930e+01
7.005880000000001928e+03 4.723652433473033341e+01
7.042560000000002219e+03 4.729282169583143514e+01
7.079240000000002510e+03 4.734802949871499322e+01
7.115920000000001892e+03 4.740211879559981867e+01
7.152600000000002183e+03 4.745505939949246965e+01
7.189280000000002474e+03 4.750672312903192562e+01
7.225960000000002765e+03 4.755626200118496882e+01
7.262640000000002146e+03 4.760449309502695314e+01
7.299320000000002437e+03 4.765137750038140041e+01
7.336000000000003638e+03 4.766616148041144641e+01
7.345170000000000982e+03 4.769697623076271498e+01
7.354340000000002874e+03 4.770406939666504798e+01
7.354913125000002765e+03 4.770449563890070976e+01
7.355486250000001746e+03 4.770394215934382487e+01
7.356059375000002547e+03 4.770505731171859765e+01
7.356131015625002874e+03 4.770519672347035112e+01
7.356202656250003201e+03 4.770544680737182119e+01
7.356274296875002619e+03 4.770549932610851585e+01
7.356283251953127547e+03 4.770549298656354154e+01
7.356292207031253383e+03 4.770551041436077355e+01
7.356293326416020136e+03 4.770551259283973877e+01
7.356293886108401239e+03 4.770551368207961929e+01
7.356293888294699173e+03 4.770551368633444866e+01
