3.668000000000000000e+03 9.696486741748190363e-01
3.704679999999999836e+03 9.691989256418983567e-01
3.741360000000000127e+03 9.687465824140475412e-01
3.778039999999999964e+03 9.682916351584669457e-01
3.814720000000000255e+03 9.678515598335376557e-01
3.851400000000000091e+03 9.674163047515103031e-01
3.888080000000000382e+03 9.669785431023437683e-01
3.924760000000000218e+03 9.665382666274059398e-01
3.961440000000000055e+03 9.660954663061457337e-01
3.998120000000000346e+03 9.656501324659647612e-01
4.034800000000000182e+03 9.652022566320411778e-01
4.071479999999999563e+03 9.647519983225137929e-01
4.108159999999999854e+03 9.643492119123240336e-01
4.144839999999999236e+03 9.639439850946240895e-01
4.181519999999999527e+03 9.635363086482265915e-01
4.218199999999999818e+03 9.631262148864923045e-01
4.254880000000000109e+03 9.627140668200316886e-01
4.291559999999999491e+03 9.622994580188430902e-01
4.328239999999999782e+03 9.618823791628190456e-01
4.364920000000000073e+03 9.614628218102330148e-01
4.401599999999999454e+03 9.610408845992158833e-01
4.438279999999999745e+03 9.606165916585225339e-01
4.474960000000000036e+03 9.601899133040038281e-01
4.511640000000000327e+03 9.597607289499519023e-01
4.548319999999999709e+03 9.593290288166343993e-01
4.585000000000000000e+03 9.588945664043380113e-01
4.621680000000000291e+03 9.584570084374373078e-01
4.658359999999999673e+03 9.580168740378512959e-01
4.695039999999999964e+03 9.575742837550215159e-01
4.731720000000000255e+03 9.571291942570973044e-01
4.768400000000000546e+03 9.566811035141101760e-01
4.805079999999999927e+03 9.562300501865351743e-01
4.841760000000000218e+03 9.557763724934832394e-01
4.878440000000000509e+03 9.553200381368859295e-01
4.915119999999999891e+03 9.548607462324559814e-01
4.951800000000000182e+03 9.543981136702711643e-01
4.988480000000000473e+03 9.539326809278028119e-01
5.025160000000000764e+03 9.534644845376351041e-01
5.061840000000000146e+03 9.529935323593192731e-01
5.098520000000000437e+03 9.525198186531010913e-01
5.135200000000000728e+03 9.520433199774970268e-01
5.171880000000000109e+03 9.515640213693136173e-01
5.208560000000000400e+03 9.509546878906042222e-01
5.245240000000000691e+03 9.501189900628100871e-01
5.281920000000000982e+03 9.492526544656102461e-01
5.318600000000000364e+03 9.483812679068537310e-01
5.355280000000000655e+03 9.475047915074511495e-01
5.391960000000000946e+03 9.466231857428420993e-01
5.428640000000000327e+03 9.457357932382114418e-01
5.465320000000000618e+03 9.448279356484611258e-01
5.502000000000000909e+03 9.439146712016616148e-01
5.538680000000001201e+03 9.429953502222605533e-01
5.575360000000000582e+03 9.420682701450404650e-01
5.612040000000000873e+03 9.411355536966564683e-01
5.648720000000001164e+03 9.401971506315085492e-01
5.685400000000000546e+03 9.392530097737390449e-01
5.722080000000000837e+03 9.383030789943019867e-01
5.758760000000001128e+03 9.373473051872671657e-01
5.795440000000001419e+03 9.363853511775894756e-01
5.832120000000000800e+03 9.354172092556626295e-01
5.868800000000001091e+03 9.344430315379516072e-01
5.905480000000001382e+03 9.334627597816237410e-01
5.942160000000000764e+03 9.324763346016010646e-01
5.978840000000001055e+03 9.314836954402037072e-01
6.015520000000001346e+03 9.304847805357322477e-01
6.052200000000001637e+03 9.294795268899155305e-01
6.088880000000001019e+03 9.284678702341949696e-01
6.125560000000001310e+03 9.274026091863180055e-01
6.162240000000001601e+03 9.263116109708513513e-01
6.198920000000000982e+03 9.252126397286806192e-01
6.235600000000001273e+03 9.241031431673608632e-01
6.272280000000001564e+03 9.229497958758303700e-01
6.308960000000001855e+03 9.217878389735311151e-01
6.345640000000001237e+03 9.206171529626360206e-01
6.382320000000001528e+03 9.194376151983376655e-01
6.419000000000001819e+03 9.182509823922779812e-01
6.455680000000002110e+03 9.170558991714005126e-01
6.492360000000001492e+03 9.158516667373249875e-01
6.529040000000001783e+03 9.146381517675949979e-01
6.565720000000002074e+03 9.134152172909194567e-01
6.602400000000001455e+03 9.121827225472139977e-01
6.639080000000001746e+03 9.109405228405875743e-01
6.675760000000002037e+03 9.096884693848186210e-01
6.712440000000002328e+03 9.084154552005158090e-01
6.749120000000001710e+03 9.071293901517721858e-01
6.785800000000002001e+03 9.058326070461346635e-01
6.822480000000002292e+03 9.045249245811299854e-01
6.859160000000001673e+03 9.032061557775751259e-01
6.895840000000001965e+03 9.018761077280280647e-01
6.932520000000002256e+03 9.005345813305751790e-01
6.969200000000002547e+03 8.991813710068935483e-01
7.005880000000001928e+03 8.978162644034225481e-01
7.042560000000002219e+03 8.964390420744111632e-01
7.079240000000002510e+03 8.950494771454399201e-01
7.115920000000001892e+03 8.936473349559581614e-01
7.152600000000002183e+03 8.922323726791798748e-01
7.189280000000002474e+03 8.908023592560974091e-01
7.225960000000002765e+03 8.893405683859364474e-01
7.262640000000002146e+03 8.878643597494076944e-01
7.299320000000002437e+03 8.863734105266563024e-01
7.336000000000003638e+03 8.830883555220873093e-01
7.345170000000000982e+03 8.840100591065460645e-01
7.354340000000002874e+03 8.834644241827720457e-01
7.354913125000002765e+03 8.834298004668134086e-01
7.355486250000001746e+03 8.833345183699178316e-01
7.356059375000002547e+03 8.833427343663391440e-01
7.356131015625002874e+03 8.833437655208096206e-01
7.356202656250003201e+03 8.833516545991593194e-01
7.356274296875002619e+03 8.833473031730951774e-01
7.356283251953127547e+03 8.833459597971157207e-01
7.356292207031253383e+03 8.833460890024374956e-01
7.356293326416020136e+03 8.833461051541207087e-01
7.356293886108401239e+03 8.833461132300475249e-01
7.356293888294699173e+03 8.833461132615938460e-01
