3.668000000000000000e+03 1.024999999999999911e+00
3.704679999999999836e+03 1.024999999999999911e+00
3.741360000000000127e+03 1.024999999999999911e+00
3.778039999999999964e+03 1.024999999999999911e+00
3.814720000000000255e+03 1.024999999999999911e+00
3.851400000000000091e+03 1.024999999999999911e+00
3.888080000000000382e+03 1.024999999999999911e+00
3.924760000000000218e+03 1.024999999999999911e+00
3.961440000000000055e+03 1.024999999999999911e+00
3.998120000000000346e+03 1.024999999999999911e+00
4.034800000000000182e+03 1.024999999999999911e+00
4.071479999999999563e+03 1.024999999999999911e+00
4.108159999999999854e+03 1.024999999999999911e+00
4.144839999999999236e+03 1.024999999999999911e+00
4.181519999999999527e+03 1.024999999999999911e+00
4.218199999999999818e+03 1.024999999999999911e+00
4.254880000000000109e+03 1.024999999999999911e+00
4.291559999999999491e+03 1.024999999999999911e+00
4.328239999999999782e+03 1.024999999999999911e+00
4.364920000000000073e+03 1.024999999999999911e+00
4.401599999999999454e+03 1.024999999999999911e+00
4.438279999999999745e+03 1.024999999999999911e+00
4.474960000000000036e+03 1.024999999999999911e+00
4.511640000000000327e+03 1.024999999999999911e+00
4.548319999999999709e+03 1.024999999999999911e+00
4.585000000000000000e+03 1.024999999999999911e+00
4.621680000000000291e+03 1.024999999999999911e+00
4.658359999999999673e+03 1.024999999999999911e+00
4.695039999999999964e+03 1.024999999999999911e+00
4.731720000000000255e+03 1.024999999999999911e+00
4.768400000000000546e+03 1.024999999999999911e+00
4.805079999999999927e+03 1.024999999999999911e+00
4.841760000000000218e+03 1.024999999999999911e+00
4.878440000000000509e+03 1.024999999999999911e+00
4.915119999999999891e+03 1.024999999999999911e+00
4.951800000000000182e+03 1.024999999999999911e+00
4.988480000000000473e+03 1.024999999999999911e+00
5.025160000000000764e+03 1.024999999999999911e+00
5.061840000000000146e+03 1.024999999999999911e+00
5.098520000000000437e+03 1.024999999999999911e+00
5.135200000000000728e+03 1.024999999999999911e+00
5.171880000000000109e+03 1.024999999999999911e+00
5.208560000000000400e+03 1.024999999999999911e+00
5.245240000000000691e+03 1.024999999999999911e+00
5.281920000000000982e+03 1.024999999999999911e+00
5.318600000000000364e+03 1.024999999999999911e+00
5.355280000000000655e+03 1.024999999999999911e+00
5.391960000000000946e+03 1.024999999999999911e+00
5.428640000000000327e+03 1.024999999999999911e+00
5.465320000000000618e+03 1.024999999999999911e+00
5.502000000000000909e+03 1.024999999999999911e+00
5.538680000000001201e+03 1.024915711386475969e+00
5.575360000000000582e+03 1.024521821225542473e+00
5.612040000000000873e+03 1.024124598359982263e+00
5.648720000000001164e+03 1.023724008460896506e+00
5.685400000000000546e+03 1.023320016554207124e+00
5.722080000000000837e+03 1.022912587003573792e+00
5.758760000000001128e+03 1.022501683492716973e+00
5.795440000000001419e+03 1.022081624625820195e+00
5.832120000000000800e+03 1.021653533519972568e+00
5.868800000000001091e+03 1.021221595319112829e+00
5.905480000000001382e+03 1.020785764442297294e+00
5.942160000000000764e+03 1.020345994370885023e+00
5.978840000000001055e+03 1.019902237621582497e+00
6.015520000000001346e+03 1.019454445718481983e+00
6.052200000000001637e+03 1.019002569164039418e+00
6.088880000000001019e+03 1.018546557408955167e+00
6.125560000000001310e+03 1.018082354658890187e+00
6.162240000000001601e+03 1.017612168838935016e+00
6.198920000000000982e+03 1.017137436636684322e+00
6.235600000000001273e+03 1.016658072738988006e+00
6.272280000000001564e+03 1.016173732110299266e+00
6.308960000000001855e+03 1.015684630150716083e+00
6.345640000000001237e+03 1.015190695891056816e+00
6.382320000000001528e+03 1.014691856491103827e+00
6.419000000000001819e+03 1.014188334558442595e+00
6.455680000000002110e+03 1.013679839050008802e+00
6.492360000000001492e+03 1.013166197550470882e+00
6.529040000000001783e+03 1.012647327921492035e+00
6.565720000000002074e+03 1.012123145702658711e+00
6.602400000000001455e+03 1.011593564017786662e+00
6.639080000000001746e+03 1.011058493476257425e+00
6.675760000000002037e+03 1.010517842069060368e+00
6.712440000000002328e+03 1.009965851168304729e+00
6.749120000000001710e+03 1.009406501770864883e+00
6.785800000000002001e+03 1.008840969068461435e+00
6.822480000000002292e+03 1.008269136791750453e+00
6.859160000000001673e+03 1.007690884835643397e+00
6.895840000000001965e+03 1.007106089078960265e+00
6.932520000000002256e+03 1.006514621192966974e+00
6.969200000000002547e+03 1.005916348437938979e+00
7.005880000000001928e+03 1.005311133446824545e+00
7.042560000000002219e+03 1.004698833994989826e+00
7.079240000000002510e+03 1.004079302754923964e+00
7.115920000000001892e+03 1.003452387034691640e+00
7.152600000000002183e+03 1.002817928498783040e+00
7.189280000000002474e+03 1.002140934879452994e+00
7.225960000000002765e+03 1.001136311488890485e+00
7.262640000000002146e+03 1.000118323854318980e+00
7.299320000000002437e+03 9.990866137346232634e-01
7.336000000000003638e+03 9.976265167532436529e-01
7.345170000000000982e+03 9.976407221227647781e-01
7.354340000000002874e+03 9.973276969466985387e-01
7.354913125000002765e+03 9.973079404860059061e-01
7.355486250000001746e+03 9.972746271440522392e-01
7.356059375000002547e+03 9.972644185410282081e-01
7.356131015625002874e+03 9.972631430726937030e-01
7.356202656250003201e+03 9.972633996837703130e-01
7.356274296875002619e+03 9.972609215435618291e-01
7.356283251953127547e+03 9.972604331516515819e-01
7.356292207031253383e+03 9.972602737635708481e-01
7.356293326416020136e+03 9.972602538402096650e-01
7.356293886108401239e+03 9.972602438785415080e-01
7.356293888294699173e+03 9.972602438396286351e-01
