3.668000000000000000e+03 9.668331513848102965e-01
3.704679999999999836e+03 9.667528650658527845e-01
3.741360000000000127e+03 9.666725406203704463e-01
3.778039999999999964e+03 9.665921780320466672e-01
3.814720000000000255e+03 9.665117805609929613e-01
3.851400000000000091e+03 9.664313463547250516e-01
3.888080000000000382e+03 9.663508740301157696e-01
3.924760000000000218e+03 9.662703635953213688e-01
3.961440000000000055e+03 9.661898150253073192e-01
3.998120000000000346e+03 9.661092282685745936e-01
4.034800000000000182e+03 9.660286033260160332e-01
4.071479999999999563e+03 9.659479403130133424e-01
4.108159999999999854e+03 9.658672453142537195e-01
4.144839999999999236e+03 9.657865120981903306e-01
4.181519999999999527e+03 9.657057406328825033e-01
4.218199999999999818e+03 9.656249350520575980e-01
4.254880000000000109e+03 9.655441320285340634e-01
4.291559999999999491e+03 9.654632913382785731e-01
4.328239999999999782e+03 9.653824129563950418e-01
4.364920000000000073e+03 9.653014968404814988e-01
4.401599999999999454e+03 9.652205412377600213e-01
4.438279999999999745e+03 9.651395455608794416e-01
4.474960000000000036e+03 9.650585103772338913e-01
4.511640000000000327e+03 9.649774372580934845e-01
4.548319999999999709e+03 9.648963261674342595e-01
4.585000000000000000e+03 9.648151750484565969e-01
4.621680000000000291e+03 9.647339811577977375e-01
4.658359999999999673e+03 9.646527490018326212e-01
4.695039999999999964e+03 9.645714767560834568e-01
4.731720000000000255e+03 9.644901607238858254e-01
4.768400000000000546e+03 9.644088028921009581e-01
4.805079999999999927e+03 9.643274064219586883e-01
4.841760000000000218e+03 9.642459704934287501e-01
4.878440000000000509e+03 9.641644954704324810e-01
4.915119999999999891e+03 9.640829800651927739e-01
4.951800000000000182e+03 9.640014238440492989e-01
4.988480000000000473e+03 9.639198237915460599e-01
5.025160000000000764e+03 9.638381828786775074e-01
5.061840000000000146e+03 9.637565022340969234e-01
5.098520000000000437e+03 9.636747816417851054e-01
5.135200000000000728e+03 9.635930209582900252e-01
5.171880000000000109e+03 9.635112200887164802e-01
5.208560000000000400e+03 9.634293589791753654e-01
5.245240000000000691e+03 9.633471296197804179e-01
5.281920000000000982e+03 9.632647363819533126e-01
5.318600000000000364e+03 9.631822912974326023e-01
5.355280000000000655e+03 9.630997939198556734e-01
5.391960000000000946e+03 9.630172437900632598e-01
5.428640000000000327e+03 9.629346399490681385e-01
5.465320000000000618e+03 9.628519700904885070e-01
5.502000000000000909e+03 9.627692453502362246e-01
5.538680000000001201e+03 9.626864891640434241e-01
5.575360000000000582e+03 9.626037667087156136e-01
5.612040000000000873e+03 9.625209914475593154e-01
5.648720000000001164e+03 9.624381629189538989e-01
5.685400000000000546e+03 9.623552806483886002e-01
5.722080000000000837e+03 9.622723441481155771e-01
5.758760000000001128e+03 9.621893529167910852e-01
5.795440000000001419e+03 9.621063351013243725e-01
5.832120000000000800e+03 9.620232844530016703e-01
5.868800000000001091e+03 9.619401790416771680e-01
5.905480000000001382e+03 9.618570183563476261e-01
5.942160000000000764e+03 9.617738018718857695e-01
5.978840000000001055e+03 9.616905290486428282e-01
6.015520000000001346e+03 9.616071993320330913e-01
6.052200000000001637e+03 9.615238121521043624e-01
6.088880000000001019e+03 9.614403669230917604e-01
6.125560000000001310e+03 9.613567320861999832e-01
6.162240000000001601e+03 9.612729800031740712e-01
6.198920000000000982e+03 9.611891585654757098e-01
6.235600000000001273e+03 9.611052659868499770e-01
6.272280000000001564e+03 9.610212911772992861e-01
6.308960000000001855e+03 9.609372431890149668e-01
6.345640000000001237e+03 9.608531208181333438e-01
6.382320000000001528e+03 9.607689228182429986e-01
6.419000000000001819e+03 9.606846347722797219e-01
6.455680000000002110e+03 9.606002637433193048e-01
6.492360000000001492e+03 9.605158122607254656e-01
6.529040000000001783e+03 9.604312788537608947e-01
6.565720000000002074e+03 9.603466619977504282e-01
6.602400000000001455e+03 9.602619601117290404e-01
6.639080000000001746e+03 9.601771715559542786e-01
6.675760000000002037e+03 9.600922946292852478e-01
6.712440000000002328e+03 9.600072125828429392e-01
6.749120000000001710e+03 9.599220061623510158e-01
6.785800000000002001e+03 9.598366992882650939e-01
6.822480000000002292e+03 9.597512896680355787e-01
6.859160000000001673e+03 9.596657749157394557e-01
6.895840000000001965e+03 9.595801525473921512e-01
6.932520000000002256e+03 9.594944199759611880e-01
6.969200000000002547e+03 9.594085745060614290e-01
7.005880000000001928e+03 9.593226133283031531e-01
7.042560000000002219e+03 9.592365335132659876e-01
7.079240000000002510e+03 9.591503320050729364e-01
7.115920000000001892e+03 9.590640056145234293e-01
7.152600000000002183e+03 9.589775510117574120e-01
7.189280000000002474e+03 9.588909657286279753e-01
7.225960000000002765e+03 9.588042538715916274e-01
7.262640000000002146e+03 9.587174019807803704e-01
7.299320000000002437e+03 9.586304059147102707e-01
7.336000000000003638e+03 9.585341395259255881e-01
7.345170000000000982e+03 9.585184470457899231e-01
7.354340000000002874e+03 9.584955504855756647e-01
7.354913125000002765e+03 9.584941153482777754e-01
7.355486250000001746e+03 9.584923819847832593e-01
7.356059375000002547e+03 9.584911569208564019e-01
7.356131015625002874e+03 9.584910038010227007e-01
7.356202656250003201e+03 9.584908843840141968e-01
7.356274296875002619e+03 9.584907048075341773e-01
7.356283251953127547e+03 9.584906784311059136e-01
7.356292207031253383e+03 9.584906592921114132e-01
7.356293326416020136e+03 9.584906568997404452e-01
7.356293886108401239e+03 9.584906557035551833e-01
7.356293888294699173e+03 9.584906556988825876e-01
