3.668000000000000000e+03 4.151169339685986159e+01
3.704679999999999836e+03 4.175409173903109661e+01
3.741360000000000127e+03 4.199654965841417464e+01
3.778039999999999964e+03 4.223906717094821772e+01
3.814720000000000255e+03 4.248164429258740427e+01
3.851400000000000091e+03 4.272428103929890852e+01
3.888080000000000382e+03 4.296697742706514589e+01
3.924760000000000218e+03 4.320973347188291314e+01
3.961440000000000055e+03 4.345254918976198155e+01
3.998120000000000346e+03 4.369542459672703671e+01
4.034800000000000182e+03 4.393835970881711717e+01
4.071479999999999563e+03 4.418135454208530888e+01
4.108159999999999854e+03 4.442440911259871683e+01
4.144839999999999236e+03 4.466752343643933898e+01
4.181519999999999527e+03 4.491069752970253148e+01
4.218199999999999818e+03 4.515393140849903375e+01
4.254880000000000109e+03 4.539722508895292208e+01
4.291559999999999491e+03 4.564057858720320127e+01
4.328239999999999782e+03 4.588399191940305144e+01
4.364920000000000073e+03 4.612746510171967884e+01
4.401599999999999454e+03 4.637099815033503347e+01
4.438279999999999745e+03 4.661459108144524066e+01
4.474960000000000036e+03 4.685824391126150346e+01
4.511640000000000327e+03 4.710195665600802784e+01
4.548319999999999709e+03 4.734572933192475830e+01
4.585000000000000000e+03 4.758956195526535282e+01
4.621680000000000291e+03 4.783345454229815630e+01
4.658359999999999673e+03 4.807740710930590211e+01
4.695039999999999964e+03 4.832141967258570503e+01
4.731720000000000255e+03 4.856549224844922463e+01
4.768400000000000546e+03 4.880962485322370981e+01
4.805079999999999927e+03 4.905381750324852419e+01
4.841760000000000218e+03 4.929807021487965812e+01
4.878440000000000509e+03 4.954238300448680832e+01
4.915119999999999891e+03 4.998345297049899472e+01
4.951800000000000182e+03 5.045765713622704141e+01
4.988480000000000473e+03 5.093234729511153347e+01
5.025160000000000764e+03 5.140752474234678715e+01
5.061840000000000146e+03 5.189285840047844545e+01
5.098520000000000437e+03 5.241650643565886725e+01
5.135200000000000728e+03 5.294099189329377708e+01
5.171880000000000109e+03 5.356851215621105666e+01
5.208560000000000400e+03 5.437064519980280863e+01
5.245240000000000691e+03 5.517537536229922779e+01
5.281920000000000982e+03 5.598272852845137493e+01
5.318600000000000364e+03 5.679273196116938749e+01
5.355280000000000655e+03 5.760541387223970844e+01
5.391960000000000946e+03 5.842080302233647160e+01
5.428640000000000327e+03 5.923892874133518660e+01
5.465320000000000618e+03 6.005982108096010563e+01
5.502000000000000909e+03 6.088351043613702984e+01
5.538680000000001201e+03 6.171002860192584194e+01
5.575360000000000582e+03 6.253940928414289147e+01
5.612040000000000873e+03 6.337168250410564951e+01
5.648720000000001164e+03 6.420688133321064583e+01
5.685400000000000546e+03 6.504503952951898782e+01
5.722080000000000837e+03 6.588619155792063964e+01
5.758760000000001128e+03 6.673037261107234031e+01
5.795440000000001419e+03 6.757761830359227417e+01
5.832120000000000800e+03 6.842796549058010669e+01
5.868800000000001091e+03 6.928145195145290813e+01
5.905480000000001382e+03 7.013811602087316999e+01
5.942160000000000764e+03 7.099799687913207435e+01
5.978840000000001055e+03 7.186113457857547360e+01
6.015520000000001346e+03 7.272757007110847383e+01
6.052200000000001637e+03 7.359734523682303120e+01
6.088880000000001019e+03 7.447050291381941634e+01
6.125560000000001310e+03 7.534709125107849559e+01
6.162240000000001601e+03 7.622715295665844337e+01
6.198920000000000982e+03 7.711073239703463855e+01
6.235600000000001273e+03 7.799787662360370177e+01
6.272280000000001564e+03 7.888863406290622038e+01
6.308960000000001855e+03 7.978305378097618927e+01
6.345640000000001237e+03 8.068118631703218568e+01
6.382320000000001528e+03 8.158308346057188487e+01
6.419000000000001819e+03 8.253805912405657352e+01
6.455680000000002110e+03 8.351293433918345954e+01
6.492360000000001492e+03 8.449275496363920013e+01
6.529040000000001783e+03 8.547760739415744524e+01
6.565720000000002074e+03 8.646758071128360257e+01
6.602400000000001455e+03 8.746276679846758384e+01
6.639080000000001746e+03 8.846326046806717613e+01
6.675760000000002037e+03 8.946915959478283753e+01
6.712440000000002328e+03 9.048193287431958254e+01
6.749120000000001710e+03 9.150067354135710218e+01
6.785800000000002001e+03 9.252517752764761383e+01
6.822480000000002292e+03 9.355555814916762358e+01
6.859160000000001673e+03 9.459193267354638124e+01
6.895840000000001965e+03 9.563442251748591616e+01
6.932520000000002256e+03 9.668315345712687758e+01
6.969200000000002547e+03 9.773825585242954617e+01
7.005880000000001928e+03 9.879986488672857092e+01
7.042560000000002219e+03 9.986812082273017666e+01
7.079240000000002510e+03 1.009431692763835997e+02
7.115920000000001892e+03 1.020251615101676492e+02
7.152600000000002183e+03 1.031142547475080420e+02
7.189280000000002474e+03 1.042106329760084833e+02
7.225960000000002765e+03 1.053146408764538080e+02
7.262640000000002146e+03 1.064262774564525387e+02
7.299320000000002437e+03 1.075457286732755051e+02
7.336000000000003638e+03 1.086807269718544546e+02
7.345170000000000982e+03 1.089589709337800798e+02
7.354340000000002874e+03 1.092435809084043541e+02
7.354913125000002765e+03 1.092613897003462569e+02
7.355486250000001746e+03 1.092794441413748530e+02
7.356059375000002547e+03 1.092970854424679601e+02
7.356131015625002874e+03 1.092992907335787862e+02
7.356202656250003201e+03 1.093014685189968560e+02
7.356274296875002619e+03 1.093036954880518010e+02
7.356283251953127547e+03 1.093039770719832404e+02
7.356292207031253383e+03 1.093042527429627171e+02
7.356293326416020136e+03 1.093042872018666145e+02
7.356293886108401239e+03 1.093043044313214125e+02
7.356293888294699173e+03 1.093043044986233951e+02
