3.668000000000000000e+03 9.866542985147975786e-01
3.704679999999999836e+03 9.862071590567866863e-01
3.741360000000000127e+03 9.857590618162497265e-01
3.778039999999999964e+03 9.853100028918536646e-01
3.814720000000000255e+03 9.848600689218798276e-01
3.851400000000000091e+03 9.844092056623192644e-01
3.888080000000000382e+03 9.839573715169870338e-01
3.924760000000000218e+03 9.835045630233725245e-01
3.961440000000000055e+03 9.830507760648162785e-01
3.998120000000000346e+03 9.825960059995506590e-01
4.034800000000000182e+03 9.821402491755817366e-01
4.071479999999999563e+03 9.816835075421979084e-01
4.108159999999999854e+03 9.812269318874862201e-01
4.144839999999999236e+03 9.807693634551908346e-01
4.181519999999999527e+03 9.803107979386107562e-01
4.218199999999999818e+03 9.798529597752883014e-01
4.254880000000000109e+03 9.794110055036148177e-01
4.291559999999999491e+03 9.789682010428588654e-01
4.328239999999999782e+03 9.785245427238888904e-01
4.364920000000000073e+03 9.780800264551255951e-01
4.401599999999999454e+03 9.776346070372207153e-01
4.438279999999999745e+03 9.771882672549220272e-01
4.474960000000000036e+03 9.767410171181281076e-01
4.511640000000000327e+03 9.762928912743863430e-01
4.548319999999999709e+03 9.758438857677100842e-01
4.585000000000000000e+03 9.753939549222110372e-01
4.621680000000000291e+03 9.749430383084629614e-01
4.658359999999999673e+03 9.744912253859733253e-01
4.695039999999999964e+03 9.740384679661420186e-01
4.731720000000000255e+03 9.735846711827519373e-01
4.768400000000000546e+03 9.731298827933732021e-01
4.805079999999999927e+03 9.726741782485801568e-01
4.841760000000000218e+03 9.722175320985725344e-01
4.878440000000000509e+03 9.717599497558437882e-01
4.915119999999999891e+03 9.713013963670172890e-01
4.951800000000000182e+03 9.708418586475198175e-01
4.988480000000000473e+03 9.703812806069026520e-01
5.025160000000000764e+03 9.699197162436953290e-01
5.061840000000000146e+03 9.694571842948733753e-01
5.098520000000000437e+03 9.689936762482740384e-01
5.135200000000000728e+03 9.685291853933137851e-01
5.171880000000000109e+03 9.680637070505113684e-01
5.208560000000000400e+03 9.675967411261133799e-01
5.245240000000000691e+03 9.670314033979318102e-01
5.281920000000000982e+03 9.664277490859778386e-01
5.318600000000000364e+03 9.658219214793978269e-01
5.355280000000000655e+03 9.652139018935892434e-01
5.391960000000000946e+03 9.646036713184191758e-01
5.428640000000000327e+03 9.639911175702637891e-01
5.465320000000000618e+03 9.633740118359576110e-01
5.502000000000000909e+03 9.627545984715925043e-01
5.538680000000001201e+03 9.620984653664681474e-01
5.575360000000000582e+03 9.613135050430023920e-01
5.612040000000000873e+03 9.605245527476002909e-01
5.648720000000001164e+03 9.597315656205659407e-01
5.685400000000000546e+03 9.589344999597712027e-01
5.722080000000000837e+03 9.581333111981039652e-01
5.758760000000001128e+03 9.573279538801192645e-01
5.795440000000001419e+03 9.565166558126678709e-01
5.832120000000000800e+03 9.556997143189571720e-01
5.868800000000001091e+03 9.548783691184039579e-01
5.905480000000001382e+03 9.540525683012197611e-01
5.942160000000000764e+03 9.532222588639784888e-01
5.978840000000001055e+03 9.523873866780262487e-01
6.015520000000001346e+03 9.515478964567101183e-01
6.052200000000001637e+03 9.507037317213500316e-01
6.088880000000001019e+03 9.498548347659253599e-01
6.125560000000001310e+03 9.489824527037694635e-01
6.162240000000001601e+03 9.480975329257219641e-01
6.198920000000000982e+03 9.472070707918920363e-01
6.235600000000001273e+03 9.463109403915979101e-01
6.272280000000001564e+03 9.454084485339037114e-01
6.308960000000001855e+03 9.445001397558657752e-01
6.345640000000001237e+03 9.435859248619496986e-01
6.382320000000001528e+03 9.426657122212874773e-01
6.419000000000001819e+03 9.417392167486539067e-01
6.455680000000002110e+03 9.408064593120445407e-01
6.492360000000001492e+03 9.398673963812625987e-01
6.529040000000001783e+03 9.389219246867669399e-01
6.565720000000002074e+03 9.379699379585124674e-01
6.602400000000001455e+03 9.370113268033463116e-01
6.639080000000001746e+03 9.360459785758621365e-01
6.675760000000002037e+03 9.350737772422850203e-01
6.712440000000002328e+03 9.340821018413957288e-01
6.749120000000001710e+03 9.330800550017301909e-01
6.785800000000002001e+03 9.320703598400809087e-01
6.822480000000002292e+03 9.310528697920072982e-01
6.859160000000001673e+03 9.300274333657122527e-01
6.895840000000001965e+03 9.289938939085354841e-01
6.932520000000002256e+03 9.279520893590024189e-01
6.969200000000002547e+03 9.269018519833418512e-01
7.005880000000001928e+03 9.258430080952432251e-01
7.042560000000002219e+03 9.247753777575543621e-01
7.079240000000002510e+03 9.236987744644533649e-01
7.115920000000001892e+03 9.226130048025311670e-01
7.152600000000002183e+03 9.215178680890280249e-01
7.189280000000002474e+03 9.203008786665333174e-01
7.225960000000002765e+03 9.180432251004861932e-01
7.262640000000002146e+03 9.157583301978386991e-01
7.299320000000002437e+03 9.134454171646438914e-01
7.336000000000003638e+03 9.098635514653170553e-01
7.345170000000000982e+03 9.101166000204717887e-01
7.354340000000002874e+03 9.093851850496914579e-01
7.354913125000002765e+03 9.093389654555340540e-01
7.355486250000001746e+03 9.092519851274446507e-01
7.356059375000002547e+03 9.092344976941516554e-01
7.356131015625002874e+03 9.092323139042969293e-01
7.356202656250003201e+03 9.092347371544821089e-01
7.356274296875002619e+03 9.092289370543579219e-01
7.356283251953127547e+03 9.092276749334652353e-01
7.356292207031253383e+03 9.092274021199077128e-01
7.356293326416020136e+03 9.092273680187370477e-01
7.356293886108401239e+03 9.092273509681957355e-01
7.356293888294699173e+03 9.092273509015924571e-01
