3.668000000000000000e+03 9.520000000000000684e-01
3.704679999999999836e+03 9.520000000000000684e-01
3.741360000000000127e+03 9.520000000000000684e-01
3.778039999999999964e+03 9.520000000000000684e-01
3.814720000000000255e+03 9.520000000000000684e-01
3.851400000000000091e+03 9.520000000000000684e-01
3.888080000000000382e+03 9.520000000000000684e-01
3.924760000000000218e+03 9.520000000000000684e-01
3.961440000000000055e+03 9.520000000000000684e-01
3.998120000000000346e+03 9.520000000000000684e-01
4.034800000000000182e+03 9.520000000000000684e-01
4.071479999999999563e+03 9.520000000000000684e-01
4.108159999999999854e+03 9.520000000000000684e-01
4.144839999999999236e+03 9.520000000000000684e-01
4.181519999999999527e+03 9.520000000000000684e-01
4.218199999999999818e+03 9.520000000000000684e-01
4.254880000000000109e+03 9.520000000000000684e-01
4.291559999999999491e+03 9.520000000000000684e-01
4.328239999999999782e+03 9.520000000000000684e-01
4.364920000000000073e+03 9.520000000000000684e-01
4.401599999999999454e+03 9.520000000000000684e-01
4.438279999999999745e+03 9.520000000000000684e-01
4.474960000000000036e+03 9.520000000000000684e-01
4.511640000000000327e+03 9.520000000000000684e-01
4.548319999999999709e+03 9.520000000000000684e-01
4.585000000000000000e+03 9.520000000000000684e-01
4.621680000000000291e+03 9.520000000000000684e-01
4.658359999999999673e+03 9.520000000000000684e-01
4.695039999999999964e+03 9.520000000000000684e-01
4.731720000000000255e+03 9.520000000000000684e-01
4.768400000000000546e+03 9.520000000000000684e-01
4.805079999999999927e+03 9.520000000000000684e-01
4.841760000000000218e+03 9.520000000000000684e-01
4.878440000000000509e+03 9.520000000000000684e-01
4.915119999999999891e+03 9.520000000000000684e-01
4.951800000000000182e+03 9.518970197836844616e-01
4.988480000000000473e+03 9.517708518197847134e-01
5.025160000000000764e+03 9.516444949105041795e-01
5.061840000000000146e+03 9.515179485540656845e-01
5.098520000000000437e+03 9.513912123059138359e-01
5.135200000000000728e+03 9.512642861477293987e-01
5.171880000000000109e+03 9.511371690789176547e-01
5.208560000000000400e+03 9.510098600545866532e-01
5.245240000000000691e+03 9.508823481602473038e-01
5.281920000000000982e+03 9.507546385579404014e-01
5.318600000000000364e+03 9.506267342316025992e-01
5.355280000000000655e+03 9.504986345809027792e-01
5.391960000000000946e+03 9.503703390008054752e-01
5.428640000000000327e+03 9.502418468614413083e-01
5.465320000000000618e+03 9.501131570473941856e-01
5.502000000000000909e+03 9.499842694055770087e-01
5.538680000000001201e+03 9.498519683099978517e-01
5.575360000000000582e+03 9.497076375749043953e-01
5.612040000000000873e+03 9.495629440029202950e-01
5.648720000000001164e+03 9.494178848070118359e-01
5.685400000000000546e+03 9.492724571532623612e-01
5.722080000000000837e+03 9.491266581597134211e-01
5.758760000000001128e+03 9.489804848951638450e-01
5.795440000000001419e+03 9.487959515509798436e-01
5.832120000000000800e+03 9.485819033673085210e-01
5.868800000000001091e+03 9.483670766892082771e-01
5.905480000000001382e+03 9.481514641492680973e-01
5.942160000000000764e+03 9.479350582412318094e-01
5.978840000000001055e+03 9.477178513162343165e-01
6.015520000000001346e+03 9.474998355788978310e-01
6.052200000000001637e+03 9.472810030832898853e-01
6.088880000000001019e+03 9.470613457287325732e-01
6.125560000000001310e+03 9.468406433010436718e-01
6.162240000000001601e+03 9.466190046759891397e-01
6.198920000000000982e+03 9.463964996133412688e-01
6.235600000000001273e+03 9.461731175888693501e-01
6.272280000000001564e+03 9.459488346273544623e-01
6.308960000000001855e+03 9.457236552169933086e-01
6.345640000000001237e+03 9.454975691586030573e-01
6.382320000000001528e+03 9.452705660163138734e-01
6.419000000000001819e+03 9.450426214955969240e-01
6.455680000000002110e+03 9.448137329105905646e-01
6.492360000000001492e+03 9.445838930571009984e-01
6.529040000000001783e+03 9.443530904230565959e-01
6.565720000000002074e+03 9.441213132121444307e-01
6.602400000000001455e+03 9.438885493333026844e-01
6.639080000000001746e+03 9.436547863896834754e-01
6.675760000000002037e+03 9.434200116670597991e-01
6.712440000000002328e+03 9.431787361898479327e-01
6.749120000000001710e+03 9.429350498986336371e-01
6.785800000000002001e+03 9.426901974368280257e-01
6.822480000000002292e+03 9.424441617927434844e-01
6.859160000000001673e+03 9.421969254536579630e-01
6.895840000000001965e+03 9.419484703837801565e-01
6.932520000000002256e+03 9.416987780009076214e-01
6.969200000000002547e+03 9.414478291516913400e-01
7.005880000000001928e+03 9.411956040853927119e-01
7.042560000000002219e+03 9.409420824260172900e-01
7.079240000000002510e+03 9.406872431427074632e-01
7.115920000000001892e+03 9.404310645182480943e-01
7.152600000000002183e+03 9.401735241155307898e-01
7.189280000000002474e+03 9.399129988938309532e-01
7.225960000000002765e+03 9.396363160925137459e-01
7.262640000000002146e+03 9.393578416031688194e-01
7.299320000000002437e+03 9.390775361124512610e-01
7.336000000000003638e+03 9.387639283268790491e-01
7.345170000000000982e+03 9.387141694995286834e-01
7.354340000000002874e+03 9.386395419269183416e-01
7.354913125000002765e+03 9.386348615608536283e-01
7.355486250000001746e+03 9.386291520835923219e-01
7.356059375000002547e+03 9.386251960106645198e-01
7.356131015625002874e+03 9.386247015366028235e-01
7.356202656250003201e+03 9.386243233431101896e-01
7.356274296875002619e+03 9.386237375828264673e-01
7.356283251953127547e+03 9.386236508051853944e-01
7.356292207031253383e+03 9.386235889985562464e-01
7.356293326416020136e+03 9.386235812727359296e-01
7.356293886108401239e+03 9.386235774098264928e-01
7.356293888294699173e+03 9.386235773947372296e-01
