1.000000000000000000e+01 1.002174128617285387e+00
1.100000000000000000e+01 1.001923069103657360e+00
1.200000000000000000e+01 1.001669807222277164e+00
1.300000000000000000e+01 1.001414339119075958e+00
1.400000000000000000e+01 1.001156660748715233e+00
1.500000000000000000e+01 1.000896767872961668e+00
1.600000000000000000e+01 1.000634656058975835e+00
1.700000000000000000e+01 1.000370320677512304e+00
1.800000000000000000e+01 1.000103756901029817e+00
1.900000000000000000e+01 9.998349597017077706e-01
2.000000000000000000e+01 9.995639238493694290e-01
2.099999999999999645e+01 9.992906439093083293e-01
2.200000000000000000e+01 9.990151142400158779e-01
2.300000000000000000e+01 9.987373289908085816e-01
2.400000000000000355e+01 9.984572820993510289e-01
2.500000000000000000e+01 9.981749672890732894e-01
2.600000000000000711e+01 9.978903780664801770e-01
2.700000000000000000e+01 9.976035077183472710e-01
2.800000000000000711e+01 9.973143493088046929e-01
2.900000000000000355e+01 9.970228956763012018e-01
3.000000000000000355e+01 9.967291394304488295e-01
3.100000000000000711e+01 9.964330729487419491e-01
3.200000000000000711e+01 9.961346883731493351e-01
3.300000000000000711e+01 9.958339776065738835e-01
3.400000000000000711e+01 9.955309323091768858e-01
3.500000000000000711e+01 9.952255438945619703e-01
3.600000000000000711e+01 9.949178035258157138e-01
3.700000000000001421e+01 9.946077021113980399e-01
3.800000000000001421e+01 9.942952303008805170e-01
3.900000000000001421e+01 9.939803784805252285e-01
4.000000000000001421e+01 9.936631367686994398e-01
4.100000000000001421e+01 9.933434950111220685e-01
4.200000000000001421e+01 9.930214427759339602e-01
4.300000000000001421e+01 9.926969693485869772e-01
4.400000000000002132e+01 9.923700637265469027e-01
4.500000000000001421e+01 9.920407146138002785e-01
4.600000000000001421e+01 9.917089104151614043e-01
4.700000000000002132e+01 9.913746392303705024e-01
4.800000000000002842e+01 9.910378888479755011e-01
4.900000000000002132e+01 9.906986467389902185e-01
5.000000000000001421e+01 9.903569000503192887e-01
5.100000000000001421e+01 9.900126355979419479e-01
5.200000000000001421e+01 9.896658398598450201e-01
5.300000000000000711e+01 9.893164989686952238e-01
5.400000000000000000e+01 9.889645987042409159e-01
5.500000000000000000e+01 9.886101244854316183e-01
5.600000000000000000e+01 9.882530613622450000e-01
5.699999999999999289e+01 9.878933940072093245e-01
5.799999999999998579e+01 9.875311067066078197e-01
5.899999999999998579e+01 9.871661833513527551e-01
5.999999999999998579e+01 9.867986074275150177e-01
6.099999999999997868e+01 9.864283620064946412e-01
6.199999999999997158e+01 9.860554297348170794e-01
6.299999999999997158e+01 9.856797928235382367e-01
6.399999999999997158e+01 9.853014330372426022e-01
6.499999999999997158e+01 9.849203316826147248e-01
6.599999999999995737e+01 9.845364695965668211e-01
6.699999999999995737e+01 9.841498271339013115e-01
6.799999999999995737e+01 9.837603841544876326e-01
6.899999999999994316e+01 9.833681200099303465e-01
6.999999999999994316e+01 9.829730135297062299e-01
7.099999999999994316e+01 9.825750430067449193e-01
7.199999999999994316e+01 9.821741861824253572e-01
7.299999999999994316e+01 9.817704202309626149e-01
7.399999999999992895e+01 9.813637217431541160e-01
7.499999999999992895e+01 9.809540667094541755e-01
7.599999999999992895e+01 9.805414305023441024e-01
7.699999999999991473e+01 9.801257878579627825e-01
7.799999999999991473e+01 9.797071128569605492e-01
7.899999999999991473e+01 9.792853789045372626e-01
7.999999999999991473e+01 9.788605587096217420e-01
8.099999999999991473e+01 9.784326242631495862e-01
8.199999999999990052e+01 9.780015468153915315e-01
8.299999999999990052e+01 9.775672968522816086e-01
8.399999999999990052e+01 9.771298440706926991e-01
8.499999999999988631e+01 9.766891573526021997e-01
8.599999999999988631e+01 9.762452047380878462e-01
8.699999999999988631e+01 9.757979533970874142e-01
8.799999999999988631e+01 9.753473695998571280e-01
8.899999999999988631e+01 9.748934186860510609e-01
8.999999999999987210e+01 9.744360650323469208e-01
9.099999999999987210e+01 9.739752720185320678e-01
9.199999999999987210e+01 9.735110019919621660e-01
9.299999999999985789e+01 9.730432162302953270e-01
9.399999999999985789e+01 9.725718749023996024e-01
9.499999999999985789e+01 9.720969370273251364e-01
9.599999999999985789e+01 9.716183604312212951e-01
9.699999999999985789e+01 9.711361017020747610e-01
9.799999999999984368e+01 9.706501161421308144e-01
9.899999999999984368e+01 9.701603577178530280e-01
9.999999999999984368e+01 9.696667790072655002e-01
1.009999999999998295e+02 9.691693311445064296e-01
1.019999999999998295e+02 9.686679637614133975e-01
1.029999999999998295e+02 9.681626249259437378e-01
1.039999999999998295e+02 9.676532610772171639e-01
1.049999999999998295e+02 9.671398169569531689e-01
1.059999999999998153e+02 9.666222355370566177e-01
1.069999999999998153e+02 9.661004579430813033e-01
1.079999999999998153e+02 9.655744233732845849e-01
1.089999999999998010e+02 9.650440690129571397e-01
1.099999999999998010e+02 9.645093299436858780e-01
1.109999999999998010e+02 9.639701390471810960e-01
1.119999999999998010e+02 9.634264269032627448e-01
1.129999999999998010e+02 9.628781216815660571e-01
1.139999999999997868e+02 9.623251490264891350e-01
1.149999999999997868e+02 9.617674319348574752e-01
1.159999999999997868e+02 9.612048906257337766e-01
1.169999999999997726e+02 9.606374424017488645e-01
1.179999999999997726e+02 9.600650015012655025e-01
1.189999999999997726e+02 9.594874789406250271e-01
1.199999999999997726e+02 9.589047823456486874e-01
1.209999999999997726e+02 9.583168157714841984e-01
1.219999999999997584e+02 9.577234795097969711e-01
1.229999999999997584e+02 9.571246698821980203e-01
1.239999999999997584e+02 9.565202790186889681e-01
1.249999999999997442e+02 9.559101946197692268e-01
1.259999999999997442e+02 9.552942997007082271e-01
1.261249999999997442e+02 9.552168982662007091e-01
1.262499999999997300e+02 9.551394038998552993e-01
1.263749999999997300e+02 9.550618163565784968e-01
1.264999999999997158e+02 9.549841353899757301e-01
1.266249999999997158e+02 9.549063607523409214e-01
1.267499999999997016e+02 9.548284921946476045e-01
1.268749999999997016e+02 9.547505294665383779e-01
1.269999999999996874e+02 9.546724723163156900e-01
1.271249999999996874e+02 9.545943204909311808e-01
1.271562499999996874e+02 9.545747677118074925e-01
1.271874999999997016e+02 9.545552089956039765e-01
1.272187499999997016e+02 9.545356443383266054e-01
1.272499999999997158e+02 9.545160737359761338e-01
1.272812499999997158e+02 9.544964971845480983e-01
1.273124999999997300e+02 9.544769146800323734e-01
1.273164062499997158e+02 9.544744664481915608e-01
1.273203124999997158e+02 9.544720181232630996e-01
1.273242187499997158e+02 9.544695697052392180e-01
1.273281249999997158e+02 9.544671211941121447e-01
1.273320312499997158e+02 9.544646725898737749e-01
1.273359374999997016e+02 9.544622238925165592e-01
1.273398437499997016e+02 9.544597751020325038e-01
1.273437499999997016e+02 9.544573262184137263e-01
1.273476562499996874e+02 9.544548772416523441e-01
1.273486328124997016e+02 9.544542649829075298e-01
1.273496093749997016e+02 9.544536527183408170e-01
1.273505859374997016e+02 9.544530404479518726e-01
1.273515624999997158e+02 9.544524281717405856e-01
1.273525390624997158e+02 9.544518158897092874e-01
1.273527832031247158e+02 9.544516628182887485e-01
1.273530273437497016e+02 9.544515097465067210e-01
1.273532714843747016e+02 9.544513566743206834e-01
1.273533935546872158e+02 9.544512801339294361e-01
1.273534545898434658e+02 9.544512419252179081e-01
1.273535156249997158e+02 9.544512060298915301e-01
1.273535461425778408e+02 9.544511918162622566e-01
1.273535614013668891e+02 9.544511854748597424e-01
1.273535766601559516e+02 9.544511788176367473e-01
1.273535842895504970e+02 9.544511750940253281e-01
1.273535919189450283e+02 9.544511695343177449e-01
1.273535938262936611e+02 9.544511684422617437e-01
1.273535957336422797e+02 9.544511664207034896e-01
1.273535962104794521e+02 9.544511658388775688e-01
1.273535966873166103e+02 9.544511652122604772e-01
1.273535971641537685e+02 9.544511645342473871e-01
1.273535976409909409e+02 9.544511637931282211e-01
1.273535981178281133e+02 9.544511629724513613e-01
1.273535985946652715e+02 9.544511620479466663e-01
1.273535990715024298e+02 9.544511609813626229e-01
1.273535995483396022e+02 9.544511597064837538e-01
1.273536000251767746e+02 9.544511580919112781e-01
1.273536005020139328e+02 9.544511559021727765e-01
1.273536005616185776e+02 9.544511553668859616e-01
1.273536006212232223e+02 9.544511549368601688e-01
1.273536006808278529e+02 9.544511544564322492e-01
1.273536007404324977e+02 9.544511539077206175e-01
1.273536008000371424e+02 9.544511532595880698e-01
1.273536008596417730e+02 9.544511524498338062e-01
1.273536009192464178e+02 9.544511515123835776e-01
1.273536009341475790e+02 9.544511508338892058e-01
1.273536009490487544e+02 9.544511502934390768e-01
1.273536009564993208e+02 9.544511499066770099e-01
1.273536009583619801e+02 9.544511496066534484e-01
1.273536009602246253e+02 9.544511496188655686e-01
1.273536009606902866e+02 9.544511493583649475e-01
1.273536009609231030e+02 9.544511491894364097e-01
1.273536009610395325e+02 9.544511491851974672e-01
1.273536009611559621e+02 9.544511491070615250e-01
1.273536009612723774e+02 9.544511490389669950e-01
1.273536009613305851e+02 9.544511490342243443e-01
1.273536009613887927e+02 9.544511489779222702e-01
1.273536009614470146e+02 9.544511489583888952e-01
1.273536009614542905e+02 9.544511489676000826e-01
1.273536009614615807e+02 9.544511488690428092e-01
1.273536009614688567e+02 9.544511489301962248e-01
1.273536009614761468e+02 9.544511489340881116e-01
1.273536009614834228e+02 9.544511489804237137e-01
1.273536009614907130e+02 9.544511488526485898e-01
1.273536009614979889e+02 9.544511489427778272e-01
1.273536009614981026e+02 9.544511490948338617e-01
1.273536009615055065e+02 9.544511490309004476e-01
1.273536009615066433e+02 9.544511489647004021e-01
