1.000000000000000000e+01 -4.348257234570979790e+00
1.100000000000000000e+01 -4.348257234570979790e+00
1.200000000000000000e+01 -4.348257234570979790e+00
1.300000000000000000e+01 -4.348257234570979790e+00
1.400000000000000000e+01 -4.348257234570979790e+00
1.500000000000000000e+01 -4.348257234570979790e+00
1.600000000000000000e+01 -4.348257234570979790e+00
1.700000000000000000e+01 -4.348257234570979790e+00
1.800000000000000000e+01 -4.348257234570979790e+00
1.900000000000000000e+01 -4.348257234570979790e+00
2.000000000000000000e+01 -4.348257234570979790e+00
2.099999999999999645e+01 -4.348257234570979790e+00
2.200000000000000000e+01 -4.348257234570979790e+00
2.300000000000000000e+01 -4.348257234570979790e+00
2.400000000000000355e+01 -4.348257234570979790e+00
2.500000000000000000e+01 -4.348257234570979790e+00
2.600000000000000711e+01 -4.348257234570979790e+00
2.700000000000000000e+01 -4.348257234570979790e+00
2.800000000000000711e+01 -4.348257234570979790e+00
2.900000000000000355e+01 -4.348257234570979790e+00
3.000000000000000355e+01 -4.348257234570979790e+00
3.100000000000000711e+01 -4.348257234570979790e+00
3.200000000000000711e+01 -4.348257234570979790e+00
3.300000000000000711e+01 -4.348257234570979790e+00
3.400000000000000711e+01 -4.348257234570979790e+00
3.500000000000000711e+01 -4.348257234570979790e+00
3.600000000000000711e+01 -4.348257234570979790e+00
3.700000000000001421e+01 -4.348257234570979790e+00
3.800000000000001421e+01 -4.348257234570979790e+00
3.900000000000001421e+01 -4.348257234570979790e+00
4.000000000000001421e+01 -4.348257234570979790e+00
4.100000000000001421e+01 -4.348257234570979790e+00
4.200000000000001421e+01 -4.348257234570979790e+00
4.300000000000001421e+01 -4.348257234570979790e+00
4.400000000000002132e+01 -4.348257234570979790e+00
4.500000000000001421e+01 -4.348257234570979790e+00
4.600000000000001421e+01 -4.348257234570979790e+00
4.700000000000002132e+01 -4.348257234570979790e+00
4.800000000000002842e+01 -4.348257234570979790e+00
4.900000000000002132e+01 -4.348257234570979790e+00
5.000000000000001421e+01 -4.348257234570979790e+00
5.100000000000001421e+01 -4.348257234570979790e+00
5.200000000000001421e+01 -4.348257234570979790e+00
5.300000000000000711e+01 -4.348257234570979790e+00
5.400000000000000000e+01 -4.348257234570979790e+00
5.500000000000000000e+01 -4.348257234570979790e+00
5.600000000000000000e+01 -4.348257234570979790e+00
5.699999999999999289e+01 -4.348257234570979790e+00
5.799999999999998579e+01 -4.348257234570979790e+00
5.899999999999998579e+01 -4.348257234570979790e+00
5.999999999999998579e+01 -4.348257234570979790e+00
6.099999999999997868e+01 -4.348257234570979790e+00
6.199999999999997158e+01 -4.348257234570979790e+00
6.299999999999997158e+01 -4.348257234570979790e+00
6.399999999999997158e+01 -4.348257234570979790e+00
6.499999999999997158e+01 -4.348257234570979790e+00
6.599999999999995737e+01 -4.348257234570979790e+00
6.699999999999995737e+01 -4.348257234570979790e+00
6.799999999999995737e+01 -4.348257234570979790e+00
6.899999999999994316e+01 -4.348257234570979790e+00
6.999999999999994316e+01 -4.348257234570979790e+00
7.099999999999994316e+01 -4.348257234570979790e+00
7.199999999999994316e+01 -4.348257234570979790e+00
7.299999999999994316e+01 -4.348257234570979790e+00
7.399999999999992895e+01 -4.348257234570979790e+00
7.499999999999992895e+01 -4.348257234570979790e+00
7.599999999999992895e+01 -4.348257234570979790e+00
7.699999999999991473e+01 -4.348257234570979790e+00
7.799999999999991473e+01 -4.348257234570979790e+00
7.899999999999991473e+01 -4.348257234570979790e+00
7.999999999999991473e+01 -4.348257234570979790e+00
8.099999999999991473e+01 -4.348257234570979790e+00
8.199999999999990052e+01 -4.348257234570979790e+00
8.299999999999990052e+01 -4.348257234570979790e+00
8.399999999999990052e+01 -4.348257234570979790e+00
8.499999999999988631e+01 -4.348257234570979790e+00
8.599999999999988631e+01 -4.348257234570979790e+00
8.699999999999988631e+01 -4.348257234570979790e+00
8.799999999999988631e+01 -4.348257234570979790e+00
8.899999999999988631e+01 -4.348257234570979790e+00
8.999999999999987210e+01 -4.348257234570979790e+00
9.099999999999987210e+01 -4.348257234570979790e+00
9.199999999999987210e+01 -4.348257234570979790e+00
9.299999999999985789e+01 -4.348257234570979790e+00
9.399999999999985789e+01 -4.348257234570979790e+00
9.499999999999985789e+01 -4.348257234570979790e+00
9.599999999999985789e+01 -4.348257234570979790e+00
9.699999999999985789e+01 -4.348257234570979790e+00
9.799999999999984368e+01 -4.348257234570979790e+00
9.899999999999984368e+01 -4.348257234570979790e+00
9.999999999999984368e+01 -4.348257234570979790e+00
1.009999999999998295e+02 -4.348257234570979790e+00
1.019999999999998295e+02 -4.348257234570979790e+00
1.029999999999998295e+02 -4.348257234570979790e+00
1.039999999999998295e+02 -4.348257234570979790e+00
1.049999999999998295e+02 -4.348257234570979790e+00
1.059999999999998153e+02 -4.348257234570979790e+00
1.069999999999998153e+02 -4.348257234570979790e+00
1.079999999999998153e+02 -4.348257234570979790e+00
1.089999999999998010e+02 -4.348257234570979790e+00
1.099999999999998010e+02 -4.348257234570979790e+00
1.109999999999998010e+02 -4.348257234570979790e+00
1.119999999999998010e+02 -4.348257234570979790e+00
1.129999999999998010e+02 -4.348257234570979790e+00
1.139999999999997868e+02 -4.348257234570979790e+00
1.149999999999997868e+02 -4.348257234570979790e+00
1.159999999999997868e+02 -4.348257234570979790e+00
1.169999999999997726e+02 -4.348257234570979790e+00
1.179999999999997726e+02 -4.348257234570979790e+00
1.189999999999997726e+02 -4.348257234570979790e+00
1.199999999999997726e+02 -4.348257234570979790e+00
1.209999999999997726e+02 -4.348257234570979790e+00
1.219999999999997584e+02 -4.348257234570979790e+00
1.229999999999997584e+02 -4.348257234570979790e+00
1.239999999999997584e+02 -4.348257234570979790e+00
1.249999999999997442e+02 -4.348257234570979790e+00
1.259999999999997442e+02 -4.348257234570979790e+00
1.261249999999997442e+02 8.956620346759848417e+01
1.262499999999997300e+02 8.972119220028939424e+01
1.263749999999997300e+02 8.987636728684292109e+01
1.264999999999997158e+02 9.003172922004857526e+01
1.266249999999997158e+02 9.018727849531808261e+01
1.267499999999997016e+02 9.034301561070476794e+01
1.268749999999997016e+02 9.049894106692316598e+01
1.269999999999996874e+02 9.065505536736863235e+01
1.271249999999996874e+02 9.081135901813765088e+01
1.271562499999996874e+02 9.085046457638493678e+01
1.271874999999997016e+02 9.088958200879213223e+01
1.272187499999997016e+02 9.092871132334687445e+01
1.272499999999997158e+02 9.096785252804771460e+01
1.272812499999997158e+02 9.100700563090383355e+01
1.273124999999997300e+02 9.104617063993518400e+01
1.273164062499997158e+02 9.105106710361687306e+01
1.273203124999997158e+02 9.105596375347373339e+01
1.273242187499997158e+02 9.106086058952148221e+01
1.273281249999997158e+02 9.106575761177577988e+01
1.273320312499997158e+02 9.107065482025234360e+01
1.273359374999997016e+02 9.107555221496680531e+01
1.273398437499997016e+02 9.108044979593498169e+01
1.273437499999997016e+02 9.108534756317258996e+01
1.273476562499996874e+02 9.109024551669526204e+01
1.273486328124997016e+02 9.109147003418482313e+01
1.273496093749997016e+02 9.109269456331844594e+01
1.273505859374997016e+02 9.109391910409632942e+01
1.273515624999997158e+02 9.109514365651882883e+01
1.273525390624997158e+02 9.109636822058139671e+01
1.273527832031247158e+02 9.109667436342239455e+01
1.273530273437497016e+02 9.109698050698648331e+01
1.273532714843747016e+02 9.109728665127380509e+01
1.273533935546872158e+02 9.109743972323369121e+01
1.273534545898434658e+02 9.109751626603821251e+01
1.273535156249997158e+02 9.109759306296568582e+01
1.273535461425778408e+02 9.109763187154929653e+01
1.273535614013668891e+02 9.109765135990922147e+01
1.273535766601559516e+02 9.109767081358596386e+01
1.273535842895504970e+02 9.109768049704335624e+01
1.273535919189450283e+02 9.109768997884647490e+01
1.273535938262936611e+02 9.109769238201198505e+01
1.273535957336422797e+02 9.109769468309205820e+01
1.273535962104794521e+02 9.109769524996724499e+01
1.273535966873166103e+02 9.109769581192308863e+01
1.273535971641537685e+02 9.109769636823423866e+01
1.273535976409909409e+02 9.109769691761458432e+01
1.273535981178281133e+02 9.109769745825718701e+01
1.273535985946652715e+02 9.109769798749663039e+01
1.273535990715024298e+02 9.109769850113178791e+01
1.273535995483396022e+02 9.109769899189033993e+01
1.273536000251767746e+02 9.109769944534099295e+01
1.273536005020139328e+02 9.109769983562230777e+01
1.273536005616185776e+02 9.109769985567973549e+01
1.273536006212232223e+02 9.109769988729786405e+01
1.273536006808278529e+02 9.109769991338038153e+01
1.273536007404324977e+02 9.109769993196341886e+01
1.273536008000371424e+02 9.109769993962727597e+01
1.273536008596417730e+02 9.109769992954055340e+01
1.273536009192464178e+02 9.109769990542916673e+01
1.273536009341475790e+02 9.109769985062321496e+01
1.273536009490487544e+02 9.109769981097838354e+01
1.273536009564993208e+02 9.109769977835694021e+01
1.273536009583619801e+02 9.109769974786989621e+01
1.273536009602246253e+02 9.109769975167509415e+01
1.273536009606902866e+02 9.109769972368079038e+01
1.273536009609231030e+02 9.109769970574367903e+01
1.273536009610395325e+02 9.109769970512415682e+01
1.273536009611559621e+02 9.109769969685066826e+01
1.273536009612723774e+02 9.109769968952595320e+01
1.273536009613305851e+02 9.109769968900509696e+01
1.273536009613887927e+02 9.109769968289855058e+01
1.273536009614470146e+02 9.109769968083026015e+01
1.273536009614542905e+02 9.109769968177451460e+01
1.273536009614615807e+02 9.109769967096941912e+01
1.273536009614688567e+02 9.109769967769541665e+01
1.273536009614761468e+02 9.109769967813248570e+01
1.273536009614834228e+02 9.109769968323105616e+01
1.273536009614907130e+02 9.109769966920744366e+01
1.273536009614979889e+02 9.109769967911576316e+01
1.273536009614981026e+02 9.109769969580644045e+01
1.273536009615055065e+02 9.109769968879470525e+01
1.273536009615066433e+02 9.109769968152529884e+01
