2.590000000000000000e+02 1.020299999999999985e+00
2.848999999999999773e+02 1.017500000000000071e+00
3.108000000000000114e+02 1.014499999999999957e+00
3.366999999999999886e+02 1.011400000000000077e+00
3.626000000000000227e+02 1.008099999999999996e+00
3.885000000000000000e+02 1.004599999999999937e+00
4.143999999999999773e+02 1.000899999999999901e+00
4.403000000000000114e+02 9.969000000000000083e-01
4.661999999999999886e+02 9.928000000000000158e-01
4.921000000000000227e+02 9.883999999999999453e-01
5.180000000000000000e+02 9.838000000000000078e-01
5.438999999999999773e+02 9.788000000000000034e-01
5.697999999999999545e+02 9.736000000000000210e-01
5.957000000000000455e+02 9.680999999999999606e-01
6.216000000000000227e+02 9.622000000000000552e-01
6.475000000000000000e+02 9.559999999999999609e-01
6.733999999999999773e+02 9.494000000000000217e-01
6.992999999999999545e+02 9.423000000000000265e-01
7.252000000000000455e+02 9.346999999999999753e-01
7.511000000000000227e+02 9.265999999999999792e-01
7.770000000000000000e+02 9.177999999999999492e-01
8.028999999999999773e+02 9.082999999999999963e-01
8.287999999999999545e+02 8.979000000000000314e-01
8.547000000000000455e+02 8.866000000000000547e-01
8.806000000000000227e+02 8.739999999999999991e-01
9.065000000000000000e+02 8.598000000000000087e-01
9.323999999999999773e+02 8.436000000000000165e-01
9.582999999999999545e+02 8.245999999999999996e-01
9.842000000000000455e+02 8.011000000000000343e-01
1.010100000000000023e+03 7.691999999999999948e-01
1.016264000000000010e+03 7.591999999999999860e-01
1.021570399999999950e+03 7.491999999999999771e-01
1.026059199999999919e+03 7.391999999999999682e-01
1.029767299999999977e+03 7.291999999999999593e-01
1.032729499999999916e+03 7.191999999999999504e-01
1.034977900000000091e+03 7.092000000000000526e-01
1.036542699999999968e+03 6.992000000000000437e-01
1.037452099999999973e+03 6.892000000000000348e-01
1.037732500000000073e+03 6.792000000000000259e-01
1.037408599999999979e+03 6.692000000000000171e-01
