2.590000000000000000e+02 -1.507740000000000080e+01
2.848999999999999773e+02 -1.680549999999999855e+01
3.108000000000000114e+02 -1.855539999999999878e+01
3.366999999999999886e+02 -2.032900000000000063e+01
3.626000000000000227e+02 -2.212790000000000035e+01
3.885000000000000000e+02 -2.395410000000000039e+01
4.143999999999999773e+02 -2.580969999999999942e+01
4.403000000000000114e+02 -2.769699999999999918e+01
4.661999999999999886e+02 -2.961860000000000070e+01
4.921000000000000227e+02 -3.157740000000000080e+01
5.180000000000000000e+02 -3.357670000000000243e+01
5.438999999999999773e+02 -3.561999999999999744e+01
5.697999999999999545e+02 -3.771150000000000091e+01
5.957000000000000455e+02 -3.985589999999999833e+01
6.216000000000000227e+02 -4.205859999999999843e+01
6.475000000000000000e+02 -4.432580000000000098e+01
6.733999999999999773e+02 -4.666490000000000293e+01
6.992999999999999545e+02 -4.908460000000000178e+01
7.252000000000000455e+02 -5.159530000000000172e+01
7.511000000000000227e+02 -5.420960000000000178e+01
7.770000000000000000e+02 -5.694310000000000116e+01
8.028999999999999773e+02 -5.981550000000000011e+01
8.287999999999999545e+02 -6.285199999999999676e+01
8.547000000000000455e+02 -6.608639999999999759e+01
8.806000000000000227e+02 -6.956470000000000198e+01
9.065000000000000000e+02 -7.335330000000000439e+01
9.323999999999999773e+02 -7.755400000000000205e+01
9.582999999999999545e+02 -8.233750000000000568e+01
9.842000000000000455e+02 -8.803360000000000696e+01
1.010100000000000023e+03 -9.547410000000000707e+01
1.016264000000000010e+03 -9.774830000000000041e+01
1.021570399999999950e+03 -9.999729999999999563e+01
1.026059199999999919e+03 -1.022228000000000065e+02
1.029767299999999977e+03 -1.044262999999999977e+02
1.032729499999999916e+03 -1.066090999999999980e+02
1.034977900000000091e+03 -1.087724000000000046e+02
1.036542699999999968e+03 -1.109175000000000040e+02
1.037452099999999973e+03 -1.130451999999999941e+02
1.037732500000000073e+03 -1.151565999999999974e+02
1.037408599999999979e+03 -1.172524999999999977e+02
