2.590000000000000000e+02 -1.510430000000000028e+01
2.848999999999999773e+02 -1.680440000000000111e+01
3.108000000000000114e+02 -1.852609999999999957e+01
3.366999999999999886e+02 -2.027120000000000033e+01
3.626000000000000227e+02 -2.204119999999999990e+01
3.885000000000000000e+02 -2.383820000000000050e+01
4.143999999999999773e+02 -2.566420000000000101e+01
4.403000000000000114e+02 -2.752159999999999940e+01
4.661999999999999886e+02 -2.941290000000000049e+01
4.921000000000000227e+02 -3.134100000000000108e+01
5.180000000000000000e+02 -3.330899999999999750e+01
5.438999999999999773e+02 -3.532050000000000267e+01
5.697999999999999545e+02 -3.737969999999999970e+01
5.957000000000000455e+02 -3.949099999999999966e+01
6.216000000000000227e+02 -4.165990000000000038e+01
6.475000000000000000e+02 -4.389249999999999829e+01
6.733999999999999773e+02 -4.619590000000000174e+01
6.992999999999999545e+02 -4.857880000000000109e+01
7.252000000000000455e+02 -5.105120000000000147e+01
7.511000000000000227e+02 -5.362550000000000239e+01
7.770000000000000000e+02 -5.631700000000000017e+01
8.028999999999999773e+02 -5.914479999999999649e+01
8.287999999999999545e+02 -6.213360000000000127e+01
8.547000000000000455e+02 -6.531589999999999918e+01
8.806000000000000227e+02 -6.873650000000000659e+01
9.065000000000000000e+02 -7.245969999999999800e+01
9.323999999999999773e+02 -7.658369999999999322e+01
9.582999999999999545e+02 -8.127290000000000703e+01
9.842000000000000455e+02 -8.684430000000000405e+01
1.010100000000000023e+03 -9.409470000000000312e+01
1.016264000000000010e+03 -9.630299999999999727e+01
1.021570399999999950e+03 -9.848279999999999745e+01
1.026059199999999919e+03 -1.006354000000000042e+02
1.029767299999999977e+03 -1.027620000000000005e+02
1.032729499999999916e+03 -1.048636000000000053e+02
1.034977900000000091e+03 -1.069412999999999982e+02
1.036542699999999968e+03 -1.089958000000000027e+02
1.037452099999999973e+03 -1.110277999999999992e+02
1.037732500000000073e+03 -1.130379999999999967e+02
1.037408599999999979e+03 -1.150268999999999977e+02
