2.590000000000000000e+02 -1.032419999999999938e+01
2.848999999999999773e+02 -1.152960000000000029e+01
3.108000000000000114e+02 -1.274959999999999916e+01
3.366999999999999886e+02 -1.398540000000000028e+01
3.626000000000000227e+02 -1.523799999999999955e+01
3.885000000000000000e+02 -1.650870000000000104e+01
4.143999999999999773e+02 -1.779889999999999972e+01
4.403000000000000114e+02 -1.911019999999999897e+01
4.661999999999999886e+02 -2.044419999999999860e+01
4.921000000000000227e+02 -2.180280000000000129e+01
5.180000000000000000e+02 -2.318799999999999883e+01
5.438999999999999773e+02 -2.460229999999999961e+01
5.697999999999999545e+02 -2.604820000000000135e+01
5.957000000000000455e+02 -2.752890000000000015e+01
6.216000000000000227e+02 -2.904769999999999897e+01
6.475000000000000000e+02 -3.060859999999999914e+01
6.733999999999999773e+02 -3.221640000000000015e+01
6.992999999999999545e+02 -3.387660000000000338e+01
7.252000000000000455e+02 -3.559579999999999700e+01
7.511000000000000227e+02 -3.738179999999999836e+01
7.770000000000000000e+02 -3.924470000000000169e+01
8.028999999999999773e+02 -4.119669999999999987e+01
8.287999999999999545e+02 -4.325350000000000250e+01
8.547000000000000455e+02 -4.543619999999999948e+01
8.806000000000000227e+02 -4.777329999999999899e+01
9.065000000000000000e+02 -5.030570000000000164e+01
9.323999999999999773e+02 -5.309570000000000078e+01
9.582999999999999545e+02 -5.624719999999999942e+01
9.842000000000000455e+02 -5.995969999999999800e+01
1.010100000000000023e+03 -6.473160000000000025e+01
1.016264000000000010e+03 -6.617000000000000171e+01
1.021570399999999950e+03 -6.758220000000000027e+01
1.026059199999999919e+03 -6.896890000000000498e+01
1.029767299999999977e+03 -7.033069999999999311e+01
1.032729499999999916e+03 -7.166800000000000637e+01
1.034977900000000091e+03 -7.298120000000000118e+01
1.036542699999999968e+03 -7.427030000000000598e+01
1.037452099999999973e+03 -7.553560000000000230e+01
1.037732500000000073e+03 -7.677700000000000102e+01
1.037408599999999979e+03 -7.799429999999999552e+01
