CASO;pATIVA;pREATIVA;dATIVA;dREATIVA
1;19894.2;-4627.9;19246.1;-402.6
2;14868.8;-5312.9;14271.5;-672.7
3;15050.4;-5421.7;14455.7;-658.7
4;13863.8;-4431.5;13243.6;-725.6
5;18156.8;-5640.7;17553.5;-492.6
6;11284.6;815.8;10511.1;-872.2
7;20168.7;-4386.4;19510.3;-393.6
8;14540.5;-5073.7;13937.2;-693.0
9;16930.8;-5910.9;16341.4;-559.7
10;15664.7;-5715.8;15076.3;-624.7
11;19518.2;-4928.3;18882.7;-421.6
12;11776.8;-734.3;11049.6;-845.8
13;15501.0;-5649.4;14911.1;-634.7
14;15369.0;-5596.8;14778.0;-646.7
15;18767.2;-5397.8;18152.1;-463.6
16;13804.6;-4366.6;13182.5;-729.6
17;15836.1;-5766.7;15248.4;-615.7
18;14284.9;-4852.9;13676.0;-703.2
19;16312.6;-5890.1;15725.9;-594.7
20;17525.7;-5808.9;16930.0;-526.6
21;13802.7;-4362.7;13180.5;-728.6
22;18795.7;-5385.1;18180.1;-461.6
23;18244.2;-5618.0;17639.6;-491.6
24;17338.4;-5858.4;16744.8;-543.6
25;18242.1;-5617.7;17637.6;-490.6
26;14710.4;-5202.3;14110.4;-680.8
27;15947.7;-5812.1;15360.5;-612.7
28;14159.0;-4734.1;13546.9;-709.3
29;15627.0;-5710.0;15038.2;-634.7
30;17403.1;-5840.4;16808.8;-534.6
31;14692.6;-5190.3;14092.4;-681.9
32;15339.1;-5580.1;14748.0;-643.7
33;14706.4;-5198.3;14106.4;-679.8
34;14358.3;-4917.0;13751.1;-698.1
35;14734.1;-5215.0;14134.4;-676.8
36;16189.4;-5857.7;15602.7;-590.7
37;13767.6;-4326.9;13144.5;-732.6
38;16743.4;-5917.2;16155.2;-568.7
39;19977.2;-4556.3;19326.1;-398.6
40;17882.7;-5717.8;17283.3;-507.6
41;15791.4;-5752.2;15203.4;-619.7
42;14262.5;-4830.7;13653.0;-703.2
43;14570.0;-5094.0;13967.3;-689.0
44;20051.2;-4486.1;19397.2;-392.6
45;16332.7;-5895.9;15745.9;-596.7
46;14809.9;-5266.8;14211.5;-672.8
47;16639.9;-5915.6;16052.2;-573.7
48;21000.0;-3456.0;20304.0;-345.5
49;16481.1;-5910.3;15894.0;-585.7
50;17601.5;-5790.2;17005.0;-522.6
51;16886.5;-5912.7;16297.4;-560.7
52;15441.1;-5629.9;14851.1;-639.7
53;13708.6;-4253.1;13083.5;-733.7
54;15446.1;-5628.7;14856.1;-637.7
55;15757.4;-5745.0;15169.3;-623.7
56;17533.7;-5810.1;16938.0;-527.6
57;18100.7;-5663.3;17498.5;-498.6
58;18304.4;-5589.2;17698.7;-482.6
59;16853.2;-5913.6;16264.3;-561.7
60;18207.5;-5627.2;17603.6;-490.6
61;14554.4;-5084.3;13951.2;-693.0
62;19041.0;-5248.7;18419.3;-447.6
63;17368.7;-5847.9;16774.8;-537.6
64;15558.4;-5679.4;14969.2;-634.7
65;17312.0;-5862.2;16718.8;-543.6
66;16047.5;-5837.2;15460.6;-607.7
67;18761.1;-5399.3;18146.1;-462.6
68;19649.6;-4828.0;19009.9;-414.6
69;21199.6;-3196.8;20493.2;-336.5
70;13171.3;-3539.0;12525.9;-764.2
71;13066.6;-3378.8;12416.8;-767.2
72;15100.7;-5448.6;14506.7;-653.7
73;16572.5;-5914.5;15985.1;-578.7
74;18182.2;-5634.4;17578.5;-492.6
75;16920.7;-5909.1;16331.4;-557.7
76;11852.1;-933.7;11130.7;-841.8
77;15539.6;-5667.8;14950.1;-633.7
78;18074.2;-5673.0;17472.4;-501.6
79;16730.3;-5912.4;16142.2;-565.7
80;17927.0;-5709.4;17327.3;-505.6
81;15725.4;-5744.8;15137.3;-627.7
82;15772.3;-5746.7;15184.4;-619.7
83;16630.7;-5917.8;16043.1;-575.7
84;17134.8;-5888.0;16543.6;-546.7
85;16662.9;-5921.5;16075.2;-575.7
86;16479.1;-5910.7;15892.0;-586.7
87;14736.1;-5217.0;14136.4;-677.8
88;17058.0;-5901.7;16467.5;-554.7
89;16487.0;-5912.2;15900.0;-585.7
90;18757.9;-5403.4;18143.1;-464.6
91;18911.8;-5317.8;18293.2;-452.6
92;16629.7;-5918.8;16042.1;-576.7
93;15387.8;-5603.5;14797.0;-643.7
94;14808.9;-5267.7;14210.5;-673.8
95;17162.3;-5877.3;16570.6;-547.7
96;16391.7;-5898.1;15804.9;-587.7
97;15458.2;-5634.7;14868.1;-638.7
98;16315.6;-5889.8;15728.9;-593.7
99;14850.2;-5299.3;14252.5;-673.7
100;17780.5;-5745.3;17182.2;-514.6
101;15227.3;-5522.8;14634.9;-651.7
102;18974.3;-5281.7;18354.3;-447.6
103;17116.8;-5889.2;16525.6;-548.7
104;17545.9;-5803.3;16950.0;-524.6
105;13820.2;-4381.2;13198.6;-726.6
106;16593.6;-5922.2;16006.1;-582.7
107;17877.6;-5719.7;17278.3;-508.6
108;14120.8;-4697.7;13507.8;-711.3
109;15628.9;-5708.0;15040.2;-631.7
110;16291.4;-5891.0;15704.8;-598.7
111;13220.0;-3615.7;12577.0;-763.1
112;16920.7;-5910.6;16331.4;-558.7
113;18116.1;-5653.9;17513.5;-495.6
114;14327.8;-4896.2;13720.0;-703.2
115;17001.6;-5906.7;16411.5;-558.7
116;13352.0;-3802.5;12714.1;-757.0
117;16130.5;-5851.8;15543.7;-599.7
118;12701.7;-2777.5;12034.5;-792.6
119;18737.4;-5412.5;18123.0;-464.6
120;17132.8;-5889.3;16541.6;-548.7
121;16164.5;-5859.7;15577.7;-598.7
122;14511.2;-5047.1;13907.2;-692.0
123;19085.9;-5233.0;18463.4;-450.6
124;20688.6;-3832.6;20007.8;-362.5
125;12191.3;-1748.7;11494.0;-819.8
126;18998.9;-5268.7;18378.3;-445.6
127;19902.5;-4622.4;19254.1;-403.6
128;16972.1;-5909.8;16382.5;-558.7
129;13590.5;-4112.4;12961.3;-742.8
130;18151.7;-5642.8;17548.5;-493.6
131;15818.1;-5757.3;15230.4;-613.7
132;14883.7;-5318.0;14286.5;-668.7
133;13522.7;-4030.0;12891.3;-747.8
134;17451.9;-5831.2;16856.9;-535.6
135;17997.0;-5695.8;17396.4;-506.6
136;14841.3;-5292.9;14243.5;-673.7
137;17382.8;-5843.7;16788.8;-534.6
138;13705.7;-4251.4;13080.5;-734.7
139;18014.3;-5688.9;17413.4;-504.6
140;16319.7;-5890.9;15732.9;-594.7
141;15804.2;-5760.0;15216.4;-620.7
142;15990.5;-5825.2;15403.6;-610.7
143;18163.9;-5639.5;17560.5;-493.6
144;17900.7;-5717.6;17301.3;-508.6
145;17403.1;-5838.0;16808.8;-532.6
146;16525.3;-5909.2;15938.0;-579.7
147;16394.7;-5899.8;15807.9;-588.7
148;17603.6;-5787.8;17007.0;-521.6
149;16737.4;-5917.2;16149.2;-568.7
150;17751.0;-5753.4;17153.2;-514.6
151;15528.6;-5667.8;14939.1;-636.7
152;11015.2;1820.9;10211.8;-890.5
153;18552.3;-5498.2;17941.9;-474.6
154;21203.7;-3193.9;20497.2;-336.5
155;17203.7;-5870.9;16611.7;-540.6
156;15995.5;-5827.1;15408.6;-610.7
157;15912.7;-5801.5;15325.5;-613.7
158;15953.6;-5810.4;15366.5;-609.7
159;16259.4;-5888.3;15672.8;-602.7
160;13760.8;-4317.3;13137.5;-730.6
161;15076.1;-5436.1;14481.7;-657.7
162;14027.3;-4602.8;13411.7;-715.4
163;16771.6;-5918.3;16183.3;-568.7
164;15561.3;-5680.0;14972.2;-633.7
165;17325.2;-5862.2;16731.8;-545.6
166;15827.2;-5764.4;15239.4;-616.7
167;18429.9;-5547.2;17821.8;-480.6
168;16694.1;-5917.4;16106.2;-571.7
169;21210.0;-3188.9;20503.2;-338.5
170;12114.3;-1575.5;11411.9;-823.8
171;14793.1;-5256.6;14194.5;-673.8
172;18244.2;-5618.0;17639.6;-491.6
173;22009.9;-1956.5;21253.9;-296.5
174;15666.7;-5716.5;15078.3;-624.7
175;16315.6;-5889.8;15728.9;-593.7
176;15715.4;-5740.6;15127.3;-627.7
177;19220.1;-5137.2;18593.5;-438.6
178;15580.3;-5686.7;14991.2;-633.7
179;17740.1;-5751.9;17142.1;-513.6
180;15507.9;-5653.1;14918.1;-634.7
181;13437.7;-3916.4;12803.2;-749.9
182;16919.7;-5910.8;16330.4;-558.7
183;17340.4;-5856.6;16746.8;-542.6
184;19129.5;-5194.7;18505.4;-443.6
185;15974.6;-5816.4;15387.5;-608.7
186;14854.1;-5303.6;14256.5;-674.7
187;17478.1;-5819.0;16882.9;-527.6
188;16755.4;-5917.8;16167.3;-567.7
189;16844.1;-5913.0;16255.3;-561.7
190;16055.5;-5841.8;15468.6;-608.7
191;18828.5;-5372.3;18212.1;-463.6
192;17040.9;-5903.0;16450.5;-555.7
193;20541.5;-4001.2;19867.6;-370.5
194;18717.0;-5421.7;18103.0;-465.6
195;17690.4;-5771.6;17093.1;-519.6
196;12678.9;-2734.2;12010.5;-791.6
197;17567.2;-5801.1;16971.0;-526.6
198;17156.2;-5875.8;16564.6;-545.6
199;18036.8;-5678.2;17435.4;-501.6
200;18563.5;-5494.9;17952.9;-474.6
201;15330.2;-5575.3;14739.0;-644.7
202;18064.1;-5672.5;17462.4;-499.6
203;14974.3;-5382.6;14378.6;-668.7
204;20658.1;-3866.8;19978.7;-364.5
205;13307.7;-3737.2;12668.1;-756.0
206;12400.3;-2201.3;11716.2;-810.8
207;12632.3;-2648.4;11961.4;-793.6
208;14259.5;-4830.4;13650.0;-705.2
209;13764.7;-4322.0;13141.5;-731.6
210;20664.4;-3858.2;19984.7;-363.5
211;15491.0;-5647.0;14901.1;-636.7
212;13284.5;-3705.8;12644.0;-757.1
213;18721.1;-5419.6;18107.0;-465.6
214;14923.0;-5347.2;14326.6;-668.7
215;13508.4;-4009.5;12876.3;-748.9
216;18180.2;-5634.6;17576.5;-492.6
217;17612.6;-5786.1;17016.0;-520.6
218;15251.1;-5537.7;14658.9;-653.7
219;19391.2;-5029.0;18759.6;-435.6
220;16509.1;-5908.7;15922.0;-579.7
221;19874.3;-4647.7;19227.0;-403.6
222;17338.4;-5857.1;16744.8;-542.6
223;19742.6;-4755.0;19099.9;-408.6
224;16460.1;-5904.5;15873.0;-584.7
225;13549.8;-4060.5;12919.3;-743.8
226;21821.8;-2278.0;21078.7;-304.5
227;15008.9;-5395.9;14413.7;-659.7
228;15775.3;-5749.4;15187.4;-620.7
229;14671.1;-5170.8;14070.4;-680.9
230;15766.3;-5747.4;15178.4;-621.7
231;16758.5;-5917.5;16170.3;-567.7
232;16671.9;-5921.9;16084.2;-574.7
233;17698.5;-5769.0;17101.1;-518.6
234;20279.4;-4270.8;19616.4;-383.6
235;15952.7;-5809.7;15365.5;-609.7
236;13518.9;-4025.8;12887.3;-748.9
237;13626.3;-4150.2;12998.4;-735.8
238;14749.8;-5228.7;14150.4;-677.8
239;12578.2;-2549.2;11904.4;-799.7
240;18069.1;-5673.2;17467.4;-500.6
241;15119.4;-5461.6;14525.8;-653.7
242;15527.6;-5667.9;14938.1;-637.7
243;16211.5;-5860.7;15624.8;-588.7
244;13171.3;-3539.0;12525.9;-764.2
245;14324.9;-4891.4;13717.0;-702.2
246;17728.9;-5758.9;17131.1;-516.6
247;17603.6;-5786.2;17007.0;-520.6
248;15233.3;-5527.7;14640.9;-653.7
249;20323.0;-4234.7;19658.4;-385.6
250;13360.6;-3813.5;12723.1;-756.0
251;15453.3;-5632.6;14863.1;-639.7
252;15705.6;-5737.3;15117.3;-629.7
253;10326.5;5419.9;9416.1;-933.7
254;20617.2;-3914.0;19939.7;-366.5
255;17032.9;-5903.4;16442.5;-556.7
256;13924.1;-4496.5;13305.7;-721.5
257;20881.9;-3605.7;20191.9;-352.5
258;17529.7;-5808.6;16934.0;-526.6
259;17178.6;-5870.8;16586.6;-544.6
260;14876.7;-5316.2;14279.5;-670.7
261;16453.1;-5903.5;15866.0;-584.7
262;12894.4;-3107.7;12236.7;-781.4
263;18002.1;-5693.9;17401.4;-506.6
264;15388.8;-5605.2;14798.0;-644.7
265;16514.2;-5911.4;15927.0;-581.7
266;18923.0;-5316.8;18304.2;-455.6
267;16850.2;-5914.7;16261.3;-562.7
268;16802.6;-5917.3;16214.3;-566.7
269;16836.1;-5912.0;16247.3;-561.7
270;14601.3;-5119.8;13999.3;-687.9
271;18093.6;-5666.5;17491.5;-499.6
272;19705.4;-4783.3;19063.9;-409.6
273;17918.9;-5711.3;17319.3;-506.6
274;18207.5;-5627.2;17603.6;-490.6
275;14285.9;-4853.7;13677.0;-703.2
276;14308.4;-4875.4;13700.0;-703.2
277;13072.2;-3392.4;12422.8;-769.2
278;18987.8;-5273.8;18367.3;-447.6
279;15653.9;-5709.5;15065.3;-624.7
280;19376.7;-5033.4;18745.6;-430.6
281;14498.4;-5032.4;13894.2;-689.0
282;15249.1;-5535.4;14656.9;-652.7
283;16428.8;-5901.9;15842.0;-584.7
284;18285.0;-5599.1;17679.6;-485.6
285;16355.7;-5900.3;15768.9;-595.7
286;16690.0;-5919.2;16102.2;-570.7
287;16256.4;-5889.2;15669.8;-603.7
288;16611.6;-5924.8;16024.1;-582.7
289;13769.5;-4329.4;13146.5;-732.6
290;16400.7;-5902.9;15813.9;-589.7
291;15804.2;-5760.0;15216.4;-620.7
292;16090.6;-5841.6;15503.7;-601.7
293;17315.1;-5864.2;16721.8;-545.6
294;14717.2;-5210.7;14117.4;-682.8
295;16028.6;-5831.5;15441.6;-607.7
296;15558.4;-5678.4;14969.2;-633.7
297;17149.2;-5876.6;16557.6;-545.6
298;17979.7;-5700.7;17379.4;-507.6
299;14118.9;-4696.4;13505.8;-712.3
300;17529.7;-5808.6;16934.0;-526.6
301;20915.4;-3564.3;20224.0;-348.5
302;13008.1;-3291.3;12355.8;-773.3
303;14388.7;-4941.2;13782.1;-695.1
304;14282.1;-4847.3;13673.0;-701.2
305;15598.2;-5697.6;15009.2;-635.7
306;19887.8;-4636.1;19240.1;-403.6
307;16246.4;-5888.8;15659.8;-605.7
308;14687.8;-5182.8;14087.4;-678.9
309;17609.6;-5787.3;17013.0;-521.6
310;14895.6;-5326.8;14298.6;-669.7
311;18743.6;-5412.9;18129.0;-467.6
312;16903.5;-5912.1;16314.4;-559.7
313;19353.0;-5045.6;18722.6;-428.6
314;14761.7;-5235.3;14162.4;-676.8
315;23238.2;658.4;22378.7;-233.5
316;18066.2;-5671.6;17464.4;-499.6
317;17683.3;-5772.5;17086.1;-518.6
318;16101.4;-5845.5;15514.7;-600.7
319;14619.1;-5131.7;14017.3;-684.9
320;14309.4;-4876.6;13701.0;-703.2
321;15913.7;-5801.7;15326.5;-613.7
322;14460.3;-4999.4;13855.2;-691.0
323;16848.2;-5914.6;16259.3;-562.7
324;14399.4;-4952.1;13793.1;-695.1
325;17608.7;-5786.8;17012.0;-521.6
326;18363.3;-5574.3;17756.7;-482.6
327;14661.3;-5162.9;14060.3;-681.9
328;18898.3;-5328.4;18280.2;-454.6
329;15689.7;-5727.7;15101.3;-626.7
330;18818.3;-5372.8;18202.1;-460.6
331;17193.7;-5868.1;16601.7;-538.6
332;18740.5;-5414.4;18126.0;-467.6
333;14027.3;-4602.8;13411.7;-715.4
334;15981.6;-5818.1;15394.6;-607.7
335;19496.5;-4954.3;18861.7;-430.6
336;14852.1;-5301.9;14254.5;-674.7
337;11823.1;-859.1;11099.6;-842.8
338;12015.0;-1343.0;11305.8;-830.8
339;10878.9;2419.3;10057.7;-897.8
340;11664.3;-409.1;10927.5;-848.8
341;15307.5;-5567.3;14715.9;-649.7
342;19099.6;-5216.1;18476.4;-446.6
343;15238.3;-5529.4;14645.9;-653.7
344;16938.0;-5908.7;16348.4;-558.7
345;15974.6;-5816.4;15387.5;-608.7
346;16235.4;-5888.1;15648.8;-606.7
347;15849.0;-5770.6;15261.4;-613.7
348;15830.1;-5765.8;15242.4;-616.7
349;17249.1;-5867.8;16656.7;-540.6
350;13642.7;-4172.2;13015.4;-735.7
351;18485.7;-5526.0;17876.8;-476.6
352;18283.9;-5600.9;17678.6;-486.6
353;15786.3;-5752.9;15198.4;-620.7
354;18022.5;-5681.6;17421.4;-500.6
355;14671.1;-5170.8;14070.3;-680.9
356;15028.6;-5412.5;14433.7;-662.7
357;16567.5;-5915.4;15980.1;-580.7
358;15793.4;-5753.1;15205.4;-619.7
359;15223.4;-5519.7;14630.9;-651.7
360;14730.1;-5216.3;14130.4;-679.8
361;14987.2;-5386.6;14391.6;-665.7
362;18326.8;-5587.2;17720.7;-485.6
363;12011.3;-1334.2;11301.8;-830.8
364;17005.5;-5905.9;16415.5;-557.7
365;15692.6;-5731.0;15104.3;-627.7
366;17850.2;-5728.4;17251.2;-510.6
367;17373.7;-5844.5;16779.8;-534.6
368;10349.0;5266.4;9443.1;-932.7
369;17529.7;-5808.6;16934.0;-526.6
370;16941.0;-5907.4;16351.4;-557.7
371;16267.5;-5886.4;15680.8;-600.7
372;15183.7;-5500.2;14590.8;-653.7
373;18130.3;-5651.5;17527.5;-495.6
374;15305.4;-5565.3;14713.9;-648.7
375;20379.4;-4168.4;19712.5;-375.6
376;17481.2;-5815.1;16885.9;-525.6
377;21089.4;-3344.7;20389.1;-341.5
378;14488.6;-5025.6;13884.2;-690.0
379;12407.8;-2216.5;11724.2;-809.8
380;17817.9;-5739.0;17219.2;-515.6
381;18128.2;-5652.4;17525.5;-495.6
382;16295.5;-5891.9;15708.8;-598.7
383;12865.6;-3062.6;12206.7;-783.4
384;15225.4;-5520.5;14632.9;-651.7
385;17602.5;-5790.0;17006.0;-522.6
386;15809.3;-5754.8;15221.4;-615.7
387;15959.7;-5814.2;15372.5;-611.7
388;15825.2;-5760.6;15237.4;-614.7
389;14162.0;-4737.6;13549.9;-710.3
390;15039.5;-5418.3;14444.7;-660.7
391;13101.9;-3437.6;12453.9;-767.2
392;20226.1;-4325.5;19565.4;-387.6
393;15164.8;-5488.8;14571.8;-652.7
394;17287.6;-5863.6;16694.7;-541.6
395;13973.8;-4546.3;13356.7;-717.5
396;18001.1;-5694.3;17400.4;-506.6
397;12164.7;-1694.6;11466.0;-821.8
398;18285.0;-5600.4;17679.6;-486.6
399;16140.6;-5850.8;15553.7;-597.7
400;21023.0;-3428.3;20326.0;-343.5
401;13359.6;-3810.1;12722.1;-754.0
402;16391.7;-5899.1;15804.9;-588.7
403;17034.9;-5903.2;16444.5;-556.7
404;18988.8;-5272.3;18368.3;-446.6
405;15281.8;-5550.3;14689.9;-648.7
406;16412.8;-5902.2;15825.9;-587.7
407;11608.2;-247.5;10866.4;-855.9
408;14388.7;-4941.2;13782.1;-695.1
409;17226.9;-5872.7;16634.7;-542.6
410;18698.4;-5431.7;18085.0;-465.6
411;15596.2;-5695.2;15007.2;-633.7
412;20894.6;-3589.8;20203.9;-351.5
413;20205.2;-4342.1;19545.3;-384.6
414;16082.5;-5837.8;15495.6;-599.7
415;11060.8;1636.4;10262.9;-887.4
416;12362.7;-2115.6;11676.2;-807.9
417;14502.4;-5038.5;13898.2;-692.0
418;18724.2;-5416.0;18110.0;-463.6
419;16911.7;-5908.5;16322.4;-557.7
420;11706.5;-536.7;10973.5;-846.8
421;15710.5;-5739.3;15122.3;-628.7
422;19867.1;-4653.8;19220.0;-404.6
423;15388.8;-5605.2;14798.0;-644.7
424;14565.1;-5089.1;13962.3;-689.0
425;20892.4;-3594.3;20201.9;-352.5
426;16335.6;-5895.1;15748.9;-594.7
427;15161.8;-5488.2;14568.8;-653.7
428;16999.6;-5906.5;16409.5;-558.7
429;16258.4;-5888.3;15671.8;-602.7
430;15268.0;-5543.3;14675.9;-650.7
431;18937.2;-5309.7;18318.2;-453.6
432;18724.2;-5416.0;18110.0;-463.6
433;18105.8;-5657.2;17503.5;-495.6
434;15987.5;-5825.5;15400.6;-611.7
435;18799.8;-5381.6;18184.1;-460.6
436;16107.5;-5846.7;15520.7;-600.7
437;17260.4;-5869.4;16667.7;-543.6
438;18544.1;-5500.9;17933.9;-474.6
439;18028.7;-5679.3;17427.4;-500.6
440;20274.1;-4277.3;19611.4;-383.6
441;17226.9;-5872.7;16634.7;-542.6
442;12555.5;-2504.8;11880.4;-799.7
443;13675.7;-4214.8;13049.4;-736.7
444;19264.3;-5107.6;18636.5;-435.6
445;15481.0;-5643.2;14891.1;-636.7
446;17085.3;-5894.8;16494.6;-549.7
447;14346.5;-4906.0;13739.0;-698.1
448;18464.4;-5534.9;17855.8;-478.6
449;15363.1;-5593.0;14772.0;-646.7
450;19510.9;-4943.5;18875.7;-428.6
451;15042.4;-5420.6;14447.7;-660.7
452;18730.4;-5414.4;18116.0;-464.6
453;17727.9;-5758.7;17130.1;-516.6
454;14625.9;-5137.3;14024.3;-684.9
455;18689.3;-5437.1;18076.0;-467.6
456;14235.1;-4805.5;13624.9;-704.2
457;14409.2;-4957.8;13803.1;-693.1
458;17833.0;-5733.7;17234.2;-512.6
459;14837.4;-5287.6;14239.5;-671.7
460;14906.3;-5334.9;14309.6;-668.7
461;15458.2;-5634.7;14868.1;-638.7
462;14020.5;-4597.2;13404.7;-716.4
463;18563.5;-5494.9;17952.9;-474.6
464;17578.3;-5797.0;16982.0;-524.6
465;16059.6;-5838.0;15472.6;-605.7
466;15975.6;-5816.7;15388.6;-608.7
467;17225.0;-5871.6;16632.7;-542.6
468;20219.8;-4333.5;19559.3;-388.6
469;18170.1;-5635.2;17566.5;-491.6
470;15092.9;-5446.4;14498.7;-657.7
471;17965.4;-5701.6;17365.3;-504.6
472;15953.6;-5810.4;15366.5;-609.7
473;15775.3;-5749.4;15187.4;-620.7
474;20452.5;-4099.4;19782.6;-376.6
475;15290.6;-5558.2;14698.9;-649.7
476;15161.8;-5488.2;14568.8;-653.7
477;12000.3;-1304.0;11289.8;-831.8
478;13154.7;-3513.7;12508.9;-762.2
479;17226.9;-5872.7;16634.7;-542.6
480;14685.8;-5180.5;14085.4;-678.9
481;17373.7;-5844.5;16779.8;-534.6
482;13775.4;-4336.6;13152.5;-732.6
483;14527.8;-5059.9;13924.2;-691.0
484;17727.9;-5758.7;17130.1;-516.6
485;19517.2;-4930.4;18881.7;-422.6
486;17544.8;-5803.8;16949.0;-524.6
487;18911.8;-5317.8;18293.2;-452.6
488;20077.0;-4469.6;19422.2;-395.6
489;18554.2;-5498.9;17943.9;-474.6
490;14200.0;-4776.1;13588.9;-709.3
491;15984.6;-5822.7;15397.6;-610.7
492;17630.9;-5784.5;17034.0;-522.6
493;15299.5;-5561.6;14707.9;-648.7
494;17226.9;-5873.8;16634.7;-543.6
495;12781.7;-2913.3;12118.6;-783.5
496;14392.5;-4945.5;13786.1;-695.1
497;17402.1;-5839.8;16807.8;-533.6
498;11414.0;360.5;10654.2;-867.1
499;13788.1;-4346.7;13165.5;-729.6
500;16178.6;-5859.2;15591.7;-595.7
501;12485.3;-2367.2;11806.3;-801.7
502;16341.6;-5894.7;15754.9;-593.7
503;14451.5;-4992.9;13846.1;-692.1
504;15567.4;-5683.4;14978.2;-635.7
505;15642.9;-5706.5;15054.2;-625.7
506;16636.8;-5914.9;16049.2;-572.7
507;14970.4;-5379.2;14374.6;-668.7
508;16418.8;-5903.6;15832.0;-587.7
509;14889.6;-5319.6;14292.6;-666.7
510;17462.0;-5823.4;16866.9;-529.6
511;20056.3;-4483.2;19402.2;-393.6
512;16652.9;-5920.0;16065.2;-575.7
513;16597.6;-5921.1;16010.1;-581.7
514;13668.8;-4206.2;13042.4;-735.7
515;17766.3;-5745.3;17168.2;-512.6
516;14547.5;-5076.4;13944.2;-691.0
517;14438.7;-4985.2;13833.1;-695.1
518;17467.0;-5823.8;16871.9;-529.6
519;16617.6;-5924.2;16030.1;-581.7
520;18708.6;-5428.7;18095.0;-466.6
521;19476.7;-4968.2;18842.7;-429.6
522;15022.8;-5404.7;14427.7;-660.7
523;16508.1;-5909.9;15921.0;-580.7
524;20205.2;-4342.1;19545.3;-384.6
525;18388.9;-5563.5;17781.7;-481.6
526;17816.9;-5737.0;17218.2;-513.6
527;19161.3;-5173.6;18536.4;-439.6
528;14880.7;-5317.0;14283.5;-669.7
529;17642.9;-5781.3;17046.1;-521.6
530;19395.2;-5026.2;18763.6;-434.6
531;19886.7;-4637.6;19239.1;-403.6
532;14443.6;-4990.0;13838.1;-695.1
533;15660.8;-5713.5;15072.3;-624.7
534;17072.1;-5898.7;16481.5;-551.7
535;15577.3;-5687.0;14988.2;-634.7
536;15351.1;-5585.7;14760.0;-644.7
537;17753.1;-5752.5;17155.2;-514.6
538;15438.1;-5627.5;14848.1;-638.7
539;12339.0;-2066.4;11651.1;-807.9
540;17023.9;-5902.3;16433.5;-556.7
541;15279.8;-5547.7;14687.9;-647.7
542;14605.2;-5123.8;14003.3;-686.9
543;12810.3;-2963.9;12148.6;-782.5
544;18496.0;-5520.3;17886.8;-475.6
545;11434.8;290.1;10677.3;-862.0
546;12525.1;-2446.9;11848.3;-801.7
547;15604.2;-5700.6;15015.2;-635.7
548;18982.6;-5274.5;18362.3;-445.6
549;19171.6;-5168.4;18546.4;-440.6
550;13685.4;-4227.4;13059.4;-736.7
551;15822.2;-5758.9;15234.4;-613.7
552;12927.7;-3163.5;12271.7;-778.4
553;18488.8;-5522.5;17879.8;-474.6
554;12998.4;-3275.5;12345.8;-771.3
555;15899.9;-5787.8;15312.5;-612.7
556;18543.1;-5499.8;17932.9;-473.6
557;15725.4;-5744.8;15137.3;-627.7
558;19530.8;-4913.2;18894.8;-417.6
559;14301.6;-4867.0;13693.0;-702.2
560;17040.9;-5903.0;16450.5;-555.7
561;18130.3;-5651.5;17527.5;-495.6
562;15906.7;-5798.1;15319.5;-612.7
563;19346.9;-5046.9;18716.6;-427.6
564;17444.7;-5836.9;16849.9;-537.6
565;12658.9;-2698.5;11989.5;-793.6
566;25751.9;12355.2;24436.5;-123.4
567;17673.2;-5775.5;17076.1;-520.6
568;16455.1;-5904.7;15868.0;-585.7
569;13161.5;-3525.9;12515.9;-764.2
570;16404.7;-5905.7;15817.9;-590.7
571;15200.5;-5512.7;14607.8;-655.7
572;17660.2;-5776.7;17063.1;-520.6
573;17050.9;-5901.4;16460.5;-553.7
574;20420.4;-4124.9;19751.5;-374.6
575;16535.3;-5912.2;15948.1;-580.7
576;17369.7;-5847.6;16775.8;-537.6
577;17050.9;-5901.4;16460.5;-553.7
578;15888.0;-5785.1;15300.5;-614.7
579;15811.2;-5755.0;15223.4;-614.7
580;18693.4;-5433.8;18080.0;-466.6
581;17970.5;-5699.8;17370.4;-504.6
582;14829.5;-5280.5;14231.5;-670.7
583;13776.3;-4338.1;13153.5;-732.6
584;16064.6;-5839.0;15477.6;-605.7
585;18831.6;-5368.6;18215.1;-461.6
586;16154.5;-5854.7;15567.7;-596.7
587;20172.9;-4379.5;19514.3;-391.6
588;14511.2;-5047.1;13907.2;-692.0
589;16533.3;-5911.5;15946.1;-580.7
590;10856.8;2515.2;10032.7;-898.9
591;14901.5;-5329.2;14304.6;-667.7
592;15531.6;-5669.4;14942.1;-636.7
593;17360.5;-5848.6;16766.8;-536.6
594;20092.7;-4449.0;19437.2;-390.6
595;16293.4;-5890.8;15706.8;-597.7
596;19500.6;-4949.3;18865.7;-428.6
597;17703.5;-5769.3;17106.1;-518.6
598;18429.9;-5547.2;17821.8;-480.6
599;15187.7;-5503.3;14594.8;-654.7
600;19344.8;-5048.8;18714.6;-427.6
601;13863.8;-4431.5;13243.6;-725.6
602;17325.2;-5862.2;16731.8;-545.6
603;14125.7;-4704.4;13512.8;-712.3
604;15073.2;-5433.6;14478.7;-657.7
605;13030.9;-3332.1;12379.8;-773.3
606;15076.1;-5437.4;14481.7;-658.7
607;17002.5;-5907.0;16412.5;-558.7
608;16060.6;-5838.1;15473.6;-605.7
609;13279.5;-3701.0;12639.0;-758.1
610;19532.8;-4912.2;18896.8;-417.6
611;16970.2;-5909.6;16380.5;-558.7
612;18480.9;-5526.3;17871.8;-477.6
613;17979.7;-5700.7;17379.4;-507.6
614;14754.7;-5233.3;14155.4;-677.8
615;12008.4;-1326.5;11298.8;-829.8
616;14204.8;-4780.2;13593.9;-708.3
617;18977.5;-5279.4;18357.3;-447.6
618;13905.6;-4481.3;13286.6;-726.5
619;18046.9;-5678.7;17445.4;-502.6
620;14868.8;-5311.8;14271.5;-671.7
621;17101.4;-5895.6;16510.6;-550.7
622;12267.2;-1920.2;11575.1;-814.9
623;18846.8;-5367.0;18230.1;-464.6
624;16129.4;-5851.8;15542.7;-599.7
625;18209.5;-5626.7;17605.6;-490.6
626;16638.8;-5915.8;16051.2;-573.7
627;18009.2;-5690.3;17408.4;-504.6
628;15990.5;-5825.2;15403.6;-610.7
629;17884.7;-5718.3;17285.3;-508.6
630;12930.6;-3167.9;12274.7;-778.4
631;13844.4;-4412.0;13223.6;-728.6
632;17846.2;-5731.7;17247.2;-512.6
633;16129.4;-5851.8;15542.7;-599.7
634;15710.5;-5739.3;15122.3;-628.7
635;15820.1;-5759.4;15232.4;-614.7
636;17335.3;-5859.3;16741.8;-543.6
637;14910.3;-5338.7;14313.6;-669.7
638;17359.5;-5848.8;16765.8;-536.6
639;14204.8;-4780.2;13593.9;-708.3
640;15316.4;-5568.4;14724.9;-645.7
641;18427.8;-5549.3;17819.8;-481.6
642;18624.9;-5462.7;18012.9;-467.6
643;13813.3;-4375.4;13191.5;-727.6
644;18100.7;-5663.3;17498.5;-498.6
645;13936.9;-4510.3;13318.7;-722.5
646;17857.4;-5722.9;17258.3;-507.6
647;12108.7;-1565.1;11405.9;-826.8
648;13768.6;-4327.7;13145.5;-732.6
649;15091.9;-5446.1;14497.7;-657.7
650;15852.0;-5771.8;15264.4;-613.7
651;19430.4;-4993.0;18797.7;-427.6
652;18250.2;-5620.2;17645.6;-493.6
653;19782.1;-4730.0;19138.0;-413.6
654;18933.2;-5311.6;18314.2;-454.6
655;15590.2;-5691.1;15001.2;-632.7
656;15628.9;-5708.0;15040.2;-631.7
657;18621.8;-5467.1;18009.9;-470.6
658;16307.6;-5892.5;15720.9;-597.7
659;15869.0;-5777.1;15281.5;-612.7
660;13301.8;-3729.6;12662.1;-756.0
661;15982.6;-5818.4;15395.6;-607.7
662;10330.6;5391.5;9421.1;-932.7
663;15211.4;-5518.9;14618.8;-655.7
664;14066.3;-4648.8;13451.8;-718.4
665;17766.3;-5745.3;17168.2;-512.6
666;15162.8;-5489.2;14569.8;-653.7
667;15487.0;-5646.0;14897.1;-636.7
668;19257.1;-5114.5;18629.5;-437.6
669;13913.3;-4488.9;13294.6;-724.5
670;16921.7;-5907.9;16332.4;-556.7
671;12117.1;-1579.7;11414.9;-821.8
672;16418.8;-5903.6;15832.0;-587.7
673;17134.8;-5888.0;16543.6;-546.7
674;18144.5;-5646.0;17541.5;-493.6
675;14240.1;-4808.2;13629.9;-704.2
676;16930.8;-5910.9;16341.4;-559.7
677;16927.8;-5910.4;16338.4;-558.7
678;16177.5;-5858.3;15590.7;-594.7
679;16546.5;-5909.1;15959.1;-577.7
680;17251.2;-5869.7;16658.7;-542.6
681;17106.5;-5892.3;16515.6;-549.7
682;14028.3;-4603.0;13412.8;-714.4
683;13596.4;-4112.7;12967.3;-737.8
684;21957.1;-2048.9;21204.9;-299.5
685;20575.1;-3960.6;19899.7;-366.5
686;13179.9;-3549.8;12535.0;-762.1
687;17225.0;-5871.6;16632.7;-542.6
688;17623.8;-5785.8;17027.0;-522.6
689;17900.7;-5717.6;17301.3;-508.6
690;16529.3;-5910.1;15942.1;-579.7
691;14179.5;-4752.8;13567.9;-708.3
692;15813.2;-5754.5;15225.4;-613.7
693;15131.3;-5465.3;14537.8;-650.7
694;16518.2;-5910.3;15931.0;-580.7
695;15625.0;-5709.4;15036.2;-634.7
696;15922.8;-5803.2;15335.5;-612.7
697;18504.2;-5516.1;17894.8;-474.6
698;18985.7;-5273.4;18365.3;-446.6
699;13630.2;-4156.8;13002.4;-736.8
700;15200.5;-5512.7;14607.8;-655.7
701;14476.9;-5013.6;13872.2;-690.0
702;18972.3;-5281.9;18352.3;-446.6
703;16085.6;-5839.8;15498.6;-600.7
704;19488.1;-4962.7;18853.7;-431.6
705;15163.8;-5489.9;14570.8;-653.7
706;16278.4;-5889.9;15691.8;-599.7
707;13277.6;-3698.1;12637.0;-758.1
708;19154.0;-5178.5;18529.4;-440.6
709;15411.5;-5612.9;14821.0;-640.7
710;12977.5;-3236.9;12323.8;-770.3
711;14910.3;-5338.7;14313.6;-669.7
712;11277.2;839.0;10503.1;-873.2
713;16147.4;-5855.7;15560.7;-598.7
714;16466.1;-5905.1;15879.0;-583.7
715;16860.2;-5913.3;16271.4;-560.7
716;19603.9;-4869.6;18965.8;-420.6
717;15551.4;-5674.6;14962.2;-632.7
718;18026.6;-5681.4;17425.4;-501.6
719;16915.8;-5906.0;16326.4;-555.7
720;15790.4;-5752.9;15202.4;-620.7
721;11741.6;-643.2;11011.6;-850.8
722;18348.1;-5576.5;17741.7;-481.6
723;15102.7;-5450.4;14508.8;-653.7
724;16260.4;-5887.2;15673.8;-601.7
725;13441.5;-3924.8;12807.2;-751.9
726;16848.2;-5914.6;16259.3;-562.7
727;16458.1;-5905.3;15871.0;-585.7
728;16284.4;-5889.0;15697.8;-597.7
729;15916.7;-5802.6;15329.5;-613.7
730;18577.7;-5486.0;17966.9;-470.6
731;18388.9;-5566.3;17781.7;-483.6
732;17849.2;-5731.4;17250.2;-512.6
733;23960.0;2751.8;23018.9;-200.5
734;14893.6;-5324.8;14296.6;-668.7
735;15374.9;-5595.2;14784.0;-642.7
736;13989.5;-4565.7;13372.7;-720.4
737;17189.7;-5863.6;16597.7;-539.6
738;14705.5;-5197.6;14105.4;-679.8
739;10504.8;4317.8;9627.3;-921.1
740;13562.3;-4077.2;12932.3;-742.8
741;16375.8;-5893.1;15788.9;-587.7
742;18484.8;-5525.3;17875.8;-476.6
743;12830.2;-3004.5;12169.6;-786.4
744;14867.8;-5311.4;14270.5;-671.7
745;15906.7;-5798.1;15319.5;-612.7
746;14614.0;-5130.3;14012.3;-685.9
747;17406.2;-5839.4;16811.8;-534.6
748;16225.4;-5886.2;15638.8;-607.7
749;16934.9;-5911.8;16345.4;-560.7
750;14620.1;-5132.3;14018.3;-684.9
751;19694.9;-4797.7;19053.9;-412.6
752;16214.5;-5861.5;15627.8;-588.7
753;19129.5;-5194.7;18505.4;-443.6
754;15246.2;-5535.3;14653.9;-654.7
755;17541.8;-5806.3;16946.0;-525.6
756;14717.2;-5210.7;14117.4;-682.8
757;14128.6;-4706.7;13515.8;-711.3
758;14662.2;-5163.2;14061.3;-680.9
759;16114.5;-5848.7;15527.7;-600.7
760;15729.5;-5744.2;15141.3;-626.7
761;19701.1;-4791.9;19059.9;-412.6
762;13697.9;-4243.5;13072.4;-736.7
763;13825.0;-4392.0;13203.6;-730.6
764;20066.7;-4476.8;19412.2;-394.6
765;17579.3;-5795.4;16983.0;-523.6
766;12145.9;-1648.0;11446.0;-819.8
767;17330.2;-5858.7;16736.8;-542.6
768;16750.4;-5917.7;16162.3;-567.7
769;11602.7;-227.2;10860.4;-853.9
770;15397.7;-5609.3;14807.0;-643.7
771;16178.6;-5858.2;15591.7;-594.7
772;17854.3;-5724.8;17255.3;-508.6
773;18361.3;-5572.9;17754.7;-481.6
774;16428.8;-5901.9;15842.0;-584.7
775;18543.1;-5501.3;17932.9;-474.6
776;15891.9;-5787.0;15304.5;-614.7
777;14330.8;-4894.0;13723.0;-700.2
778;14162.0;-4737.6;13549.9;-710.3
779;17432.6;-5838.8;16837.9;-538.6
780;11985.2;-1271.2;11273.8;-833.8
781;17735.0;-5757.1;17137.1;-516.6
782;13789.0;-4349.6;13166.5;-730.6
783;15419.4;-5619.0;14829.0;-641.7
784;17347.4;-5855.4;16753.8;-541.6
785;18959.0;-5292.0;18339.2;-449.6
786;12020.6;-1358.8;11311.8;-831.8
787;14443.6;-4990.0;13838.1;-695.1
788;16326.6;-5893.4;15739.9;-594.7
789;14900.5;-5328.5;14303.6;-667.7
790;18145.5;-5644.2;17542.5;-492.6
791;11719.3;-578.4;10987.5;-848.8
792;17023.9;-5902.3;16433.5;-556.7
793;17168.4;-5877.5;16576.6;-548.7
794;16326.6;-5893.4;15739.9;-594.7
795;18696.4;-5433.1;18083.0;-466.6
796;13523.6;-4032.0;12892.3;-747.8
797;18711.7;-5427.9;18098.0;-467.6
798;14666.2;-5166.2;14065.3;-680.9
799;17847.2;-5731.4;17248.2;-512.6
800;15497.0;-5649.2;14907.1;-635.7
801;18042.8;-5679.0;17441.4;-502.6
802;17970.5;-5699.8;17370.4;-504.6
803;13023.3;-3317.3;12371.8;-772.3
804;15876.0;-5782.7;15288.5;-615.7
805;16012.4;-5830.2;15425.6;-609.7
806;15689.7;-5727.7;15101.3;-626.7
807;14551.4;-5081.8;13948.2;-693.0
808;20417.2;-4126.8;19748.5;-373.6
809;16683.9;-5920.0;16096.2;-571.7
810;19735.3;-4758.7;19092.9;-407.6
811;14960.5;-5371.9;14364.6;-667.7
812;13889.0;-4462.2;13269.6;-726.5
813;16513.2;-5912.4;15926.0;-582.7
814;14972.3;-5379.8;14376.6;-667.7
815;21680.9;-2497.2;20946.6;-310.5
816;16765.5;-5917.4;16177.3;-567.7
817;18809.2;-5377.1;18193.1;-461.6
818;15720.4;-5741.1;15132.3;-626.7
819;15494.0;-5648.4;14904.1;-636.7
820;16147.4;-5856.7;15560.7;-599.7
821;17011.6;-5903.4;16421.5;-555.7
822;18122.1;-5652.3;17519.5;-494.6
823;15947.7;-5809.4;15360.5;-610.7
824;14716.2;-5210.2;14116.4;-682.8
825;13875.4;-4446.7;13255.6;-726.5
826;16045.5;-5838.9;15458.6;-609.7
827;17498.4;-5815.9;16902.9;-528.6
828;17246.2;-5868.3;16653.7;-541.6
829;16178.6;-5859.2;15591.7;-595.7
830;14893.6;-5324.8;14296.6;-668.7
831;16544.5;-5908.5;15957.1;-577.7
832;17497.3;-5816.3;16901.9;-528.6
833;16135.5;-5851.6;15548.7;-598.7
834;16465.1;-5904.2;15878.0;-583.7
835;15885.1;-5782.3;15297.5;-613.7
836;18271.7;-5605.5;17666.6;-487.6
837;15249.1;-5537.5;14656.9;-654.7
838;16629.7;-5918.8;16042.1;-576.7
839;17101.4;-5898.8;16510.6;-553.7
840;17847.2;-5731.4;17248.2;-512.6
841;19600.9;-4869.8;18962.8;-419.6
842;17730.9;-5758.2;17133.1;-516.6
843;17558.0;-5800.4;16962.0;-524.6
844;13010.9;-3298.1;12358.8;-773.3
845;17571.2;-5798.8;16975.0;-525.6
846;21455.3;-2834.5;20734.4;-322.5
847;14389.7;-4942.1;13783.1;-695.1
848;13979.6;-4554.7;13362.7;-718.5
849;15740.4;-5746.9;15152.3;-624.7
850;18512.3;-5514.7;17902.8;-475.6
851;17392.0;-5842.4;16797.8;-535.6
852;15163.8;-5489.9;14570.8;-653.7
853;16138.5;-5852.1;15551.7;-598.7
854;18548.2;-5500.0;17937.9;-474.6
855;17723.7;-5765.4;17126.1;-518.6
856;21782.1;-2341.3;21041.7;-304.5
857;18477.7;-5530.0;17868.8;-478.6
858;17007.6;-5905.8;16417.5;-557.7
859;17594.4;-5793.6;16998.0;-523.6
860;15447.1;-5629.1;14857.1;-637.7
861;14071.0;-4652.0;13456.8;-715.4
862;16602.5;-5923.6;16015.1;-581.7
863;17314.1;-5861.8;16720.8;-543.6
864;13174.1;-3543.1;12528.9;-763.2
865;15065.1;-5431.3;14470.7;-658.7
866;15397.7;-5609.3;14807.0;-643.7
867;16807.9;-5913.9;16219.3;-563.7
868;15640.9;-5709.3;15052.2;-628.7
869;17209.7;-5872.0;16617.7;-541.6
870;16433.9;-5901.6;15847.0;-584.7
871;18599.3;-5474.9;17987.9;-469.6
872;12500.5;-2400.8;11822.3;-804.7
873;19967.7;-4570.0;19317.1;-401.6
874;19413.8;-5011.8;18781.6;-432.6
875;16330.7;-5895.7;15743.9;-596.7
876;17674.3;-5774.2;17077.1;-519.6
877;17572.2;-5799.3;16976.0;-525.6
878;14589.6;-5110.5;13987.3;-688.9
879;16584.5;-5920.5;15997.1;-582.7
880;17965.4;-5701.6;17365.3;-504.6
881;16909.7;-5907.5;16320.4;-556.7
882;18581.9;-5483.4;17970.9;-470.6
883;16427.8;-5903.4;15841.0;-585.7
884;16400.7;-5902.9;15813.9;-589.7
885;14526.8;-5059.3;13923.2;-691.0
886;15407.7;-5608.1;14817.0;-639.7
887;15201.4;-5513.8;14608.8;-655.7
888;20081.2;-4466.2;19426.2;-395.6
889;16755.4;-5917.8;16167.3;-567.7
890;14022.5;-4598.4;13406.7;-716.4
891;17109.6;-5892.2;16518.6;-549.7
892;15791.4;-5752.2;15203.4;-619.7
894;17291.7;-5860.6;16698.7;-539.6
895;12835.1;-3012.7;12174.6;-787.4
896;17513.6;-5810.0;16917.9;-525.6
897;14102.4;-4677.0;13488.8;-711.4
898;13035.9;-3332.6;12384.8;-769.3
899;17324.3;-5862.1;16730.8;-545.6
900;12960.2;-3215.9;12305.7;-776.3
901;15227.3;-5522.8;14634.9;-651.7
902;16675.9;-5922.2;16088.2;-573.7
903;17588.4;-5794.6;16992.0;-524.6
904;17886.7;-5719.7;17287.3;-509.6
905;16137.5;-5851.8;15550.7;-598.7
906;14386.7;-4938.9;13780.1;-694.1
907;20585.7;-3951.2;19909.7;-368.5
908;14878.7;-5317.7;14281.5;-670.7
909;20305.5;-4248.2;19641.4;-385.6
910;15214.4;-5517.0;14621.9;-653.7
911;18831.6;-5370.2;18215.1;-462.6
912;18623.9;-5463.9;18011.9;-468.6
913;13923.1;-4495.7;13304.7;-721.5
914;17011.6;-5904.5;16421.5;-556.7
915;17908.9;-5712.7;17309.3;-506.6
916;17787.6;-5742.3;17189.2;-513.6
917;15775.3;-5749.4;15187.4;-620.7
918;16890.4;-5913.6;16301.4;-560.7
919;15347.0;-5582.5;14756.0;-642.7
920;13651.4;-4183.1;13024.4;-734.7
921;18424.7;-5549.4;17816.8;-480.6
922;14984.2;-5386.3;14388.6;-666.7
923;19331.3;-5061.1;18701.6;-429.6
924;17567.2;-5801.1;16971.0;-526.6
925;14255.7;-4826.8;13646.0;-706.2
926;15856.0;-5771.3;15268.4;-611.7
927;15583.3;-5688.5;14994.2;-633.7
928;14298.7;-4864.7;13690.0;-703.2
929;17334.3;-5859.5;16740.8;-543.6
930;15162.8;-5489.2;14569.8;-653.7
931;19910.8;-4615.1;19262.1;-402.6
932;18144.5;-5646.0;17541.5;-493.6
933;14283.1;-4848.1;13674.0;-701.2
934;16177.5;-5858.3;15590.7;-594.7
935;15715.4;-5740.6;15127.3;-627.7
936;12814.1;-2971.3;12152.6;-782.5
937;18306.4;-5589.9;17700.7;-483.6
938;18354.2;-5574.9;17747.7;-481.6
939;18293.2;-5591.6;17687.6;-481.6
940;15208.4;-5517.2;14615.8;-655.7
941;18621.8;-5467.1;18009.9;-470.6
942;15753.3;-5751.2;15165.3;-623.7
943;18314.5;-5588.5;17708.7;-483.6
944;20329.1;-4231.5;19664.4;-386.6
945;16528.3;-5910.3;15941.1;-579.7
946;13118.2;-3461.0;12470.9;-765.2
947;15515.8;-5659.7;14926.1;-636.7
948;17654.1;-5774.0;17057.1;-517.6
949;18962.0;-5290.6;18342.2;-449.6
950;13731.8;-4283.5;13107.5;-733.7
951;15793.4;-5753.1;15205.4;-619.7
952;16740.4;-5916.2;16152.2;-567.7
953;17189.7;-5863.6;16597.7;-539.6
954;18259.4;-5612.2;17654.6;-489.6
955;14133.7;-4711.5;13520.8;-712.3
956;15280.8;-5550.0;14688.9;-648.7
957;18480.9;-5526.3;17871.8;-477.6
958;17100.4;-5897.3;16509.6;-551.7
959;17217.9;-5871.6;16625.7;-542.6
960;18749.7;-5411.5;18135.1;-468.6
961;16449.1;-5900.6;15862.0;-582.7
962;17399.0;-5841.5;16804.8;-534.6
963;15521.7;-5662.5;14932.1;-635.7
964;13280.6;-3701.0;12640.0;-757.1
965;13383.9;-3841.6;12747.1;-753.0
966;16383.8;-5896.6;15796.9;-588.7
967;15775.3;-5749.4;15187.4;-620.7
968;14776.3;-5249.4;14177.4;-677.8
969;16927.8;-5910.4;16338.4;-558.7
970;14260.5;-4831.9;13651.0;-705.2
971;16464.1;-5904.2;15877.0;-583.7
972;16176.5;-5858.4;15589.7;-594.7
973;14371.9;-4929.3;13765.1;-697.1
974;11289.9;793.4;10517.1;-874.2
975;19506.7;-4946.7;18871.7;-428.6
976;16921.7;-5907.9;16332.4;-556.7
977;10571.9;3957.3;9705.4;-916.8
978;15271.9;-5545.1;14679.9;-649.7
979;17101.4;-5898.8;16510.6;-553.7
980;15711.5;-5739.7;15123.3;-628.7
981;17519.6;-5810.9;16923.9;-526.6
982;14078.0;-4656.2;13463.8;-714.4
983;16608.6;-5922.6;16021.1;-581.7
984;16098.5;-5845.0;15511.7;-601.7
985;15812.2;-5756.1;15224.4;-614.7
986;15727.4;-5743.8;15139.3;-626.7
987;16667.9;-5921.6;16080.2;-574.7
988;18309.4;-5591.3;17703.7;-484.6
989;15042.4;-5419.1;14447.7;-659.7
990;15316.4;-5568.4;14724.9;-645.7
991;16574.5;-5918.0;15987.1;-581.7
992;15952.7;-5811.0;15365.5;-610.7
993;17084.3;-5894.5;16493.6;-549.7
994;17826.0;-5735.0;17227.2;-513.6
995;19127.4;-5196.0;18503.4;-443.6
996;15956.6;-5813.9;15369.5;-611.7
997;11329.9;652.9;10561.2;-871.1
998;16059.6;-5838.0;15472.6;-605.7
999;17008.5;-5906.1;16418.5;-557.7
1000;15802.3;-5758.7;15214.4;-620.7
