CASO;pATIVA;pREATIVA;dATIVA;dREATIVA
2;82546.4;-16948.3;78749.7;17219.0
4;81542.0;-18401.9;77830.2;16988.9
5;85267.6;-16326.0;81639.4;17947.3
9;84274.8;-16467.2;80567.4;17684.3
10;83056.4;-17999.2;79447.6;17401.5
11;87281.2;-7990.4;82807.8;18247.9
13;83199.1;-15786.8;79308.3;17365.7
14;82699.5;-19077.3;79196.8;17329.6
15;86505.2;-9865.2;82161.0;18083.4
16;81274.2;-20383.5;77782.5;16978.9
17;83528.6;-15351.1;79607.5;17438.0
18;81985.7;-17662.8;78226.6;17084.0
19;83753.3;-16641.6;80023.0;17542.2
20;85230.8;-12572.7;81091.1;17811.9
22;86469.1;-10461.2;82189.3;18093.5
23;85972.6;-11066.7;81715.1;17964.4
24;84699.2;-15678.6;80924.1;17776.5
25;85834.0;-12310.4;81713.0;17964.3
26;82319.9;-17743.7;78603.1;17184.2
27;83422.0;-16910.7;79698.1;17459.4
30;85060.2;-13183.3;80983.9;17787.2
31;82297.0;-17860.6;78592.9;17180.4
32;83061.3;-15834.6;79165.8;17325.8
34;82053.7;-17624.4;78295.9;17101.3
35;82430.8;-16965.3;78625.1;17188.8
36;83909.6;-14579.6;79919.8;17512.7
37;81439.5;-18614.1;77746.4;16968.0
38;84155.2;-16235.8;80404.2;17636.0
40;85590.9;-11761.8;81385.8;17894.9
41;83388.0;-16228.1;79570.5;17431.9
42;81961.7;-17730.1;78209.0;17079.8
45;84047.0;-14354.8;80039.3;17547.0
46;82381.5;-17877.6;78688.7;17207.4
47;84349.8;-13926.5;80310.9;17618.0
49;83899.5;-16593.3;80175.5;17582.4
50;85322.2;-12330.6;81160.8;17825.9
51;84606.3;-13486.2;80531.7;17672.5
52;83008.4;-16950.3;79254.7;17348.5
53;81258.4;-19909.1;77704.1;16955.3
54;83121.5;-16089.3;79263.1;17350.1
55;83461.5;-15328.4;79532.8;17423.2
56;85263.2;-12337.4;81098.6;17812.7
57;85576.8;-13440.7;81581.8;17936.1
58;86037.3;-10916.9;81767.9;17978.2
59;84561.4;-13610.9;80498.6;17663.5
60;85299.0;-16400.0;81684.0;17956.2
61;82102.0;-18544.6;78465.7;17147.5
62;86727.2;-9819.4;82397.9;18141.3
63;85065.9;-12918.4;80956.5;17782.6
64;83260.1;-15646.3;79356.1;17375.9
65;84350.5;-18319.0;80898.2;17762.6
66;83754.9;-14929.7;79797.3;17482.5
67;86229.2;-12326.1;82154.7;18083.0
68;86868.4;-12635.8;82923.8;18277.7
70;80835.9;-19701.6;77208.1;16827.8
72;82810.6;-16301.0;78955.8;17271.5
73;84140.5;-15230.9;80253.4;17600.5
74;85903.9;-11238.0;81660.8;17950.4
75;84248.0;-16608.9;80558.0;17683.6
78;85744.7;-11810.4;81555.4;17930.9
79;84442.3;-13773.1;80390.6;17635.1
81;83352.3;-15985.3;79499.8;17412.3
82;83446.8;-15588.5;79550.1;17428.0
83;84347.7;-13915.3;80307.3;17617.1
84;84845.6;-13070.2;80738.3;17729.6
85;84219.7;-15147.1;80329.0;17622.5
86;83724.5;-17979.4;80174.4;17582.1
87;82440.6;-16885.2;78626.2;17188.9
88;84771.1;-13200.1;80673.7;17710.1
89;84027.3;-15591.4;80178.8;17582.7
90;86488.5;-9912.8;82148.4;18082.6
91;86650.9;-9542.5;82284.1;18115.0
92;84342.7;-13941.5;80305.1;17615.8
93;83091.7;-15920.8;79209.1;17333.5
94;82509.2;-16765.1;78686.4;17206.0
96;84108.0;-14255.1;80095.2;17561.5
97;83162.4;-15798.2;79270.0;17353.3
98;83939.6;-15157.7;80026.2;17543.4
99;82558.3;-16700.9;78731.4;17215.1
101;82944.7;-16076.4;79071.9;17305.0
102;86715.2;-9398.4;82338.4;18128.9
103;84430.7;-16396.9;80729.4;17724.4
104;85268.6;-12390.4;81110.6;17816.1
105;81381.6;-19506.4;77791.3;16980.0
106;84325.0;-13837.7;80272.8;17605.5
107;85600.2;-11647.6;81382.6;17892.6
108;81806.2;-18007.8;78073.1;17051.2
109;83077.7;-17588.4;79416.0;17393.8
110;83787.1;-16246.2;80005.6;17536.2
111;80773.3;-20709.2;77256.4;16843.1
112;84427.4;-15167.7;80557.9;17683.5
113;85507.5;-14125.6;81597.8;17939.5
114;81822.4;-19393.3;78268.6;17093.1
115;84600.9;-14235.4;80621.9;17694.6
117;83605.4;-16756.7;79875.9;17499.3
119;86490.8;-9730.3;82130.4;18080.0
120;84335.9;-17206.1;80737.2;17729.4
121;83526.3;-17564.9;79900.0;17506.2
122;82209.1;-17330.2;78429.4;17137.9
123;86692.1;-10481.8;82436.5;18150.3
126;86757.1;-9225.9;82364.8;18135.1
128;84328.9;-16275.1;80600.1;17692.0
129;81276.4;-18875.2;77597.2;16927.6
130;85275.5;-16243.0;81636.1;17945.9
131;83481.3;-15616.8;79591.2;17435.2
132;82414.9;-18198.6;78766.0;17221.7
134;85174.7;-12553.0;81028.7;17796.4
135;85628.2;-12289.1;81486.6;17912.0
136;82549.4;-16725.6;78724.8;17214.3
137;84604.0;-16803.1;80974.6;17784.2
138;81386.7;-18688.8;77696.7;16952.9
139;85732.3;-11511.5;81507.9;17914.8
140;84029.5;-14476.7;80035.7;17546.1
142;83601.7;-15758.3;79738.3;17468.0
143;85347.1;-15726.9;81642.8;17948.0
145;85148.2;-12388.5;80981.8;17787.0
146;84238.9;-14083.5;80211.1;17590.9
147;84115.2;-14192.0;80095.3;17561.6
148;85167.5;-13675.8;81164.0;17826.2
149;84449.5;-13762.5;80396.9;17635.6
150;85469.5;-11989.6;81280.7;17862.0
151;83230.5;-15676.0;79328.2;17371.3
153;86172.9;-11340.4;81965.8;18035.9
155;84904.3;-13013.7;80794.7;17743.1
156;83698.8;-14964.9;79741.6;17468.4
157;83631.3;-15028.1;79677.0;17452.7
158;83561.8;-15862.0;79709.7;17460.3
159;83983.4;-14442.2;79981.3;17529.0
160;81269.4;-20040.9;77733.6;16965.9
162;81707.9;-18155.7;77982.9;17028.6
163;84316.4;-15158.1;80434.3;17644.9
165;85026.0;-12852.8;80905.1;17768.0
166;83544.0;-15183.6;79603.1;17436.5
167;86164.3;-10650.3;81877.0;18012.8
168;84408.5;-13844.4;80363.2;17627.7
171;82495.0;-16785.3;78673.1;17201.2
174;83368.0;-15451.4;79447.7;17401.6
175;83886.9;-15590.0;80026.2;17543.5
176;83117.5;-17833.4;79492.1;17411.4
177;86967.2;-8805.3;82548.8;18183.3
178;83168.4;-16564.0;79376.7;17381.3
179;85235.6;-13941.1;81275.4;17861.5
180;83214.5;-15665.5;79309.7;17367.3
181;81113.7;-19143.4;77450.4;16892.1
182;84629.6;-13490.6;80557.7;17683.2
183;84887.6;-14187.8;80928.2;17776.7
184;86878.9;-9008.2;82474.0;18162.0
185;83683.4;-14965.2;79725.0;17464.1
186;82556.0;-16739.7;78733.8;17215.7
187;84698.4;-16608.9;81051.4;17804.8
188;84340.0;-14818.7;80415.1;17641.3
189;84549.1;-13623.0;80486.9;17659.5
190;83771.0;-14842.1;79803.7;17484.0
191;86575.9;-9667.3;82216.3;18098.5
192;84750.0;-13270.3;80659.6;17705.4
194;86180.2;-12489.4;82122.1;18076.1
195;84988.2;-15663.6;81238.5;17850.4
196;80330.6;-20860.4;76751.9;16715.7
197;85285.6;-12380.3;81127.8;17820.9
198;84863.4;-13088.7;80759.8;17733.7
199;85755.9;-11419.2;81523.1;17920.6
200;86145.0;-11683.9;81975.5;18038.0
202;85611.9;-12883.3;81546.8;17929.2
203;82620.5;-17018.9;78839.7;17244.9
205;80977.6;-19418.5;77332.8;16863.5
207;80275.9;-21146.5;76713.4;16703.3
208;81951.9;-17748.2;78200.5;17078.2
212;80950.5;-19501.0;77312.9;16859.1
213;86326.6;-11259.5;82125.5;18076.7
216;85908.3;-11196.0;81660.7;17950.3
217;85133.3;-14010.7;81171.7;17829.2
218;82956.3;-16112.3;79088.8;17308.6
219;87151.3;-8324.9;82700.1;18221.7
220;83915.5;-16585.4;80191.8;17586.2
222;85069.9;-12621.3;80925.1;17776.5
223;87537.6;-6686.3;82998.5;18293.9
224;83875.9;-16660.7;80159.0;17576.2
225;81222.7;-19053.6;77559.6;16921.1
227;82723.2;-16421.0;78876.3;17251.6
228;83486.3;-15295.9;79555.4;17428.4
229;82378.5;-17007.8;78573.5;17176.6
230;83480.5;-15268.2;79545.7;17426.4
231;84472.6;-13749.6;80420.4;17641.7
232;84383.4;-13851.7;80337.5;17623.3
233;85418.1;-12131.5;81241.8;17851.8
235;83304.8;-17900.6;79704.4;17460.0
236;81041.8;-20455.4;77531.3;16914.0
238;82451.6;-16836.2;78632.0;17190.0
240;85746.1;-11776.5;81553.0;17930.4
243;83873.1;-14943.2;79926.4;17516.0
244;80725.5;-20780.4;77208.1;16827.8
245;81962.4;-18172.2;78264.3;17092.7
246;85453.4;-12033.7;81268.7;17859.5
247;85099.8;-14236.4;81165.0;17826.2
248;82948.8;-16119.1;79081.5;17305.8
250;80920.2;-20422.5;77389.5;16875.5
251;83057.3;-16661.1;79268.8;17353.1
252;83407.7;-15405.6;79484.5;17409.5
256;81591.6;-18429.7;77888.9;17010.2
258;85198.4;-12897.2;81096.5;17812.5
259;84881.5;-13070.9;80777.0;17736.6
260;82601.5;-16583.6;78763.5;17221.0
261;84163.4;-14269.4;80153.5;17574.5
262;80551.6;-20320.7;76956.1;16764.3
263;85401.8;-14207.5;81492.9;17913.4
264;82805.7;-18289.9;79212.3;17333.7
265;84051.5;-15587.6;80204.6;17588.3
266;86263.2;-13009.1;82286.5;18115.6
267;84544.9;-13742.1;80497.5;17662.3
268;84190.6;-16349.7;80459.3;17650.7
269;84473.2;-14206.0;80479.3;17656.6
271;85236.1;-16092.9;81572.4;17934.5
272;87194.9;-10262.4;82974.7;18289.1
273;85251.3;-14894.3;81423.1;17902.2
274;85683.7;-13318.8;81681.9;17955.1
275;81769.9;-19534.6;78227.7;17084.1
276;81881.5;-18775.7;78251.2;17091.2
277;80749.5;-19865.2;77128.9;16805.6
278;86749.8;-9239.9;82358.3;18132.4
279;83358.8;-15467.1;79439.8;17399.4
280;86969.3;-9945.2;82682.2;18218.3
281;82204.9;-17273.6;78417.3;17134.4
284;86015.9;-10977.2;81751.6;17974.3
285;84043.9;-14546.0;80059.8;17557.0
286;84347.9;-14311.9;80356.9;17626.2
287;83962.5;-14620.3;79981.2;17528.8
290;84120.6;-14223.0;80104.7;17562.2
291;83525.3;-15193.9;79584.3;17434.0
292;83553.2;-16891.4;79838.1;17491.4
293;85042.1;-12689.1;80902.7;17766.4
295;83538.7;-16594.1;79781.9;17475.6
296;83259.4;-15652.3;79356.2;17376.1
297;84444.2;-16487.6;80756.4;17733.1
298;85510.9;-13218.1;81479.6;17908.4
299;81737.4;-18585.4;78068.8;17050.8
300;85101.9;-13710.9;81097.5;17812.5
302;80678.3;-20038.7;77069.3;16792.6
304;81742.5;-19712.9;78220.1;17082.4
305;83294.4;-15607.0;79388.0;17383.0
307;83692.2;-16829.1;79980.7;17527.2
308;82383.8;-17036.8;78583.4;17179.8
309;85341.2;-12226.1;81169.4;17828.9
310;82378.7;-18564.5;78774.6;17226.6
311;86476.7;-9903.2;82134.6;18081.4
313;86507.5;-13707.9;82660.8;18211.1
314;82450.7;-16921.3;78641.8;17195.0
316;85412.4;-14511.2;81546.9;17929.3
317;85301.2;-13053.5;81228.9;17848.5
318;83581.4;-16746.5;79849.0;17494.6
319;82310.3;-17167.8;78519.4;17160.9
321;83491.1;-16215.5;79680.0;17453.8
322;82190.3;-17194.6;78390.8;17126.0
323;84550.5;-13646.5;80491.2;17660.9
325;85336.1;-12255.2;81167.3;17827.7
326;86097.3;-10779.9;81818.1;17994.9
327;82368.1;-17000.6;78561.6;17174.2
328;86634.8;-9602.1;82273.4;18113.8
329;83153.2;-17346.6;79465.4;17404.9
330;86570.7;-9642.5;82207.7;18097.6
331;84902.5;-13011.6;80792.2;17741.4
332;85831.7;-15367.4;82131.5;18081.2
333;81706.0;-18173.1;77982.9;17028.6
334;83597.5;-15717.8;79729.5;17464.9
335;87261.2;-7992.6;82786.5;18244.9
336;82418.0;-17912.8;78732.7;17215.6
341;82862.0;-17241.6;79134.5;17317.7
342;86838.1;-9160.6;82446.1;18155.2
343;82952.5;-16099.2;79082.7;17306.0
344;84654.1;-13445.2;80578.1;17685.2
345;83691.8;-14900.4;79726.1;17464.2
346;83961.5;-14569.1;79973.0;17526.1
347;83556.8;-15170.0;79615.1;17439.9
348;83559.1;-15069.3;79605.2;17437.6
349;84943.8;-13000.5;80835.4;17752.1
350;81322.6;-18821.0;77642.2;16942.8
351;85983.2;-12655.0;81923.1;18021.3
352;86003.1;-11052.9;81746.5;17973.1
353;83506.7;-15180.9;79563.0;17429.2
354;85741.5;-11506.5;81517.3;17918.5
355;82380.4;-16981.0;78572.3;17176.3
357;83800.0;-17908.4;80246.8;17599.8
358;83508.7;-15268.1;79575.7;17432.2
360;82446.8;-16788.8;78621.0;17188.5
361;82691.2;-16467.9;78847.4;17246.0
362;85607.5;-14682.6;81784.9;17984.7
364;84497.2;-15115.6;80626.2;17696.0
365;83391.8;-15438.5;79471.6;17406.2
366;85527.7;-12121.2;81358.9;17887.1
367;85098.4;-12662.0;80959.8;17783.1
369;85161.8;-13207.3;81096.3;17812.3
370;84249.1;-16763.8;80580.2;17686.4
371;83983.5;-14519.4;79991.0;17531.9
372;82826.6;-16723.4;79027.5;17289.4
373;85860.9;-11205.6;81611.7;17943.9
374;82946.8;-16506.5;79129.2;17317.4
376;85202.6;-12514.5;81054.6;17807.1
378;82030.8;-18731.4;78411.7;17133.6
380;85564.2;-11665.9;81346.1;17881.4
381;85857.6;-11236.8;81611.7;17943.8
382;83953.4;-14920.2;80010.0;17538.7
383;80520.0;-20397.4;76927.7;16757.2
384;82933.2;-16164.2;79070.8;17304.8
385;84879.1;-15988.8;81162.9;17826.1
386;83522.4;-15246.1;79587.7;17434.5
387;83683.3;-14919.2;79719.1;17461.9
388;83424.2;-16178.9;79603.0;17436.4
390;82746.5;-16426.3;78902.3;17256.3
391;80782.0;-19742.1;77151.6;16812.8
393;82884.2;-16179.2;79019.5;17286.0
394;85006.0;-12726.4;80868.7;17759.4
395;81652.2;-18197.9;77927.7;17021.2
396;85714.8;-11523.8;81490.9;17913.3
398;86010.1;-11005.1;81748.5;17973.2
399;83822.8;-15060.9;79886.4;17500.0
402;84111.5;-14213.6;80094.1;17561.3
403;84737.8;-13333.1;80654.3;17704.0
404;86571.3;-10958.1;82359.4;18132.5
405;82986.0;-16040.9;79110.7;17313.2
408;81865.8;-19455.1;78325.4;17111.6
409;84935.9;-12946.6;80820.1;17747.2
410;86248.6;-11846.6;82113.2;18073.8
411;83304.9;-15508.3;79386.6;17382.4
414;83545.3;-16875.4;79826.5;17489.6
417;82204.7;-17334.8;78424.9;17136.3
418;86261.7;-11834.9;82126.7;18077.0
419;84245.5;-16577.7;80551.2;17681.6
421;83418.8;-15352.3;79489.8;17410.9
422;87211.8;-10979.0;83094.1;18322.1
424;82149.7;-18212.3;78475.5;17149.6
426;83681.8;-17380.7;80045.7;17549.5
427;82680.9;-17836.4;79013.9;17285.1
428;84701.5;-13388.6;80621.9;17694.6
429;83848.2;-15570.5;79981.3;17528.9
430;82965.0;-16101.4;79096.7;17310.9
431;86680.3;-9406.5;82301.3;18121.9
432;86451.1;-10083.2;82126.7;18077.0
433;85793.6;-11652.8;81590.1;17937.5
434;83695.3;-14952.0;79736.1;17466.7
435;86510.1;-10104.3;82193.6;18094.0
436;83496.9;-17465.0;79854.2;17495.0
437;84600.7;-15887.3;80845.2;17754.2
438;85852.7;-14000.6;81962.1;18033.9
439;85763.8;-11333.9;81521.8;17920.1
441;84932.1;-12970.3;80819.0;17747.1
442;80200.1;-21386.0;76645.9;16688.7
444;87019.2;-8646.0;82589.1;18196.0
445;82988.1;-17396.4;79292.9;17362.8
447;81963.2;-18312.8;78282.9;17096.9
448;85806.4;-13987.1;81908.9;18017.4
449;82945.8;-16952.6;79186.6;17329.4
450;87263.9;-8048.3;82795.3;18246.2
451;82763.0;-16285.3;78902.4;17256.5
452;86262.9;-11833.6;82128.0;18078.4
453;85383.4;-12664.3;81268.6;17859.4
454;82320.1;-17150.2;78527.9;17163.6
455;86432.7;-10061.0;82103.5;18070.7
456;81866.4;-18328.2;78178.7;17074.7
458;85200.6;-14784.5;81352.0;17883.8
459;82455.7;-17389.1;78707.5;17212.0
461;82931.4;-17690.7;79270.0;17353.3
463;86290.5;-10300.5;81975.6;18038.1
464;84788.2;-16529.5;81138.6;17822.1
465;83793.6;-14725.7;79813.2;17485.8
466;83472.8;-16723.7;79727.3;17464.5
467;84559.2;-16016.1;80816.9;17747.0
469;85903.5;-11163.9;81652.1;17949.4
470;82806.0;-16294.7;78950.2;17270.7
471;85369.8;-14267.9;81465.6;17905.9
472;83662.6;-15030.8;79710.7;17460.3
473;83429.7;-15767.5;79554.4;17428.3
475;82983.2;-16087.2;79114.3;17314.1
476;82875.2;-16213.2;79013.9;17285.1
479;84927.4;-13004.2;80818.0;17747.1
480;82350.8;-17313.6;78582.3;17179.7
481;85096.1;-12683.8;80959.9;17783.1
484;85463.8;-11935.9;81268.6;17859.5
485;86770.9;-12584.3;82804.7;18247.7
486;85266.5;-12402.4;81109.4;17813.9
487;86334.4;-12378.4;82281.0;18114.8
489;85778.3;-14651.5;81970.0;18036.1
490;81909.8;-17791.7;78159.9;17067.9
492;84933.4;-15713.9;81184.6;17833.6
493;82690.2;-18600.8;79125.0;17316.0
494;84939.2;-12919.0;80820.1;17747.2
495;80425.9;-20699.9;76848.1;16737.0
496;82096.9;-17506.3;78328.7;17112.0
497;85098.9;-12828.6;80980.7;17785.9
499;81465.3;-18566.1;77769.1;16972.1
500;83901.7;-14580.1;79911.0;17510.7
501;80112.3;-21757.5;76573.0;16671.4
503;82167.7;-17361.0;78387.3;17124.4
504;83269.1;-15655.4;79367.1;17379.3
505;82963.7;-18603.1;79427.1;17395.4
506;84275.2;-14528.0;80307.7;17617.7
507;82334.0;-19421.4;78836.4;17244.6
508;84142.9;-14161.2;80118.1;17569.1
509;82470.4;-17750.4;78769.4;17224.3
512;84066.8;-16334.8;80322.8;17622.2
513;84312.2;-13948.3;80272.8;17605.6
514;81341.2;-18818.3;77662.3;16945.5
516;82066.1;-18778.7;78457.1;17145.7
518;84911.3;-14848.5;81041.6;17800.7
519;84100.3;-15901.4;80299.5;17613.9
520;85755.2;-15884.7;82118.6;18075.3
521;87232.4;-8148.3;82771.5;18242.3
522;82434.3;-18970.6;78889.3;17253.9
523;83899.2;-16698.1;80189.7;17586.1
525;86131.2;-10595.5;81834.5;18001.0
526;85294.3;-13918.5;81336.9;17877.1
527;86924.2;-8790.8;82499.6;18167.5
529;85366.4;-12195.2;81193.5;17838.9
530;86904.3;-10732.6;82703.4;18223.0
533;83146.2;-17219.2;79441.2;17399.9
534;84656.9;-14253.5;80685.4;17713.1
535;83151.1;-16666.2;79370.5;17379.9
536;83056.2;-15967.8;79176.6;17327.9
537;85489.6;-11828.2;81283.9;17862.3
538;82921.9;-17644.0;79253.5;17347.2
542;82310.9;-17103.0;78511.4;17156.6
544;85942.1;-13042.6;81929.6;18022.0
546;80167.5;-21489.2;76615.9;16682.1
547;83309.0;-15573.5;79399.5;17386.7
548;86738.4;-9221.0;82343.9;18130.7
549;86831.6;-9729.2;82504.0;18168.2
551;83528.2;-15251.8;79594.7;17435.9
552;80584.0;-20292.2;76990.0;16768.8
553;85911.2;-13251.1;81924.3;18021.5
554;80545.8;-21322.3;77057.3;16789.4
555;83399.9;-16835.7;79663.9;17448.2
556;86277.6;-10280.7;81959.0;18033.8
557;83205.8;-17176.0;79499.7;17412.3
558;86763.6;-12762.3;82821.8;18255.5
559;81998.3;-17700.5;78244.8;17087.7
561;85853.3;-11277.3;81611.7;17943.9
562;83616.1;-15098.6;79669.5;17450.0
563;86759.6;-11620.2;82658.5;18210.6
564;84962.5;-14312.5;81025.4;17793.8
567;85391.7;-12160.7;81217.1;17847.3
568;83756.2;-17583.7;80153.7;17574.7
570;84079.7;-14614.6;80106.9;17562.4
571;82892.1;-16317.5;79045.9;17296.3
572;85100.1;-14556.2;81209.5;17842.5
573;84750.7;-13299.6;80663.9;17705.9
575;84253.4;-14053.3;80222.8;17591.9
576;85089.6;-12715.1;80956.6;17782.7
577;84714.4;-13622.4;80665.0;17706.0
578;83594.4;-15152.0;79653.1;17447.1
579;83222.4;-17704.3;79587.8;17434.7
580;86445.5;-9973.3;82107.8;18073.1
581;85686.4;-11609.9;81469.9;17906.4
582;82371.7;-18079.8;78703.9;17210.0
583;81448.5;-18633.0;77758.1;16968.8
584;83593.7;-16416.8;79818.5;17488.2
585;86602.4;-9485.2;82224.4;18098.8
586;83712.9;-16051.7;79898.6;17505.6
588;82208.5;-17336.3;78429.4;17137.9
589;83961.6;-16437.8;80221.7;17591.7
591;82488.6;-17665.3;78779.3;17228.6
592;83229.8;-15699.0;79330.4;17371.5
593;85082.8;-12740.2;80952.3;17781.2
595;84006.7;-14467.4;80009.9;17538.6
596;87081.3;-9794.1;82790.8;18245.4
597;85226.8;-13780.2;81243.9;17851.9
598;85932.3;-12726.0;81877.0;18012.8
599;82597.6;-18674.1;79030.9;17289.9
600;86456.3;-14072.2;82654.4;18208.4
601;81532.9;-18486.2;77830.2;16988.9
602;84993.1;-13136.3;80905.1;17768.0
603;81732.5;-18687.6;78076.3;17051.6
607;84664.3;-13720.2;80623.0;17695.7
608;83782.3;-14821.9;79813.3;17486.9
609;80939.3;-19501.6;77301.0;16857.9
610;87261.8;-8358.1;82827.9;18255.6
611;84300.4;-16475.9;80597.0;17691.8
612;86200.8;-10696.7;81921.8;18020.9
613;85685.4;-11723.4;81481.6;17908.5
614;82441.9;-16923.1;78632.2;17191.2
616;81813.0;-18687.1;78164.4;17069.6
617;86691.7;-9628.9;82338.5;18129.0
618;81580.5;-18387.5;77871.4;17002.2
619;85755.5;-11463.5;81527.8;17923.6
620;82508.1;-17267.2;78748.6;17218.8
623;86592.7;-9639.3;82231.1;18101.8
624;83845.0;-14774.8;79873.7;17499.0
625;85946.3;-11067.1;81687.0;17956.3
626;84218.7;-15019.7;80310.8;17617.8
627;85714.3;-11586.3;81497.3;17914.0
628;83695.7;-14953.7;79736.3;17467.9
629;85596.1;-11741.1;81389.0;17895.2
630;80588.6;-20250.1;76991.1;16768.9
631;81527.6;-18464.9;77821.8;16987.1
632;85564.4;-11756.2;81356.6;17885.6
633;83858.6;-14667.0;79874.8;17499.2
635;83356.1;-16649.9;79592.4;17435.5
636;84925.8;-13838.9;80924.0;17776.3
637;82476.8;-17784.8;78781.7;17229.1
638;84530.8;-17217.5;80952.2;17781.1
639;81914.9;-17773.9;78163.3;17069.5
640;82674.0;-18879.6;79143.1;17320.6
641;86160.3;-10678.9;81875.9;18012.6
643;81313.7;-20090.7;77789.0;16979.5
644;85712.7;-12313.8;81581.8;17936.0
646;85576.0;-11778.2;81371.6;17890.1
649;82503.3;-18842.0;78948.1;17270.6
650;83570.7;-15076.4;79618.3;17440.3
651;87194.5;-8220.2;82736.1;18228.7
652;85846.1;-12233.8;81716.4;17966.9
653;87039.2;-11937.7;83025.6;18303.0
654;86665.3;-9481.7;82293.1;18118.5
655;83289.8;-15610.6;79383.4;17382.2
656;83339.2;-15444.6;79416.0;17393.8
657;86019.3;-13135.2;82029.7;18054.8
658;83948.6;-15031.8;80019.7;17541.8
659;83467.8;-16095.2;79638.8;17443.3
660;80888.1;-20192.3;77326.2;16861.8
661;83692.1;-14936.2;79730.6;17464.9
663;82696.1;-18031.8;79057.5;17301.1
664;81708.4;-18452.6;78019.7;17039.4
665;85396.7;-12815.5;81302.1;17868.0
666;82876.6;-16201.2;79013.9;17285.2
667;83126.9;-16300.8;79297.3;17363.3
668;86575.6;-12585.8;82582.7;18193.3
669;81464.2;-19450.0;77877.2;17007.2
670;84608.6;-13689.9;80560.1;17683.8
672;84135.0;-14225.4;80118.1;17569.1
673;84845.9;-13067.4;80738.3;17729.7
674;85874.3;-11249.8;81630.6;17945.2
675;81756.2;-19308.8;78185.2;17076.3
676;84644.5;-13448.8;80568.5;17684.4
677;84565.2;-14095.4;80565.3;17684.1
678;83661.6;-16533.2;79907.8;17509.4
679;84260.6;-14098.0;80236.0;17594.6
680;84952.9;-12949.5;80838.7;17752.5
681;84813.5;-13149.9;80713.6;17722.3
686;80848.1;-19659.1;77217.0;16830.8
687;84539.6;-16176.6;80817.9;17747.0
688;85122.9;-14135.3;81177.2;17833.0
690;84255.5;-13985.5;80216.5;17591.5
691;81714.9;-19292.1;78136.5;17064.0
692;83489.0;-15556.0;79590.9;17434.9
693;82647.4;-17882.4;78983.0;17276.5
694;84134.4;-14936.1;80207.6;17588.3
695;83324.4;-15510.7;79408.6;17393.3
696;83629.7;-15102.7;79684.7;17455.6
697;86220.6;-10676.2;81941.2;18025.9
698;86732.3;-9290.6;82345.1;18132.0
700;82914.8;-16129.1;79045.9;17296.3
701;82186.9;-17296.9;78400.8;17128.4
702;86188.6;-13952.0;82333.3;18126.7
703;83798.3;-14826.3;79830.7;17489.9
704;86743.6;-12630.6;82780.2;18244.5
706;83689.4;-16973.8;79997.6;17534.8
707;80936.1;-19513.3;77298.8;16856.7
708;86901.8;-8939.5;82491.1;18164.8
709;82983.0;-17005.5;79234.1;17339.2
711;82448.8;-18035.5;78782.8;17229.2
713;83637.8;-16621.9;79892.9;17502.7
715;84474.9;-14407.4;80507.0;17664.0
716;87305.3;-8393.5;82880.2;18265.6
717;83272.8;-15512.3;79352.6;17374.3
718;85746.8;-11467.1;81518.6;17919.9
719;84567.0;-14011.5;80556.5;17682.0
720;83492.8;-15326.8;79566.2;17431.6
722;85801.7;-13246.1;81802.0;17988.3
724;83706.9;-16719.3;79982.4;17529.1
725;81026.8;-19999.2;77457.7;16894.6
726;84550.4;-13648.0;80491.2;17661.0
727;83906.1;-16385.4;80153.8;17574.9
728;83664.0;-17194.0;80001.1;17535.5
729;83522.2;-15972.3;79681.2;17453.9
730;86281.8;-10449.5;81983.1;18040.9
731;86116.9;-10732.9;81834.4;18000.9
732;85448.5;-12794.6;81356.6;17886.7
735;83088.4;-15888.9;79201.5;17332.6
736;81628.2;-18583.9;77946.9;17023.8
737;84416.8;-16918.9;80785.9;17741.0
738;82298.9;-17862.9;78595.6;17183.4
741;84092.7;-14330.3;80085.5;17560.4
742;86074.7;-11891.2;81923.1;18021.2
743;80480.9;-20528.1;76895.2;16749.0
745;83616.4;-15103.8;79670.5;17451.1
746;82305.3;-17150.5;78511.9;17160.2
747;84949.9;-14115.6;80986.0;17787.4
748;83876.0;-15262.7;79970.3;17525.2
749;84432.7;-15260.7;80575.7;17684.7
750;82311.1;-17170.5;78520.5;17161.0
751;87436.0;-7708.0;82949.8;18284.8
752;83909.7;-14632.6;79926.7;17516.4
753;86836.6;-9431.8;82475.0;18162.1
755;84802.0;-16178.0;81105.1;17813.4
756;82250.2;-18409.7;78611.8;17185.1
757;81810.0;-18001.5;78076.5;17051.9
758;82379.3;-16931.2;78564.8;17174.6
759;83838.7;-14726.3;79861.8;17496.7
760;83206.3;-17215.3;79505.3;17414.1
761;86726.3;-14113.4;82969.2;18288.3
762;81374.8;-18731.7;77689.0;16951.9
763;81483.1;-18650.7;77799.1;16983.0
765;85305.9;-12285.8;81138.7;17822.2
767;84877.7;-14153.8;80912.4;17768.4
770;83102.8;-15942.4;79223.0;17336.7
771;83792.5;-15496.7;79911.1;17510.7
772;85208.9;-14822.1;81366.4;17888.7
773;85937.6;-12216.2;81814.9;17993.6
774;84148.3;-14209.0;80130.0;17571.3
775;86265.7;-10404.1;81960.1;18033.8
776;83612.9;-14994.8;79653.5;17447.6
777;82033.4;-17594.5;78269.9;17094.5
778;81858.9;-17931.4;78121.3;17059.4
779;85159.0;-12560.5;81012.6;17790.7
781;84950.1;-16210.3;81273.1;17861.0
782;81253.1;-20479.1;77770.3;16972.3
783;83126.7;-15858.0;79238.6;17341.0
784;84727.9;-15530.8;80935.5;17780.1
785;86479.2;-11464.1;82321.5;18125.6
787;82162.4;-17333.8;78378.3;17122.0
788;83589.3;-18062.1;80038.0;17546.6
790;85548.9;-14046.4;81632.9;17945.5
792;84742.2;-13256.0;80649.5;17702.9
793;84665.2;-14829.6;80771.5;17735.9
794;84037.4;-14427.2;80038.0;17546.6
795;86098.5;-13061.9;82108.0;18073.3
796;81191.6;-19184.4;77540.9;16914.9
797;86480.0;-9753.3;82120.8;18075.6
798;82373.2;-17026.8;78570.1;17174.9
799;85527.1;-12107.3;81356.6;17885.6
801;85627.9;-12594.1;81525.5;17922.2
802;85221.2;-15487.2;81471.0;17906.5
804;83587.1;-15126.9;79642.2;17444.8
805;83717.3;-14926.0;79756.7;17472.9
806;83382.5;-15467.9;79465.4;17404.9
807;82254.0;-17221.1;78464.5;17147.2
809;84407.3;-13786.8;80354.6;17624.8
810;87066.0;-11471.1;82991.1;18292.3
811;82663.0;-16566.6;78829.6;17243.4
812;81557.6;-18450.0;77853.1;16994.3
813;84228.8;-14092.1;80201.3;17587.9
814;82685.7;-16425.7;78836.5;17244.7
816;84334.5;-14936.1;80423.8;17642.2
817;86132.1;-13469.2;82202.3;18095.1
818;83417.7;-15407.4;79495.5;17411.9
819;82909.3;-18122.5;79303.7;17363.9
821;84641.2;-14011.8;80635.6;17697.6
822;85852.8;-11261.8;81609.2;17942.2
823;83535.0;-16000.4;79699.2;17459.6
825;81539.2;-18508.2;77840.0;16993.0
826;83341.2;-18298.5;79797.1;17482.2
827;84706.5;-16705.8;81073.8;17809.9
828;84950.6;-12882.0;80828.0;17751.4
829;83889.4;-14683.4;79911.0;17510.7
830;82611.6;-16556.2;78771.6;17226.6
832;85231.6;-12410.6;81073.6;17809.6
833;83790.2;-15296.5;79882.2;17499.7
834;84202.8;-14029.1;80165.4;17577.8
835;83515.8;-15811.2;79652.8;17445.7
836;85825.7;-12574.9;81738.9;17970.2
837;82952.4;-16111.0;79084.3;17306.9
838;84341.0;-13971.5;80307.1;17616.9
839;84628.6;-14632.2;80705.1;17719.5
840;85560.1;-11796.6;81356.6;17885.6
841;87361.6;-7755.7;82871.9;18265.2
842;85458.1;-11999.7;81269.8;17859.6
843;85278.1;-12376.0;81119.4;17819.3
845;85040.5;-14487.9;81134.3;17821.7
848;81655.4;-18188.4;77930.1;17021.8
849;83438.6;-15425.6;79520.0;17418.0
850;85942.9;-13147.9;81945.5;18027.5
851;85122.0;-12611.8;80979.2;17785.1
852;82859.1;-16377.7;79017.2;17285.6
853;83868.8;-14665.0;79885.3;17499.8
854;86267.9;-10422.3;81964.6;18035.6
855;85465.4;-11918.9;81268.4;17859.1
858;84200.5;-17498.3;80628.3;17696.1
859;84760.4;-16841.0;81151.5;17824.4
860;83156.6;-15794.6;79263.2;17350.2
861;81764.9;-17994.1;78026.1;17039.9
862;84232.6;-14649.5;80277.1;17607.0
863;84567.9;-16553.7;80900.4;17765.0
864;80836.7;-19704.7;77209.4;16828.0
865;82767.7;-16393.2;78921.0;17264.7
866;82974.9;-17003.8;79225.1;17336.8
867;84522.5;-13668.6;80463.7;17652.4
868;83324.5;-15632.7;79423.9;17395.1
869;84514.2;-16297.7;80807.2;17743.8
870;84149.7;-14241.9;80135.3;17571.8
871;86115.0;-12137.1;82002.6;18047.1
874;87192.4;-8145.2;82725.4;18226.6
875;84051.3;-14317.9;80039.2;17546.9
876;85406.2;-12053.9;81220.4;17847.7
877;85109.5;-13923.6;81134.4;17821.8
879;84296.9;-14032.2;80267.1;17603.5
880;85613.9;-12257.6;81466.7;17906.1
881;84619.9;-13522.6;80551.1;17681.5
882;85877.9;-13975.6;81987.4;18041.4
883;83831.0;-16786.8;80127.8;17571.1
884;83740.8;-17349.4;80104.7;17562.2
885;82224.4;-17281.8;78440.6;17142.5
886;83124.6;-15815.1;79230.8;17338.8
887;82672.0;-18150.9;79045.9;17296.3
889;84469.0;-13738.5;80415.1;17641.2
891;84801.4;-13296.6;80718.7;17722.4
892;83507.8;-15232.2;79570.5;17431.8
894;85006.5;-12805.8;80878.0;17759.9
895;80410.5;-21384.1;76900.0;16751.0
896;85235.8;-12503.2;81088.5;17811.0
897;81700.2;-18832.3;78057.8;17049.5
899;85029.0;-12826.4;80905.0;17766.8
900;80611.4;-20320.4;77025.0;16779.5
901;82792.0;-17338.7;79072.0;17305.1
902;84296.7;-14607.4;80340.9;17623.8
903;85310.2;-12312.6;81146.1;17823.9
904;85534.3;-12335.6;81391.2;17896.5
905;83670.0;-16291.3;79883.2;17499.8
906;82081.7;-17577.6;78321.0;17111.1
908;82581.3;-16768.0;78764.6;17221.2
910;82935.3;-16114.0;79066.0;17301.8
911;86451.9;-10930.1;82224.4;18098.8
912;86351.3;-10198.5;82030.8;18055.0
913;81546.9;-18790.6;77887.8;17010.0
914;84384.8;-16084.3;80634.6;17697.5
915;85170.0;-15487.5;81415.6;17900.6
916;85187.8;-14655.9;81319.2;17872.7
917;83398.3;-16019.3;79554.4;17428.4
919;83047.6;-15981.0;79169.1;17326.3
920;81334.2;-18763.3;77648.0;16943.8
921;86057.8;-11630.9;81872.7;18009.4
923;86473.7;-13904.6;82649.7;18206.4
924;85286.8;-12369.5;81127.8;17820.9
925;81942.8;-17783.7;78195.1;17077.7
926;83560.2;-15221.9;79625.2;17442.4
927;83287.3;-15580.4;79376.9;17381.5
928;81768.9;-19651.8;78241.7;17086.5
929;84954.4;-13602.7;80924.0;17776.3
930;82871.1;-16247.9;79013.9;17285.2
932;85876.8;-11236.2;81631.8;17945.4
933;81975.6;-17723.6;78223.2;17083.5
934;83787.2;-15516.2;79907.9;17510.4
935;83081.8;-18126.3;79492.1;17411.3
937;86043.6;-10856.8;81767.9;17978.3
938;85646.2;-14533.9;81807.3;17990.6
939;86021.9;-11006.0;81761.2;17976.1
940;82576.7;-19030.5;79054.4;17299.9
941;86368.3;-10024.4;82029.7;18054.8
942;83235.7;-17173.5;79531.7;17422.0
943;86045.3;-10888.4;81773.4;17981.0
945;84266.4;-13891.4;80216.5;17591.4
947;83213.6;-15715.8;79315.2;17367.9
948;84933.5;-15833.6;81202.1;17839.8
949;86709.0;-9374.3;82328.8;18126.0
951;83348.5;-16582.8;79574.7;17432.2
953;84743.6;-14293.3;80785.8;17739.7
954;85974.4;-11163.5;81728.2;17969.1
955;81826.1;-17892.8;78080.9;17052.4
957;86220.8;-10505.4;81921.8;18020.9
958;84785.9;-13278.0;80699.8;17718.1
959;84700.2;-14869.5;80814.6;17744.5
960;86382.9;-10832.5;82137.9;18081.8
961;84164.5;-14242.2;80151.2;17574.1
962;85094.0;-12869.9;80980.6;17785.7
963;83195.8;-15905.2;79319.5;17368.4
965;80918.7;-20577.8;77407.4;16880.9
966;84097.6;-14307.9;80090.8;17560.8
967;83167.3;-17884.1;79553.2;17428.2
968;82284.1;-18445.4;78654.8;17198.5
969;84634.7;-13509.2;80565.3;17684.1
970;81949.6;-17776.9;78201.5;17078.2
971;84178.4;-14217.9;80163.3;17577.6
972;83809.9;-15319.7;79906.8;17508.3
975;87268.3;-7985.7;82793.1;18245.9
976;84641.0;-13410.6;80560.1;17683.8
978;82972.8;-16060.1;79099.1;17311.5
979;84685.1;-14161.9;80704.0;17719.4
980;83034.1;-18510.7;79490.9;17411.0
981;85172.1;-13064.1;81089.8;17811.4
982;81678.0;-18877.1;78038.8;17041.9
983;84325.0;-13947.1;80286.6;17609.7
984;83816.3;-14769.4;79842.6;17494.2
985;83339.7;-16758.1;79588.8;17434.8
986;83272.9;-16650.6;79502.0;17413.6
987;84343.0;-14131.5;80329.2;17622.9
988;86033.8;-10979.4;81771.1;17979.6
989;82761.0;-16342.8;78907.8;17259.0
990;82843.2;-17454.9;79143.1;17320.6
991;84290.1;-13982.8;80253.5;17600.7
993;84533.2;-15300.1;80690.9;17715.7
994;85558.1;-11747.2;81348.6;17882.1
995;86875.7;-9028.4;82472.7;18161.6
996;83666.2;-15051.0;79717.1;17461.8
998;83690.7;-15584.9;79812.2;17485.8
999;84704.6;-13421.4;80629.4;17696.2
1000;83516.2;-15263.8;79583.2;17433.9
