1.268169999999999891e+04 1.042569693132862518e+00
1.274510849999999846e+04 1.041552905253100958e+00
1.280851699999999983e+04 1.040443725264455166e+00
1.287192549999999756e+04 1.039238639960348598e+00
1.293533399999999710e+04 1.037933578905712473e+00
1.299874249999999665e+04 1.036523811412776164e+00
1.306215099999999984e+04 1.035003813445092735e+00
1.312555949999999939e+04 1.033367092803980425e+00
1.318896800000000076e+04 1.031605954903732858e+00
1.325237649999999849e+04 1.029711181224733929e+00
1.331578499999999985e+04 1.027671574250997644e+00
1.337919349999999758e+04 1.025473287358492636e+00
1.344260199999999895e+04 1.023098781831033088e+00
1.350601049999999850e+04 1.020525058101589444e+00
1.356941899999999805e+04 1.017720146313636276e+00
1.363282749999999760e+04 1.014632938889449942e+00
1.364867962499999703e+04 1.013805710378602898e+00
1.366453174999999646e+04 1.012947944585650628e+00
1.366651326562500071e+04 1.012837891141659119e+00
1.366750402343749738e+04 1.012782556628101016e+00
1.366799940234375026e+04 1.012754806349383641e+00
1.366824709179687488e+04 1.012740909559014968e+00
1.366837093652343719e+04 1.012733955628774662e+00
1.366840189770507459e+04 1.012732216563454468e+00
1.366840963800048848e+04 1.012731781760544791e+00
1.366841157307433969e+04 1.012731673057530424e+00
1.366841350814819452e+04 1.012731564353597680e+00
1.366841375003242501e+04 1.012731550765544331e+00
1.366841387097453844e+04 1.012731543971512993e+00
1.366841393144559697e+04 1.012731540574490108e+00
1.366841396168112624e+04 1.012731538875981663e+00
1.366841397679888905e+04 1.012731538026729217e+00
1.366841398435777410e+04 1.012731537602100662e+00
1.366841398624749490e+04 1.012731537495946021e+00
1.366841398671992465e+04 1.012731537469406140e+00
1.366841398677897632e+04 1.012731537466086129e+00
1.366841398678636142e+04 1.012731537465676457e+00
1.366841398679005033e+04 1.012731537465471510e+00
1.366841398679097438e+04 1.012731537465347831e+00
1.366841398679120357e+04 1.012731537465382026e+00
