1.268169999999999891e+04 -3.619650663210963870e+01
1.274510849999999846e+04 -3.655545789476579444e+01
1.280851699999999983e+04 -3.691759857055123462e+01
1.287192549999999756e+04 -3.728315353646691221e+01
1.293533399999999710e+04 -3.765237847475711419e+01
1.299874249999999665e+04 -3.802556749228995869e+01
1.306215099999999984e+04 -3.840306361033626104e+01
1.312555949999999939e+04 -3.878527365146966588e+01
1.318896800000000076e+04 -3.917269015606631655e+01
1.325237649999999849e+04 -3.956592513816397627e+01
1.331578499999999985e+04 -3.996576512313801288e+01
1.337919349999999758e+04 -4.037326778374755065e+01
1.344260199999999895e+04 -4.078994953425129921e+01
1.350601049999999850e+04 -4.121820627723364083e+01
1.356941899999999805e+04 -4.166249998212890659e+01
1.363282749999999760e+04 -4.213459309801122998e+01
1.364867962499999703e+04 -4.226140509551637336e+01
1.366453174999999646e+04 -4.239680829320493416e+01
1.366651326562500071e+04 -4.241483773257780854e+01
1.366750402343749738e+04 -4.242399953796607548e+01
1.366799940234375026e+04 -4.242862197509679589e+01
1.366824709179687488e+04 -4.243094428243665561e+01
1.366837093652343719e+04 -4.243210830480448692e+01
1.366840189770507459e+04 -4.243239961410299799e+01
1.366840963800048848e+04 -4.243247246053515909e+01
1.366841157307433969e+04 -4.243249067333946556e+01
1.366841350814819452e+04 -4.243250888662247888e+01
1.366841375003242501e+04 -4.243251116331650508e+01
1.366841387097453844e+04 -4.243251230166625731e+01
1.366841393144559697e+04 -4.243251287084189727e+01
1.366841396168112624e+04 -4.243251315542987356e+01
1.366841397679888905e+04 -4.243251329772387948e+01
1.366841398435777410e+04 -4.243251336887087177e+01
1.366841398624749490e+04 -4.243251338665778150e+01
1.366841398671992465e+04 -4.243251339110442188e+01
1.366841398677897632e+04 -4.243251339166022262e+01
1.366841398678636142e+04 -4.243251339172716285e+01
1.366841398679005033e+04 -4.243251339176193682e+01
1.366841398679097438e+04 -4.243251339177503922e+01
1.366841398679120357e+04 -4.243251339177546555e+01
