1.268169999999999891e+04 1.072083762179492528e+00
1.274510849999999846e+04 1.069352389952556326e+00
1.280851699999999983e+04 1.066449891552823548e+00
1.287192549999999756e+04 1.063366115589666094e+00
1.293533399999999710e+04 1.060089424532079327e+00
1.299874249999999665e+04 1.056606388086211101e+00
1.306215099999999984e+04 1.052901385558714598e+00
1.312555949999999939e+04 1.048956080956854331e+00
1.318896800000000076e+04 1.044748715415199092e+00
1.325237649999999849e+04 1.040253128929544024e+00
1.331578499999999985e+04 1.035437364537172389e+00
1.337919349999999758e+04 1.030261593191938996e+00
1.344260199999999895e+04 1.024674846525061689e+00
1.350601049999999850e+04 1.018609393287517983e+00
1.356941899999999805e+04 1.011969348530249446e+00
1.363282749999999760e+04 1.004596653382759275e+00
1.364867962499999703e+04 1.002602532599815133e+00
1.366453174999999646e+04 1.000519839260199717e+00
1.366651326562500071e+04 1.000250910907874990e+00
1.366750402343749738e+04 1.000115481728288236e+00
1.366799940234375026e+04 1.000047504741478299e+00
1.366824709179687488e+04 1.000013447529432886e+00
1.366837093652343719e+04 9.999964013176002586e-01
1.366840189770507459e+04 9.999921379091528673e-01
1.366840963800048848e+04 9.999910719405168402e-01
1.366841157307433969e+04 9.999908054410685532e-01
1.366841350814819452e+04 9.999905389386997134e-01
1.366841375003242501e+04 9.999905056256991331e-01
1.366841387097453844e+04 9.999904889691832999e-01
1.366841393144559697e+04 9.999904806409180003e-01
1.366841396168112624e+04 9.999904764767858500e-01
1.366841397679888905e+04 9.999904743947184427e-01
1.366841398435777410e+04 9.999904733536872925e-01
1.366841398624749490e+04 9.999904730934261465e-01
1.366841398671992465e+04 9.999904730283639687e-01
1.366841398677897632e+04 9.999904730202292535e-01
1.366841398678636142e+04 9.999904730192257230e-01
1.366841398679005033e+04 9.999904730187167967e-01
1.366841398679097438e+04 9.999904730185034119e-01
1.366841398679120357e+04 9.999904730185281698e-01
