1.268169999999999891e+04 7.305216999230640340e+01
1.274510849999999846e+04 7.453780034829713941e+01
1.280851699999999983e+04 7.613182407061393064e+01
1.287192549999999756e+04 7.783830672715865262e+01
1.293533399999999710e+04 7.966193942481430668e+01
1.299874249999999665e+04 8.160815303854113267e+01
1.306215099999999984e+04 8.368326551135302793e+01
1.312555949999999939e+04 8.589467496738603813e+01
1.318896800000000076e+04 8.825111797498624355e+01
1.325237649999999849e+04 9.076302342458200201e+01
1.331578499999999985e+04 9.344301237527622561e+01
1.337919349999999758e+04 9.630663261558501631e+01
1.344260199999999895e+04 9.937349943039708933e+01
1.350601049999999850e+04 1.026692252734356288e+02
1.356941899999999805e+04 1.062292363796129280e+02
1.363282749999999760e+04 1.101097834465231529e+02
1.364867962499999703e+04 1.111423636047520063e+02
1.366453174999999646e+04 1.122089857938082957e+02
1.366651326562500071e+04 1.123454470034389630e+02
1.366750402343749738e+04 1.124140160526560805e+02
1.366799940234375026e+04 1.124483917330670408e+02
1.366824709179687488e+04 1.124656033270598527e+02
1.366837093652343719e+04 1.124742151942640191e+02
1.366840189770507459e+04 1.124763688000509347e+02
1.366840963800048848e+04 1.124769072416055451e+02
1.366841157307433969e+04 1.124770418545007544e+02
1.366841350814819452e+04 1.124771764684004722e+02
1.366841375003242501e+04 1.124771932952075133e+02
1.366841387097453844e+04 1.124772017086139329e+02
1.366841393144559697e+04 1.124772059153272892e+02
1.366841396168112624e+04 1.124772080186839673e+02
1.366841397679888905e+04 1.124772090703521741e+02
1.366841398435777410e+04 1.124772095961913436e+02
1.366841398624749490e+04 1.124772097276514984e+02
1.366841398671992465e+04 1.124772097605132473e+02
1.366841398677897632e+04 1.124772097646255133e+02
1.366841398678636142e+04 1.124772097651314056e+02
1.366841398679005033e+04 1.124772097653879541e+02
1.366841398679097438e+04 1.124772097655705920e+02
1.366841398679120357e+04 1.124772097655053642e+02
