1.268169999999999891e+04 1.024531348211816129e+00
1.274510849999999846e+04 1.023662050017524194e+00
1.280851699999999983e+04 1.022762221719952569e+00
1.287192549999999756e+04 1.021828807504055137e+00
1.293533399999999710e+04 1.020858152972875077e+00
1.299874249999999665e+04 1.019845824877803953e+00
1.306215099999999984e+04 1.018786353878718298e+00
1.312555949999999939e+04 1.017672855739068627e+00
1.318896800000000076e+04 1.016496452093100800e+00
1.325237649999999849e+04 1.015245343063114980e+00
1.331578499999999985e+04 1.013903234629622174e+00
1.337919349999999758e+04 1.012446466658793343e+00
1.344260199999999895e+04 1.010838218298881985e+00
1.350601049999999850e+04 1.009015024937259142e+00
1.356941899999999805e+04 1.006847463577823509e+00
1.363282749999999760e+04 1.003961742230517817e+00
1.364867962499999703e+04 1.002979000843775337e+00
1.366453174999999646e+04 1.001716740991096088e+00
1.366651326562500071e+04 1.001521902407821907e+00
1.366750402343749738e+04 1.001419472311279923e+00
1.366799940234375026e+04 1.001366838075783194e+00
1.366824709179687488e+04 1.001340141505624670e+00
1.366837093652343719e+04 1.001326694982738186e+00
1.366840189770507459e+04 1.001323322948112660e+00
1.366840963800048848e+04 1.001322479284808553e+00
1.366841157307433969e+04 1.001322268327998977e+00
1.366841350814819452e+04 1.001322057354785633e+00
1.366841375003242501e+04 1.001322030981980138e+00
1.366841387097453844e+04 1.001322017795482688e+00
1.366841393144559697e+04 1.001322011202208095e+00
1.366841396168112624e+04 1.001322007905565359e+00
1.366841397679888905e+04 1.001322006257244768e+00
1.366841398435777410e+04 1.001322005433083584e+00
1.366841398624749490e+04 1.001322005227039513e+00
1.366841398671992465e+04 1.001322005175530716e+00
1.366841398677897632e+04 1.001322005169092311e+00
1.366841398678636142e+04 1.001322005168407081e+00
1.366841398679005033e+04 1.001322005168004958e+00
1.366841398679097438e+04 1.001322005167774920e+00
1.366841398679120357e+04 1.001322005167772256e+00
