1.268169999999999891e+04 -5.368212735653586520e+01
1.274510849999999846e+04 -5.478399265164145504e+01
1.280851699999999983e+04 -5.590341095859781717e+01
1.287192549999999756e+04 -5.704183646948794717e+01
1.293533399999999710e+04 -5.820092426234577232e+01
1.299874249999999665e+04 -5.938257353683946604e+01
1.306215099999999984e+04 -6.058898401249063426e+01
1.312555949999999939e+04 -6.182273093104188888e+01
1.318896800000000076e+04 -6.308686711870598174e+01
1.325237649999999849e+04 -6.438506582353565477e+01
1.331578499999999985e+04 -6.572182783853241972e+01
1.331578500000022905e+04 -5.960223380795580539e+01
1.337919350000046143e+04 -6.030770500762042730e+01
1.344260200000092118e+04 -6.100100460623492893e+01
1.350601050000184659e+04 -6.168234028072858877e+01
1.356941900000368878e+04 -6.235199596277210077e+01
1.363282750000738270e+04 -6.301035291966840646e+01
