1.268169999999999891e+04 9.956814429035739655e-01
1.274510849999999846e+04 9.949033325403363603e-01
1.280851699999999983e+04 9.940239713067763327e-01
1.287192549999999756e+04 9.930396030001792385e-01
1.293533399999999710e+04 9.919458572491208770e-01
1.299874249999999665e+04 9.907376348167611368e-01
1.306215099999999984e+04 9.894089591370001102e-01
1.312555949999999939e+04 9.879527809247429238e-01
1.318896800000000076e+04 9.863607158335538916e-01
1.325237649999999849e+04 9.846226835081810513e-01
1.331578499999999985e+04 9.827263955285526764e-01
1.337919349999999758e+04 9.806565993257037039e-01
1.344260199999999895e+04 9.783938976074483262e-01
1.350601049999999850e+04 9.759127380636130056e-01
1.356941899999999805e+04 9.731774018503128731e-01
1.363282749999999760e+04 9.701302821492746586e-01
1.364867962499999703e+04 9.693068798802100261e-01
1.366453174999999646e+04 9.684491650187787570e-01
1.366651326562500071e+04 9.683387408846501065e-01
1.366750402343749738e+04 9.682831777597835643e-01
1.366799940234375026e+04 9.682553013500024841e-01
1.366824709179687488e+04 9.682413383888419656e-01
1.366837093652343719e+04 9.682343505765388381e-01
1.366840189770507459e+04 9.682326029566896697e-01
1.366840963800048848e+04 9.682321660098690552e-01
1.366841157307433969e+04 9.682320567705473557e-01
1.366841350814819452e+04 9.682319475301748302e-01
1.366841375003242501e+04 9.682319338750565718e-01
1.366841387097453844e+04 9.682319270474920581e-01
1.366841393144559697e+04 9.682319236337035839e-01
1.366841396168112624e+04 9.682319219268116228e-01
1.366841397679888905e+04 9.682319210733674186e-01
1.366841398435777410e+04 9.682319206466424300e-01
1.366841398624749490e+04 9.682319205399628759e-01
1.366841398671992465e+04 9.682319205132928763e-01
1.366841398677897632e+04 9.682319205099576553e-01
1.366841398678636142e+04 9.682319205095462067e-01
1.366841398679005033e+04 9.682319205093385950e-01
1.366841398679097438e+04 9.682319205092183578e-01
1.366841398679120357e+04 9.682319205092508874e-01
