1.268169999999999891e+04 -3.891420812086611392e+01
1.274510849999999846e+04 -3.929507240118122979e+01
1.280851699999999983e+04 -3.967962560985451148e+01
1.287192549999999756e+04 -4.006812840163669875e+01
1.293533399999999710e+04 -4.046087773451716885e+01
1.299874249999999665e+04 -4.085821593586456402e+01
1.306215099999999984e+04 -4.126054321068989594e+01
1.312555949999999939e+04 -4.166833543443638632e+01
1.318896800000000076e+04 -4.208217041347187148e+01
1.325237649999999849e+04 -4.250276844096637063e+01
1.331578499999999985e+04 -4.293105861178089810e+01
1.337919349999999758e+04 -4.336829560887809976e+01
1.344260199999999895e+04 -4.381628710712816854e+01
1.350601049999999850e+04 -4.427790532912679566e+01
1.356941899999999805e+04 -4.475853364108851906e+01
1.363282749999999760e+04 -4.527246202614475123e+01
1.364867962499999703e+04 -4.541157038753549813e+01
1.366453174999999646e+04 -4.556113457474440054e+01
1.366651326562500071e+04 -4.558117689868677047e+01
1.366750402343749738e+04 -4.559137768813135949e+01
1.366799940234375026e+04 -4.559652881769606836e+01
1.366824709179687488e+04 -4.559911792903318428e+01
1.366837093652343719e+04 -4.560041598942426333e+01
1.366840189770507459e+04 -4.560074087557326550e+01
1.366840963800048848e+04 -4.560082212045522709e+01
1.366841157307433969e+04 -4.560084243313728081e+01
1.366841350814819452e+04 -4.560086274640418225e+01
1.366841375003242501e+04 -4.560086528560366048e+01
1.366841387097453844e+04 -4.560086655520675691e+01
1.366841393144559697e+04 -4.560086719000922528e+01
1.366841396168112624e+04 -4.560086750741064776e+01
1.366841397679888905e+04 -4.560086766611137676e+01
1.366841398435777410e+04 -4.560086774546174126e+01
1.366841398624749490e+04 -4.560086776529953312e+01
1.366841398671992465e+04 -4.560086777025887272e+01
1.366841398677897632e+04 -4.560086777087874310e+01
1.366841398678636142e+04 -4.560086777095311561e+01
1.366841398679005033e+04 -4.560086777099190414e+01
1.366841398679097438e+04 -4.560086777100700317e+01
1.366841398679120357e+04 -4.560086777100728739e+01
