1.268169999999999891e+04 -4.271612495324291103e+01
1.274510849999999846e+04 -4.390565616397346815e+01
1.280851699999999983e+04 -4.510919104907474519e+01
1.287192549999999756e+04 -4.632785239347748529e+01
1.293533399999999710e+04 -4.756290170549401353e+01
1.299874249999999665e+04 -4.881576792907388551e+01
1.306215099999999984e+04 -5.008808473668578642e+01
1.312555949999999939e+04 -5.138173997253162639e+01
1.318896800000000076e+04 -5.269894284526696993e+01
1.325237649999999849e+04 -5.404231807652070785e+01
1.331578499999999985e+04 -5.541504309223465441e+01
1.337919349999999758e+04 -5.682105875799521755e+01
1.344260199999999895e+04 -5.826541851209707801e+01
1.350601049999999850e+04 -5.975493937944838052e+01
1.356941899999999805e+04 -6.129969673031790478e+01
1.363282749999999760e+04 -6.291839148902462142e+01
1.364867962499999703e+04 -6.333980639921048805e+01
1.366453174999999646e+04 -6.377277254370596893e+01
1.366651326562500071e+04 -6.382815090459997975e+01
1.366750402343749738e+04 -6.385599303770435142e+01
1.366799940234375026e+04 -6.386995647463096759e+01
1.366824709179687488e+04 -6.387694939652577375e+01
1.366837093652343719e+04 -6.388044874186395816e+01
1.366840189770507459e+04 -6.388132388288186547e+01
1.366840963800048848e+04 -6.388154268728793994e+01
1.366841157307433969e+04 -6.388159738958821521e+01
1.366841350814819452e+04 -6.388165209236818498e+01
1.366841375003242501e+04 -6.388165893024928010e+01
1.366841387097453844e+04 -6.388166234919253839e+01
1.366841393144559697e+04 -6.388166405866510189e+01
1.366841396168112624e+04 -6.388166491340140851e+01
1.366841397679888905e+04 -6.388166534076975722e+01
1.366841398435777410e+04 -6.388166555445365447e+01
1.366841398624749490e+04 -6.388166560787502846e+01
1.366841398671992465e+04 -6.388166562123009129e+01
1.366841398677897632e+04 -6.388166562289948303e+01
1.366841398678636142e+04 -6.388166562310601648e+01
1.366841398679005033e+04 -6.388166562321053021e+01
1.366841398679097438e+04 -6.388166562324445152e+01
1.366841398679120357e+04 -6.388166562324644815e+01
