1.268169999999999891e+04 4.999999999999995026e+01
1.274510849999999846e+04 5.000000000000000000e+01
1.280851699999999983e+04 4.999999999999991473e+01
1.287192549999999756e+04 5.000000000000001421e+01
1.293533399999999710e+04 4.999999999999999289e+01
1.299874249999999665e+04 5.000000000000001421e+01
1.306215099999999984e+04 5.000000000000002132e+01
1.312555949999999939e+04 5.000000000000008527e+01
1.318896800000000076e+04 5.000000000000002132e+01
1.325237649999999849e+04 5.000000000000001421e+01
1.331578499999999985e+04 5.000000000000000000e+01
1.331578500000022905e+04 5.000000000000006395e+01
1.337919350000046143e+04 4.999999999999996447e+01
1.344260200000092118e+04 4.999999999999993605e+01
1.350601050000184659e+04 4.999999999999997158e+01
1.356941900000368878e+04 5.000000000000001421e+01
1.363282750000738270e+04 5.000000000000003553e+01
