1.268169999999999891e+04 1.067120434443221244e+00
1.274510849999999846e+04 1.065968353721271411e+00
1.280851699999999983e+04 1.064703582414081806e+00
1.287192549999999756e+04 1.063320752820382298e+00
1.293533399999999710e+04 1.061813675845537652e+00
1.299874249999999665e+04 1.060175177637612265e+00
1.306215099999999984e+04 1.058396887859976099e+00
1.312555949999999939e+04 1.056468960476659280e+00
1.318896800000000076e+04 1.054379697859691767e+00
1.325237649999999849e+04 1.052115031924777844e+00
1.331578499999999985e+04 1.049657785201065119e+00
1.331578500000022905e+04 1.268881382655410173e+00
1.337919350000046143e+04 1.269071135365788860e+00
1.344260200000092118e+04 1.269299082421093017e+00
1.350601050000184659e+04 1.269559659546145358e+00
1.356941900000368878e+04 1.269846332002011469e+00
1.363282750000738270e+04 1.270151196912844949e+00
