1.268169999999999891e+04 1.051754880354349497e+00
1.274510849999999846e+04 1.051090611210061754e+00
1.280851699999999983e+04 1.050392003324621681e+00
1.287192549999999756e+04 1.049657689326020327e+00
1.293533399999999710e+04 1.048886102928657804e+00
1.299874249999999665e+04 1.048075442830072257e+00
1.306215099999999984e+04 1.047223626283523279e+00
1.312555949999999939e+04 1.046328228393642812e+00
1.318896800000000076e+04 1.045386401147539113e+00
1.325237649999999849e+04 1.044394762766353457e+00
1.331578499999999985e+04 1.043349241849383491e+00
1.337919349999999758e+04 1.042244849012344377e+00
1.344260199999999895e+04 1.041075323426548849e+00
1.350601049999999850e+04 1.039832537327302076e+00
1.356941899999999805e+04 1.038505324501609373e+00
1.363282749999999760e+04 1.037076126370772400e+00
1.364867962499999703e+04 1.036699079641739019e+00
1.366453174999999646e+04 1.036311374169823774e+00
1.366651326562500071e+04 1.036261937792311238e+00
1.366750402343749738e+04 1.036237115165670852e+00
1.366799940234375026e+04 1.036224675769142012e+00
1.366824709179687488e+04 1.036218448759148814e+00
1.366837093652343719e+04 1.036215333386493409e+00
1.366840189770507459e+04 1.036214554346769123e+00
1.366840963800048848e+04 1.036214359574503030e+00
1.366841157307433969e+04 1.036214310880664513e+00
1.366841350814819452e+04 1.036214262186517798e+00
1.366841375003242501e+04 1.036214256099728281e+00
1.366841387097453844e+04 1.036214253056331858e+00
1.366841393144559697e+04 1.036214251534631092e+00
1.366841396168112624e+04 1.036214250773782153e+00
1.366841397679888905e+04 1.036214250393358016e+00
1.366841398435777410e+04 1.036214250203145282e+00
1.366841398624749490e+04 1.036214250155593097e+00
1.366841398671992465e+04 1.036214250143705051e+00
1.366841398677897632e+04 1.036214250142217796e+00
1.366841398678636142e+04 1.036214250142033944e+00
1.366841398679005033e+04 1.036214250141942239e+00
1.366841398679097438e+04 1.036214250141884730e+00
1.366841398679120357e+04 1.036214250141901383e+00
