1.268169999999999891e+04 -4.601091621222376915e+01
1.274510849999999846e+04 -4.707461484404473140e+01
1.280851699999999983e+04 -4.815188345159278072e+01
1.287192549999999756e+04 -4.924378861360328585e+01
1.293533399999999710e+04 -5.035153323470853337e+01
1.299874249999999665e+04 -5.147648498398230998e+01
1.306215099999999984e+04 -5.262021330862973656e+01
1.312555949999999939e+04 -5.378453860720852475e+01
1.318896800000000076e+04 -5.497159919079632573e+01
1.325237649999999849e+04 -5.618394529604355370e+01
1.331578499999999985e+04 -5.742467635296170414e+01
1.337919349999999758e+04 -5.869765225250437624e+01
1.344260199999999895e+04 -6.000784402513259863e+01
1.350601049999999850e+04 -6.136198887628586363e+01
1.356941899999999805e+04 -6.277009633996852500e+01
1.363282749999999760e+04 -6.425086134706229757e+01
1.364867962499999703e+04 -6.463761801720492883e+01
1.366453174999999646e+04 -6.503589251019855055e+01
1.366651326562500071e+04 -6.508693586821931376e+01
1.366750402343749738e+04 -6.511261104266426969e+01
1.366799940234375026e+04 -6.512549117248256891e+01
1.366824709179687488e+04 -6.513194248928796526e+01
1.366837093652343719e+04 -6.513517104493807608e+01
1.366840189770507459e+04 -6.513597848991066996e+01
1.366840963800048848e+04 -6.513618037039242381e+01
1.366841157307433969e+04 -6.513623084171706523e+01
1.366841350814819452e+04 -6.513628131352359674e+01
1.366841375003242501e+04 -6.513628762253317461e+01
1.366841387097453844e+04 -6.513629077704068493e+01
1.366841393144559697e+04 -6.513629235429536379e+01
1.366841396168112624e+04 -6.513629314292275296e+01
1.366841397679888905e+04 -6.513629353723662518e+01
1.366841398435777410e+04 -6.513629373439330550e+01
1.366841398624749490e+04 -6.513629378368284506e+01
1.366841398671992465e+04 -6.513629379600496350e+01
1.366841398677897632e+04 -6.513629379754526383e+01
1.366841398678636142e+04 -6.513629379773560402e+01
1.366841398679005033e+04 -6.513629379783202467e+01
1.366841398679097438e+04 -6.513629379786429752e+01
1.366841398679120357e+04 -6.513629379786553386e+01
