1.268169999999999891e+04 -7.858679989967247081e+01
1.274510849999999846e+04 -8.003087346736258212e+01
1.280851699999999983e+04 -8.151747563884072179e+01
1.287192549999999756e+04 -8.305145372587234931e+01
1.293533399999999710e+04 -8.463861741213418100e+01
1.299874249999999665e+04 -8.628603159565598446e+01
1.306215099999999984e+04 -8.800243501208512953e+01
1.312555949999999939e+04 -8.979885780360210390e+01
1.318896800000000076e+04 -9.168956758039918498e+01
1.325237649999999849e+04 -9.369358694178633584e+01
1.331578499999999985e+04 -9.583727174037728958e+01
1.331578500000022905e+04 -1.344293167715528625e+02
1.337919350000046143e+04 -1.337731727209117025e+02
1.344260200000092118e+04 -1.330966955194224681e+02
1.350601050000184659e+04 -1.323966255199118223e+02
1.356941900000368878e+04 -1.316688621273894171e+02
1.363282750000738270e+04 -1.309081295657484247e+02
