1.268169999999999891e+04 -1.944387365914441546e+01
1.274510849999999846e+04 -2.110345154703252035e+01
1.280851699999999983e+04 -2.277604882468909153e+01
1.287192549999999756e+04 -2.446296271339011597e+01
1.293533399999999710e+04 -2.616563008092741782e+01
1.299874249999999665e+04 -2.788565676246113512e+01
1.306215099999999984e+04 -2.962485543920461595e+01
1.312555949999999939e+04 -3.138529561351298369e+01
1.318896800000000076e+04 -3.316937121846050474e+01
1.325237649999999849e+04 -3.497989494851162107e+01
1.331578499999999985e+04 -3.682023515707466288e+01
1.331578500000022905e+04 -3.303913126660465593e+01
1.337919350000046143e+04 -3.429943185799353245e+01
1.344260200000092118e+04 -3.555044782316907970e+01
1.350601050000184659e+04 -3.679214427880377514e+01
1.356941900000368878e+04 -3.802455271395361081e+01
1.363282750000738270e+04 -3.924778527796823369e+01
