1.268169999999999891e+04 -3.303920908422696101e+01
1.274510849999999846e+04 -3.385890661928123535e+01
1.280851699999999983e+04 -3.468585365419907163e+01
1.287192549999999756e+04 -3.552058191811732968e+01
1.293533399999999710e+04 -3.636368660536895447e+01
1.299874249999999665e+04 -3.721583968687966149e+01
1.306215099999999984e+04 -3.807780741290921611e+01
1.312555949999999939e+04 -3.895047388650689157e+01
1.318896800000000076e+04 -3.983487375785673379e+01
1.325237649999999849e+04 -4.073223926356717328e+01
1.331578499999999985e+04 -4.164407119263641022e+01
1.337919349999999758e+04 -4.257225300481083963e+01
1.344260199999999895e+04 -4.351925168945905398e+01
1.350601049999999850e+04 -4.448852305484054881e+01
1.356941899999999805e+04 -4.548553841885992455e+01
1.363282749999999760e+04 -4.652189513360045936e+01
1.364867962499999703e+04 -4.679084766875687507e+01
1.366453174999999646e+04 -4.706761093021754760e+01
1.366651326562500071e+04 -4.710312458017396864e+01
1.366750402343749738e+04 -4.712099824981230967e+01
1.366799940234375026e+04 -4.712996777088921618e+01
1.366824709179687488e+04 -4.713446121712448189e+01
1.366837093652343719e+04 -4.713671018200326301e+01
1.366840189770507459e+04 -4.713727266029877683e+01
1.366840963800048848e+04 -4.713741329478160935e+01
1.366841157307433969e+04 -4.713744845433564734e+01
1.366841350814819452e+04 -4.713748361426313238e+01
1.366841375003242501e+04 -4.713748800928026128e+01
1.366841387097453844e+04 -4.713749020679095025e+01
1.366841393144559697e+04 -4.713749130554695910e+01
1.366841396168112624e+04 -4.713749185492503813e+01
1.366841397679888905e+04 -4.713749212961415935e+01
1.366841398435777410e+04 -4.713749226695859562e+01
1.366841398624749490e+04 -4.713749230129493384e+01
1.366841398671992465e+04 -4.713749230987887984e+01
1.366841398677897632e+04 -4.713749231095184911e+01
1.366841398678636142e+04 -4.713749231108417348e+01
1.366841398679005033e+04 -4.713749231115132687e+01
1.366841398679097438e+04 -4.713749231117250815e+01
1.366841398679120357e+04 -4.713749231117452609e+01
