1.268169999999999891e+04 1.025937320571488787e+00
1.274510849999999846e+04 1.021100741575445170e+00
1.280851699999999983e+04 1.015996927598455501e+00
1.287192549999999756e+04 1.010597273450510869e+00
1.293533399999999710e+04 1.004867423970902784e+00
1.299874249999999665e+04 9.987655204779787299e-01
1.306215099999999984e+04 9.922396928385429637e-01
1.312555949999999939e+04 9.852243579162548448e-01
1.318896800000000076e+04 9.776345464550917352e-01
1.325237649999999849e+04 9.693567989601140633e-01
1.331578499999999985e+04 9.602336908287628647e-01
1.337919349999999758e+04 9.500355043678205824e-01
1.344260199999999895e+04 9.384029344579029042e-01
1.350601049999999850e+04 9.247134428273490192e-01
1.356941899999999805e+04 9.076905533609366250e-01
1.363282749999999760e+04 8.836257126934677908e-01
1.364867962499999703e+04 8.750237754604632823e-01
1.366453174999999646e+04 8.636391570335617551e-01
1.366651326562500071e+04 8.618463079689108186e-01
1.366750402343749738e+04 8.608998201761947078e-01
1.366799940234375026e+04 8.604123932754067505e-01
1.366824709179687488e+04 8.601648871542421082e-01
1.366837093652343719e+04 8.600401521278531192e-01
1.366840189770507459e+04 8.600088643725470883e-01
1.366840963800048848e+04 8.600010358897024476e-01
1.366841157307433969e+04 8.599990783592942334e-01
1.366841350814819452e+04 8.599971206649259514e-01
1.366841375003242501e+04 8.599968759415924646e-01
1.366841387097453844e+04 8.599967535789817541e-01
1.366841393144559697e+04 8.599966923974181610e-01
1.366841396168112624e+04 8.599966618065802981e-01
1.366841397679888905e+04 8.599966465111652525e-01
1.366841398435777410e+04 8.599966388634496806e-01
1.366841398624749490e+04 8.599966369514898679e-01
1.366841398671992465e+04 8.599966364735143198e-01
1.366841398677897632e+04 8.599966364137718866e-01
1.366841398678636142e+04 8.599966364073169389e-01
1.366841398679005033e+04 8.599966364035809274e-01
1.366841398679097438e+04 8.599966364015561027e-01
1.366841398679120357e+04 8.599966364015092513e-01
