1.268169999999999891e+04 -2.584427558901466782e+01
1.274510849999999846e+04 -2.639840104151060984e+01
1.280851699999999983e+04 -2.695644671964864258e+01
1.287192549999999756e+04 -2.751869721312448291e+01
1.293533399999999710e+04 -2.808547131200087676e+01
1.299874249999999665e+04 -2.865712961295629668e+01
1.306215099999999984e+04 -2.923408472113079881e+01
1.312555949999999939e+04 -2.981681531590289325e+01
1.318896800000000076e+04 -3.040588620696864552e+01
1.325237649999999849e+04 -3.100197815461662643e+01
1.331578499999999985e+04 -3.160593464776824035e+01
1.337919349999999758e+04 -3.221884067172213406e+01
1.344260199999999895e+04 -3.284216897883567299e+01
1.350601049999999850e+04 -3.347809359787777339e+01
1.356941899999999805e+04 -3.413033624517465370e+01
1.363282749999999760e+04 -3.480776144537108507e+01
1.364867962499999703e+04 -3.498417926116095344e+01
1.366453174999999646e+04 -3.516686328715934451e+01
1.366651326562500071e+04 -3.519047425012628594e+01
1.366750402343749738e+04 -3.520238112024021859e+01
1.366799940234375026e+04 -3.520836307706085933e+01
1.366824709179687488e+04 -3.521136165576694310e+01
1.366837093652343719e+04 -3.521286290948524567e+01
1.366840189770507459e+04 -3.521323843078960891e+01
1.366840963800048848e+04 -3.521333232419171821e+01
1.366841157307433969e+04 -3.521335579836087248e+01
1.366841350814819452e+04 -3.521337927285759406e+01
1.366841375003242501e+04 -3.521338220719268008e+01
1.366841387097453844e+04 -3.521338367436209893e+01
1.366841393144559697e+04 -3.521338440794735902e+01
1.366841396168112624e+04 -3.521338477474007789e+01
1.366841397679888905e+04 -3.521338495813647285e+01
1.366841398435777410e+04 -3.521338504983462059e+01
1.366841398624749490e+04 -3.521338507275930141e+01
1.366841398671992465e+04 -3.521338507849038990e+01
1.366841398677897632e+04 -3.521338507920675198e+01
1.366841398678636142e+04 -3.521338507929465322e+01
1.366841398679005033e+04 -3.521338507933948136e+01
1.366841398679097438e+04 -3.521338507935347195e+01
1.366841398679120357e+04 -3.521338507935519857e+01
