1.268169999999999891e+04 1.006992799816230022e+00
1.274510849999999846e+04 1.004144517267227421e+00
1.280851699999999983e+04 1.001199794863230963e+00
1.287192549999999756e+04 9.981493763812935294e-01
1.293533399999999710e+04 9.949822840641328048e-01
1.299874249999999665e+04 9.916853173762415485e-01
1.306215099999999984e+04 9.882423425214911239e-01
1.312555949999999939e+04 9.846332533546453547e-01
1.318896800000000076e+04 9.808323935991278830e-01
1.325237649999999849e+04 9.768060487310273876e-01
1.331578499999999985e+04 9.725082236690097970e-01
1.337919349999999758e+04 9.678729889060517788e-01
1.344260199999999895e+04 9.627991540390331560e-01
1.350601049999999850e+04 9.571148799708710797e-01
1.356941899999999805e+04 9.504753133636141271e-01
1.363282749999999760e+04 9.419020621109579494e-01
1.364867962499999703e+04 9.390712122924302907e-01
1.366453174999999646e+04 9.355168434459850690e-01
1.366651326562500071e+04 9.349772555056654610e-01
1.366750402343749738e+04 9.346946207434501108e-01
1.366799940234375026e+04 9.345496692842208963e-01
1.366824709179687488e+04 9.344762222743278057e-01
1.366837093652343719e+04 9.344392473599507642e-01
1.366840189770507459e+04 9.344299770081779810e-01
1.366840963800048848e+04 9.344276577450776333e-01
1.366841157307433969e+04 9.344270778244329057e-01
1.366841350814819452e+04 9.344264978618133100e-01
1.366841375003242501e+04 9.344264253635308215e-01
1.366841387097453844e+04 9.344263891141488809e-01
1.366841393144559697e+04 9.344263709893915193e-01
1.366841396168112624e+04 9.344263619269965737e-01
1.366841397679888905e+04 9.344263573958049296e-01
1.366841398435777410e+04 9.344263551302020021e-01
1.366841398624749490e+04 9.344263545637950807e-01
1.366841398671992465e+04 9.344263544221993456e-01
1.366841398677897632e+04 9.344263544044979497e-01
1.366841398678636142e+04 9.344263544025828150e-01
1.366841398679005033e+04 9.344263544014798084e-01
1.366841398679097438e+04 9.344263544008548639e-01
1.366841398679120357e+04 9.344263544008628575e-01
