1.268169999999999891e+04 -5.520623083632949957e+00
1.274510849999999846e+04 -7.188006444981633436e+00
1.280851699999999983e+04 -8.867635535896704724e+00
1.287192549999999756e+04 -1.056077371036167989e+01
1.293533399999999710e+04 -1.226881911446936257e+01
1.299874249999999665e+04 -1.399333312293352627e+01
1.306215099999999984e+04 -1.573607708089514823e+01
1.312555949999999939e+04 -1.749906079300515316e+01
1.318896800000000076e+04 -1.928460815165331610e+01
1.325237649999999849e+04 -2.109544876122108903e+01
1.331578499999999985e+04 -2.293485102568121903e+01
1.337919349999999758e+04 -2.480682602175230755e+01
1.344260199999999895e+04 -2.671646452933690341e+01
1.350601049999999850e+04 -2.867056459622327580e+01
1.356941899999999805e+04 -3.067907198422870607e+01
1.363282749999999760e+04 -3.276025721654163192e+01
1.364867962499999703e+04 -3.329694388084462275e+01
1.366453174999999646e+04 -3.384488191915213662e+01
1.366651326562500071e+04 -3.391459568292523130e+01
1.366750402343749738e+04 -3.394960088059168157e+01
1.366799940234375026e+04 -3.396714455044180880e+01
1.366824709179687488e+04 -3.397592724323494195e+01
1.366837093652343719e+04 -3.398032138479690190e+01
1.366840189770507459e+04 -3.398142021543279867e+01
1.366840963800048848e+04 -3.398169494164983462e+01
1.366841157307433969e+04 -3.398176362436585407e+01
1.366841350814819452e+04 -3.398183230754646900e+01
1.366841375003242501e+04 -3.398184089297663490e+01
1.366841387097453844e+04 -3.398184518569438239e+01
1.366841393144559697e+04 -3.398184733205403063e+01
1.366841396168112624e+04 -3.398184840523389028e+01
1.366841397679888905e+04 -3.398184894182418248e+01
1.366841398435777410e+04 -3.398184921011883830e+01
1.366841398624749490e+04 -3.398184927719309201e+01
1.366841398671992465e+04 -3.398184929396129661e+01
1.366841398677897632e+04 -3.398184929605726268e+01
1.366841398678636142e+04 -3.398184929631729290e+01
1.366841398679005033e+04 -3.398184929644861541e+01
1.366841398679097438e+04 -3.398184929648457597e+01
1.366841398679120357e+04 -3.398184929649151087e+01
