1.268169999999999891e+04 -7.144446412542349378e+01
1.274510849999999846e+04 -7.269141750448383732e+01
1.280851699999999983e+04 -7.397679804194822850e+01
1.287192549999999756e+04 -7.530503508698780024e+01
1.293533399999999710e+04 -7.668144069644650074e+01
1.299874249999999665e+04 -7.811247875647362093e+01
1.306215099999999984e+04 -7.960614982969272546e+01
1.312555949999999939e+04 -8.117255909509555067e+01
1.318896800000000076e+04 -8.282478669055370801e+01
1.325237649999999849e+04 -8.458028427945839667e+01
1.331578499999999985e+04 -8.646324868116006712e+01
1.337919349999999758e+04 -8.850896671523861414e+01
1.344260199999999895e+04 -9.077260253509673760e+01
1.350601049999999850e+04 -9.334969549435599845e+01
1.356941899999999805e+04 -9.643608995850090082e+01
1.363282749999999760e+04 -1.006007429942711866e+02
1.364867962499999703e+04 -1.020383084289427558e+02
1.366453174999999646e+04 -1.039027747752825661e+02
1.366651326562500071e+04 -1.041925770385236376e+02
1.366750402343749738e+04 -1.043451619057169069e+02
1.366799940234375026e+04 -1.044236312305215364e+02
1.366824709179687488e+04 -1.044634480248553956e+02
1.366837093652343719e+04 -1.044835071440026724e+02
1.366840189770507459e+04 -1.044885378866243002e+02
1.366840963800048848e+04 -1.044897965767273007e+02
1.366841157307433969e+04 -1.044901113121379410e+02
1.366841350814819452e+04 -1.044904260727149534e+02
1.366841375003242501e+04 -1.044904654195579354e+02
1.366841387097453844e+04 -1.044904850931243203e+02
1.366841393144559697e+04 -1.044904949299471753e+02
1.366841396168112624e+04 -1.044904998483671221e+02
1.366841397679888905e+04 -1.044905023075766195e+02
1.366841398435777410e+04 -1.044905035371825477e+02
1.366841398624749490e+04 -1.044905038445886873e+02
1.366841398671992465e+04 -1.044905039214382185e+02
1.366841398677897632e+04 -1.044905039310434631e+02
1.366841398678636142e+04 -1.044905039321076572e+02
1.366841398679005033e+04 -1.044905039327082505e+02
1.366841398679097438e+04 -1.044905039330137839e+02
1.366841398679120357e+04 -1.044905039330198662e+02
