1.268169999999999891e+04 -7.985111762710960193e+01
1.274510849999999846e+04 -8.129194420269739396e+01
1.280851699999999983e+04 -8.277517947865004544e+01
1.287192549999999756e+04 -8.430565867718460993e+01
1.293533399999999710e+04 -8.588917703058098141e+01
1.299874249999999665e+04 -8.753278191314316814e+01
1.306215099999999984e+04 -8.924519045084461766e+01
1.312555949999999939e+04 -9.103740559793753562e+01
1.318896800000000076e+04 -9.292365991704080841e+01
1.325237649999999849e+04 -9.492292944843944724e+01
1.331578499999999985e+04 -9.706150578306494481e+01
1.331578500000022905e+04 -1.348962392877557761e+02
1.337919350000046143e+04 -1.342355193639803872e+02
1.344260200000092118e+04 -1.335543650043400135e+02
1.350601050000184659e+04 -1.328494999825457796e+02
1.356941900000368878e+04 -1.321168028521167628e+02
1.363282750000738270e+04 -1.313509710303903546e+02
