1.268169999999999891e+04 -4.004454030260277619e+01
1.274510849999999846e+04 -4.043145254638604769e+01
1.280851699999999983e+04 -4.082233520092299273e+01
1.287192549999999756e+04 -4.121747356595820833e+01
1.293533399999999710e+04 -4.161719366408807019e+01
1.299874249999999665e+04 -4.202187256219274758e+01
1.306215099999999984e+04 -4.243195265281655537e+01
1.312555949999999939e+04 -4.284796203133911519e+01
1.318896800000000076e+04 -4.327054466769159546e+01
1.325237649999999849e+04 -4.370050715995156310e+01
1.331578499999999985e+04 -4.413889545161077166e+01
1.331578500000022905e+04 -4.605404298110789796e+01
1.337919350000046143e+04 -4.618216885534226179e+01
1.344260200000092118e+04 -4.630465485129489878e+01
1.350601050000184659e+04 -4.642153891825395817e+01
1.356941900000368878e+04 -4.653283567429353695e+01
1.363282750000738270e+04 -4.663852720139483665e+01
