1.268169999999999891e+04 1.049730834302302851e+00
1.274510849999999846e+04 1.049017754225497923e+00
1.280851699999999983e+04 1.048276721185950944e+00
1.287192549999999756e+04 1.047506576271208578e+00
1.293533399999999710e+04 1.046706000849277229e+00
1.299874249999999665e+04 1.045873487823367753e+00
1.306215099999999984e+04 1.045007304772803902e+00
1.312555949999999939e+04 1.044105445894555118e+00
1.318896800000000076e+04 1.043165568080189010e+00
1.325237649999999849e+04 1.042184903807125584e+00
1.331578499999999985e+04 1.041160138795959700e+00
1.331578500000022905e+04 1.094883326509766608e+00
1.337919350000046143e+04 1.092953115658695795e+00
1.344260200000092118e+04 1.091052085066954058e+00
1.350601050000184659e+04 1.089180519060999552e+00
1.356941900000368878e+04 1.087339106149268542e+00
1.363282750000738270e+04 1.085529009114976517e+00
