1.268169999999999891e+04 8.903790940375344576e+01
1.274510849999999846e+04 8.979684511856191875e+01
1.280851699999999983e+04 9.060445886949040073e+01
1.287192549999999756e+04 9.146245790514413443e+01
1.293533399999999710e+04 9.237282569213647321e+01
1.299874249999999665e+04 9.333787265524478016e+01
1.306215099999999984e+04 9.436030176234737610e+01
1.312555949999999939e+04 9.544329470374037783e+01
1.318896800000000076e+04 9.659062740390638169e+01
1.325237649999999849e+04 9.780682865334213716e+01
1.331578499999999985e+04 9.909740468822363368e+01
1.331578500000022905e+04 2.200000000000003695e+02
1.337919350000046143e+04 2.200000000000004263e+02
1.344260200000092118e+04 2.200000000000012506e+02
1.350601050000184659e+04 2.199999999999990337e+02
1.356941900000368878e+04 2.199999999999994884e+02
1.363282750000738270e+04 2.200000000000017053e+02
