1.268169999999999891e+04 1.000000000000000000e+00
1.274510849999999846e+04 1.000000000000000000e+00
1.280851699999999983e+04 1.000000000000000000e+00
1.287192549999999756e+04 1.000000000000000000e+00
1.293533399999999710e+04 1.000000000000000000e+00
1.299874249999999665e+04 1.000000000000000000e+00
1.306215099999999984e+04 1.000000000000000000e+00
1.312555949999999939e+04 1.000000000000000000e+00
1.318896800000000076e+04 1.000000000000000000e+00
1.325237649999999849e+04 1.000000000000000000e+00
1.331578499999999985e+04 1.000000000000000000e+00
1.331578500000022905e+04 1.051832519315336834e+00
1.337919350000046143e+04 1.055269487966039810e+00
1.344260200000092118e+04 1.058806699183366895e+00
1.350601050000184659e+04 1.062458918345022374e+00
1.356941900000368878e+04 1.066244696074395204e+00
1.363282750000738270e+04 1.070187861850540267e+00
