1.268169999999999891e+04 1.012427604412414972e+00
1.274510849999999846e+04 1.010466991411093529e+00
1.280851699999999983e+04 1.008448390858609489e+00
1.287192549999999756e+04 1.006369259444475084e+00
1.293533399999999710e+04 1.004226727200823399e+00
1.299874249999999665e+04 1.002017539501049326e+00
1.306215099999999984e+04 9.997379830112685939e-01
1.312555949999999939e+04 9.973837895587777114e-01
1.318896800000000076e+04 9.949500088188691915e-01
1.325237649999999849e+04 9.924308355870526954e-01
1.331578499999999985e+04 9.898193682958570383e-01
1.331578500000022905e+04 1.037405117791797782e+00
1.337919350000046143e+04 1.034151060035568337e+00
1.344260200000092118e+04 1.030917370863706495e+00
1.350601050000184659e+04 1.027704284166291560e+00
1.356941900000368878e+04 1.024512543642768003e+00
1.363282750000738270e+04 1.021343495944840418e+00
