1.268169999999999891e+04 1.008893085998463279e+00
1.274510849999999846e+04 1.005253748286944138e+00
1.280851699999999983e+04 1.001494645694419150e+00
1.287192549999999756e+04 9.976043371729155229e-01
1.293533399999999710e+04 9.935692688618517066e-01
1.299874249999999665e+04 9.893731619645883546e-01
1.306215099999999984e+04 9.849961459878864289e-01
1.312555949999999939e+04 9.804134924331756595e-01
1.318896800000000076e+04 9.755936940910655553e-01
1.325237649999999849e+04 9.704954152264748668e-01
1.331578499999999985e+04 9.650623632747133973e-01
1.337919349999999758e+04 9.592140037108951578e-01
1.344260199999999895e+04 9.528269898012231565e-01
1.350601049999999850e+04 9.456923392488200131e-01
1.356941899999999805e+04 9.373917232291809620e-01
1.363282749999999760e+04 9.267417183790559454e-01
1.364867962499999703e+04 9.232469300702160764e-01
1.366453174999999646e+04 9.188786339959851279e-01
1.366651326562500071e+04 9.182176759184538239e-01
1.366750402343749738e+04 9.178717200332132675e-01
1.366799940234375026e+04 9.176943625408361394e-01
1.366824709179687488e+04 9.176045133480251748e-01
1.366837093652343719e+04 9.175592857992171947e-01
1.366840189770507459e+04 9.175479468311471543e-01
1.366840963800048848e+04 9.175451100705810381e-01
1.366841157307433969e+04 9.175444007540729530e-01
1.366841350814819452e+04 9.175436913869855493e-01
1.366841375003242501e+04 9.175436027125387639e-01
1.366841387097453844e+04 9.175435583750254365e-01
1.366841393144559697e+04 9.175435362061886702e-01
1.366841396168112624e+04 9.175435251217504140e-01
1.366841397679888905e+04 9.175435195795389465e-01
1.366841398435777410e+04 9.175435168084237203e-01
1.366841398624749490e+04 9.175435161156383357e-01
1.366841398671992465e+04 9.175435159424492060e-01
1.366841398677897632e+04 9.175435159207976366e-01
1.366841398678636142e+04 9.175435159184476275e-01
1.366841398679005033e+04 9.175435159170993726e-01
1.366841398679097438e+04 9.175435159163365384e-01
1.366841398679120357e+04 9.175435159163501941e-01
