1.268169999999999891e+04 9.906398937075946431e-01
1.274510849999999846e+04 9.899960685531152826e-01
1.280851699999999983e+04 9.892754822747155119e-01
1.287192549999999756e+04 9.884752952296660400e-01
1.293533399999999710e+04 9.875922038176008222e-01
1.299874249999999665e+04 9.866223546013993539e-01
1.306215099999999984e+04 9.855612332273431253e-01
1.312555949999999939e+04 9.844035183623600638e-01
1.318896800000000076e+04 9.831428857756943085e-01
1.325237649999999849e+04 9.817717390861958604e-01
1.331578499999999985e+04 9.802808282841675158e-01
1.337919349999999758e+04 9.786586873167709699e-01
1.344260199999999895e+04 9.768907575803558174e-01
1.350601049999999850e+04 9.749578991513533355e-01
1.356941899999999805e+04 9.728334307947025250e-01
1.363282749999999760e+04 9.704745293536972683e-01
1.364867962499999703e+04 9.698386453163335696e-01
1.366453174999999646e+04 9.691772191250733748e-01
1.366651326562500071e+04 9.690921634285849517e-01
1.366750402343749738e+04 9.690493765750760602e-01
1.366799940234375026e+04 9.690279132397191519e-01
1.366824709179687488e+04 9.690171633344831781e-01
1.366837093652343719e+04 9.690117837186218441e-01
1.366840189770507459e+04 9.690104383236444185e-01
1.366840963800048848e+04 9.690101019440778840e-01
1.366841157307433969e+04 9.690100178472599302e-01
1.366841350814819452e+04 9.690099337496668186e-01
1.366841375003242501e+04 9.690099232374160820e-01
1.366841387097453844e+04 9.690099179812863284e-01
1.366841393144559697e+04 9.690099153532159004e-01
1.366841396168112624e+04 9.690099140391831289e-01
1.366841397679888905e+04 9.690099133821683530e-01
1.366841398435777410e+04 9.690099130536583560e-01
1.366841398624749490e+04 9.690099129715326054e-01
1.366841398671992465e+04 9.690099129510011400e-01
1.366841398677897632e+04 9.690099129484330831e-01
1.366841398678636142e+04 9.690099129481168916e-01
1.366841398679005033e+04 9.690099129479570195e-01
1.366841398679097438e+04 9.690099129478549900e-01
1.366841398679120357e+04 9.690099129478865203e-01
