1.268169999999999891e+04 -4.950794874359118580e+01
1.274510849999999846e+04 -5.055965911930416468e+01
1.280851699999999983e+04 -5.162638047503201477e+01
1.287192549999999756e+04 -5.270931717829746788e+01
1.293533399999999710e+04 -5.380983408452942740e+01
1.299874249999999665e+04 -5.492949055260003632e+01
1.306215099999999984e+04 -5.607008477611216790e+01
1.312555949999999939e+04 -5.723371272270574650e+01
1.318896800000000076e+04 -5.842284838961005278e+01
1.325237649999999849e+04 -5.964045634402577889e+01
1.331578499999999985e+04 -6.089015556031548471e+01
1.331578500000022905e+04 -5.599007352980334673e+01
1.337919350000046143e+04 -5.668141698404046736e+01
1.344260200000092118e+04 -5.736142079027964513e+01
1.350601050000184659e+04 -5.803021946991525226e+01
1.356941900000368878e+04 -5.868800639009586462e+01
1.363282750000738270e+04 -5.933504910092567997e+01
