1.268169999999999891e+04 1.026753945366123189e+00
1.274510849999999846e+04 1.025878783949691453e+00
1.280851699999999983e+04 1.024959894505135694e+00
1.287192549999999756e+04 1.023994620201648553e+00
1.293533399999999710e+04 1.022979929350511075e+00
1.299874249999999665e+04 1.021912336676393807e+00
1.306215099999999984e+04 1.020787800711277615e+00
1.312555949999999939e+04 1.019601587406527399e+00
1.318896800000000076e+04 1.018348084507679774e+00
1.325237649999999849e+04 1.017020541471041151e+00
1.331578499999999985e+04 1.015610691317096359e+00
1.337919349999999758e+04 1.014108172929037988e+00
1.344260199999999895e+04 1.012499583740619213e+00
1.350601049999999850e+04 1.010766743774598186e+00
1.356941899999999805e+04 1.008882815654368992e+00
1.363282749999999760e+04 1.006798861572741677e+00
1.364867962499999703e+04 1.006233450925166251e+00
1.366453174999999646e+04 1.005638297027031891e+00
1.366651326562500071e+04 1.005560725372391051e+00
1.366750402343749738e+04 1.005521557658533904e+00
1.366799940234375026e+04 1.005501868290214151e+00
1.366824709179687488e+04 1.005491995744311584e+00
1.366837093652343719e+04 1.005487052303013940e+00
1.366840189770507459e+04 1.005485815685721152e+00
1.366840963800048848e+04 1.005485506483822622e+00
1.366841157307433969e+04 1.005485429180370538e+00
1.366841350814819452e+04 1.005485351875726963e+00
1.366841375003242501e+04 1.005485342212562472e+00
1.366841387097453844e+04 1.005485337380974231e+00
1.366841393144559697e+04 1.005485334965177113e+00
1.366841396168112624e+04 1.005485333757278887e+00
1.366841397679888905e+04 1.005485333153329552e+00
1.366841398435777410e+04 1.005485332851355107e+00
1.366841398624749490e+04 1.005485332775860607e+00
1.366841398671992465e+04 1.005485332756987482e+00
1.366841398677897632e+04 1.005485332754627814e+00
1.366841398678636142e+04 1.005485332754339156e+00
1.366841398679005033e+04 1.005485332754191719e+00
1.366841398679097438e+04 1.005485332754131544e+00
1.366841398679120357e+04 1.005485332754136651e+00
