1.268169999999999891e+04 -3.459075645083360229e+01
1.274510849999999846e+04 -3.495604104783980404e+01
1.280851699999999983e+04 -3.532505396870431014e+01
1.287192549999999756e+04 -3.569809383539682557e+01
1.293533399999999710e+04 -3.607550560016842667e+01
1.299874249999999665e+04 -3.645769296672024495e+01
1.306215099999999984e+04 -3.684513575537540220e+01
1.312555949999999939e+04 -3.723841494723475165e+01
1.318896800000000076e+04 -3.763825017935128869e+01
1.325237649999999849e+04 -3.804555851317024207e+01
1.331578499999999985e+04 -3.846155199687562032e+01
1.337919349999999758e+04 -3.888791213835128247e+01
1.344260199999999895e+04 -3.932713485169503542e+01
1.350601049999999850e+04 -3.978331789953658415e+01
1.356941899999999805e+04 -4.026441781822302346e+01
1.363282749999999760e+04 -4.079234361974338441e+01
1.364867962499999703e+04 -4.094014296486174942e+01
1.366453174999999646e+04 -4.110410875082256155e+01
1.366651326562500071e+04 -4.112671485295138751e+01
1.366750402343749738e+04 -4.113830118669425673e+01
1.366799940234375026e+04 -4.114417446846093895e+01
1.366824709179687488e+04 -4.114713251426913843e+01
1.366837093652343719e+04 -4.114861707675512292e+01
1.366840189770507459e+04 -4.114898880394871838e+01
1.366840963800048848e+04 -4.114908177265357381e+01
1.366841157307433969e+04 -4.114910501714037139e+01
1.366841350814819452e+04 -4.114912826255181244e+01
1.366841375003242501e+04 -4.114913116829328743e+01
1.366841387097453844e+04 -4.114913262116932913e+01
1.366841393144559697e+04 -4.114913334760883146e+01
1.366841396168112624e+04 -4.114913371082887750e+01
1.366841397679888905e+04 -4.114913389243889696e+01
1.366841398435777410e+04 -4.114913398324392091e+01
1.366841398624749490e+04 -4.114913400594542026e+01
1.366841398671992465e+04 -4.114913401162068141e+01
1.366841398677897632e+04 -4.114913401233003043e+01
1.366841398678636142e+04 -4.114913401241385316e+01
1.366841398679005033e+04 -4.114913401245821944e+01
1.366841398679097438e+04 -4.114913401247616775e+01
1.366841398679120357e+04 -4.114913401247681435e+01
