1.268169999999999891e+04 -1.940133845484439945e+01
1.274510849999999846e+04 -1.988626915618735325e+01
1.280851699999999983e+04 -2.037436252996026198e+01
1.287192549999999756e+04 -2.086585024713935965e+01
1.293533399999999710e+04 -2.136099169652035812e+01
1.299874249999999665e+04 -2.186008018307397549e+01
1.306215099999999984e+04 -2.236345125721771865e+01
1.312555949999999939e+04 -2.287149422403057031e+01
1.318896800000000076e+04 -2.338466859584261215e+01
1.325237649999999849e+04 -2.390352862691858959e+01
1.331578499999999985e+04 -2.442876193103606397e+01
1.331578500000022905e+04 -2.580302102420844790e+01
1.337919350000046143e+04 -2.624315767032564750e+01
1.344260200000092118e+04 -2.667660906236035601e+01
1.350601050000184659e+04 -2.710323700018723869e+01
1.356941900000368878e+04 -2.752289352506506859e+01
1.363282750000738270e+04 -2.793541336058493840e+01
