1.268169999999999891e+04 -3.753819875789321969e+01
1.274510849999999846e+04 -3.905955015604151725e+01
1.280851699999999983e+04 -4.059568507595447784e+01
1.287192549999999756e+04 -4.214792991776531750e+01
1.293533399999999710e+04 -4.371776221005278984e+01
1.299874249999999665e+04 -4.530684195109400747e+01
1.306215099999999984e+04 -4.691705214374033517e+01
1.312555949999999939e+04 -4.855055231152931583e+01
1.318896800000000076e+04 -5.020985091437107428e+01
1.325237649999999849e+04 -5.189790635304451882e+01
1.331578499999999985e+04 -5.361827341010892667e+01
1.337919349999999758e+04 -5.537532688969916705e+01
1.344260199999999895e+04 -5.717462955731149066e+01
1.350601049999999850e+04 -5.902361233873451596e+01
1.356941899999999805e+04 -6.093311955560235305e+01
1.363282749999999760e+04 -6.292289023719884256e+01
1.364867962499999703e+04 -6.343823986567415574e+01
1.366453174999999646e+04 -6.396569594410300397e+01
1.366651326562500071e+04 -6.403293005949896610e+01
1.366750402343749738e+04 -6.406670429468114492e+01
1.366799940234375026e+04 -6.408363488047551471e+01
1.366824709179687488e+04 -6.409211165733795212e+01
1.366837093652343719e+04 -6.409635300111928302e+01
1.366840189770507459e+04 -6.409741364918123452e+01
1.366840963800048848e+04 -6.409767883081394757e+01
1.366841157307433969e+04 -6.409774512745005381e+01
1.366841350814819452e+04 -6.409781142457745773e+01
1.366841375003242501e+04 -6.409781971175274862e+01
1.366841387097453844e+04 -6.409782385534319360e+01
1.366841393144559697e+04 -6.409782592713939664e+01
1.366841396168112624e+04 -6.409782696303747684e+01
1.366841397679888905e+04 -6.409782748098679406e+01
1.366841398435777410e+04 -6.409782773996107608e+01
1.366841398624749490e+04 -6.409782780470511909e+01
1.366841398671992465e+04 -6.409782782089081365e+01
1.366841398677897632e+04 -6.409782782291401304e+01
1.366841398678636142e+04 -6.409782782316477778e+01
1.366841398679005033e+04 -6.409782782329148176e+01
1.366841398679097438e+04 -6.409782782333087425e+01
1.366841398679120357e+04 -6.409782782333428486e+01
