1.268169999999999891e+04 1.048139859258527151e+00
1.274510849999999846e+04 1.047461781359804611e+00
1.280851699999999983e+04 1.046737637461653936e+00
1.287192549999999756e+04 1.045965073168303450e+00
1.293533399999999710e+04 1.045141359435191486e+00
1.299874249999999665e+04 1.044263294819534948e+00
1.306215099999999984e+04 1.043327069502701043e+00
1.312555949999999939e+04 1.042328070219104452e+00
1.318896800000000076e+04 1.041260589836834560e+00
1.325237649999999849e+04 1.040117374836644126e+00
1.331578499999999985e+04 1.038888878633385637e+00
1.331578500000022905e+04 1.034420539971009578e+00
1.337919350000046143e+04 1.039061322514682084e+00
1.344260200000092118e+04 1.043766433025637541e+00
1.350601050000184659e+04 1.048536047526998027e+00
1.356941900000368878e+04 1.053370694219762704e+00
1.363282750000738270e+04 1.058271398955029863e+00
