1.268169999999999891e+04 -7.485599786778961118e+01
1.274510849999999846e+04 -7.629689873141732903e+01
1.280851699999999983e+04 -7.778021107934148404e+01
1.287192549999999756e+04 -7.931077041520839543e+01
1.293533399999999710e+04 -8.089437230767515530e+01
1.299874249999999665e+04 -8.253806453889511374e+01
1.306215099999999984e+04 -8.425056473773651078e+01
1.312555949999999939e+04 -8.604287649109539871e+01
1.318896800000000076e+04 -8.792923317703446173e+01
1.325237649999999849e+04 -8.992861191899478968e+01
1.331578499999999985e+04 -9.206730580272656539e+01
1.337919349999999758e+04 -9.438363049194458654e+01
1.344260199999999895e+04 -9.693743962846455986e+01
1.350601049999999850e+04 -9.983231227337309122e+01
1.356941899999999805e+04 -1.032803952449458222e+02
1.363282749999999760e+04 -1.078974314676108150e+02
1.364867962499999703e+04 -1.094808402487207672e+02
1.366453174999999646e+04 -1.115259808242165889e+02
1.366651326562500071e+04 -1.118429740022853878e+02
1.366750402343749738e+04 -1.120097764416366886e+02
1.366799940234375026e+04 -1.120955307006539812e+02
1.366824709179687488e+04 -1.121390370524682254e+02
1.366837093652343719e+04 -1.121609531408519160e+02
1.366840189770507459e+04 -1.121664494167761319e+02
1.366840963800048848e+04 -1.121678245714371229e+02
1.366841157307433969e+04 -1.121681684280728319e+02
1.366841350814819452e+04 -1.121685123119101632e+02
1.366841375003242501e+04 -1.121685552993039465e+02
1.366841387097453844e+04 -1.121685767931574134e+02
1.366841393144559697e+04 -1.121685875401270920e+02
1.366841396168112624e+04 -1.121685929136210973e+02
1.366841397679888905e+04 -1.121685956003675244e+02
1.366841398435777410e+04 -1.121685969437420169e+02
1.366841398624749490e+04 -1.121685972795907418e+02
1.366841398671992465e+04 -1.121685973635507310e+02
1.366841398677897632e+04 -1.121685973740446940e+02
1.366841398678636142e+04 -1.121685973752055361e+02
1.366841398679005033e+04 -1.121685973758616939e+02
1.366841398679097438e+04 -1.121685973761963595e+02
1.366841398679120357e+04 -1.121685973762034791e+02
