1.268169999999999891e+04 1.000000000000000000e+00
1.274510849999999846e+04 1.000000000000000000e+00
1.280851699999999983e+04 1.000000000000000000e+00
1.287192549999999756e+04 1.000000000000000000e+00
1.293533399999999710e+04 1.000000000000000000e+00
1.299874249999999665e+04 1.000000000000000000e+00
1.306215099999999984e+04 1.000000000000000000e+00
1.312555949999999939e+04 1.000000000000000000e+00
1.318896800000000076e+04 1.000000000000000000e+00
1.325237649999999849e+04 1.000000000000000000e+00
1.331578499999999985e+04 1.000000000000000000e+00
1.331578500000022905e+04 1.263412478148710605e+00
1.337919350000046143e+04 1.268472308233986601e+00
1.344260200000092118e+04 1.273721975054993072e+00
1.350601050000184659e+04 1.279187681110618646e+00
1.356941900000368878e+04 1.284902318722756398e+00
1.363282750000738270e+04 1.290908099764796146e+00
