1.268169999999999891e+04 -1.794550967101534766e+01
1.274510849999999846e+04 -1.954788881052261118e+01
1.280851699999999983e+04 -2.116283769423328209e+01
1.287192549999999756e+04 -2.279162680667803187e+01
1.293533399999999710e+04 -2.443566340813366367e+01
1.299874249999999665e+04 -2.609652032279979395e+01
1.306215099999999984e+04 -2.777597313936238521e+01
1.312555949999999939e+04 -2.947604930761790598e+01
1.318896800000000076e+04 -3.119909458655833134e+01
1.325237649999999849e+04 -3.294786580130875819e+01
1.331578499999999985e+04 -3.472566554310531473e+01
1.331578500000022905e+04 -3.002782726590808338e+01
1.337919350000046143e+04 -3.123590655784169456e+01
1.344260200000092118e+04 -3.243456212208875655e+01
1.350601050000184659e+04 -3.362376751896174198e+01
1.356941900000368878e+04 -3.480356278581854212e+01
1.363282750000738270e+04 -3.597406879080570263e+01
