1.268169999999999891e+04 -2.155601638315920354e+01
1.274510849999999846e+04 -2.203145600138264371e+01
1.280851699999999983e+04 -2.250967963763116941e+01
1.287192549999999756e+04 -2.299088571814564474e+01
1.293533399999999710e+04 -2.347529639460975304e+01
1.299874249999999665e+04 -2.396316293427156907e+01
1.306215099999999984e+04 -2.445477300091931738e+01
1.312555949999999939e+04 -2.495046077369526927e+01
1.318896800000000076e+04 -2.545062150457102135e+01
1.325237649999999849e+04 -2.595573338020455978e+01
1.331578499999999985e+04 -2.646639219896468376e+01
1.331578500000022905e+04 -2.983389137703965588e+01
1.337919350000046143e+04 -3.023017552495376492e+01
1.344260200000092118e+04 -3.061950073016904739e+01
1.350601050000184659e+04 -3.100181908330705127e+01
1.356941900000368878e+04 -3.137707938287194409e+01
1.363282750000738270e+04 -3.174522258572480382e+01
