1.268169999999999891e+04 -3.226087673791116828e+01
1.274510849999999846e+04 -3.258384736799779802e+01
1.280851699999999983e+04 -3.290949383069665402e+01
1.287192549999999756e+04 -3.323801073334845313e+01
1.293533399999999710e+04 -3.356962007896557765e+01
1.299874249999999665e+04 -3.390457817205264490e+01
1.306215099999999984e+04 -3.424318515918677974e+01
1.312555949999999939e+04 -3.458579861762425622e+01
1.318896800000000076e+04 -3.493285363485249206e+01
1.325237649999999849e+04 -3.528489385361920938e+01
1.331578499999999985e+04 -3.564262228840327396e+01
1.337919349999999758e+04 -3.600699090582953232e+01
1.344260199999999895e+04 -3.637937521757390869e+01
1.350601049999999850e+04 -3.676196740201023516e+01
1.356941899999999805e+04 -3.715888909129657236e+01
1.363282749999999760e+04 -3.758111693383734320e+01
1.364867962499999703e+04 -3.769480299067227236e+01
1.366453174999999646e+04 -3.781652496601214608e+01
1.366651326562500071e+04 -3.783277713744291759e+01
1.366750402343749738e+04 -3.784104164647824575e+01
1.366799940234375026e+04 -3.784521300539478972e+01
1.366824709179687488e+04 -3.784730912700080552e+01
1.366837093652343719e+04 -3.784835988949400587e+01
1.366840189770507459e+04 -3.784862286615647520e+01
1.366840963800048848e+04 -3.784868862831844893e+01
1.366841157307433969e+04 -3.784870506998563400e+01
1.366841350814819452e+04 -3.784872151210367974e+01
1.366841375003242501e+04 -3.784872356740012833e+01
1.366841387097453844e+04 -3.784872459505094611e+01
1.366841393144559697e+04 -3.784872510887707620e+01
1.366841396168112624e+04 -3.784872536579028690e+01
1.366841397679888905e+04 -3.784872549424689936e+01
1.366841398435777410e+04 -3.784872555847519493e+01
1.366841398624749490e+04 -3.784872557453241626e+01
1.366841398671992465e+04 -3.784872557854664876e+01
1.366841398677897632e+04 -3.784872557904839852e+01
1.366841398678636142e+04 -3.784872557910876623e+01
1.366841398679005033e+04 -3.784872557914015090e+01
1.366841398679097438e+04 -3.784872557915176117e+01
1.366841398679120357e+04 -3.784872557915235802e+01
