1.268169999999999891e+04 -1.338848257661879870e+02
1.274510849999999846e+04 -1.226034759411845698e+02
1.280851699999999983e+04 -1.107765713128870289e+02
1.287192549999999756e+04 -9.836768609586243883e+01
1.293533399999999710e+04 -8.533516545362260786e+01
1.299874249999999665e+04 -7.163103132819941266e+01
1.306215099999999984e+04 -5.719956333339979437e+01
1.312555949999999939e+04 -4.197542501973856588e+01
1.318896800000000076e+04 -2.588113720037910070e+01
1.325237649999999849e+04 -8.823583211749053135e+00
1.331578499999999985e+04 9.310979876680391953e+00
1.331578500000022905e+04 -7.200000000000005684e+02
1.337919350000046143e+04 -7.200000000000001137e+02
1.344260200000092118e+04 -7.199999999999987494e+02
1.350601050000184659e+04 -7.199999999999981810e+02
1.356941900000368878e+04 -7.199999999999974989e+02
1.363282750000738270e+04 -7.199999999999982947e+02
