1.268169999999999891e+04 1.033236583654696394e+00
1.274510849999999846e+04 1.032388031223931524e+00
1.280851699999999983e+04 1.031440479841655877e+00
1.287192549999999756e+04 1.030390251408556557e+00
1.293533399999999710e+04 1.029233070281570406e+00
1.299874249999999665e+04 1.027963952187478602e+00
1.306215099999999984e+04 1.026577060514729745e+00
1.312555949999999939e+04 1.025065517299086348e+00
1.318896800000000076e+04 1.023421149609580860e+00
1.325237649999999849e+04 1.021634140861259921e+00
1.331578499999999985e+04 1.019692536545834916e+00
1.337919349999999758e+04 1.017581515073258780e+00
1.344260199999999895e+04 1.015282250478233950e+00
1.350601049999999850e+04 1.012769978536021132e+00
1.356941899999999805e+04 1.010010145322909114e+00
1.363282749999999760e+04 1.006947186675444250e+00
1.364867962499999703e+04 1.006121683977639680e+00
1.366453174999999646e+04 1.005263032006130430e+00
1.366651326562500071e+04 1.005152608877865505e+00
1.366750402343749738e+04 1.005097059966572504e+00
1.366799940234375026e+04 1.005069194420710410e+00
1.366824709179687488e+04 1.005055237879430408e+00
1.366837093652343719e+04 1.005048253530696378e+00
1.366840189770507459e+04 1.005046506803494388e+00
1.366840963800048848e+04 1.005046070081516918e+00
1.366841157307433969e+04 1.005045960898511170e+00
1.366841350814819452e+04 1.005045851714496230e+00
1.366841375003242501e+04 1.005045838066426223e+00
1.366841387097453844e+04 1.005045831242386001e+00
1.366841393144559697e+04 1.005045827830359118e+00
1.366841396168112624e+04 1.005045826124348229e+00
1.366841397679888905e+04 1.005045825271344784e+00
1.366841398435777410e+04 1.005045824844840174e+00
1.366841398624749490e+04 1.005045824738215687e+00
1.366841398671992465e+04 1.005045824711559677e+00
1.366841398677897632e+04 1.005045824708225677e+00
1.366841398678636142e+04 1.005045824707814450e+00
1.366841398679005033e+04 1.005045824707607283e+00
1.366841398679097438e+04 1.005045824707484714e+00
1.366841398679120357e+04 1.005045824707518687e+00
