1.268169999999999891e+04 -7.219206726914251249e+01
1.274510849999999846e+04 -7.039598228527998458e+01
1.280851699999999983e+04 -6.837180547254661178e+01
1.287192549999999756e+04 -6.611130708043538107e+01
1.293533399999999710e+04 -6.360492509927348692e+01
1.299874249999999665e+04 -6.084152059452790695e+01
1.306215099999999984e+04 -5.780806149393515625e+01
1.312555949999999939e+04 -5.448920712122128407e+01
1.318896800000000076e+04 -5.086675137252484546e+01
1.325237649999999849e+04 -4.691885810110238708e+01
1.331578499999999985e+04 -4.261897872099550000e+01
1.331578500000022905e+04 -3.999999999999988631e+02
1.337919350000046143e+04 -4.000000000000009095e+02
1.344260200000092118e+04 -3.999999999999997726e+02
1.350601050000184659e+04 -3.999999999999996021e+02
1.356941900000368878e+04 -4.000000000000009663e+02
1.363282750000738270e+04 -3.999999999999994884e+02
