1.268169999999999891e+04 1.051921946543912023e+00
1.274510849999999846e+04 1.050937143731256462e+00
1.280851699999999983e+04 1.049902927715131051e+00
1.287192549999999756e+04 1.048816072572664515e+00
1.293533399999999710e+04 1.047672798756263512e+00
1.299874249999999665e+04 1.046468619548729828e+00
1.306215099999999984e+04 1.045198124993520494e+00
1.312555949999999939e+04 1.043854668169464039e+00
1.318896800000000076e+04 1.042429892229297161e+00
1.325237649999999849e+04 1.040912983831219218e+00
1.331578499999999985e+04 1.039289424799574757e+00
1.331578500000022905e+04 9.706847872273020039e-01
1.337919350000046143e+04 9.768036857264589257e-01
1.344260200000092118e+04 9.829991796799852910e-01
1.350601050000184659e+04 9.892721580158077010e-01
1.356941900000368878e+04 9.956243117316583291e-01
1.363282750000738270e+04 1.002058441538492328e+00
