1.268169999999999891e+04 1.010000000000000009e+00
1.274510849999999846e+04 1.010000000000000009e+00
1.280851699999999983e+04 1.010000000000000009e+00
1.287192549999999756e+04 1.010000000000000009e+00
1.293533399999999710e+04 1.010000000000000009e+00
1.299874249999999665e+04 1.010000000000000009e+00
1.306215099999999984e+04 1.010000000000000009e+00
1.312555949999999939e+04 1.010000000000000009e+00
1.318896800000000076e+04 1.010000000000000009e+00
1.325237649999999849e+04 1.010000000000000009e+00
1.331578499999999985e+04 1.010000000000000009e+00
1.331578500000022905e+04 1.286927480373841082e+00
1.337919350000046143e+04 1.289095328161857124e+00
1.344260200000092118e+04 1.291320453545805158e+00
1.350601050000184659e+04 1.293599688911676315e+00
1.356941900000368878e+04 1.295929316728358316e+00
1.363282750000738270e+04 1.298304869799810080e+00
