1.268169999999999891e+04 1.011832053622305327e+00
1.274510849999999846e+04 1.011657053818571406e+00
1.280851699999999983e+04 1.011473454072688627e+00
1.287192549999999756e+04 1.011280952951653989e+00
1.293533399999999710e+04 1.011079200619094509e+00
1.299874249999999665e+04 1.010867789947204942e+00
1.306215099999999984e+04 1.010646245031085799e+00
1.312555949999999939e+04 1.010414006099861872e+00
1.318896800000000076e+04 1.010170409296438310e+00
1.325237649999999849e+04 1.009914658915057828e+00
1.331578499999999985e+04 1.009645788105687725e+00
1.337919349999999758e+04 1.009362600999173409e+00
1.344260199999999895e+04 1.009063582609137200e+00
1.350601049999999850e+04 1.008746745986354387e+00
1.356941899999999805e+04 1.008409328782912118e+00
1.363282749999999760e+04 1.008046913291742008e+00
1.364867962499999703e+04 1.007951424366890558e+00
1.366453174999999646e+04 1.007853256888878946e+00
1.366651326562500071e+04 1.007840738211972065e+00
1.366750402343749738e+04 1.007834452011298065e+00
1.366799940234375026e+04 1.007831301668915103e+00
1.366824709179687488e+04 1.007829724609586419e+00
1.366837093652343719e+04 1.007828935597288256e+00
1.366840189770507459e+04 1.007828738293402138e+00
1.366840963800048848e+04 1.007828688964240937e+00
1.366841157307433969e+04 1.007828676631751241e+00
1.366841350814819452e+04 1.007828664299181831e+00
1.366841375003242501e+04 1.007828662757604299e+00
1.366841387097453844e+04 1.007828661986816643e+00
1.366841393144559697e+04 1.007828661601421150e+00
1.366841396168112624e+04 1.007828661408723514e+00
1.366841397679888905e+04 1.007828661312375917e+00
1.366841398435777410e+04 1.007828661264201342e+00
1.366841398624749490e+04 1.007828661252157199e+00
1.366841398671992465e+04 1.007828661249147606e+00
1.366841398677897632e+04 1.007828661248770130e+00
1.366841398678636142e+04 1.007828661248724389e+00
1.366841398679005033e+04 1.007828661248700408e+00
1.366841398679097438e+04 1.007828661248684865e+00
1.366841398679120357e+04 1.007828661248689528e+00
