1.268169999999999891e+04 -2.427645722821950613e+01
1.274510849999999846e+04 -2.467934227238061595e+01
1.280851699999999983e+04 -2.508473636520948702e+01
1.287192549999999756e+04 -2.549281961717124645e+01
1.293533399999999710e+04 -2.590379398432185454e+01
1.299874249999999665e+04 -2.631788826286953409e+01
1.306215099999999984e+04 -2.673536484320990425e+01
1.312555949999999939e+04 -2.715652910784464780e+01
1.318896800000000076e+04 -2.758174297009426468e+01
1.325237649999999849e+04 -2.801144523685226417e+01
1.331578499999999985e+04 -2.844618396239301816e+01
1.337919349999999758e+04 -2.888667170097508219e+01
1.344260199999999895e+04 -2.933388968243413331e+01
1.350601049999999850e+04 -2.978931465692706482e+01
1.356941899999999805e+04 -3.025554084868253923e+01
1.363282749999999760e+04 -3.073895751671676990e+01
1.364867962499999703e+04 -3.086480610947305436e+01
1.366453174999999646e+04 -3.099522680294483479e+01
1.366651326562500071e+04 -3.101210243946507461e+01
1.366750402343749738e+04 -3.102061566623660838e+01
1.366799940234375026e+04 -3.102489352071960482e+01
1.366824709179687488e+04 -3.102703811184936100e+01
1.366837093652343719e+04 -3.102811187177459473e+01
1.366840189770507459e+04 -3.102838046674213501e+01
1.366840963800048848e+04 -3.102844762523377042e+01
1.366841157307433969e+04 -3.102846441546707368e+01
1.366841350814819452e+04 -3.102848120594461889e+01
1.366841375003242501e+04 -3.102848330477145922e+01
1.366841387097453844e+04 -3.102848435418628625e+01
1.366841393144559697e+04 -3.102848487889410123e+01
1.366841396168112624e+04 -3.102848514124806911e+01
1.366841397679888905e+04 -3.102848527242509391e+01
1.366841398435777410e+04 -3.102848533801356368e+01
1.366841398624749490e+04 -3.102848535441077971e+01
1.366841398671992465e+04 -3.102848535851003575e+01
1.366841398677897632e+04 -3.102848535902242233e+01
1.366841398678636142e+04 -3.102848535908524141e+01
1.366841398679005033e+04 -3.102848535911730110e+01
1.366841398679097438e+04 -3.102848535912720962e+01
1.366841398679120357e+04 -3.102848535912855255e+01
