1.268169999999999891e+04 1.000000000000000000e+00
1.274510849999999846e+04 1.000000000000000000e+00
1.280851699999999983e+04 1.000000000000000000e+00
1.287192549999999756e+04 1.000000000000000000e+00
1.293533399999999710e+04 1.000000000000000000e+00
1.299874249999999665e+04 1.000000000000000000e+00
1.306215099999999984e+04 1.000000000000000000e+00
1.312555949999999939e+04 1.000000000000000000e+00
1.318896800000000076e+04 1.000000000000000000e+00
1.325237649999999849e+04 1.000000000000000000e+00
1.331578499999999985e+04 1.000000000000000000e+00
1.331578500000022905e+04 1.079627140159254317e+00
1.337919350000046143e+04 1.082929394522886168e+00
1.344260200000092118e+04 1.086307944937630054e+00
1.350601050000184659e+04 1.089757659630872455e+00
1.356941900000368878e+04 1.093272774587504381e+00
1.363282750000738270e+04 1.096846656235838324e+00
