1.268169999999999891e+04 -2.783179686992454549e+01
1.274510849999999846e+04 -2.835529239817014258e+01
1.280851699999999983e+04 -2.888248684401892064e+01
1.287192549999999756e+04 -2.941364854339278168e+01
1.293533399999999710e+04 -2.994907853319506330e+01
1.299874249999999665e+04 -3.048911794327565872e+01
1.306215099999999984e+04 -3.103415795399736155e+01
1.312555949999999939e+04 -3.158465359237730041e+01
1.318896800000000076e+04 -3.214114351205973463e+01
1.325237649999999849e+04 -3.270427958531227830e+01
1.331578499999999985e+04 -3.327487364515344126e+01
1.331578500000022905e+04 -3.459776292387559238e+01
1.337919350000046143e+04 -3.500036468307794735e+01
1.344260200000092118e+04 -3.539541117840327900e+01
1.350601050000184659e+04 -3.578285919884879007e+01
1.356941900000368878e+04 -3.616266040151566585e+01
1.363282750000738270e+04 -3.653475598024913751e+01
