1.268169999999999891e+04 -2.726274899251182049e+01
1.274510849999999846e+04 -2.792582111394444055e+01
1.280851699999999983e+04 -2.859385768941563910e+01
1.287192549999999756e+04 -2.926721705326682255e+01
1.293533399999999710e+04 -2.994629992700168586e+01
1.299874249999999665e+04 -3.063155855910335745e+01
1.306215099999999984e+04 -3.132350887413754847e+01
1.312555949999999939e+04 -3.202274705152642298e+01
1.318896800000000076e+04 -3.272997288619892231e+01
1.325237649999999849e+04 -3.344602405137752044e+01
1.331578499999999985e+04 -3.417192900976225900e+01
1.331578500000022905e+04 -3.439200150359739183e+01
1.337919350000046143e+04 -3.491348232574114263e+01
1.344260200000092118e+04 -3.542666831705636810e+01
1.350601050000184659e+04 -3.593144626294901656e+01
1.356941900000368878e+04 -3.642769901998518378e+01
1.363282750000738270e+04 -3.691529939918407166e+01
