1.268169999999999891e+04 1.143739059595312568e+02
1.274510849999999846e+04 1.159383186224046653e+02
1.280851699999999983e+04 1.175838359079656215e+02
1.287192549999999756e+04 1.193134389110798566e+02
1.293533399999999710e+04 1.211305674333593458e+02
1.299874249999999665e+04 1.230392037650772892e+02
1.306215099999999984e+04 1.250439807354644586e+02
1.312555949999999939e+04 1.271503233846189858e+02
1.318896800000000076e+04 1.293646384524530788e+02
1.325237649999999849e+04 1.316945740506454285e+02
1.331578499999999985e+04 1.341493864889422412e+02
1.331578500000022905e+04 5.999999999999993179e+02
1.337919350000046143e+04 5.999999999999982947e+02
1.344260200000092118e+04 6.000000000000004547e+02
1.350601050000184659e+04 6.000000000000001137e+02
1.356941900000368878e+04 5.999999999999989768e+02
1.363282750000738270e+04 5.999999999999963620e+02
