1.268169999999999891e+04 -5.348084070212141228e+01
1.274510849999999846e+04 -5.458715155168800237e+01
1.280851699999999983e+04 -5.571108645206037124e+01
1.287192549999999756e+04 -5.685409560444439592e+01
1.293533399999999710e+04 -5.801782792593900950e+01
1.299874249999999665e+04 -5.920417357160405203e+01
1.306215099999999984e+04 -6.041531935690790078e+01
1.312555949999999939e+04 -6.165382240691231175e+01
1.318896800000000076e+04 -6.292271031137084236e+01
1.325237649999999849e+04 -6.422562122372058013e+01
1.331578499999999985e+04 -6.556700696685997798e+01
1.331578500000022905e+04 -5.899848734777246051e+01
1.337919350000046143e+04 -5.970475947036741360e+01
1.344260200000092118e+04 -6.039929050322021453e+01
1.350601050000184659e+04 -6.108225625188941876e+01
1.356941900000368878e+04 -6.175390176628655325e+01
1.363282750000738270e+04 -6.241456030777614217e+01
