1.268169999999999891e+04 -1.167765281108337633e-01
1.274510849999999846e+04 -1.736357845533253119e+00
1.280851699999999983e+04 -3.368079569139152518e+00
1.287192549999999756e+04 -5.013198826235447214e+00
1.293533399999999710e+04 -6.673106982497195361e+00
1.299874249999999665e+04 -8.349357974519968195e+00
1.306215099999999984e+04 -1.004370492018263761e+01
1.312555949999999939e+04 -1.175814843852013780e+01
1.318896800000000076e+04 -1.349500205553391474e+01
1.325237649999999849e+04 -1.525698352876198349e+01
1.331578499999999985e+04 -1.704734751865557385e+01
1.331578500000022905e+04 -1.149319464588976913e+01
1.337919350000046143e+04 -1.270362086681475233e+01
1.344260200000092118e+04 -1.390603613867391708e+01
1.350601050000184659e+04 -1.510043656753898667e+01
1.356941900000368878e+04 -1.628689714369319219e+01
1.363282750000738270e+04 -1.746558858231318467e+01
