1.268169999999999891e+04 -6.850853588448221387e+01
1.274510849999999846e+04 -6.971644281824752909e+01
1.280851699999999983e+04 -7.096139072054752717e+01
1.287192549999999756e+04 -7.224765094795480991e+01
1.293533399999999710e+04 -7.358034602395363777e+01
1.299874249999999665e+04 -7.496570916030614740e+01
1.306215099999999984e+04 -7.641145538187559794e+01
1.312555949999999939e+04 -7.792732922555414632e+01
1.318896800000000076e+04 -7.952594408087736610e+01
1.325237649999999849e+04 -8.122412903963095232e+01
1.331578499999999985e+04 -8.304521808159246632e+01
1.331578500000022905e+04 -1.184655166737906740e+02
1.337919350000046143e+04 -1.178037761090310909e+02
1.344260200000092118e+04 -1.171274967896364529e+02
1.350601050000184659e+04 -1.164339723797394157e+02
1.356941900000368878e+04 -1.157198003879450852e+02
1.363282750000738270e+04 -1.149806040341917424e+02
