1.268169999999999891e+04 -1.984822434119706003e+01
1.274510849999999846e+04 -2.050493565337142954e+01
1.280851699999999983e+04 -2.116628180820473659e+01
1.287192549999999756e+04 -2.183259998205264552e+01
1.293533399999999710e+04 -2.250426674903656377e+01
1.299874249999999665e+04 -2.318170659403152101e+01
1.306215099999999984e+04 -2.386540324554321657e+01
1.312555949999999939e+04 -2.455591517064626217e+01
1.318896800000000076e+04 -2.525389746237574684e+01
1.325237649999999849e+04 -2.596013404151796067e+01
1.331578499999999985e+04 -2.667558757719453411e+01
1.337919349999999758e+04 -2.740148244982535175e+01
1.344260199999999895e+04 -2.813945662086033650e+01
1.350601049999999850e+04 -2.889188227084173377e+01
1.356941899999999805e+04 -2.966271870786357923e+01
1.363282749999999760e+04 -3.046108863977205772e+01
1.364867962499999703e+04 -3.066812394758515836e+01
1.366453174999999646e+04 -3.088154821783873771e+01
1.366651326562500071e+04 -3.090900604753159442e+01
1.366750402343749738e+04 -3.092283620188645443e+01
1.366799940234375026e+04 -3.092977971813125393e+01
1.366824709179687488e+04 -3.093325904911396762e+01
1.366837093652343719e+04 -3.093500067118394625e+01
1.366840189770507459e+04 -3.093543628371809362e+01
1.366840963800048848e+04 -3.093554519987280216e+01
1.366841157307433969e+04 -3.093557242972666543e+01
1.366841350814819452e+04 -3.093559965990671401e+01
1.366841375003242501e+04 -3.093560306370210355e+01
1.366841387097453844e+04 -3.093560476560166705e+01
1.366841393144559697e+04 -3.093560561655200303e+01
1.366841396168112624e+04 -3.093560604202725273e+01
1.366841397679888905e+04 -3.093560625476494508e+01
1.366841398435777410e+04 -3.093560636113369711e+01
1.366841398624749490e+04 -3.093560638772604676e+01
1.366841398671992465e+04 -3.093560639437404447e+01
1.366841398677897632e+04 -3.093560639520502065e+01
1.366841398678636142e+04 -3.093560639530728196e+01
1.366841398679005033e+04 -3.093560639535928303e+01
1.366841398679097438e+04 -3.093560639537471602e+01
1.366841398679120357e+04 -3.093560639537714607e+01
