1.268169999999999891e+04 6.999999999999998863e+02
1.274510849999999846e+04 7.000000000000002274e+02
1.280851699999999983e+04 7.000000000000001137e+02
1.287192549999999756e+04 7.000000000000000000e+02
1.293533399999999710e+04 6.999999999999997726e+02
1.299874249999999665e+04 7.000000000000001137e+02
1.306215099999999984e+04 6.999999999999997726e+02
1.312555949999999939e+04 6.999999999999996589e+02
1.318896800000000076e+04 6.999999999999997726e+02
1.325237649999999849e+04 6.999999999999997726e+02
1.331578499999999985e+04 6.999999999999996589e+02
1.337919349999999758e+04 7.000000000000003411e+02
1.344260199999999895e+04 7.000000000000001137e+02
1.350601049999999850e+04 7.000000000000005684e+02
1.356941899999999805e+04 6.999999999999998863e+02
1.363282749999999760e+04 6.999999999999995453e+02
1.364867962499999703e+04 6.999999999999998863e+02
1.366453174999999646e+04 6.999999999999997726e+02
1.366651326562500071e+04 6.999999999999997726e+02
1.366750402343749738e+04 6.999999999999996589e+02
1.366799940234375026e+04 6.999999999999998863e+02
1.366824709179687488e+04 7.000000000000001137e+02
1.366837093652343719e+04 6.999999999999997726e+02
1.366840189770507459e+04 6.999999999999997726e+02
1.366840963800048848e+04 6.999999999999990905e+02
1.366841157307433969e+04 7.000000000000003411e+02
1.366841350814819452e+04 7.000000000000004547e+02
1.366841375003242501e+04 7.000000000000000000e+02
1.366841387097453844e+04 6.999999999999996589e+02
1.366841393144559697e+04 7.000000000000004547e+02
1.366841396168112624e+04 6.999999999999994316e+02
1.366841397679888905e+04 6.999999999999997726e+02
1.366841398435777410e+04 7.000000000000000000e+02
1.366841398624749490e+04 6.999999999999998863e+02
1.366841398671992465e+04 6.999999999999994316e+02
1.366841398677897632e+04 7.000000000000002274e+02
1.366841398678636142e+04 6.999999999999997726e+02
1.366841398679005033e+04 7.000000000000002274e+02
1.366841398679097438e+04 7.000000000000501359e+02
1.366841398679120357e+04 7.000000000000126192e+02
