1.268169999999999891e+04 -8.076474584971750303e+00
1.274510849999999846e+04 -9.697774424666905091e+00
1.280851699999999983e+04 -1.133134087611025542e+01
1.287192549999999756e+04 -1.297843594883733687e+01
1.293533399999999710e+04 -1.464045663751018544e+01
1.299874249999999665e+04 -1.631896339056504175e+01
1.306215099999999984e+04 -1.801571689598141646e+01
1.312555949999999939e+04 -1.973272663098868662e+01
1.318896800000000076e+04 -2.147231657506432967e+01
1.325237649999999849e+04 -2.323721695514011287e+01
1.331578499999999985e+04 -2.503069751067236481e+01
1.331578500000022905e+04 -1.960857407819990428e+01
1.337919350000046143e+04 -2.082859257248360052e+01
1.344260200000092118e+04 -2.204004487345148533e+01
1.350601050000184659e+04 -2.324291541485782631e+01
1.356941900000368878e+04 -2.443726246669902835e+01
1.363282750000738270e+04 -2.562323394557880007e+01
