1.268169999999999891e+04 1.020000000000000018e+00
1.274510849999999846e+04 1.020000000000000018e+00
1.280851699999999983e+04 1.020000000000000018e+00
1.287192549999999756e+04 1.020000000000000018e+00
1.293533399999999710e+04 1.020000000000000018e+00
1.299874249999999665e+04 1.020000000000000018e+00
1.306215099999999984e+04 1.020000000000000018e+00
1.312555949999999939e+04 1.020000000000000018e+00
1.318896800000000076e+04 1.020000000000000018e+00
1.325237649999999849e+04 1.020000000000000018e+00
1.331578499999999985e+04 1.020000000000000018e+00
1.331578500000022905e+04 1.140639364190802807e+00
1.337919350000046143e+04 1.138776182290306638e+00
1.344260200000092118e+04 1.136941336168719285e+00
1.350601050000184659e+04 1.135135092992178407e+00
1.356941900000368878e+04 1.133358109925356239e+00
1.363282750000738270e+04 1.131611501596228697e+00
