1.268169999999999891e+04 1.068808998165719837e+00
1.274510849999999846e+04 1.066001885721085563e+00
1.280851699999999983e+04 1.063041395119573185e+00
1.287192549999999756e+04 1.059918304886312335e+00
1.293533399999999710e+04 1.056622084968454889e+00
1.299874249999999665e+04 1.053140625675171194e+00
1.306215099999999984e+04 1.049459885741655496e+00
1.312555949999999939e+04 1.045563426777946781e+00
1.318896800000000076e+04 1.041431783596896699e+00
1.325237649999999849e+04 1.037041589194668711e+00
1.331578499999999985e+04 1.032364316549794214e+00
1.331578500000022905e+04 1.246193418115536966e+00
1.337919350000046143e+04 1.246994611721706336e+00
1.344260200000092118e+04 1.247854307814445729e+00
1.350601050000184659e+04 1.248766911015015912e+00
1.356941900000368878e+04 1.249725708053069928e+00
1.363282750000738270e+04 1.250722449036235639e+00
