1.268169999999999891e+04 -7.307264430042236825e+01
1.274510849999999846e+04 -7.443969659534594996e+01
1.280851699999999983e+04 -7.584796376151770403e+01
1.287192549999999756e+04 -7.730216656471334602e+01
1.293533399999999710e+04 -7.880796423890664926e+01
1.299874249999999665e+04 -8.037224023243271631e+01
1.306215099999999984e+04 -8.200351073019901094e+01
1.312555949999999939e+04 -8.371252738518926151e+01
1.318896800000000076e+04 -8.551320074901599355e+01
1.325237649999999849e+04 -8.742408165156982136e+01
1.331578499999999985e+04 -8.947087833454025940e+01
1.337919349999999758e+04 -9.169106275976484710e+01
1.344260199999999895e+04 -9.414318421424063388e+01
1.350601049999999850e+04 -9.692858861331149001e+01
1.356941899999999805e+04 -1.002549000973157405e+02
1.363282749999999760e+04 -1.047248959154702419e+02
1.364867962499999703e+04 -1.062624511625746209e+02
1.366453174999999646e+04 -1.082520833620205849e+02
1.366651326562500071e+04 -1.085608617643163853e+02
1.366750402343749738e+04 -1.087233845068334830e+02
1.366799940234375026e+04 -1.088069501315127923e+02
1.366824709179687488e+04 -1.088493491243347648e+02
1.366837093652343719e+04 -1.088707081570666730e+02
1.366840189770507459e+04 -1.088760648115394787e+02
1.366840963800048848e+04 -1.088774050383405125e+02
1.366841157307433969e+04 -1.088777401616028015e+02
1.366841350814819452e+04 -1.088780753115030819e+02
1.366841375003242501e+04 -1.088781172071150394e+02
1.366841387097453844e+04 -1.088781381550743674e+02
1.366841393144559697e+04 -1.088781486290960316e+02
1.366841396168112624e+04 -1.088781538661158663e+02
1.366841397679888905e+04 -1.088781564846252650e+02
1.366841398435777410e+04 -1.088781577938812148e+02
1.366841398624749490e+04 -1.088781581212001583e+02
1.366841398671992465e+04 -1.088781582030277946e+02
1.366841398677897632e+04 -1.088781582132552188e+02
1.366841398678636142e+04 -1.088781582143867723e+02
1.366841398679005033e+04 -1.088781582150262750e+02
1.366841398679097438e+04 -1.088781582153523715e+02
1.366841398679120357e+04 -1.088781582153592495e+02
