1.268169999999999891e+04 1.060580170488123031e+00
1.274510849999999846e+04 1.056270162531543599e+00
1.280851699999999983e+04 1.051738624897018637e+00
1.287192549999999756e+04 1.046970315570240118e+00
1.293533399999999710e+04 1.041947749475168328e+00
1.299874249999999665e+04 1.036650723549358721e+00
1.306215099999999984e+04 1.031055699962422301e+00
1.312555949999999939e+04 1.025134990871620522e+00
1.318896800000000076e+04 1.018855658332721292e+00
1.325237649999999849e+04 1.012177992542551364e+00
1.331578499999999985e+04 1.005053341178290038e+00
1.337919349999999758e+04 9.974208877604757717e-01
1.344260199999999895e+04 9.892026000650417927e-01
1.350601049999999850e+04 9.802946094150871703e-01
1.356941899999999805e+04 9.705500430765175990e-01
1.363282749999999760e+04 9.597293791457176537e-01
1.364867962499999703e+04 9.568021542032710824e-01
1.366453174999999646e+04 9.537458473500229905e-01
1.366651326562500071e+04 9.533514252469348360e-01
1.366750402343749738e+04 9.531528360268461952e-01
1.366799940234375026e+04 9.530531675595430574e-01
1.366824709179687488e+04 9.530032355395772203e-01
1.366837093652343719e+04 9.529782444927343832e-01
1.366840189770507459e+04 9.529719940931712374e-01
1.366840963800048848e+04 9.529704313276444738e-01
1.366841157307433969e+04 9.529700406259014045e-01
1.366841350814819452e+04 9.529696499200068782e-01
1.366841375003242501e+04 9.529696010814789897e-01
1.366841387097453844e+04 9.529695766621936182e-01
1.366841393144559697e+04 9.529695644525404408e-01
1.366841396168112624e+04 9.529695583477141296e-01
1.366841397679888905e+04 9.529695552952978099e-01
1.366841398435777410e+04 9.529695537690954232e-01
1.366841398624749490e+04 9.529695533875390812e-01
1.366841398671992465e+04 9.529695532921551582e-01
1.366841398677897632e+04 9.529695532802291424e-01
1.366841398678636142e+04 9.529695532787568757e-01
1.366841398679005033e+04 9.529695532780108058e-01
1.366841398679097438e+04 9.529695532777001654e-01
1.366841398679120357e+04 9.529695532777356926e-01
