1.268169999999999891e+04 1.002762494235831525e+00
1.274510849999999846e+04 1.001691455087590166e+00
1.280851699999999983e+04 1.000577324252382105e+00
1.287192549999999756e+04 9.994157066017022029e-01
1.293533399999999710e+04 9.982013414978602173e-01
1.299874249999999665e+04 9.969278415650418834e-01
1.306215099999999984e+04 9.955873197858986501e-01
1.312555949999999939e+04 9.941698401711505095e-01
1.318896800000000076e+04 9.926625774652130252e-01
1.325237649999999849e+04 9.910484712919802597e-01
1.331578499999999985e+04 9.893039430453416383e-01
1.331578500000022905e+04 1.073954728819412674e+00
1.337919350000046143e+04 1.079096467625752842e+00
1.344260200000092118e+04 1.084416865312801459e+00
1.350601050000184659e+04 1.089940864175030555e+00
1.356941900000368878e+04 1.095699783319397103e+00
1.363282750000738270e+04 1.101733826609032185e+00
