1.268169999999999891e+04 -5.257423226900191793e+01
1.274510849999999846e+04 -5.366953209014088344e+01
1.280851699999999983e+04 -5.478177269783739689e+01
1.287192549999999756e+04 -5.591234193592705992e+01
1.293533399999999710e+04 -5.706281698244895040e+01
1.299874249999999665e+04 -5.823500484022796542e+01
1.306215099999999984e+04 -5.943099512120848971e+01
1.312555949999999939e+04 -6.065323021021163896e+01
1.318896800000000076e+04 -6.190460072143127235e+01
1.325237649999999849e+04 -6.318857910915571097e+01
1.331578499999999985e+04 -6.450941354494288760e+01
1.337919349999999758e+04 -6.587242306789613622e+01
1.344260199999999895e+04 -6.728447869144198989e+01
1.350601049999999850e+04 -6.875487632661122461e+01
1.356941899999999805e+04 -7.029725661079703514e+01
1.363282749999999760e+04 -7.193609609057679677e+01
1.364867962499999703e+04 -7.236730263420143672e+01
1.366453174999999646e+04 -7.281280313994894016e+01
1.366651326562500071e+04 -7.287000588517210531e+01
1.366750402343749738e+04 -7.289878830155204525e+01
1.366799940234375026e+04 -7.291322945842678394e+01
1.366824709179687488e+04 -7.292046321661101160e+01
1.366837093652343719e+04 -7.292408348532514140e+01
1.366840189770507459e+04 -7.292498891037892861e+01
1.366840963800048848e+04 -7.292521528913300699e+01
1.366841157307433969e+04 -7.292527188522912240e+01
1.366841350814819452e+04 -7.292532848188864136e+01
1.366841375003242501e+04 -7.292533555651057497e+01
1.366841387097453844e+04 -7.292533909382467527e+01
1.366841393144559697e+04 -7.292534086248285519e+01
1.366841396168112624e+04 -7.292534174681199488e+01
1.366841397679888905e+04 -7.292534218897677079e+01
1.366841398435777410e+04 -7.292534241005881768e+01
1.366841398624749490e+04 -7.292534246532980546e+01
1.366841398671992465e+04 -7.292534247914720424e+01
1.366841398677897632e+04 -7.292534248087446258e+01
1.366841398678636142e+04 -7.292534248108786699e+01
1.366841398679005033e+04 -7.292534248119595475e+01
1.366841398679097438e+04 -7.292534248123392615e+01
1.366841398679120357e+04 -7.292534248123399720e+01
