1.268169999999999891e+04 1.057527005696959010e+00
1.274510849999999846e+04 1.056701159016356195e+00
1.280851699999999983e+04 1.055827485530557164e+00
1.287192549999999756e+04 1.054904108473569968e+00
1.293533399999999710e+04 1.053928872566345154e+00
1.299874249999999665e+04 1.052899293306522877e+00
1.306215099999999984e+04 1.051812491689820162e+00
1.312555949999999939e+04 1.050665108771773992e+00
1.318896800000000076e+04 1.049453191594699186e+00
1.325237649999999849e+04 1.048172037144047053e+00
1.331578499999999985e+04 1.046815972322891142e+00
1.331578500000022905e+04 1.049673200925401062e+00
1.337919350000046143e+04 1.048271759119958624e+00
1.344260200000092118e+04 1.046900007057262050e+00
1.350601050000184659e+04 1.045557998055054894e+00
1.356941900000368878e+04 1.044246102964037082e+00
1.363282750000738270e+04 1.042965055564959220e+00
