1.268169999999999891e+04 9.958318464577957663e-01
1.274510849999999846e+04 9.948287545085304773e-01
1.280851699999999983e+04 9.937250854565479186e-01
1.287192549999999756e+04 9.925170422970943651e-01
1.293533399999999710e+04 9.912002169376575855e-01
1.299874249999999665e+04 9.897694766323025251e-01
1.306215099999999984e+04 9.882188171268000421e-01
1.312555949999999939e+04 9.865411695843564477e-01
1.318896800000000076e+04 9.847281416314364044e-01
1.325237649999999849e+04 9.827696614827023947e-01
1.331578499999999985e+04 9.806534737194100293e-01
1.331578500000022905e+04 9.564184231106147571e-01
1.337919350000046143e+04 9.560453442632464993e-01
1.344260200000092118e+04 9.557037061656566967e-01
1.350601050000184659e+04 9.553918883435916776e-01
1.356941900000368878e+04 9.551081711176798716e-01
1.363282750000738270e+04 9.548506366543312307e-01
