1.268169999999999891e+04 1.026800349905073295e+00
1.274510849999999846e+04 1.026163922562226327e+00
1.280851699999999983e+04 1.025494321812965071e+00
1.287192549999999756e+04 1.024789620157529946e+00
1.293533399999999710e+04 1.024047617837003710e+00
1.299874249999999665e+04 1.023265784890827756e+00
1.306215099999999984e+04 1.022441185210139158e+00
1.312555949999999939e+04 1.021570374851510143e+00
1.318896800000000076e+04 1.020649262338698016e+00
1.325237649999999849e+04 1.019672910509775043e+00
1.331578499999999985e+04 1.018635243650491073e+00
1.331578500000022905e+04 1.019712089833719748e+00
1.337919350000046143e+04 1.022779907035913816e+00
1.344260200000092118e+04 1.025936767626799861e+00
1.350601050000184659e+04 1.029175094900346421e+00
1.356941900000368878e+04 1.032486266051570567e+00
1.363282750000738270e+04 1.035860217210375245e+00
